% function evaluation | noise-free fitness - Fopt (-1.694000000000e+01) | best noise-free fitness - Fopt | measured fitness | best measured fitness | x1 | x2...
1 +3.689003687e+01 +3.689003687e+01 +1.995003687e+01 +1.995003687e+01 +4.3905e+00 -5.3131e-01 +1.4403e+00 +4.0366e+00 +6.0487e-01 +2.4678e+00 -3.4558e-01 +1.8797e+00 +5.1169e-01 +1.1588e+00 -1.1415e+00 +1.8316e+00 -1.3800e+00 -4.9716e+00 -2.5310e-01 +2.8250e+00 +3.3899e+00 +3.0243e-01 +1.7971e+00 -1.2869e+00 -1.7340e+00 -8.5605e-01 +4.5763e+00 -2.5651e+00 -3.5423e+00 -2.2914e+00 -3.6027e+00 -3.7608e+00 -4.7613e-01 +2.1034e+00 -4.4507e+00 +6.8632e-01 -1.7930e+00 -4.1437e+00 -4.1575e+00 -1.9419e+00 -3.9680e-01 -4.4504e+00 -8.2778e-01 +2.8701e+00
575 +2.430234768e+01 +2.430234768e+01 +7.362347676e+00 +7.362347676e+00 +3.9438e+00 -4.4706e-01 +1.2891e+00 +3.8184e+00 +6.9078e-01 +2.5704e+00 -2.3981e-02 +1.9390e+00 +3.9277e-01 +1.2026e+00 -1.5959e+00 +1.7306e+00 -1.2577e+00 -4.7286e+00 -3.9053e-01 +3.0563e+00 +3.1861e+00 +5.9731e-01 +1.7084e+00 -1.2810e+00 -2.0191e+00 -8.2808e-01 +4.8018e+00 -2.4668e+00 -3.5762e+00 -2.1501e+00 -3.5020e+00 -3.7007e+00 -7.0828e-01 +2.0371e+00 -4.5028e+00 +5.7074e-01 -1.6514e+00 -4.1885e+00 -4.5410e+00 -2.0913e+00 -3.4957e-01 -4.5056e+00 -8.7426e-01 +3.1528e+00
13572 +1.564930688e+01 +1.564930688e+01 -1.290693124e+00 -1.290693124e+00 -1.7505e+00 -2.0604e+00 -2.5761e-01 -4.7163e+00 +1.9428e+00 -2.2807e+00 +2.8599e+00 -3.0351e+00 +7.9529e-01 -1.5978e+00 -3.1307e+00 +7.5454e-01 +3.7049e-01 -1.8509e+00 -2.8833e+00 +4.0465e+00 +2.4931e+00 -1.4961e+00 -2.8207e+00 +3.5774e+00 +3.9341e+00 -3.8270e+00 +2.6549e+00 -2.8824e+00 +1.7614e+00 +1.3232e+00 +3.4988e+00 -1.5114e+00 -2.0054e-01 +1.9247e+00 -3.8505e+00 -2.9540e+00 +4.5639e-01 -1.4783e+00 -7.8376e-01 -1.3207e+00 +2.7757e+00 +4.6424e+00 +3.9004e+00 +4.6621e+00
21772 +9.675041546e+00 +9.675041546e+00 -7.264958454e+00 -7.264958454e+00 -2.5155e+00 +2.1077e+00 -1.8156e+00 +5.1067e-02 -3.6179e+00 -2.1229e+00 +1.3454e+00 -2.4488e+00 -1.3220e+00 -3.0184e+00 +1.0421e+00 +4.6619e+00 -9.6397e-01 -1.2158e+00 -4.0715e-01 -2.0066e+00 -2.5356e+00 -4.1212e+00 +1.4423e+00 -4.6379e+00 +2.5825e+00 +1.8184e+00 +3.6750e+00 -1.9085e+00 -2.1565e+00 +3.3166e-01 -8.7087e-01 +3.3572e+00 -2.8488e+00 -1.6404e+00 -1.9520e+00 +1.2789e+00 +3.0603e+00 -4.0381e+00 -4.5078e+00 +8.8936e-02 -4.1854e+00 -1.4328e-01 +3.6818e-01 -2.0524e+00
% function evaluation | noise-free fitness - Fopt (1.881000000000e+01) | best noise-free fitness - Fopt | measured fitness | best measured fitness | x1 | x2...
1 +6.371283982e+01 +6.371283982e+01 +8.252283982e+01 +8.252283982e+01 -3.0695e+00 -2.8822e+00 -2.4911e+00 +3.0119e+00 -2.4920e-01 -3.8997e+00 +2.5540e-01 -4.6722e-01 +3.8305e+00 +2.7012e+00 +4.7595e+00 +2.5798e+00 -4.7676e+00 -6.5713e-01 +1.2282e+00 -3.7099e+00 +1.0598e+00 +1.9295e+00 +2.6072e+00 +1.6396e+00 +3.7681e-01 -4.5881e+00 +3.1753e+00 -2.8462e+00 +1.2239e+00 -2.5282e+00 +2.6414e+00 -4.3570e+00 +2.6808e-01 -3.4672e-01 -4.2124e+00 -9.4366e-01 +4.8272e+00 -2.4755e+00 -2.7487e+00 +2.1924e+00 +1.7588e+00 +3.4731e+00 -2.9740e+00 -3.8338e+00
42 +4.202356925e+01 +4.202356925e+01 +6.083356925e+01 +6.083356925e+01 -3.1363e+00 -3.8822e+00 -2.8354e+00 +2.5371e+00 -9.4271e-02 -3.6013e+00 +6.8803e-01 -1.4287e-01 +4.4143e+00 +2.9454e+00 +4.2647e+00 +3.0700e+00 -3.8753e+00 -6.4518e-01 +1.3421e+00 -4.6834e+00 +3.5665e-01 +2.4636e+00 +2.5975e+00 +2.0212e+00 +6.6432e-01 -4.6166e+00 +3.2162e+00 -2.3099e+00 +2.0882e+00 -3.2247e+00 +2.3990e+00 -3.3762e+00 -2.9472e-03 -1.8615e-01 -4.6529e+00 -7.1060e-01 +4.6915e+00 -2.0928e+00 -2.0210e+00 +1.8802e+00 +1.3150e+00 +3.1738e+00 -2.4279e+00 -3.0815e+00
83 +3.175379275e+01 +3.175379275e+01 +5.056379275e+01 +5.056379275e+01 -3.0600e+00 -3.7931e+00 -2.7372e+00 +2.4698e+00 -2.9030e-01 -3.7706e+00 +7.8047e-01 -9.1055e-02 +4.3784e+00 +3.1108e+00 +4.2302e+00 +2.9334e+00 -3.9276e+00 -6.9557e-01 +1.2924e+00 -4.6545e+00 +3.4603e-01 +2.6071e+00 +2.7704e+00 +2.0482e+00 +5.8424e-01 -4.5070e+00 +3.2087e+00 -2.4433e+00 +2.0990e+00 -3.2129e+00 +2.2825e+00 -3.5873e+00 -6.9648e-02 -1.8451e-01 -4.8887e+00 -5.5072e-01 +4.8315e+00 -2.1925e+00 -2.0996e+00 +1.8670e+00 +1.3188e+00 +3.3453e+00 -2.5187e+00 -3.0341e+00
534 +2.486543186e+01 +2.486543186e+01 +4.367543186e+01 +4.367543186e+01 -2.9905e+00 -3.6489e+00 -3.0373e+00 +2.4153e+00 -4.8360e-01 -3.5539e+00 +6.7369e-01 +1.2887e-02 +4.5315e+00 +3.6592e+00 +4.4679e+00 +3.0241e+00 -3.9249e+00 -8.1394e-01 +1.2516e+00 -4.5290e+00 +2.3512e-01 +3.1652e+00 +2.7958e+00 +2.2366e+00 +2.2618e-01 -4.3398e+00 +3.1815e+00 -2.5999e+00 +2.0328e+00 -3.2634e+00 +2.3937e+00 -3.6356e+00 -2.4107e-01 -4.7289e-01 -4.9944e+00 -2.6933e-01 +4.9609e+00 -1.9911e+00 -2.0465e+00 +1.9775e+00 +1.5024e+00 +3.6619e+00 -2.4160e+00 -3.1454e+00
85732 +1.525159490e+01 +1.525159490e+01 +3.406159490e+01 +3.406159490e+01 -2.7102e-01 -2.6946e+00 +3.5362e+00 -1.6455e+00 +5.1206e-01 -4.7386e+00 -3.5177e+00 +3.2034e+00 -6.8092e-01 +4.7294e+00 +7.6692e-01 +4.4952e+00 +1.5789e+00 -3.2373e+00 +2.3790e+00 -9.4036e-01 -1.8086e+00 +2.3904e+00 +6.0024e-01 +2.8690e+00 +4.3302e+00 +4.7255e+00 +1.7550e+00 +3.3484e+00 +8.4153e-01 -2.1089e+00 +4.9806e+00 +3.8533e+00 -3.2202e+00 +2.8427e+00 +1.2640e+00 -8.7778e-01 +6.1040e-01 -2.4080e-01 +1.4262e+00 -7.7444e-01 +2.0556e+00 +2.1653e+00 +4.2312e+00 +9.9751e-02
645751 +9.904994397e+00 +9.904994397e+00 +2.871499440e+01 +2.871499440e+01 -7.9370e-01 -3.5625e+00 -9.3047e-01 +1.8317e+00 +3.3319e+00 -7.0144e-01 +4.1011e+00 +3.6641e+00 +3.1149e+00 +3.3507e+00 +1.5815e+00 +8.2804e-01 -1.2916e+00 +4.8194e+00 +1.5957e+00 -3.4071e+00 +3.9426e+00 +3.5019e+00 +1.8905e+00 -2.2339e+00 +4.4379e+00 +4.0339e+00 -4.5948e+00 -2.9391e+00 +3.5145e+00 +1.5137e+00 +1.7339e+00 +3.0016e+00 -2.0105e+00 +1.5682e+00 +2.6407e+00 +4.6966e+00 -2.1637e-01 -4.4718e+00 -1.2709e+00 +1.6519e+00 +4.8829e+00 +3.0719e+00 -4.7965e+00 -9.8332e-01
% function evaluation | noise-free fitness - Fopt (2.731500000000e+02) | best noise-free fitness - Fopt | measured fitness | best measured fitness | x1 | x2...
1 +9.263743108e+01 +9.263743108e+01 +3.657874311e+02 +3.657874311e+02 +1.3636e+00 +3.6491e+00 -1.8327e+00 -2.8985e+00 -1.1623e-01 +2.5176e+00 +2.9886e+00 -2.9363e-01 +3.2427e+00 +2.3664e+00 -2.4497e-01 +4.0546e+00 +1.2513e+00 +4.1056e+00 +8.9102e-01 -5.0366e-01 -8.9972e-01 -8.3443e-02 +3.8541e+00 +1.1932e+00 +2.4915e-01 +2.8819e+00 -4.3826e+00 -4.0332e+00 +3.6417e+00 -4.0159e+00 -3.9379e+00 +1.9017e+00 +2.0317e+00 -2.5524e+00 -5.6201e-01 -6.8940e-01 +4.3475e+00 -4.7865e+00 +1.1620e+00 -3.6835e-01 +3.3968e+00 +4.9303e+00 +1.4978e-01 -4.3305e+00
821 +6.266600069e+01 +6.266600069e+01 +3.358160007e+02 +3.358160007e+02 +1.4099e+00 +3.6780e+00 -1.4199e+00 -3.2134e+00 +8.2577e-02 +2.7991e+00 +3.2884e+00 -4.1739e-01 +2.9344e+00 +2.4971e+00 -3.8085e-01 +4.0975e+00 +1.2001e+00 +4.1915e+00 +7.4430e-01 -8.6259e-01 -1.1004e+00 +9.4566e-02 +3.6869e+00 +9.7141e-01 +3.8681e-01 +2.5623e+00 -4.2234e+00 -4.0218e+00 +4.0083e+00 -3.5040e+00 -3.3420e+00 +2.2445e+00 +2.0855e+00 -2.8485e+00 -2.6839e-01 -7.5080e-01 +4.3603e+00 -4.9902e+00 +1.0555e+00 -3.5306e-01 +3.2465e+00 +4.7190e+00 -2.0308e-02 -4.2574e+00
16852 +3.979325369e+01 +3.979325369e+01 +3.129432537e+02 +3.129432537e+02 +3.5372e+00 -5.1137e-01 -3.1319e+00 -3.8709e+00 +2.0792e-01 -2.7708e+00 -4.7601e+00 +3.6399e+00 +2.6539e+00 +4.9965e+00 -1.7786e+00 +3.7800e+00 +1.7747e-01 -1.0371e+00 +7.9782e-01 +3.0449e+00 -6.2261e-01 +2.1201e+00 +1.6224e+00 +1.2524e+00 +2.6352e+00 +2.0316e+00 -3.7570e+00 +4.3833e+00 -3.1899e+00 +1.1740e-01 -1.0952e+00 +4.6202e+00 +1.9591e+00 +5.0953e+00 -3.7461e-01 -3.8981e+00 -1.9503e+00 +9.2829e-01 -8.1836e-01 -3.5807e+00 -2.6161e+00 -4.5742e-01 +1.9696e+00 +1.1158e+00
32801 +2.348755734e+01 +2.348755734e+01 +2.966375573e+02 +2.966375573e+02 -3.0542e-01 -3.4366e+00 -4.1006e+00 +4.0175e+00 +4.4788e-01 -2.9028e+00 -4.0145e+00 -2.6123e+00 +3.9593e+00 -1.2649e+00 -4.9305e+00 +1.4052e+00 +1.5563e+00 +3.4298e+00 -1.7447e+00 +4.0039e+00 +2.0181e+00 +1.3834e+00 +2.7083e+00 -4.2573e+00 +2.1254e+00 +3.5784e+00 +1.5357e+00 -1.7723e+00 -2.9009e+00 +2.1763e+00 -3.2381e-01 +7.1519e-01 +2.1348e+00 +2.6972e+00 -3.9734e+00 +4.4862e+00 +4.8872e+00 +5.9660e-01 -1.0090e+00 +4.5515e+00 +2.9260e+00 +3.7960e+00 -1.7586e+00 +5.0594e+00
33006 +1.511215644e+01 +1.511215644e+01 +2.882621564e+02 +2.882621564e+02 -4.1310e-01 -3.4279e+00 -3.7132e+00 +3.9773e+00 +3.5697e-01 -2.6600e+00 -3.7114e+00 -2.8601e+00 +3.8087e+00 -1.1522e+00 -5.0157e+00 +1.6517e+00 +1.6767e+00 +3.3204e+00 -1.8651e+00 +4.1558e+00 +2.2192e+00 +1.3140e+00 +2.7494e+00 -4.2079e+00 +2.0072e+00 +3.6867e+00 +1.7700e+00 -1.9651e+00 -2.7066e+00 +2.5760e+00 -6.7930e-01 +6.7031e-01 +2.1777e+00 +2.7103e+00 -4.2065e+00 +4.2767e+00 +4.9476e+00 +4.9990e-01 -1.3639e+00 +4.4016e+00 +2.7656e+00 +3.8956e+00 -1.5832e+00 +4.9326e+00
88766 +9.993483153e+00 +9.993483153e+00 +2.831434832e+02 +2.831434832e+02 -2.4437e+00 +3.1557e+00 +4.1590e+00 -1.9204e+00 -4.4090e+00 -3.3925e-01 -4.7811e+00 -4.8339e+00 -3.0896e+00 -3.6340e+00 -1.1716e+00 -1.2631e+00 +8.0263e-01 +2.8548e+00 -1.0343e+00 +5.6377e-01 +2.1271e+00 -3.7553e+00 +4.3498e+00 +1.9036e+00 +1.3672e+00 -4.7435e+00 -2.8104e+00 -4.4523e+00 +3.5787e+00 -1.6075e+00 -2.0863e+00 -3.3026e-01 +1.9032e+00 -3.5237e+00 -3.3144e+00 +4.1552e-01 -2.5304e+00 +3.1207e+00 -5.1111e-01 +2.3480e-01 -9.0759e-01 -4.7645e+00 +1.0974e+00 +2.5059e+00
561250 +6.291395790e+00 +6.291395790e+00 +2.794413958e+02 +2.794413958e+02 -2.3366e+00 +1.5561e+00 -3.8353e+00 +1.5810e+00 +1.6611e-01 -2.2343e+00 -5.0827e+00 -4.7936e+00 +7.3460e-01 +4.1786e-01 -2.6989e+00 +4.9901e-01 -1.9461e+00 +3.9395e+00 +6.1307e-01 +2.7827e+00 +3.5528e+00 -2.3919e+00 +4.2623e+00 +4.4256e-01 -3.2597e-01 +3.2154e+00 -2.8885e+00 +2.5848e+00 -2.2779e+00 +2.3498e+00 -3.3991e-01 +9.5769e-01 +3.6374e+00 -9.9283e-01 -1.5778e+00 +3.1583e+00 +1.9477e-01 -2.6812e-01 -4.9394e+00 +1.7807e+00 +3.2592e+00 -1.4988e+00 +1.9521e+00 -1.3111e+00
