% function evaluation | noise-free fitness - Fopt (6.870000000000e+00) | best noise-free fitness - Fopt | measured fitness | best measured fitness | x1 | x2...
1 +1.065904298e+01 +1.065904298e+01 +1.752904298e+01 +1.752904298e+01 +4.3395e+00 -2.3035e+00 +3.1365e+00 +4.3620e+00 -7.4248e-01
7 +8.015845220e+00 +8.015845220e+00 +1.488584522e+01 +1.488584522e+01 +3.3395e+00 -2.6499e+00 +3.4590e+00 +3.8488e+00 -7.0607e-01
283 +6.204222779e+00 +6.204222779e+00 +1.307422278e+01 +1.307422278e+01 +4.8295e-01 +4.5384e+00 -4.6771e+00 -1.4244e+00 -1.8462e+00
475 +2.093326841e+00 +2.093326841e+00 +8.963326841e+00 +8.963326841e+00 -9.6245e-01 +4.5435e+00 +5.0015e+00 +3.3140e+00 -3.4253e+00
3613 +1.511241112e+00 +1.511241112e+00 +8.381241112e+00 +8.381241112e+00 +9.3763e-01 -2.9723e+00 -3.1907e+00 -4.7609e+00 -1.3466e+00
9049 +9.934014106e-01 +9.934014106e-01 +7.863401411e+00 +7.863401411e+00 -1.9501e+00 +1.3734e+00 -2.9817e+00 +3.4521e+00 +3.0940e+00
% function evaluation | noise-free fitness - Fopt (1.000000000000e-02) | best noise-free fitness - Fopt | measured fitness | best measured fitness | x1 | x2...
1 +1.837518449e+01 +1.837518449e+01 +1.838518449e+01 +1.838518449e+01 -2.6613e-01 +6.2867e-02 +1.0150e-01 +1.1836e+00 -3.8521e+00
19 +1.231779726e+01 +1.231779726e+01 +1.232779726e+01 +1.232779726e+01 -5.8862e-02 +2.0699e-01 +4.2251e-02 +1.4336e+00 -3.9361e+00
25 +9.748658769e+00 +9.748658769e+00 +9.758658769e+00 +9.758658769e+00 -1.6250e-01 +1.3493e-01 +7.1876e-02 +1.3086e+00 -3.8941e+00
43 +4.460207881e+00 +4.460207881e+00 +4.470207881e+00 +4.470207881e+00 -1.5701e-01 +1.3386e-01 +7.9262e-02 +1.3146e+00 -3.8944e+00
91 +3.963563289e+00 +3.963563289e+00 +3.973563289e+00 +3.973563289e+00 -1.5795e-01 +1.3281e-01 +7.9994e-02 +1.3138e+00 -3.8943e+00
3061 +2.498003605e+00 +2.498003605e+00 +2.508003605e+00 +2.508003605e+00 -4.8234e+00 +3.5687e+00 -2.2796e+00 +3.6426e+00 -2.0374e+00
10729 +1.304439370e+00 +1.304439370e+00 +1.314439370e+00 +1.314439370e+00 -4.6679e+00 -9.0781e-01 -4.4657e+00 -2.3071e+00 +1.5719e+00
10753 +9.908738106e-01 +9.908738106e-01 +1.000873811e+00 +1.000873811e+00 -4.6674e+00 -9.0903e-01 -4.4652e+00 -2.3064e+00 +1.5713e+00
11473 +6.132651844e-01 +6.132651844e-01 +6.232651844e-01 +6.232651844e-01 -6.7638e-02 -2.9067e+00 -3.6749e+00 +1.7820e+00 +1.7354e+00
% function evaluation | noise-free fitness - Fopt (-1.306100000000e+02) | best noise-free fitness - Fopt | measured fitness | best measured fitness | x1 | x2...
1 +3.234233992e+01 +3.234233992e+01 -9.826766008e+01 -9.826766008e+01 +7.9467e-01 +1.4456e+00 -6.8331e-01 +4.1942e+00 +4.1404e+00
7 +2.385928443e+01 +2.385928443e+01 -1.067507156e+02 -1.067507156e+02 +1.2726e-01 +1.2014e+00 -1.6833e+00 +3.5109e+00 +4.6313e+00
55 +1.475643363e+01 +1.475643363e+01 -1.158535664e+02 -1.158535664e+02 +7.9374e-01 +1.4187e+00 -6.9244e-01 +4.1850e+00 +4.1205e+00
61 +7.554147314e+00 +7.554147314e+00 -1.230558527e+02 -1.230558527e+02 +8.1566e-01 +8.2037e-01 -7.3327e-01 +4.0766e+00 +3.7098e+00
67 +4.127356190e+00 +4.127356190e+00 -1.264826438e+02 -1.264826438e+02 +8.1515e-01 +8.3882e-01 -7.3210e-01 +4.0793e+00 +3.7227e+00
79 +3.745594821e+00 +3.745594821e+00 -1.268644052e+02 -1.268644052e+02 +8.1486e-01 +8.4915e-01 -7.3145e-01 +4.0808e+00 +3.7299e+00
289 +2.117863397e+00 +2.117863397e+00 -1.284921366e+02 -1.284921366e+02 -3.7468e+00 +4.6066e+00 -2.0359e+00 +5.7387e-01 +4.6885e+00
6127 +1.404251316e+00 +1.404251316e+00 -1.292057487e+02 -1.292057487e+02 -3.3913e-01 +7.4846e-01 +3.2241e+00 +3.7961e+00 -2.5578e+00
% function evaluation | noise-free fitness - Fopt (-2.231200000000e+02) | best noise-free fitness - Fopt | measured fitness | best measured fitness | x1 | x2...
1 +9.709767943e+00 +9.709767943e+00 -2.134102321e+02 -2.134102321e+02 -3.4995e+00 -8.8817e-01 -4.5641e+00 -4.6569e+00 +1.2087e+00
139 +3.731474673e+00 +3.731474673e+00 -2.193885253e+02 -2.193885253e+02 -3.0554e+00 -3.9418e-01 -3.6783e+00 +3.8063e+00 -3.7197e+00
2305 +2.504046711e+00 +2.504046711e+00 -2.206159533e+02 -2.206159533e+02 +2.6527e+00 +1.2595e+00 +3.7644e+00 -4.1962e+00 -9.2852e-01
8215 +1.446172449e+00 +1.446172449e+00 -2.216738276e+02 -2.216738276e+02 +7.8827e-01 -1.5039e+00 +1.3470e+00 +2.8139e+00 +4.4233e+00
14839 +9.549116870e-01 +9.549116870e-01 -2.221650883e+02 -2.221650883e+02 -4.1780e+00 +2.8483e+00 +2.4297e-01 +3.0736e+00 -1.4375e+00
% function evaluation | noise-free fitness - Fopt (-4.443000000000e+01) | best noise-free fitness - Fopt | measured fitness | best measured fitness | x1 | x2...
1 +1.769721242e+01 +1.769721242e+01 -2.673278758e+01 -2.673278758e+01 +4.8454e+00 -4.7441e+00 -4.8819e+00 +3.2757e+00 -1.8520e+00
13 +4.490380180e+00 +4.490380180e+00 -3.993961982e+01 -3.993961982e+01 +4.9732e+00 -4.8667e+00 -4.8887e+00 +3.4861e+00 -2.1739e+00
25 +2.881326699e+00 +2.881326699e+00 -4.154867330e+01 -4.154867330e+01 +5.0255e+00 -4.9016e+00 -4.9129e+00 +3.4878e+00 -2.2236e+00
979 +2.495048929e+00 +2.495048929e+00 -4.193495107e+01 -4.193495107e+01 +4.1727e+00 -2.5510e+00 +1.5082e+00 +3.9620e+00 -3.4553e+00
6079 +1.440108904e+00 +1.440108904e+00 -4.298989110e+01 -4.298989110e+01 +4.6149e+00 +2.6682e+00 -4.1966e+00 -4.1562e+00 +5.8318e-01
6109 +9.834009534e-01 +9.834009534e-01 -4.344659905e+01 -4.344659905e+01 +4.6138e+00 +2.6687e+00 -4.1972e+00 -4.1587e+00 +5.8161e-01
6457 +5.528128765e-01 +5.528128765e-01 -4.387718712e+01 -4.387718712e+01 +4.6155e+00 +2.6663e+00 -4.1950e+00 -4.1612e+00 +5.7990e-01
6463 +3.903530756e-01 +3.903530756e-01 -4.403964692e+01 -4.403964692e+01 +4.6161e+00 +2.6660e+00 -4.1941e+00 -4.1621e+00 +5.7931e-01
% function evaluation | noise-free fitness - Fopt (6.870000000000e+00) | best noise-free fitness - Fopt | measured fitness | best measured fitness | x1 | x2...
1 +1.895165504e+01 +1.895165504e+01 +2.582165504e+01 +2.582165504e+01 -2.5871e+00 +2.7120e+00 +4.5357e+00 +8.9466e-01 -1.1034e-01
31 +1.108100939e+01 +1.108100939e+01 +1.795100939e+01 +1.795100939e+01 -2.5972e+00 +2.7061e+00 +4.5376e+00 +8.8649e-01 -1.1524e-01
43 +9.148670115e+00 +9.148670115e+00 +1.601867012e+01 +1.601867012e+01 -2.5980e+00 +2.7066e+00 +4.5375e+00 +8.8574e-01 -1.1564e-01
235 +4.424489277e+00 +4.424489277e+00 +1.129448928e+01 +1.129448928e+01 -2.5374e+00 -6.3684e-01 -4.5657e+00 -3.7635e+00 -2.4306e+00
2467 +3.869398382e+00 +3.869398382e+00 +1.073939838e+01 +1.073939838e+01 +4.0094e+00 +3.3477e+00 -4.1869e+00 -3.5719e+00 +3.7611e+00
2491 +2.353329137e+00 +2.353329137e+00 +9.223329137e+00 +9.223329137e+00 +4.0097e+00 +3.3496e+00 -4.1866e+00 -3.5678e+00 +3.7523e+00
10555 +1.555416346e+00 +1.555416346e+00 +8.425416346e+00 +8.425416346e+00 -3.3190e+00 +3.1039e-01 +3.9572e+00 +7.1764e-01 +3.2646e+00
% function evaluation | noise-free fitness - Fopt (1.000000000000e-02) | best noise-free fitness - Fopt | measured fitness | best measured fitness | x1 | x2...
1 +1.237096900e+01 +1.237096900e+01 +1.238096900e+01 +1.238096900e+01 +1.1348e+00 +1.5800e-02 -4.2061e+00 -3.0168e-01 +4.7664e+00
109 +5.563575584e+00 +5.563575584e+00 +5.573575584e+00 +5.573575584e+00 +1.1541e+00 +3.1500e-02 -4.2359e+00 -3.0216e-01 +4.7771e+00
571 +3.887280914e+00 +3.887280914e+00 +3.897280914e+00 +3.897280914e+00 -1.7882e+00 -4.0370e+00 +1.9873e+00 +3.3274e+00 +1.0912e+00
2017 +1.797139554e+00 +1.797139554e+00 +1.807139554e+00 +1.807139554e+00 -1.3435e+00 -3.5188e+00 -2.9163e+00 +3.1382e+00 +1.8658e-01
2035 +1.199997182e+00 +1.199997182e+00 +1.209997182e+00 +1.209997182e+00 -1.3420e+00 -3.5196e+00 -2.9153e+00 +3.1386e+00 +1.8766e-01
% function evaluation | noise-free fitness - Fopt (-1.306100000000e+02) | best noise-free fitness - Fopt | measured fitness | best measured fitness | x1 | x2...
1 +1.117343728e+01 +1.117343728e+01 -1.194365627e+02 -1.194365627e+02 +3.5491e+00 +1.8468e+00 +2.5821e+00 -4.9731e+00 -1.8463e+00
25 +9.997554129e+00 +9.997554129e+00 -1.206124459e+02 -1.206124459e+02 +3.5486e+00 +1.8491e+00 +2.5869e+00 -4.9751e+00 -1.8460e+00
1045 +5.292581300e+00 +5.292581300e+00 -1.253174187e+02 -1.253174187e+02 +1.5371e+00 -2.6177e+00 -4.9578e+00 +9.2610e-01 +2.1800e+00
2353 +3.402456456e+00 +3.402456456e+00 -1.272075435e+02 -1.272075435e+02 -2.3955e+00 +1.3553e-01 -3.2491e+00 +9.5451e-01 +3.9044e+00
4213 +2.250710720e+00 +2.250710720e+00 -1.283592893e+02 -1.283592893e+02 +3.5271e+00 -3.8588e+00 +4.8257e+00 -4.8193e+00 +1.9938e+00
5767 +1.194687194e+00 +1.194687194e+00 -1.294153128e+02 -1.294153128e+02 +1.3575e+00 -8.5639e-01 +4.0154e+00 -1.5749e+00 -2.5025e-01
18973 +9.036859880e-01 +9.036859880e-01 -1.297063140e+02 -1.297063140e+02 +4.9759e+00 -2.2834e+00 +4.0025e+00 +7.8009e-01 -4.6832e+00
19009 +5.922209945e-01 +5.922209945e-01 -1.300177790e+02 -1.300177790e+02 +4.9734e+00 -2.2806e+00 +4.0033e+00 +7.8080e-01 -4.6802e+00
