% function evaluation | noise-free fitness - Fopt (3.590000000000e+01) | best noise-free fitness - Fopt | measured fitness | best measured fitness | x1 | x2...
1 +6.536122650e+04 +6.536122650e+04 +6.539712650e+04 +6.539712650e+04 +4.2773e+00 +3.7927e+00 +4.6244e+00 -9.1511e-01 +1.2287e+00 +1.5331e+00 -2.5155e+00 +4.4902e-01 -1.1827e+00 +2.2533e+00
12 +6.547890058e+03 +6.547890058e+03 +6.583790058e+03 +6.583790058e+03 +3.3427e+00 +3.6598e+00 +4.8800e+00 -1.4772e+00 +1.5029e+00 +5.3313e-01 -2.5016e+00 +6.1293e-01 -2.0795e+00 +2.2064e+00
23 +1.990120679e+02 +1.990120679e+02 +2.349120679e+02 +2.349120679e+02 +2.5574e+00 +3.5483e+00 +5.0928e+00 -1.9473e+00 +1.7324e+00 -3.0687e-01 -2.4897e+00 +7.4931e-01 -2.8319e+00 +2.1658e+00
67 +1.208512603e+02 +1.208512603e+02 +1.567512603e+02 +1.567512603e+02 +2.2610e+00 +3.5953e+00 +4.3734e+00 -1.1309e+00 +1.4457e+00 -5.1212e-01 -2.3676e+00 +1.2074e-01 -2.6693e+00 +1.6632e+00
221 +6.375262790e+01 +6.375262790e+01 +9.965262790e+01 +9.965262790e+01 +2.0027e+00 +3.7876e+00 +3.4253e+00 +3.4908e-01 +7.5325e-01 -1.1104e+00 -2.3382e+00 -1.1276e+00 -2.3398e+00 +8.6322e-01
243 +6.111632805e+01 +6.111632805e+01 +9.701632805e+01 +9.701632805e+01 +1.9918e+00 +3.8028e+00 +3.3702e+00 +4.4762e-01 +7.0327e-01 -1.1553e+00 -2.3405e+00 -1.2131e+00 -2.3171e+00 +8.1246e-01
397 +3.423439503e+01 +3.423439503e+01 +7.013439503e+01 +7.013439503e+01 +1.7057e+00 +4.0534e+00 +2.7099e+00 +1.9332e+00 -1.4688e-01 -2.3579e+00 -2.4989e+00 -2.6665e+00 -2.2184e+00 -3.9564e-02
551 +2.337881351e+01 +2.337881351e+01 +5.927881351e+01 +5.927881351e+01 +1.8984e+00 +3.7789e+00 +2.4408e+00 +2.0699e+00 -1.2604e-01 -2.4551e+00 -2.6097e+00 -2.8167e+00 -2.4831e+00 -5.8668e-01
705 +1.500922941e+01 +1.500922941e+01 +5.090922941e+01 +5.090922941e+01 +2.4104e+00 +3.3510e+00 +2.5583e+00 +1.9591e+00 -5.2561e-02 -2.4823e+00 -2.8726e+00 -2.7572e+00 -2.8548e+00 -1.0391e+00
1211 +9.690995668e+00 +9.690995668e+00 +4.559099567e+01 +4.559099567e+01 +2.6235e+00 +2.7643e+00 +2.2701e+00 +2.2439e+00 -7.9647e-02 -2.5856e+00 -2.9922e+00 -2.8597e+00 -3.2026e+00 -1.7878e+00
1387 +4.712176990e+00 +4.712176990e+00 +4.061217699e+01 +4.061217699e+01 +2.5442e+00 +2.2192e+00 +2.3668e+00 +2.7914e+00 -3.9124e-01 -2.8195e+00 -2.9043e+00 -2.7442e+00 -3.1875e+00 -1.9479e+00
1464 +3.285620570e+00 +3.285620570e+00 +3.918562057e+01 +3.918562057e+01 +2.5183e+00 +1.9484e+00 +2.4212e+00 +3.0468e+00 -5.4825e-01 -2.9344e+00 -2.8582e+00 -2.6742e+00 -3.1823e+00 -2.0099e+00
1717 +2.500755958e+00 +2.500755958e+00 +3.840075596e+01 +3.840075596e+01 +2.5169e+00 +1.7299e+00 +2.4629e+00 +3.2225e+00 -6.8793e-01 -3.0233e+00 -2.8284e+00 -2.5939e+00 -3.1879e+00 -2.0896e+00
1739 +8.027761877e-01 +8.027761877e-01 +3.670277619e+01 +3.670277619e+01 +2.6243e+00 +1.3736e+00 +2.5095e+00 +3.3377e+00 -9.9560e-01 -3.1483e+00 -2.8193e+00 -2.3254e+00 -3.2546e+00 -2.3977e+00
1904 +4.398974587e-01 +4.398974587e-01 +3.633989746e+01 +3.633989746e+01 +2.6445e+00 +1.1838e+00 +2.5499e+00 +3.3850e+00 -1.2350e+00 -3.1938e+00 -2.8062e+00 -2.1674e+00 -3.2740e+00 -2.5774e+00
2223 +3.843370929e-01 +3.843370929e-01 +3.628433709e+01 +3.628433709e+01 +2.6557e+00 +1.1574e+00 +2.5709e+00 +3.3853e+00 -1.2843e+00 -3.1886e+00 -2.7662e+00 -2.1522e+00 -3.2791e+00 -2.6351e+00
2245 +2.462543931e-01 +2.462543931e-01 +3.614625439e+01 +3.614625439e+01 +2.6883e+00 +1.1329e+00 +2.6305e+00 +3.3715e+00 -1.3680e+00 -3.1546e+00 -2.6285e+00 -2.1581e+00 -3.2900e+00 -2.7714e+00
2630 +1.546835506e-01 +1.546835506e-01 +3.605468355e+01 +3.605468355e+01 +2.7069e+00 +1.1183e+00 +2.6520e+00 +3.3594e+00 -1.4108e+00 -3.1403e+00 -2.5623e+00 -2.1560e+00 -3.2883e+00 -2.8279e+00
2850 +7.535225043e-02 +7.535225043e-02 +3.597535225e+01 +3.597535225e+01 +2.7313e+00 +1.1103e+00 +2.6172e+00 +3.3746e+00 -1.4126e+00 -3.1239e+00 -2.5358e+00 -2.1437e+00 -3.2321e+00 -2.8277e+00
2872 +5.861856606e-02 +5.861856606e-02 +3.595861857e+01 +3.595861857e+01 +2.7356e+00 +1.1093e+00 +2.6102e+00 +3.3781e+00 -1.4122e+00 -3.1208e+00 -2.5318e+00 -2.1416e+00 -3.2217e+00 -2.8265e+00
3213 +2.846570584e-02 +2.846570584e-02 +3.592846571e+01 +3.592846571e+01 +2.7623e+00 +1.1294e+00 +2.5819e+00 +3.3862e+00 -1.4167e+00 -3.0945e+00 -2.5321e+00 -2.1279e+00 -3.1853e+00 -2.8270e+00
3279 +2.396578264e-02 +2.396578264e-02 +3.592396578e+01 +3.592396578e+01 +2.7763e+00 +1.1387e+00 +2.5736e+00 +3.3950e+00 -1.4206e+00 -3.0846e+00 -2.5388e+00 -2.1210e+00 -3.1752e+00 -2.8316e+00
3367 +1.543492378e-02 +1.543492378e-02 +3.591543492e+01 +3.591543492e+01 +2.7864e+00 +1.1359e+00 +2.5766e+00 +3.4134e+00 -1.4271e+00 -3.0848e+00 -2.5466e+00 -2.1156e+00 -3.1815e+00 -2.8502e+00
3598 +9.983820958e-03 +9.983820958e-03 +3.590998382e+01 +3.590998382e+01 +2.7828e+00 +1.1255e+00 +2.5854e+00 +3.4206e+00 -1.4300e+00 -3.0924e+00 -2.5451e+00 -2.1165e+00 -3.1934e+00 -2.8635e+00
4115 +5.220248919e-03 +5.220248919e-03 +3.590522025e+01 +3.590522025e+01 +2.7809e+00 +1.1173e+00 +2.5846e+00 +3.4194e+00 -1.4346e+00 -3.0936e+00 -2.5369e+00 -2.1146e+00 -3.1862e+00 -2.8784e+00
4423 +3.692841608e-03 +3.692841608e-03 +3.590369284e+01 +3.590369284e+01 +2.7872e+00 +1.1195e+00 +2.5825e+00 +3.4221e+00 -1.4360e+00 -3.0909e+00 -2.5391e+00 -2.1123e+00 -3.1762e+00 -2.8872e+00
4478 +2.480222807e-03 +2.480222807e-03 +3.590248022e+01 +3.590248022e+01 +2.7871e+00 +1.1174e+00 +2.5841e+00 +3.4217e+00 -1.4359e+00 -3.0926e+00 -2.5389e+00 -2.1132e+00 -3.1732e+00 -2.8926e+00
4764 +1.532103160e-03 +1.532103160e-03 +3.590153210e+01 +3.590153210e+01 +2.7864e+00 +1.1176e+00 +2.5853e+00 +3.4218e+00 -1.4329e+00 -3.0943e+00 -2.5413e+00 -2.1155e+00 -3.1702e+00 -2.8963e+00
4852 +9.950479066e-04 +9.950479066e-04 +3.590099505e+01 +3.590099505e+01 +2.7860e+00 +1.1184e+00 +2.5859e+00 +3.4220e+00 -1.4304e+00 -3.0952e+00 -2.5434e+00 -2.1173e+00 -3.1674e+00 -2.8989e+00
5116 +6.111491210e-04 +6.111491210e-04 +3.590061115e+01 +3.590061115e+01 +2.7848e+00 +1.1187e+00 +2.5869e+00 +3.4220e+00 -1.4277e+00 -3.0965e+00 -2.5456e+00 -2.1193e+00 -3.1655e+00 -2.9008e+00
5501 +3.503210002e-04 +3.503210002e-04 +3.590035032e+01 +3.590035032e+01 +2.7843e+00 +1.1173e+00 +2.5879e+00 +3.4239e+00 -1.4268e+00 -3.0966e+00 -2.5478e+00 -2.1190e+00 -3.1635e+00 -2.9033e+00
5842 +1.668067181e-04 +1.668067181e-04 +3.590016681e+01 +3.590016681e+01 +2.7833e+00 +1.1156e+00 +2.5887e+00 +3.4257e+00 -1.4266e+00 -3.0967e+00 -2.5494e+00 -2.1185e+00 -3.1628e+00 -2.9049e+00
5853 +1.384547172e-04 +1.384547172e-04 +3.590013845e+01 +3.590013845e+01 +2.7830e+00 +1.1149e+00 +2.5888e+00 +3.4264e+00 -1.4271e+00 -3.0966e+00 -2.5494e+00 -2.1179e+00 -3.1632e+00 -2.9050e+00
6095 +9.449391877e-05 +9.449391877e-05 +3.590009449e+01 +3.590009449e+01 +2.7827e+00 +1.1140e+00 +2.5888e+00 +3.4272e+00 -1.4276e+00 -3.0963e+00 -2.5492e+00 -2.1175e+00 -3.1637e+00 -2.9050e+00
6238 +5.477476032e-05 +5.477476032e-05 +3.590005477e+01 +3.590005477e+01 +2.7823e+00 +1.1135e+00 +2.5885e+00 +3.4275e+00 -1.4272e+00 -3.0964e+00 -2.5486e+00 -2.1176e+00 -3.1634e+00 -2.9048e+00
6469 +3.926889860e-05 +3.926889860e-05 +3.590003927e+01 +3.590003927e+01 +2.7821e+00 +1.1134e+00 +2.5884e+00 +3.4277e+00 -1.4270e+00 -3.0964e+00 -2.5484e+00 -2.1177e+00 -3.1632e+00 -2.9047e+00
6667 +1.554860794e-05 +1.554860794e-05 +3.590001555e+01 +3.590001555e+01 +2.7819e+00 +1.1138e+00 +2.5878e+00 +3.4276e+00 -1.4266e+00 -3.0962e+00 -2.5479e+00 -2.1177e+00 -3.1632e+00 -2.9046e+00
6689 +9.336825080e-06 +9.336825080e-06 +3.590000934e+01 +3.590000934e+01 +2.7818e+00 +1.1140e+00 +2.5876e+00 +3.4275e+00 -1.4265e+00 -3.0961e+00 -2.5476e+00 -2.1177e+00 -3.1632e+00 -2.9045e+00
6898 +5.916996891e-06 +5.916996891e-06 +3.590000592e+01 +3.590000592e+01 +2.7817e+00 +1.1140e+00 +2.5873e+00 +3.4275e+00 -1.4263e+00 -3.0960e+00 -2.5476e+00 -2.1178e+00 -3.1632e+00 -2.9045e+00
7250 +3.776295856e-06 +3.776295856e-06 +3.590000378e+01 +3.590000378e+01 +2.7817e+00 +1.1139e+00 +2.5872e+00 +3.4276e+00 -1.4263e+00 -3.0960e+00 -2.5477e+00 -2.1178e+00 -3.1632e+00 -2.9045e+00
7494 +2.510925619e-06 +2.510925619e-06 +3.590000251e+01 +3.590000251e+01 +2.7817e+00 +1.1138e+00 +2.5872e+00 +3.4277e+00 -1.4263e+00 -3.0959e+00 -2.5478e+00 -2.1178e+00 -3.1632e+00 -2.9046e+00
7679 +1.564253012e-06 +1.564253012e-06 +3.590000156e+01 +3.590000156e+01 +2.7817e+00 +1.1137e+00 +2.5873e+00 +3.4278e+00 -1.4263e+00 -3.0960e+00 -2.5480e+00 -2.1177e+00 -3.1631e+00 -2.9047e+00
25136 +8.532894711e-07 +8.532894711e-07 +3.590000085e+01 +3.590000085e+01 +2.7815e+00 +1.1137e+00 +2.5872e+00 +3.4278e+00 -1.4264e+00 -3.0960e+00 -2.5479e+00 -2.1177e+00 -3.1633e+00 -2.9047e+00
25334 +6.068430523e-07 +6.068430523e-07 +3.590000061e+01 +3.590000061e+01 +2.7815e+00 +1.1137e+00 +2.5872e+00 +3.4278e+00 -1.4264e+00 -3.0960e+00 -2.5479e+00 -2.1177e+00 -3.1633e+00 -2.9047e+00
93149 +3.611846040e-07 +3.611846040e-07 +3.590000036e+01 +3.590000036e+01 +2.7816e+00 +1.1136e+00 +2.5872e+00 +3.4279e+00 -1.4264e+00 -3.0960e+00 -2.5480e+00 -2.1176e+00 -3.1632e+00 -2.9047e+00
93347 +2.507094763e-07 +2.507094763e-07 +3.590000025e+01 +3.590000025e+01 +2.7816e+00 +1.1136e+00 +2.5872e+00 +3.4280e+00 -1.4264e+00 -3.0960e+00 -2.5480e+00 -2.1176e+00 -3.1632e+00 -2.9047e+00
105953 +1.576711952e-07 +1.576711952e-07 +3.590000016e+01 +3.590000016e+01 +2.7816e+00 +1.1136e+00 +2.5872e+00 +3.4280e+00 -1.4264e+00 -3.0960e+00 -2.5480e+00 -2.1176e+00 -3.1632e+00 -2.9047e+00
487389 +9.190203798e-08 +9.190203798e-08 +3.590000009e+01 +3.590000009e+01 +2.7816e+00 +1.1136e+00 +2.5872e+00 +3.4280e+00 -1.4264e+00 -3.0960e+00 -2.5480e+00 -2.1176e+00 -3.1632e+00 -2.9048e+00
812175 +4.809806597e-08 +4.809806597e-08 +3.590000005e+01 +3.590000005e+01 +2.7816e+00 +1.1136e+00 +2.5872e+00 +3.4280e+00 -1.4264e+00 -3.0960e+00 -2.5480e+00 -2.1176e+00 -3.1632e+00 -2.9048e+00
% function evaluation | noise-free fitness - Fopt (3.137000000000e+01) | best noise-free fitness - Fopt | measured fitness | best measured fitness | x1 | x2...
1 +7.393213916e+05 +7.393213916e+05 +7.393527616e+05 +7.393527616e+05 +4.9184e+00 -2.2289e+00 -4.2156e+00 +3.8492e+00 +2.6915e+00 +1.1447e+00 -5.7806e-02 -2.0105e+00 -4.3524e+00 +2.1625e+00
12 +5.577926375e+05 +5.577926375e+05 +5.578240075e+05 +5.578240075e+05 +4.2166e+00 -1.6805e+00 -4.5033e+00 +3.6925e+00 +1.9708e+00 +1.0794e+00 +3.1547e-02 -1.0105e+00 -3.3651e+00 +2.2495e+00
34 +3.159080686e+05 +3.159080686e+05 +3.159394386e+05 +3.159394386e+05 +3.5803e+00 -1.1049e+00 -4.7137e+00 +3.5198e+00 +1.1924e+00 +9.3372e-01 +4.7532e-03 +2.7292e-02 -2.4828e+00 +2.2644e+00
45 +1.623662274e+05 +1.623662274e+05 +1.623975974e+05 +1.623975974e+05 +2.8779e+00 -4.2841e-01 -4.9200e+00 +3.3145e+00 +2.7614e-01 +7.2990e-01 -7.9225e-02 +1.2338e+00 -1.5204e+00 +2.2518e+00
56 +6.479205284e+04 +6.479205284e+04 +6.482342284e+04 +6.482342284e+04 +2.1755e+00 +2.4806e-01 -5.1264e+00 +3.1092e+00 -6.4013e-01 +5.2607e-01 -1.6320e-01 +2.4403e+00 -5.5805e-01 +2.2392e+00
67 +3.466820233e+04 +3.466820233e+04 +3.469957233e+04 +3.469957233e+04 +1.7084e+00 +7.8957e-01 -5.1871e+00 +2.9350e+00 -1.3712e+00 +3.2228e-01 -3.0214e-01 +3.3705e+00 +6.7412e-02 +2.1707e+00
78 +2.427415502e+04 +2.427415502e+04 +2.430552502e+04 +2.430552502e+04 +1.3974e+00 +1.2830e+00 -5.1046e+00 +2.7955e+00 -1.9441e+00 +1.4682e-01 -4.6535e-01 +4.0732e+00 +4.1966e-01 +2.1203e+00
100 +1.389297768e+04 +1.389297768e+04 +1.392434768e+04 +1.392434768e+04 +6.4070e-01 +2.4834e+00 -4.9039e+00 +2.4560e+00 -3.3377e+00 -2.8004e-01 -8.6238e-01 +5.7827e+00 +1.2766e+00 +1.9976e+00
111 +8.094866188e+03 +8.094866188e+03 +8.126236188e+03 +8.126236188e+03 +3.5034e-01 +3.4177e+00 -4.5945e+00 +2.2369e+00 -4.2321e+00 -6.4230e-01 -1.2461e+00 +6.7831e+00 +1.7671e+00 +1.9382e+00
122 +2.033669481e+03 +2.033669481e+03 +2.065039481e+03 +2.065039481e+03 +6.2564e-01 +3.5622e+00 -4.4780e+00 +2.1952e+00 -4.1508e+00 -7.6005e-01 -1.3479e+00 +6.5444e+00 +1.7593e+00 +1.9606e+00
133 +1.079422220e+03 +1.079422220e+03 +1.110792220e+03 +1.110792220e+03 +7.1289e-01 +3.5799e+00 -4.4564e+00 +2.1934e+00 -4.0963e+00 -7.8540e-01 -1.3679e+00 +6.4527e+00 +1.7537e+00 +1.9671e+00
144 +4.136181006e+02 +4.136181006e+02 +4.449881006e+02 +4.449881006e+02 +8.0014e-01 +3.5975e+00 -4.4347e+00 +2.1916e+00 -4.0417e+00 -8.1076e-01 -1.3879e+00 +6.3611e+00 +1.7481e+00 +1.9736e+00
155 +1.187998812e+02 +1.187998812e+02 +1.501698812e+02 +1.501698812e+02 +8.8555e-01 +3.6257e+00 -4.4134e+00 +2.1922e+00 -3.9878e+00 -8.4113e-01 -1.4131e+00 +6.2825e+00 +1.7573e+00 +1.9778e+00
254 +6.756222159e+01 +6.756222159e+01 +9.893222159e+01 +9.893222159e+01 +1.7662e+00 +2.9091e+00 -4.3331e+00 +2.4508e+00 -2.8028e+00 -6.8455e-01 -1.3377e+00 +4.7515e+00 +1.0330e+00 +2.0439e+00
265 +5.732418540e+01 +5.732418540e+01 +8.869418540e+01 +8.869418540e+01 +2.0739e+00 +2.6656e+00 -4.3005e+00 +2.5395e+00 -2.3948e+00 -6.3278e-01 -1.3153e+00 +4.2212e+00 +7.8039e-01 +2.0667e+00
617 +3.838020424e+01 +3.838020424e+01 +6.975020424e+01 +6.975020424e+01 +3.0190e+00 +3.2318e+00 -3.2625e+00 +2.6628e+00 -2.2205e+00 -1.4587e+00 -2.7886e+00 +3.2784e+00 +6.5230e-01 +1.6118e+00
914 +2.487534935e+01 +2.487534935e+01 +5.624534935e+01 +5.624534935e+01 +2.2259e+00 +2.0713e+00 -3.8533e+00 +2.9459e+00 -1.9392e+00 -7.8980e-01 -2.2321e+00 +3.3236e+00 +2.9735e-01 +1.5555e+00
1178 +1.559957490e+01 +1.559957490e+01 +4.696957490e+01 +4.696957490e+01 +1.2766e+00 +1.6958e+00 -3.7437e+00 +3.2381e+00 -2.0850e+00 -6.4758e-01 -2.7413e+00 +3.5431e+00 +1.7994e-01 +1.1686e+00
1783 +6.802786563e+00 +6.802786563e+00 +3.817278656e+01 +3.817278656e+01 +6.0339e-01 +1.9631e+00 -3.3414e+00 +3.4307e+00 -2.2131e+00 -7.4111e-01 -3.7146e+00 +3.0462e+00 +4.7392e-01 +7.8431e-01
1871 +6.180680155e+00 +6.180680155e+00 +3.755068015e+01 +3.755068015e+01 +5.1493e-01 +1.8217e+00 -3.4530e+00 +3.4464e+00 -2.1258e+00 -6.2945e-01 -3.6103e+00 +2.9333e+00 +4.5543e-01 +7.8240e-01
2300 +3.971771896e+00 +3.971771896e+00 +3.534177190e+01 +3.534177190e+01 -1.9686e-02 +1.6709e+00 -3.7990e+00 +3.4339e+00 -1.9915e+00 -2.0121e-01 -3.2334e+00 +2.6492e+00 +5.0876e-01 +7.2623e-01
2454 +2.313626835e+00 +2.313626835e+00 +3.368362683e+01 +3.368362683e+01 -2.2585e-01 +1.7293e+00 -3.7475e+00 +3.4648e+00 -1.9656e+00 -1.2407e-01 -3.3597e+00 +2.3954e+00 +5.1945e-01 +5.3510e-01
2729 +1.521174023e+00 +1.521174023e+00 +3.289117402e+01 +3.289117402e+01 -3.6582e-01 +1.8603e+00 -3.7193e+00 +3.4616e+00 -1.9980e+00 -2.5960e-02 -3.3391e+00 +2.2875e+00 +5.5922e-01 +4.3968e-01
3378 +9.891228248e-01 +9.891228248e-01 +3.235912282e+01 +3.235912282e+01 -3.0533e-01 +1.8822e+00 -3.7195e+00 +3.4945e+00 -1.9510e+00 +3.3920e-03 -3.3225e+00 +2.1692e+00 +4.9682e-01 +3.1677e-01
3422 +5.820035153e-01 +5.820035153e-01 +3.195200352e+01 +3.195200352e+01 -2.8066e-01 +1.9318e+00 -3.7066e+00 +3.5399e+00 -1.9736e+00 +1.8234e-02 -3.3501e+00 +2.1088e+00 +4.6949e-01 +1.3994e-01
3620 +3.974309014e-01 +3.974309014e-01 +3.176743090e+01 +3.176743090e+01 -2.2567e-01 +1.9297e+00 -3.7050e+00 +3.5693e+00 -1.9708e+00 +7.1567e-03 -3.3678e+00 +2.0844e+00 +4.3527e-01 +5.0621e-02
3862 +2.127060145e-01 +2.127060145e-01 +3.158270601e+01 +3.158270601e+01 -2.5559e-01 +1.9029e+00 -3.7319e+00 +3.6020e+00 -1.9728e+00 +1.3794e-01 -3.3820e+00 +2.0312e+00 +4.0435e-01 -1.3091e-01
3994 +1.509066267e-01 +1.509066267e-01 +3.152090663e+01 +3.152090663e+01 -2.5115e-01 +1.8687e+00 -3.7494e+00 +3.6021e+00 -1.9571e+00 +1.2835e-01 -3.3780e+00 +2.0433e+00 +3.9714e-01 -9.0563e-02
4291 +9.379900431e-02 +9.379900431e-02 +3.146379900e+01 +3.146379900e+01 -2.8279e-01 +1.8757e+00 -3.7868e+00 +3.6288e+00 -1.9505e+00 +1.9873e-01 -3.3813e+00 +2.0058e+00 +4.0642e-01 -1.5679e-01
5028 +5.491800932e-02 +5.491800932e-02 +3.142491801e+01 +3.142491801e+01 -2.7766e-01 +1.8719e+00 -3.8118e+00 +3.6538e+00 -1.9411e+00 +1.8974e-01 -3.4008e+00 +2.0065e+00 +3.9545e-01 -1.3016e-01
5072 +2.187709140e-02 +2.187709140e-02 +3.139187709e+01 +3.139187709e+01 -2.6123e-01 +1.9101e+00 -3.8667e+00 +3.7194e+00 -1.9425e+00 +2.4063e-01 -3.4370e+00 +2.0062e+00 +3.8204e-01 -1.4777e-01
5314 +1.162457305e-02 +1.162457305e-02 +3.138162457e+01 +3.138162457e+01 -2.6138e-01 +1.9036e+00 -3.8765e+00 +3.7277e+00 -1.9370e+00 +2.4679e-01 -3.4506e+00 +2.0027e+00 +3.7267e-01 -1.3634e-01
5336 +8.785378928e-03 +8.785378928e-03 +3.137878538e+01 +3.137878538e+01 -2.6450e-01 +1.8991e+00 -3.8758e+00 +3.7260e+00 -1.9352e+00 +2.4942e-01 -3.4544e+00 +1.9990e+00 +3.6993e-01 -1.3448e-01
5512 +5.211124069e-03 +5.211124069e-03 +3.137521112e+01 +3.137521112e+01 -2.6835e-01 +1.8977e+00 -3.8738e+00 +3.7238e+00 -1.9351e+00 +2.5623e-01 -3.4576e+00 +1.9943e+00 +3.6828e-01 -1.3822e-01
6304 +3.772677497e-03 +3.772677497e-03 +3.137377268e+01 +3.137377268e+01 -2.7043e-01 +1.8964e+00 -3.8737e+00 +3.7227e+00 -1.9341e+00 +2.6150e-01 -3.4632e+00 +1.9913e+00 +3.6474e-01 -1.3511e-01
6755 +2.481631944e-03 +2.481631944e-03 +3.137248163e+01 +3.137248163e+01 -2.7043e-01 +1.8975e+00 -3.8758e+00 +3.7229e+00 -1.9327e+00 +2.6376e-01 -3.4666e+00 +1.9907e+00 +3.6206e-01 -1.3234e-01
6865 +1.335983101e-03 +1.335983101e-03 +3.137133598e+01 +3.137133598e+01 -2.6865e-01 +1.9013e+00 -3.8817e+00 +3.7243e+00 -1.9299e+00 +2.6734e-01 -3.4712e+00 +1.9905e+00 +3.5765e-01 -1.2831e-01
7063 +8.665153215e-04 +8.665153215e-04 +3.137086652e+01 +3.137086652e+01 -2.6872e-01 +1.9021e+00 -3.8837e+00 +3.7235e+00 -1.9279e+00 +2.6909e-01 -3.4721e+00 +1.9895e+00 +3.5523e-01 -1.2628e-01
7074 +5.094849264e-04 +5.094849264e-04 +3.137050948e+01 +3.137050948e+01 -2.6985e-01 +1.9014e+00 -3.8840e+00 +3.7216e+00 -1.9258e+00 +2.7026e-01 -3.4711e+00 +1.9880e+00 +3.5349e-01 -1.2514e-01
7327 +3.363294448e-04 +3.363294448e-04 +3.137033633e+01 +3.137033633e+01 -2.7080e-01 +1.9006e+00 -3.8842e+00 +3.7201e+00 -1.9240e+00 +2.7082e-01 -3.4696e+00 +1.9869e+00 +3.5229e-01 -1.2442e-01
7558 +2.368083299e-04 +2.368083299e-04 +3.137023681e+01 +3.137023681e+01 -2.7208e-01 +1.8986e+00 -3.8842e+00 +3.7204e+00 -1.9234e+00 +2.7020e-01 -3.4668e+00 +1.9863e+00 +3.5345e-01 -1.2664e-01
7844 +1.582651697e-04 +1.582651697e-04 +3.137015827e+01 +3.137015827e+01 -2.7241e-01 +1.8983e+00 -3.8843e+00 +3.7205e+00 -1.9230e+00 +2.7068e-01 -3.4668e+00 +1.9860e+00 +3.5301e-01 -1.2671e-01
8295 +9.105810797e-05 +9.105810797e-05 +3.137009106e+01 +3.137009106e+01 -2.7254e-01 +1.8980e+00 -3.8845e+00 +3.7208e+00 -1.9221e+00 +2.7124e-01 -3.4671e+00 +1.9855e+00 +3.5199e-01 -1.2614e-01
8537 +5.975141928e-05 +5.975141928e-05 +3.137005975e+01 +3.137005975e+01 -2.7237e-01 +1.8977e+00 -3.8844e+00 +3.7211e+00 -1.9214e+00 +2.7133e-01 -3.4670e+00 +1.9852e+00 +3.5152e-01 -1.2592e-01
8625 +3.204544761e-05 +3.204544761e-05 +3.137003205e+01 +3.137003205e+01 -2.7223e-01 +1.8972e+00 -3.8841e+00 +3.7224e+00 -1.9216e+00 +2.7107e-01 -3.4669e+00 +1.9854e+00 +3.5182e-01 -1.2672e-01
8922 +1.285260062e-05 +1.285260062e-05 +3.137001285e+01 +3.137001285e+01 -2.7205e-01 +1.8969e+00 -3.8839e+00 +3.7230e+00 -1.9212e+00 +2.7104e-01 -3.4666e+00 +1.9853e+00 +3.5160e-01 -1.2683e-01
8944 +5.387813243e-06 +5.387813243e-06 +3.137000539e+01 +3.137000539e+01 -2.7196e-01 +1.8969e+00 -3.8838e+00 +3.7230e+00 -1.9209e+00 +2.7107e-01 -3.4664e+00 +1.9851e+00 +3.5139e-01 -1.2672e-01
9230 +3.200906423e-06 +3.200906423e-06 +3.137000320e+01 +3.137000320e+01 -2.7194e-01 +1.8968e+00 -3.8838e+00 +3.7231e+00 -1.9209e+00 +2.7105e-01 -3.4663e+00 +1.9850e+00 +3.5133e-01 -1.2679e-01
9373 +2.394434937e-06 +2.394434937e-06 +3.137000239e+01 +3.137000239e+01 -2.7195e-01 +1.8968e+00 -3.8838e+00 +3.7232e+00 -1.9209e+00 +2.7102e-01 -3.4663e+00 +1.9850e+00 +3.5133e-01 -1.2687e-01
9703 +1.560599898e-06 +1.560599898e-06 +3.137000156e+01 +3.137000156e+01 -2.7200e-01 +1.8968e+00 -3.8838e+00 +3.7232e+00 -1.9209e+00 +2.7099e-01 -3.4662e+00 +1.9849e+00 +3.5133e-01 -1.2704e-01
9747 +9.420552836e-07 +9.420552836e-07 +3.137000094e+01 +3.137000094e+01 -2.7201e-01 +1.8968e+00 -3.8838e+00 +3.7232e+00 -1.9209e+00 +2.7105e-01 -3.4662e+00 +1.9848e+00 +3.5131e-01 -1.2711e-01
9802 +6.047828798e-07 +6.047828798e-07 +3.137000060e+01 +3.137000060e+01 -2.7202e-01 +1.8968e+00 -3.8839e+00 +3.7232e+00 -1.9209e+00 +2.7111e-01 -3.4663e+00 +1.9848e+00 +3.5129e-01 -1.2718e-01
42032 +3.463344029e-07 +3.463344029e-07 +3.137000035e+01 +3.137000035e+01 -2.7192e-01 +1.8968e+00 -3.8840e+00 +3.7231e+00 -1.9208e+00 +2.7119e-01 -3.4664e+00 +1.9849e+00 +3.5118e-01 -1.2712e-01
42307 +2.102669896e-07 +2.102669896e-07 +3.137000021e+01 +3.137000021e+01 -2.7195e-01 +1.8968e+00 -3.8840e+00 +3.7231e+00 -1.9208e+00 +2.7117e-01 -3.4664e+00 +1.9849e+00 +3.5119e-01 -1.2714e-01
141219 +1.522924507e-07 +1.522924507e-07 +3.137000015e+01 +3.137000015e+01 -2.7196e-01 +1.8968e+00 -3.8840e+00 +3.7232e+00 -1.9208e+00 +2.7117e-01 -3.4663e+00 +1.9848e+00 +3.5123e-01 -1.2721e-01
170259 +9.564062609e-08 +9.564062609e-08 +3.137000010e+01 +3.137000010e+01 -2.7196e-01 +1.8968e+00 -3.8840e+00 +3.7232e+00 -1.9208e+00 +2.7119e-01 -3.4664e+00 +1.9848e+00 +3.5120e-01 -1.2719e-01
170446 +5.898480993e-08 +5.898480993e-08 +3.137000006e+01 +3.137000006e+01 -2.7198e-01 +1.8968e+00 -3.8840e+00 +3.7232e+00 -1.9208e+00 +2.7119e-01 -3.4664e+00 +1.9848e+00 +3.5120e-01 -1.2719e-01
170955 +3.915288715e-08 +3.915288715e-08 +3.137000004e+01 +3.137000004e+01 -2.7199e-01 +1.8968e+00 -3.8840e+00 +3.7232e+00 -1.9208e+00 +2.7118e-01 -3.4664e+00 +1.9848e+00 +3.5121e-01 -1.2720e-01
171026 +2.494562423e-08 +2.494562423e-08 +3.137000002e+01 +3.137000002e+01 -2.7199e-01 +1.8968e+00 -3.8840e+00 +3.7232e+00 -1.9208e+00 +2.7118e-01 -3.4664e+00 +1.9848e+00 +3.5120e-01 -1.2720e-01
% function evaluation | noise-free fitness - Fopt (-1.000000000000e+03) | best noise-free fitness - Fopt | measured fitness | best measured fitness | x1 | x2...
1 +5.158104436e+05 +5.158104436e+05 +5.148104436e+05 +5.148104436e+05 -1.2465e+00 +7.0097e-01 -1.7607e+00 -2.8001e+00 +6.9145e-01 -3.5928e+00 +4.4304e+00 -3.5948e+00 +3.3575e+00 -1.3909e+00
12 +3.004654244e+05 +3.004654244e+05 +2.994654244e+05 +2.994654244e+05 -1.3769e+00 +2.3233e-01 -1.6834e+00 -1.9589e+00 -5.4292e-02 -3.6309e+00 +4.5139e+00 -4.0999e+00 +2.5477e+00 -3.9089e-01
23 +2.077703698e+05 +2.077703698e+05 +2.067703698e+05 +2.067703698e+05 -1.4387e+00 +2.6967e-02 -1.5872e+00 -1.4934e+00 -5.0795e-01 -3.6690e+00 +4.5282e+00 -4.4342e+00 +2.0859e+00 +1.4034e-01
34 +1.340090262e+05 +1.340090262e+05 +1.330090262e+05 +1.330090262e+05 -1.5004e+00 -1.7840e-01 -1.4910e+00 -1.0279e+00 -9.6162e-01 -3.7071e+00 +4.5425e+00 -4.7686e+00 +1.6242e+00 +6.7157e-01
45 +8.293111683e+03 +8.293111683e+03 +7.293111683e+03 +7.293111683e+03 -2.0558e+00 -2.0267e+00 -6.2536e-01 +3.1614e+00 -5.0446e+00 -4.0499e+00 +4.6707e+00 -7.7781e+00 -2.5315e+00 +5.4526e+00
56 +3.850413024e+02 +3.850413024e+02 -6.149586976e+02 -6.149586976e+02 -2.1790e+00 -1.8754e+00 -6.0796e-01 +2.6949e+00 -4.5480e+00 -3.8338e+00 +4.8081e+00 -7.4748e+00 -2.3760e+00 +5.3212e+00
67 +2.502503886e+02 +2.502503886e+02 -7.497496114e+02 -7.497496114e+02 -2.1887e+00 -1.8624e+00 -6.0670e-01 +2.6556e+00 -4.5057e+00 -3.8158e+00 +4.8189e+00 -7.4491e+00 -2.3620e+00 +5.3089e+00
342 +1.451277555e+02 +1.451277555e+02 -8.548722445e+02 -8.548722445e+02 -1.3361e+00 -1.3195e+00 -2.5478e-01 +1.0725e+00 -1.9244e+00 -3.0120e+00 +3.6163e+00 -6.6150e+00 -1.0299e+00 +3.1939e+00
771 +9.842463484e+01 +9.842463484e+01 -9.015753652e+02 -9.015753652e+02 -7.3416e-01 -1.5493e+00 +2.7827e-01 +8.9114e-01 -1.4661e+00 -2.8201e+00 +2.8237e+00 -6.4635e+00 -6.9545e-01 +2.7869e+00
826 +6.203433137e+01 +6.203433137e+01 -9.379656686e+02 -9.379656686e+02 -3.3001e-02 -2.2429e+00 +1.1113e+00 +1.3387e+00 -1.5458e+00 -2.6674e+00 +1.7640e+00 -6.4534e+00 -6.8718e-01 +3.0025e+00
1189 +3.966263545e+01 +3.966263545e+01 -9.603373645e+02 -9.603373645e+02 +4.3297e-01 -2.7115e+00 +1.8222e+00 +1.6828e+00 -1.1476e+00 -2.2391e+00 +9.4737e-01 -6.5395e+00 -9.1446e-01 +3.1291e+00
1244 +2.356328717e+01 +2.356328717e+01 -9.764367128e+02 -9.764367128e+02 +8.5724e-01 -3.0176e+00 +2.5676e+00 +2.1539e+00 -8.3416e-01 -1.8023e+00 +4.3653e-01 -6.5010e+00 -9.4007e-01 +3.2733e+00
1541 +1.419909960e+01 +1.419909960e+01 -9.858009004e+02 -9.858009004e+02 +1.1960e+00 -3.3528e+00 +3.6701e+00 +2.7495e+00 -6.6598e-01 -1.0879e+00 +2.4716e-02 -6.0515e+00 -7.1582e-01 +3.4422e+00
2025 +9.668485028e+00 +9.668485028e+00 -9.903315150e+02 -9.903315150e+02 +6.0992e-01 -3.1249e+00 +3.5167e+00 +3.0745e+00 -8.8007e-01 -5.3347e-01 +4.0448e-01 -5.4951e+00 -7.2268e-01 +2.7356e+00
2333 +5.375305147e+00 +5.375305147e+00 -9.946246949e+02 -9.946246949e+02 +1.2073e-01 -3.2470e+00 +3.6093e+00 +3.4569e+00 -9.6394e-01 +1.5219e-01 +2.6830e-01 -5.0406e+00 -9.2299e-01 +2.0362e+00
2476 +3.955451843e+00 +3.955451843e+00 -9.960445482e+02 -9.960445482e+02 +7.9822e-02 -3.3840e+00 +3.6846e+00 +3.4057e+00 -9.0336e-01 +3.1220e-01 +7.4184e-02 -4.9123e+00 -9.0049e-01 +1.8584e+00
3202 +2.376752712e+00 +2.376752712e+00 -9.976232473e+02 -9.976232473e+02 -6.9927e-02 -3.4891e+00 +3.3880e+00 +3.2330e+00 -8.8227e-01 +2.7221e-01 -1.9012e-01 -4.5702e+00 -1.0205e+00 +1.5857e+00
3499 +1.572588155e+00 +1.572588155e+00 -9.984274118e+02 -9.984274118e+02 -1.9725e-01 -3.4902e+00 +3.1665e+00 +3.3078e+00 -9.5397e-01 +2.6761e-01 -3.5089e-01 -4.1997e+00 -1.1640e+00 +1.4896e+00
3598 +7.247700043e-01 +7.247700043e-01 -9.992752300e+02 -9.992752300e+02 +5.8005e-03 -3.3909e+00 +2.9596e+00 +3.5296e+00 -8.7750e-01 +2.3993e-02 -6.5390e-01 -3.9455e+00 -1.2090e+00 +1.6305e+00
4016 +4.106986466e-01 +4.106986466e-01 -9.995893014e+02 -9.995893014e+02 -4.2410e-02 -3.3504e+00 +2.8947e+00 +3.4984e+00 -8.5911e-01 +3.4767e-02 -6.5439e-01 -4.0050e+00 -1.1565e+00 +1.5253e+00
4137 +3.956447470e-01 +3.956447470e-01 -9.996043553e+02 -9.996043553e+02 -4.8398e-02 -3.3448e+00 +2.8856e+00 +3.4965e+00 -8.5709e-01 +3.5076e-02 -6.5581e-01 -4.0096e+00 -1.1510e+00 +1.5128e+00
4489 +2.275595063e-01 +2.275595063e-01 -9.997724405e+02 -9.997724405e+02 -1.4715e-01 -3.2757e+00 +2.7952e+00 +3.5448e+00 -8.6665e-01 +1.8704e-03 -6.9430e-01 -3.9592e+00 -1.1428e+00 +1.4145e+00
4918 +1.475579713e-01 +1.475579713e-01 -9.998524420e+02 -9.998524420e+02 -2.0165e-01 -3.2464e+00 +2.8041e+00 +3.5630e+00 -8.8619e-01 -3.7137e-02 -7.2670e-01 -3.9619e+00 -1.1500e+00 +1.3564e+00
5028 +9.343699126e-02 +9.343699126e-02 -9.999065630e+02 -9.999065630e+02 -1.6106e-01 -3.2662e+00 +2.8072e+00 +3.5411e+00 -8.7107e-01 -1.2027e-02 -7.4978e-01 -3.9519e+00 -1.1267e+00 +1.3334e+00
5611 +4.262769202e-02 +4.262769202e-02 -9.999573723e+02 -9.999573723e+02 -1.6870e-01 -3.3035e+00 +2.8302e+00 +3.5508e+00 -8.7221e-01 -1.9895e-02 -7.8709e-01 -3.9235e+00 -1.1411e+00 +1.2851e+00
5787 +3.376512659e-02 +3.376512659e-02 -9.999662349e+02 -9.999662349e+02 -1.7288e-01 -3.3076e+00 +2.8223e+00 +3.5516e+00 -8.7176e-01 -3.1517e-02 -7.9061e-01 -3.9214e+00 -1.1478e+00 +1.2711e+00
5941 +2.304825017e-02 +2.304825017e-02 -9.999769517e+02 -9.999769517e+02 -1.7699e-01 -3.3129e+00 +2.8154e+00 +3.5542e+00 -8.6968e-01 -4.4334e-02 -7.9021e-01 -3.9181e+00 -1.1544e+00 +1.2550e+00
6128 +9.641666798e-03 +9.641666798e-03 -9.999903583e+02 -9.999903583e+02 -1.8435e-01 -3.3250e+00 +2.8157e+00 +3.5592e+00 -8.5892e-01 -5.9830e-02 -7.6931e-01 -3.9093e+00 -1.1636e+00 +1.2256e+00
6502 +5.916731452e-03 +5.916731452e-03 -9.999940833e+02 -9.999940833e+02 -1.9797e-01 -3.3279e+00 +2.8192e+00 +3.5658e+00 -8.5111e-01 -6.1023e-02 -7.5760e-01 -3.9165e+00 -1.1716e+00 +1.2002e+00
6997 +3.556463411e-03 +3.556463411e-03 -9.999964435e+02 -9.999964435e+02 -1.9165e-01 -3.3291e+00 +2.8258e+00 +3.5676e+00 -8.5209e-01 -5.5385e-02 -7.6899e-01 -3.9073e+00 -1.1725e+00 +1.2043e+00
7173 +2.503435419e-03 +2.503435419e-03 -9.999974966e+02 -9.999974966e+02 -1.9550e-01 -3.3329e+00 +2.8272e+00 +3.5706e+00 -8.4692e-01 -5.9166e-02 -7.6172e-01 -3.9047e+00 -1.1775e+00 +1.1907e+00
7404 +1.552765921e-03 +1.552765921e-03 -9.999984472e+02 -9.999984472e+02 -1.9238e-01 -3.3324e+00 +2.8254e+00 +3.5695e+00 -8.4564e-01 -5.9046e-02 -7.6284e-01 -3.9021e+00 -1.1779e+00 +1.1899e+00
7712 +9.382658594e-04 +9.382658594e-04 -9.999990617e+02 -9.999990617e+02 -1.8977e-01 -3.3315e+00 +2.8241e+00 +3.5680e+00 -8.4439e-01 -5.9122e-02 -7.6478e-01 -3.9017e+00 -1.1778e+00 +1.1919e+00
7866 +6.228653760e-04 +6.228653760e-04 -9.999993771e+02 -9.999993771e+02 -1.8964e-01 -3.3316e+00 +2.8240e+00 +3.5682e+00 -8.4263e-01 -6.0303e-02 -7.6443e-01 -3.9017e+00 -1.1794e+00 +1.1903e+00
8031 +3.466193241e-04 +3.466193241e-04 -9.999996534e+02 -9.999996534e+02 -1.8869e-01 -3.3311e+00 +2.8236e+00 +3.5680e+00 -8.4128e-01 -6.1071e-02 -7.6530e-01 -3.9019e+00 -1.1806e+00 +1.1909e+00
8251 +1.437102042e-04 +1.437102042e-04 -9.999998563e+02 -9.999998563e+02 -1.8714e-01 -3.3304e+00 +2.8237e+00 +3.5678e+00 -8.3961e-01 -6.2630e-02 -7.6716e-01 -3.9011e+00 -1.1826e+00 +1.1925e+00
8559 +6.470499648e-05 +6.470499648e-05 -9.999999353e+02 -9.999999353e+02 -1.8635e-01 -3.3302e+00 +2.8241e+00 +3.5684e+00 -8.3967e-01 -6.2923e-02 -7.6851e-01 -3.8995e+00 -1.1831e+00 +1.1924e+00
8581 +5.392210846e-05 +5.392210846e-05 -9.999999461e+02 -9.999999461e+02 -1.8618e-01 -3.3302e+00 +2.8242e+00 +3.5685e+00 -8.3975e-01 -6.2932e-02 -7.6884e-01 -3.8990e+00 -1.1832e+00 +1.1923e+00
8856 +3.929975594e-05 +3.929975594e-05 -9.999999607e+02 -9.999999607e+02 -1.8602e-01 -3.3302e+00 +2.8243e+00 +3.5687e+00 -8.3996e-01 -6.2870e-02 -7.6925e-01 -3.8985e+00 -1.1832e+00 +1.1920e+00
9021 +1.745663451e-05 +1.745663451e-05 -9.999999825e+02 -9.999999825e+02 -1.8599e-01 -3.3303e+00 +2.8242e+00 +3.5688e+00 -8.4010e-01 -6.2485e-02 -7.6942e-01 -3.8987e+00 -1.1831e+00 +1.1913e+00
9032 +1.273856651e-05 +1.273856651e-05 -9.999999873e+02 -9.999999873e+02 -1.8606e-01 -3.3303e+00 +2.8241e+00 +3.5686e+00 -8.4000e-01 -6.2317e-02 -7.6929e-01 -3.8991e+00 -1.1830e+00 +1.1911e+00
9296 +9.941819144e-06 +9.941819144e-06 -9.999999901e+02 -9.999999901e+02 -1.8611e-01 -3.3302e+00 +2.8240e+00 +3.5686e+00 -8.3997e-01 -6.2226e-02 -7.6927e-01 -3.8993e+00 -1.1830e+00 +1.1910e+00
9516 +5.206772812e-06 +5.206772812e-06 -9.999999948e+02 -9.999999948e+02 -1.8620e-01 -3.3302e+00 +2.8240e+00 +3.5686e+00 -8.3992e-01 -6.2034e-02 -7.6927e-01 -3.8995e+00 -1.1831e+00 +1.1908e+00
9527 +2.571864911e-06 +2.571864911e-06 -9.999999974e+02 -9.999999974e+02 -1.8622e-01 -3.3303e+00 +2.8241e+00 +3.5687e+00 -8.3996e-01 -6.1854e-02 -7.6937e-01 -3.8993e+00 -1.1831e+00 +1.1907e+00
9560 +2.273324867e-06 +2.273324867e-06 -9.999999977e+02 -9.999999977e+02 -1.8622e-01 -3.3303e+00 +2.8241e+00 +3.5687e+00 -8.3996e-01 -6.1837e-02 -7.6938e-01 -3.8993e+00 -1.1831e+00 +1.1907e+00
9703 +1.064874482e-06 +1.064874482e-06 -9.999999989e+02 -9.999999989e+02 -1.8626e-01 -3.3303e+00 +2.8242e+00 +3.5688e+00 -8.4000e-01 -6.1666e-02 -7.6945e-01 -3.8993e+00 -1.1832e+00 +1.1906e+00
9714 +9.762836726e-07 +9.762836726e-07 -9.999999990e+02 -9.999999990e+02 -1.8627e-01 -3.3304e+00 +2.8242e+00 +3.5688e+00 -8.4000e-01 -6.1623e-02 -7.6946e-01 -3.8992e+00 -1.1832e+00 +1.1906e+00
16512 +5.150250217e-07 +5.150250217e-07 -9.999999995e+02 -9.999999995e+02 -1.8644e-01 -3.3305e+00 +2.8240e+00 +3.5688e+00 -8.4004e-01 -6.1609e-02 -7.6955e-01 -3.8992e+00 -1.1832e+00 +1.1905e+00
16534 +3.465357850e-07 +3.465357850e-07 -9.999999997e+02 -9.999999997e+02 -1.8644e-01 -3.3305e+00 +2.8240e+00 +3.5688e+00 -8.4003e-01 -6.1608e-02 -7.6956e-01 -3.8992e+00 -1.1832e+00 +1.1905e+00
16677 +2.384491609e-07 +2.384491609e-07 -9.999999998e+02 -9.999999998e+02 -1.8644e-01 -3.3304e+00 +2.8240e+00 +3.5688e+00 -8.4002e-01 -6.1607e-02 -7.6957e-01 -3.8992e+00 -1.1832e+00 +1.1904e+00
59643 +1.509877166e-07 +1.509877166e-07 -9.999999998e+02 -9.999999998e+02 -1.8636e-01 -3.3304e+00 +2.8240e+00 +3.5688e+00 -8.4001e-01 -6.1632e-02 -7.6955e-01 -3.8992e+00 -1.1832e+00 +1.1905e+00
91070 +9.978759863e-08 +9.978759863e-08 -9.999999999e+02 -9.999999999e+02 -1.8643e-01 -3.3304e+00 +2.8240e+00 +3.5688e+00 -8.4002e-01 -6.1593e-02 -7.6957e-01 -3.8992e+00 -1.1832e+00 +1.1904e+00
100508 +5.505592071e-08 +5.505592071e-08 -9.999999999e+02 -9.999999999e+02 -1.8638e-01 -3.3304e+00 +2.8240e+00 +3.5688e+00 -8.4000e-01 -6.1614e-02 -7.6958e-01 -3.8992e+00 -1.1832e+00 +1.1904e+00
307187 +3.780121460e-08 +3.780121460e-08 -1.000000000e+03 -1.000000000e+03 -1.8639e-01 -3.3304e+00 +2.8240e+00 +3.5688e+00 -8.4000e-01 -6.1626e-02 -7.6958e-01 -3.8992e+00 -1.1832e+00 +1.1904e+00
498312 +2.450485681e-08 +2.450485681e-08 -1.000000000e+03 -1.000000000e+03 -1.8640e-01 -3.3304e+00 +2.8240e+00 +3.5688e+00 -8.4001e-01 -6.1600e-02 -7.6961e-01 -3.8992e+00 -1.1832e+00 +1.1904e+00
% function evaluation | noise-free fitness - Fopt (1.319200000000e+02) | best noise-free fitness - Fopt | measured fitness | best measured fitness | x1 | x2...
1 +1.575103157e+06 +1.575103157e+06 +1.575235077e+06 +1.575235077e+06 +4.1063e+00 -3.1159e+00 +4.2499e-01 -3.2191e+00 +4.6267e+00 -2.1917e-01 +1.6702e+00 -1.5461e+00 +2.7175e+00 -8.5296e-01
34 +9.988465618e+05 +9.988465618e+05 +9.989784818e+05 +9.989784818e+05 +3.5016e+00 -2.2310e+00 -1.1574e+00 -3.2063e+00 +2.6747e+00 -3.2704e-02 +1.5635e+00 -1.1526e-01 +2.4408e+00 -6.4911e-01
45 +3.102537651e+05 +3.102537651e+05 +3.103856851e+05 +3.103856851e+05 +2.0653e+00 -4.2382e-01 -4.0193e+00 -3.0759e+00 -1.0096e+00 +1.9571e-01 +1.0015e+00 +2.6898e+00 +1.8766e+00 -2.9988e-01
67 +2.333014544e+05 +2.333014544e+05 +2.334333744e+05 +2.334333744e+05 +5.3770e-01 +1.0033e+00 -5.6400e+00 -2.6501e+00 -3.2812e+00 +5.2753e-02 -1.1825e-01 +4.5543e+00 +1.4076e+00 -1.4526e-01
78 +3.378232265e+04 +3.378232265e+04 +3.391424265e+04 +3.391424265e+04 -1.2797e+01 +1.0804e+01 -1.2802e+01 +3.1232e+00 -1.4097e+01 -3.4249e+00 -1.2760e+01 +1.4045e+01 -2.0383e+00 -1.2026e-03
100 +1.977208988e+03 +1.977208988e+03 +2.109128988e+03 +2.109128988e+03 -7.7785e+00 +7.1696e+00 -9.7319e+00 +1.1386e+00 -9.7591e+00 -2.3463e+00 -8.0162e+00 +1.0501e+01 -7.1604e-01 -3.7961e-01
111 +6.551941748e+02 +6.551941748e+02 +7.871141748e+02 +7.871141748e+02 -8.9111e+00 +7.9891e+00 -1.0413e+01 +1.5919e+00 -1.0725e+01 -2.5974e+00 -9.0851e+00 +1.1298e+01 -1.0123e+00 -3.0242e-01
144 +6.287821305e+02 +6.287821305e+02 +7.607021305e+02 +7.607021305e+02 -8.6917e+00 +7.8290e+00 -1.0278e+01 +1.5044e+00 -1.0534e+01 -2.5495e+00 -8.8781e+00 +1.1141e+01 -9.5445e-01 -3.1750e-01
254 +3.885780575e+02 +3.885780575e+02 +5.204980575e+02 +5.204980575e+02 -6.9802e+00 +6.2637e+00 -8.5802e+00 +8.9671e-01 -8.1462e+00 -2.3624e+00 -7.2971e+00 +9.3671e+00 -3.8781e-01 -4.6281e-01
298 +2.380688270e+02 +2.380688270e+02 +3.699888270e+02 +3.699888270e+02 -6.0613e+00 +5.3990e+00 -7.6190e+00 +5.7617e-01 -6.7951e+00 -2.2762e+00 -6.4507e+00 +8.3722e+00 -7.4760e-02 -5.4293e-01
430 +1.291828495e+02 +1.291828495e+02 +2.611028495e+02 +2.611028495e+02 -4.5692e+00 +4.0758e+00 -5.6559e+00 +1.9733e-01 -4.9481e+00 -1.9498e+00 -5.1508e+00 +6.6054e+00 +3.7128e-01 -7.1764e-01
903 +9.849160355e+01 +9.849160355e+01 +2.304116036e+02 +2.304116036e+02 -3.3287e+00 +2.8897e+00 -3.9726e+00 -1.5655e-01 -3.3026e+00 -1.5479e+00 -3.9520e+00 +4.9118e+00 +7.0517e-01 -7.2554e-01
936 +6.007650609e+01 +6.007650609e+01 +1.919965061e+02 +1.919965061e+02 -3.6475e+00 +2.6312e+00 -4.2435e+00 -3.9303e-01 -3.1259e+00 -6.3219e-01 -3.3566e+00 +3.8286e+00 +3.1394e-01 +3.2164e-01
1013 +3.604724856e+01 +3.604724856e+01 +1.679672486e+02 +1.679672486e+02 -3.8217e+00 +2.4940e+00 -4.3786e+00 -5.1667e-01 -3.0420e+00 -1.2859e-01 -3.0363e+00 +3.2360e+00 +9.8972e-02 +8.8947e-01
1156 +2.504828956e+01 +2.504828956e+01 +1.569682896e+02 +1.569682896e+02 -3.8390e+00 +2.4845e+00 -4.3810e+00 -5.2381e-01 -3.0449e+00 -7.8720e-02 -3.0113e+00 +3.1801e+00 +7.7560e-02 +9.3888e-01
1508 +1.556644673e+01 +1.556644673e+01 +1.474864467e+02 +1.474864467e+02 -5.1946e+00 +2.5667e+00 -4.5173e+00 -4.0205e-01 -2.9964e+00 +6.7665e-01 -3.5815e+00 +2.4924e+00 -6.2503e-01 +1.9150e+00
2102 +9.855731848e+00 +9.855731848e+00 +1.417757318e+02 +1.417757318e+02 -5.2642e+00 +2.4152e+00 -4.2041e+00 -4.6634e-01 -2.2818e+00 +1.2924e+00 -3.6013e+00 +2.9706e+00 -1.0340e+00 +2.3626e+00
2388 +5.883449521e+00 +5.883449521e+00 +1.378034495e+02 +1.378034495e+02 -5.1036e+00 +2.3312e+00 -4.0577e+00 -5.0560e-01 -2.1238e+00 +1.6098e+00 -3.5227e+00 +3.2447e+00 -1.1805e+00 +2.4488e+00
2531 +3.060840979e+00 +3.060840979e+00 +1.349808410e+02 +1.349808410e+02 -4.7727e+00 +2.2056e+00 -3.9002e+00 -5.5972e-01 -2.0080e+00 +1.9626e+00 -3.3813e+00 +3.6084e+00 -1.2952e+00 +2.4822e+00
2542 +2.497572242e+00 +2.497572242e+00 +1.344175722e+02 +1.344175722e+02 -4.5330e+00 +2.1160e+00 -3.7881e+00 -5.9803e-01 -1.9305e+00 +2.2076e+00 -3.2798e+00 +3.8648e+00 -1.3715e+00 +2.5019e+00
2960 +1.537647078e+00 +1.537647078e+00 +1.334576471e+02 +1.334576471e+02 -4.3800e+00 +2.0132e+00 -3.7709e+00 -5.9620e-01 -1.7816e+00 +2.2965e+00 -3.1823e+00 +3.8275e+00 -1.3559e+00 +2.5649e+00
3477 +9.904937556e-01 +9.904937556e-01 +1.329104938e+02 +1.329104938e+02 -4.2869e+00 +1.9520e+00 -3.7738e+00 -5.6455e-01 -1.7650e+00 +2.2688e+00 -3.1213e+00 +3.6565e+00 -1.2762e+00 +2.5714e+00
3620 +6.237966622e-01 +6.237966622e-01 +1.325437967e+02 +1.325437967e+02 -4.2169e+00 +1.8967e+00 -3.7209e+00 -4.9519e-01 -1.6512e+00 +2.4105e+00 -3.1280e+00 +3.6968e+00 -1.3232e+00 +2.6483e+00
3884 +3.675570480e-01 +3.675570480e-01 +1.322875570e+02 +1.322875570e+02 -4.1862e+00 +1.8841e+00 -3.6919e+00 -4.2757e-01 -1.5892e+00 +2.5286e+00 -3.1580e+00 +3.7348e+00 -1.3579e+00 +2.7249e+00
4093 +1.922375263e-01 +1.922375263e-01 +1.321122375e+02 +1.321122375e+02 -4.1837e+00 +1.9005e+00 -3.6974e+00 -3.6297e-01 -1.5621e+00 +2.5977e+00 -3.2037e+00 +3.7160e+00 -1.3693e+00 +2.8045e+00
4192 +1.529785167e-01 +1.529785167e-01 +1.320729785e+02 +1.320729785e+02 -4.1832e+00 +1.9073e+00 -3.7043e+00 -3.4622e-01 -1.5618e+00 +2.6018e+00 -3.2163e+00 +3.6982e+00 -1.3658e+00 +2.8252e+00
4621 +8.058960867e-02 +8.058960867e-02 +1.320005896e+02 +1.320005896e+02 -4.0965e+00 +1.9083e+00 -3.7068e+00 -4.2083e-01 -1.5465e+00 +2.5634e+00 -3.2199e+00 +3.6802e+00 -1.3797e+00 +2.8743e+00
4819 +5.009386508e-02 +5.009386508e-02 +1.319700939e+02 +1.319700939e+02 -4.0768e+00 +1.9180e+00 -3.7135e+00 -4.2110e-01 -1.5422e+00 +2.5590e+00 -3.2394e+00 +3.6626e+00 -1.3834e+00 +2.9082e+00
5006 +3.590891305e-02 +3.590891305e-02 +1.319559089e+02 +1.319559089e+02 -4.0508e+00 +1.9251e+00 -3.7127e+00 -4.2934e-01 -1.5344e+00 +2.5724e+00 -3.2601e+00 +3.6607e+00 -1.4008e+00 +2.9455e+00
5028 +2.447476178e-02 +2.447476178e-02 +1.319444748e+02 +1.319444748e+02 -4.0349e+00 +1.9256e+00 -3.7083e+00 -4.4085e-01 -1.5294e+00 +2.5836e+00 -3.2666e+00 +3.6683e+00 -1.4142e+00 +2.9602e+00
5501 +1.201048786e-02 +1.201048786e-02 +1.319320105e+02 +1.319320105e+02 -4.0235e+00 +1.9238e+00 -3.7019e+00 -4.2994e-01 -1.5168e+00 +2.6377e+00 -3.2744e+00 +3.6803e+00 -1.4184e+00 +2.9752e+00
5600 +9.612605636e-03 +9.612605636e-03 +1.319296126e+02 +1.319296126e+02 -4.0186e+00 +1.9220e+00 -3.6999e+00 -4.3060e-01 -1.5147e+00 +2.6461e+00 -3.2723e+00 +3.6825e+00 -1.4174e+00 +2.9749e+00
5908 +6.117865653e-03 +6.117865653e-03 +1.319261179e+02 +1.319261179e+02 -4.0001e+00 +1.9160e+00 -3.6962e+00 -4.4424e-01 -1.5134e+00 +2.6474e+00 -3.2614e+00 +3.6821e+00 -1.4117e+00 +2.9690e+00
6293 +3.509686604e-03 +3.509686604e-03 +1.319235097e+02 +1.319235097e+02 -3.9904e+00 +1.9160e+00 -3.6968e+00 -4.5475e-01 -1.5111e+00 +2.6435e+00 -3.2643e+00 +3.6758e+00 -1.4098e+00 +2.9734e+00
6513 +2.495539009e-03 +2.495539009e-03 +1.319224955e+02 +1.319224955e+02 -3.9885e+00 +1.9157e+00 -3.6974e+00 -4.5925e-01 -1.5096e+00 +2.6415e+00 -3.2658e+00 +3.6725e+00 -1.4088e+00 +2.9745e+00
6678 +1.583687871e-03 +1.583687871e-03 +1.319215837e+02 +1.319215837e+02 -3.9891e+00 +1.9147e+00 -3.6986e+00 -4.6115e-01 -1.5075e+00 +2.6424e+00 -3.2677e+00 +3.6695e+00 -1.4082e+00 +2.9749e+00
6865 +9.754455830e-04 +9.754455830e-04 +1.319209754e+02 +1.319209754e+02 -3.9898e+00 +1.9133e+00 -3.6997e+00 -4.6287e-01 -1.5056e+00 +2.6418e+00 -3.2676e+00 +3.6663e+00 -1.4065e+00 +2.9727e+00
6920 +6.262800688e-04 +6.262800688e-04 +1.319206263e+02 +1.319206263e+02 -3.9907e+00 +1.9116e+00 -3.7010e+00 -4.6477e-01 -1.5034e+00 +2.6410e+00 -3.2673e+00 +3.6626e+00 -1.4043e+00 +2.9699e+00
7184 +3.249701729e-04 +3.249701729e-04 +1.319203250e+02 +1.319203250e+02 -3.9889e+00 +1.9108e+00 -3.7005e+00 -4.6515e-01 -1.5020e+00 +2.6435e+00 -3.2665e+00 +3.6631e+00 -1.4049e+00 +2.9694e+00
7239 +1.966754602e-04 +1.966754602e-04 +1.319201967e+02 +1.319201967e+02 -3.9875e+00 +1.9103e+00 -3.6999e+00 -4.6544e-01 -1.5010e+00 +2.6455e+00 -3.2660e+00 +3.6638e+00 -1.4056e+00 +2.9693e+00
7437 +1.483639225e-04 +1.483639225e-04 +1.319201484e+02 +1.319201484e+02 -3.9866e+00 +1.9103e+00 -3.6996e+00 -4.6573e-01 -1.5007e+00 +2.6461e+00 -3.2659e+00 +3.6643e+00 -1.4060e+00 +2.9695e+00
7591 +9.584417117e-05 +9.584417117e-05 +1.319200958e+02 +1.319200958e+02 -3.9844e+00 +1.9104e+00 -3.6992e+00 -4.6691e-01 -1.5004e+00 +2.6465e+00 -3.2659e+00 +3.6647e+00 -1.4070e+00 +2.9702e+00
8119 +5.909003730e-05 +5.909003730e-05 +1.319200591e+02 +1.319200591e+02 -3.9833e+00 +1.9101e+00 -3.6994e+00 -4.6760e-01 -1.5000e+00 +2.6468e+00 -3.2661e+00 +3.6638e+00 -1.4074e+00 +2.9700e+00
8383 +3.915281917e-05 +3.915281917e-05 +1.319200392e+02 +1.319200392e+02 -3.9831e+00 +1.9102e+00 -3.6997e+00 -4.6733e-01 -1.5000e+00 +2.6471e+00 -3.2662e+00 +3.6636e+00 -1.4080e+00 +2.9703e+00
8801 +2.484090342e-05 +2.484090342e-05 +1.319200248e+02 +1.319200248e+02 -3.9827e+00 +1.9103e+00 -3.6997e+00 -4.6701e-01 -1.4998e+00 +2.6472e+00 -3.2661e+00 +3.6635e+00 -1.4086e+00 +2.9705e+00
8977 +1.580759513e-05 +1.580759513e-05 +1.319200158e+02 +1.319200158e+02 -3.9825e+00 +1.9103e+00 -3.6997e+00 -4.6688e-01 -1.4997e+00 +2.6471e+00 -3.2660e+00 +3.6634e+00 -1.4089e+00 +2.9707e+00
9208 +9.090409662e-06 +9.090409662e-06 +1.319200091e+02 +1.319200091e+02 -3.9825e+00 +1.9104e+00 -3.6996e+00 -4.6691e-01 -1.4996e+00 +2.6470e+00 -3.2659e+00 +3.6634e+00 -1.4090e+00 +2.9709e+00
9274 +5.865698398e-06 +5.865698398e-06 +1.319200059e+02 +1.319200059e+02 -3.9825e+00 +1.9104e+00 -3.6995e+00 -4.6702e-01 -1.4995e+00 +2.6469e+00 -3.2658e+00 +3.6634e+00 -1.4089e+00 +2.9709e+00
16270 +3.902298516e-06 +3.902298516e-06 +1.319200039e+02 +1.319200039e+02 -3.9824e+00 +1.9103e+00 -3.6993e+00 -4.6712e-01 -1.4994e+00 +2.6470e+00 -3.2658e+00 +3.6633e+00 -1.4084e+00 +2.9712e+00
16303 +2.509774163e-06 +2.509774163e-06 +1.319200025e+02 +1.319200025e+02 -3.9825e+00 +1.9103e+00 -3.6992e+00 -4.6717e-01 -1.4994e+00 +2.6470e+00 -3.2657e+00 +3.6633e+00 -1.4085e+00 +2.9712e+00
16512 +1.530015112e-06 +1.530015112e-06 +1.319200015e+02 +1.319200015e+02 -3.9825e+00 +1.9105e+00 -3.6992e+00 -4.6720e-01 -1.4993e+00 +2.6471e+00 -3.2657e+00 +3.6633e+00 -1.4086e+00 +2.9712e+00
16677 +7.977809560e-07 +7.977809560e-07 +1.319200008e+02 +1.319200008e+02 -3.9825e+00 +1.9105e+00 -3.6992e+00 -4.6718e-01 -1.4993e+00 +2.6472e+00 -3.2657e+00 +3.6633e+00 -1.4087e+00 +2.9712e+00
16710 +5.800233964e-07 +5.800233964e-07 +1.319200006e+02 +1.319200006e+02 -3.9825e+00 +1.9105e+00 -3.6992e+00 -4.6718e-01 -1.4993e+00 +2.6472e+00 -3.2656e+00 +3.6633e+00 -1.4087e+00 +2.9712e+00
16985 +3.967762723e-07 +3.967762723e-07 +1.319200004e+02 +1.319200004e+02 -3.9825e+00 +1.9105e+00 -3.6992e+00 -4.6715e-01 -1.4992e+00 +2.6472e+00 -3.2656e+00 +3.6633e+00 -1.4088e+00 +2.9712e+00
17139 +2.067800438e-07 +2.067800438e-07 +1.319200002e+02 +1.319200002e+02 -3.9825e+00 +1.9104e+00 -3.6992e+00 -4.6715e-01 -1.4992e+00 +2.6472e+00 -3.2656e+00 +3.6632e+00 -1.4088e+00 +2.9712e+00
17194 +1.429789904e-07 +1.429789904e-07 +1.319200001e+02 +1.319200001e+02 -3.9824e+00 +1.9105e+00 -3.6992e+00 -4.6716e-01 -1.4992e+00 +2.6472e+00 -3.2656e+00 +3.6632e+00 -1.4088e+00 +2.9712e+00
355609 +9.881387086e-08 +9.881387086e-08 +1.319200001e+02 +1.319200001e+02 -3.9824e+00 +1.9104e+00 -3.6992e+00 -4.6718e-01 -1.4992e+00 +2.6472e+00 -3.2656e+00 +3.6632e+00 -1.4088e+00 +2.9712e+00
743461 +6.303059763e-08 +6.303059763e-08 +1.319200001e+02 +1.319200001e+02 -3.9824e+00 +1.9104e+00 -3.6992e+00 -4.6718e-01 -1.4992e+00 +2.6472e+00 -3.2656e+00 +3.6632e+00 -1.4088e+00 +2.9712e+00
849355 +3.859136655e-08 +3.859136655e-08 +1.319200000e+02 +1.319200000e+02 -3.9824e+00 +1.9104e+00 -3.6992e+00 -4.6720e-01 -1.4992e+00 +2.6472e+00 -3.2656e+00 +3.6632e+00 -1.4088e+00 +2.9712e+00
% function evaluation | noise-free fitness - Fopt (5.908400000000e+02) | best noise-free fitness - Fopt | measured fitness | best measured fitness | x1 | x2...
1 +3.699628662e+05 +3.699628662e+05 +3.705537062e+05 +3.705537062e+05 +1.3067e+00 -4.1280e+00 -2.0142e-01 -3.8908e+00 -1.7178e+00 -3.6058e+00 -4.9858e+00 +3.4949e+00 -2.6222e+00 +4.2580e+00
12 +2.505488707e+05 +2.505488707e+05 +2.511397107e+05 +2.511397107e+05 +7.0913e-01 -3.6183e+00 -2.3870e-01 -3.4818e+00 -1.4786e+00 -4.0641e+00 -3.9858e+00 +3.3434e+00 -2.6963e+00 +3.9302e+00
23 +2.365065579e+03 +2.365065579e+03 +2.955905579e+03 +2.955905579e+03 -1.2648e+00 -1.4678e+00 -9.6831e-01 -2.0848e+00 -1.1506e+00 -4.8202e+00 -2.1447e-01 +3.1306e+00 -3.7684e+00 +2.6305e+00
34 +3.876692941e+02 +3.876692941e+02 +9.785092941e+02 +9.785092941e+02 -1.5974e+00 -1.2512e+00 -8.3500e-01 -2.0005e+00 -1.1889e+00 -4.6871e+00 +7.3553e-03 +2.9948e+00 -3.9583e+00 +2.3489e+00
276 +2.500522348e+02 +2.500522348e+02 +8.408922348e+02 +8.408922348e+02 -1.1239e+00 -1.5302e+00 -1.0641e+00 -1.6443e+00 -1.1800e+00 -3.9295e+00 -3.3859e-02 +2.0325e+00 -3.5353e+00 +1.7918e+00
331 +1.234020306e+02 +1.234020306e+02 +7.142420306e+02 +7.142420306e+02 -2.6480e-01 -2.0531e+00 -1.4244e+00 -7.7412e-01 -1.2129e+00 -2.6632e+00 +4.0455e-01 +1.4176e-01 -2.6428e+00 +8.6623e-01
639 +9.125265207e+01 +9.125265207e+01 +6.820926521e+02 +6.820926521e+02 -5.0417e-02 -2.4010e+00 -1.8714e+00 -1.2211e-01 -1.1936e+00 -1.9659e+00 +6.0352e-01 -5.8907e-01 -1.9833e+00 +3.1486e-01
870 +6.188540474e+01 +6.188540474e+01 +6.527254047e+02 +6.527254047e+02 -9.6197e-02 -2.4799e+00 -2.2776e+00 +9.4759e-02 -1.2911e+00 -1.5655e+00 +7.6032e-01 -1.0112e+00 -1.3382e+00 +7.3912e-02
1266 +3.945482103e+01 +3.945482103e+01 +6.302948210e+02 +6.302948210e+02 +1.4013e-01 -2.7069e+00 -2.6152e+00 +5.7648e-02 -1.3891e+00 -1.0962e+00 +1.0809e+00 -1.1580e+00 -3.2089e-01 -5.4752e-01
1299 +2.142242805e+01 +2.142242805e+01 +6.122624281e+02 +6.122624281e+02 +5.1863e-01 -2.7436e+00 -2.8785e+00 -1.6018e-01 -1.4086e+00 -6.1170e-01 +1.5099e+00 -9.2758e-01 +9.0810e-01 -1.1603e+00
1321 +1.031576389e+01 +1.031576389e+01 +6.011557639e+02 +6.011557639e+02 +8.2184e-01 -2.7730e+00 -3.0895e+00 -3.3467e-01 -1.4242e+00 -2.2356e-01 +1.8536e+00 -7.4301e-01 +1.8926e+00 -1.6512e+00
1365 +5.494373594e+00 +5.494373594e+00 +5.963343736e+02 +5.963343736e+02 +1.0508e+00 -2.7955e+00 -3.2489e+00 -4.6649e-01 -1.4361e+00 +6.9493e-02 +2.1132e+00 -6.0388e-01 +2.6359e+00 -2.0221e+00
1640 +3.630345379e+00 +3.630345379e+00 +5.944703454e+02 +5.944703454e+02 +1.2102e+00 -2.8333e+00 -3.3248e+00 -5.7498e-01 -1.3825e+00 +2.8201e-01 +2.2654e+00 -5.5552e-01 +3.0292e+00 -2.2174e+00
1706 +2.493758249e+00 +2.493758249e+00 +5.933337582e+02 +5.933337582e+02 +1.2840e+00 -2.8968e+00 -3.2825e+00 -6.6150e-01 -1.2206e+00 +3.9948e-01 +2.2722e+00 -6.3731e-01 +2.9391e+00 -2.1670e+00
1926 +1.559342082e+00 +1.559342082e+00 +5.923993421e+02 +5.923993421e+02 +1.3495e+00 -2.9350e+00 -3.2654e+00 -7.5258e-01 -1.0666e+00 +5.1286e-01 +2.3088e+00 -7.0320e-01 +2.8747e+00 -2.1314e+00
2300 +6.961564309e-01 +6.961564309e-01 +5.915361564e+02 +5.915361564e+02 +1.3123e+00 -3.0998e+00 -3.3471e+00 -8.8360e-01 -6.5719e-01 +6.7878e-01 +2.4682e+00 -7.1111e-01 +2.9280e+00 -2.0745e+00
2322 +5.606125617e-01 +5.606125617e-01 +5.914006126e+02 +5.914006126e+02 +1.3013e+00 -3.1337e+00 -3.3658e+00 -9.0872e-01 -5.7567e-01 +7.0900e-01 +2.5021e+00 -7.0818e-01 +2.9440e+00 -2.0648e+00
2531 +3.783382735e-01 +3.783382735e-01 +5.912183383e+02 +5.912183383e+02 +1.2755e+00 -3.2556e+00 -3.4467e+00 -1.0475e+00 -2.5555e-01 +8.4545e-01 +2.6402e+00 -6.9479e-01 +3.0279e+00 -2.0138e+00
2729 +2.356230210e-01 +2.356230210e-01 +5.910756230e+02 +5.910756230e+02 +1.3201e+00 -3.2467e+00 -3.4302e+00 -1.0761e+00 -2.9217e-01 +8.7642e-01 +2.5924e+00 -7.1291e-01 +3.0029e+00 -1.9889e+00
3026 +1.570014398e-01 +1.570014398e-01 +5.909970014e+02 +5.909970014e+02 +1.3647e+00 -3.2430e+00 -3.4164e+00 -1.1040e+00 -3.3952e-01 +8.9405e-01 +2.5422e+00 -7.1603e-01 +2.9845e+00 -1.9728e+00
3290 +8.354883245e-02 +8.354883245e-02 +5.909235488e+02 +5.909235488e+02 +1.3767e+00 -3.2917e+00 -3.4364e+00 -1.1195e+00 -3.3705e-01 +8.6722e-01 +2.5209e+00 -7.2406e-01 +2.9921e+00 -1.9734e+00
3455 +5.898732727e-02 +5.898732727e-02 +5.908989873e+02 +5.908989873e+02 +1.3819e+00 -3.3313e+00 -3.4646e+00 -1.1321e+00 -3.3153e-01 +8.4109e-01 +2.5136e+00 -7.2815e-01 +3.0040e+00 -1.9801e+00
3664 +3.374529461e-02 +3.374529461e-02 +5.908737453e+02 +5.908737453e+02 +1.4040e+00 -3.3401e+00 -3.4804e+00 -1.1429e+00 -3.2573e-01 +8.2460e-01 +2.5012e+00 -7.5100e-01 +2.9955e+00 -1.9806e+00
3862 +2.491133878e-02 +2.491133878e-02 +5.908649113e+02 +5.908649113e+02 +1.4163e+00 -3.3355e+00 -3.4828e+00 -1.1464e+00 -3.2363e-01 +8.2117e-01 +2.4952e+00 -7.6397e-01 +2.9873e+00 -1.9790e+00
4236 +1.477746840e-02 +1.477746840e-02 +5.908547775e+02 +5.908547775e+02 +1.4378e+00 -3.3470e+00 -3.5054e+00 -1.1560e+00 -3.0895e-01 +8.0602e-01 +2.4790e+00 -7.6737e-01 +2.9938e+00 -1.9737e+00
4654 +9.504874771e-03 +9.504874771e-03 +5.908495049e+02 +5.908495049e+02 +1.4419e+00 -3.3448e+00 -3.5044e+00 -1.1549e+00 -3.0774e-01 +8.0610e-01 +2.4684e+00 -7.6962e-01 +2.9891e+00 -1.9730e+00
5039 +5.791205918e-03 +5.791205918e-03 +5.908457912e+02 +5.908457912e+02 +1.4409e+00 -3.3405e+00 -3.5027e+00 -1.1527e+00 -3.0427e-01 +8.0675e-01 +2.4590e+00 -7.7260e-01 +2.9848e+00 -1.9745e+00
5105 +2.479424784e-03 +2.479424784e-03 +5.908424794e+02 +5.908424794e+02 +1.4377e+00 -3.3359e+00 -3.4997e+00 -1.1512e+00 -2.9985e-01 +8.0716e-01 +2.4476e+00 -7.7440e-01 +2.9810e+00 -1.9778e+00
5116 +1.371370737e-03 +1.371370737e-03 +5.908413714e+02 +5.908413714e+02 +1.4358e+00 -3.3331e+00 -3.4979e+00 -1.1503e+00 -2.9712e-01 +8.0742e-01 +2.4405e+00 -7.7552e-01 +2.9787e+00 -1.9799e+00
5259 +9.414063909e-04 +9.414063909e-04 +5.908409414e+02 +5.908409414e+02 +1.4370e+00 -3.3330e+00 -3.4977e+00 -1.1500e+00 -2.9572e-01 +8.0683e-01 +2.4373e+00 -7.7618e-01 +2.9772e+00 -1.9796e+00
5303 +5.699665905e-04 +5.699665905e-04 +5.908405700e+02 +5.908405700e+02 +1.4377e+00 -3.3324e+00 -3.4970e+00 -1.1494e+00 -2.9347e-01 +8.0618e-01 +2.4322e+00 -7.7715e-01 +2.9750e+00 -1.9798e+00
5380 +3.159161884e-04 +3.159161884e-04 +5.908403159e+02 +5.908403159e+02 +1.4400e+00 -3.3333e+00 -3.4973e+00 -1.1492e+00 -2.9218e-01 +8.0513e-01 +2.4297e+00 -7.7772e-01 +2.9734e+00 -1.9787e+00
5798 +2.425598582e-04 +2.425598582e-04 +5.908402426e+02 +5.908402426e+02 +1.4413e+00 -3.3341e+00 -3.4976e+00 -1.1493e+00 -2.9183e-01 +8.0460e-01 +2.4291e+00 -7.7787e-01 +2.9730e+00 -1.9780e+00
6029 +1.532282655e-04 +1.532282655e-04 +5.908401532e+02 +5.908401532e+02 +1.4421e+00 -3.3347e+00 -3.4980e+00 -1.1500e+00 -2.9168e-01 +8.0416e-01 +2.4289e+00 -7.7786e-01 +2.9732e+00 -1.9774e+00
6183 +8.925777786e-05 +8.925777786e-05 +5.908400893e+02 +5.908400893e+02 +1.4435e+00 -3.3361e+00 -3.4986e+00 -1.1511e+00 -2.9099e-01 +8.0332e-01 +2.4288e+00 -7.7814e-01 +2.9735e+00 -1.9765e+00
6546 +3.488085235e-05 +3.488085235e-05 +5.908400349e+02 +5.908400349e+02 +1.4444e+00 -3.3367e+00 -3.4989e+00 -1.1515e+00 -2.9020e-01 +8.0307e-01 +2.4289e+00 -7.7896e-01 +2.9734e+00 -1.9761e+00
6821 +2.117956058e-05 +2.117956058e-05 +5.908400212e+02 +5.908400212e+02 +1.4446e+00 -3.3366e+00 -3.4990e+00 -1.1516e+00 -2.8981e-01 +8.0319e-01 +2.4291e+00 -7.7942e-01 +2.9734e+00 -1.9761e+00
7052 +1.581342201e-05 +1.581342201e-05 +5.908400158e+02 +5.908400158e+02 +1.4447e+00 -3.3366e+00 -3.4989e+00 -1.1517e+00 -2.8972e-01 +8.0322e-01 +2.4292e+00 -7.7948e-01 +2.9734e+00 -1.9760e+00
7437 +9.299091403e-06 +9.299091403e-06 +5.908400093e+02 +5.908400093e+02 +1.4449e+00 -3.3365e+00 -3.4988e+00 -1.1519e+00 -2.8954e-01 +8.0330e-01 +2.4292e+00 -7.7963e-01 +2.9733e+00 -1.9760e+00
7492 +5.512934877e-06 +5.512934877e-06 +5.908400055e+02 +5.908400055e+02 +1.4451e+00 -3.3363e+00 -3.4985e+00 -1.1519e+00 -2.8957e-01 +8.0329e-01 +2.4292e+00 -7.7976e-01 +2.9732e+00 -1.9759e+00
7712 +3.376672112e-06 +3.376672112e-06 +5.908400034e+02 +5.908400034e+02 +1.4453e+00 -3.3361e+00 -3.4983e+00 -1.1520e+00 -2.8958e-01 +8.0328e-01 +2.4291e+00 -7.7986e-01 +2.9730e+00 -1.9760e+00
7778 +2.422872285e-06 +2.422872285e-06 +5.908400024e+02 +5.908400024e+02 +1.4454e+00 -3.3359e+00 -3.4982e+00 -1.1520e+00 -2.8959e-01 +8.0328e-01 +2.4291e+00 -7.7995e-01 +2.9729e+00 -1.9760e+00
17568 +1.535507977e-06 +1.535507977e-06 +5.908400015e+02 +5.908400015e+02 +1.4456e+00 -3.3359e+00 -3.4984e+00 -1.1521e+00 -2.8963e-01 +8.0315e-01 +2.4289e+00 -7.7983e-01 +2.9729e+00 -1.9761e+00
25774 +9.839345694e-07 +9.839345694e-07 +5.908400010e+02 +5.908400010e+02 +1.4455e+00 -3.3359e+00 -3.4983e+00 -1.1520e+00 -2.8953e-01 +8.0325e-01 +2.4288e+00 -7.7989e-01 +2.9727e+00 -1.9760e+00
34937 +4.782802989e-07 +4.782802989e-07 +5.908400005e+02 +5.908400005e+02 +1.4455e+00 -3.3359e+00 -3.4983e+00 -1.1519e+00 -2.8959e-01 +8.0327e-01 +2.4288e+00 -7.7994e-01 +2.9728e+00 -1.9760e+00
35157 +3.882163355e-07 +3.882163355e-07 +5.908400004e+02 +5.908400004e+02 +1.4455e+00 -3.3360e+00 -3.4983e+00 -1.1520e+00 -2.8959e-01 +8.0326e-01 +2.4288e+00 -7.7994e-01 +2.9729e+00 -1.9760e+00
35201 +2.250133093e-07 +2.250133093e-07 +5.908400002e+02 +5.908400002e+02 +1.4455e+00 -3.3360e+00 -3.4984e+00 -1.1520e+00 -2.8961e-01 +8.0325e-01 +2.4288e+00 -7.7996e-01 +2.9728e+00 -1.9760e+00
85812 +1.572686870e-07 +1.572686870e-07 +5.908400002e+02 +5.908400002e+02 +1.4456e+00 -3.3360e+00 -3.4984e+00 -1.1520e+00 -2.8960e-01 +8.0319e-01 +2.4288e+00 -7.7998e-01 +2.9728e+00 -1.9760e+00
159435 +8.057190826e-08 +8.057190826e-08 +5.908400001e+02 +5.908400001e+02 +1.4456e+00 -3.3360e+00 -3.4984e+00 -1.1520e+00 -2.8961e-01 +8.0321e-01 +2.4288e+00 -7.7999e-01 +2.9728e+00 -1.9760e+00
159457 +5.448691809e-08 +5.448691809e-08 +5.908400001e+02 +5.908400001e+02 +1.4456e+00 -3.3360e+00 -3.4984e+00 -1.1520e+00 -2.8960e-01 +8.0321e-01 +2.4288e+00 -7.7999e-01 +2.9728e+00 -1.9760e+00
159666 +3.752359135e-08 +3.752359135e-08 +5.908400000e+02 +5.908400000e+02 +1.4456e+00 -3.3360e+00 -3.4984e+00 -1.1520e+00 -2.8959e-01 +8.0321e-01 +2.4288e+00 -7.7999e-01 +2.9728e+00 -1.9760e+00
% function evaluation | noise-free fitness - Fopt (3.590000000000e+01) | best noise-free fitness - Fopt | measured fitness | best measured fitness | x1 | x2...
1 +4.032178036e+05 +4.032178036e+05 +4.032537036e+05 +4.032537036e+05 +1.4733e+00 -4.5101e+00 +2.0353e+00 -3.8759e+00 -1.9765e+00 -1.4148e+00 -1.0733e+00 -4.8384e+00 -1.8388e+00 +6.0996e-01
12 +2.734588407e+05 +2.734588407e+05 +2.734947407e+05 +2.734947407e+05 +1.4628e+00 -3.5101e+00 +2.7523e+00 -3.3847e+00 -1.9979e+00 -1.7543e+00 -1.2167e+00 -4.4356e+00 -1.8007e+00 +1.0234e+00
23 +1.282987949e+05 +1.282987949e+05 +1.283346949e+05 +1.283346949e+05 +1.2790e+00 -2.1906e+00 +3.4375e+00 -2.8105e+00 -1.8845e+00 -1.9762e+00 -1.3297e+00 -3.7859e+00 -1.8872e+00 +1.4225e+00
34 +3.239908294e+04 +3.239908294e+04 +3.243498294e+04 +3.243498294e+04 +9.3598e-01 -4.8454e-01 +4.1567e+00 -2.0531e+00 -1.6623e+00 -2.0820e+00 -1.4511e+00 -2.9266e+00 -2.0739e+00 +1.8903e+00
45 +3.641528817e+03 +3.641528817e+03 +3.677428817e+03 +3.677428817e+03 +7.3683e-01 +6.5360e-01 +4.6113e+00 -1.5439e+00 -1.5263e+00 -2.0563e+00 -1.5943e+00 -2.4205e+00 -2.2449e+00 +2.2094e+00
56 +1.896832662e+03 +1.896832662e+03 +1.932732662e+03 +1.932732662e+03 +7.2127e-01 +8.1672e-01 +4.6702e+00 -1.4760e+00 -1.5113e+00 -2.0239e+00 -1.6364e+00 -2.3678e+00 -2.2866e+00 +2.2541e+00
67 +7.138769569e+02 +7.138769569e+02 +7.497769569e+02 +7.497769569e+02 +7.0571e-01 +9.7985e-01 +4.7292e+00 -1.4082e+00 -1.4964e+00 -1.9914e+00 -1.6784e+00 -2.3152e+00 -2.3284e+00 +2.2987e+00
78 +2.252433510e+02 +2.252433510e+02 +2.611433510e+02 +2.611433510e+02 +6.9014e-01 +1.1430e+00 +4.7882e+00 -1.3403e+00 -1.4815e+00 -1.9589e+00 -1.7204e+00 -2.2626e+00 -2.3701e+00 +2.3433e+00
89 +1.178095474e+02 +1.178095474e+02 +1.537095474e+02 +1.537095474e+02 +6.8310e-01 +1.2826e+00 +4.8333e+00 -1.3137e+00 -1.4643e+00 -1.9277e+00 -1.7595e+00 -2.2049e+00 -2.4235e+00 +2.3595e+00
265 +5.985549590e+01 +5.985549590e+01 +9.575549590e+01 +9.575549590e+01 +9.1796e-01 +1.7754e+00 +3.6599e+00 -3.6689e-01 -1.1886e+00 -1.7028e+00 -1.8715e+00 -2.6129e+00 -3.1718e+00 +8.8816e-01
452 +3.877777092e+01 +3.877777092e+01 +7.467777092e+01 +7.467777092e+01 +1.2428e+00 +3.6172e+00 +3.2605e+00 +8.6701e-01 -9.1672e-01 -1.3408e+00 -2.4754e+00 -2.5711e+00 -4.2732e+00 -1.4440e-01
694 +2.381610388e+01 +2.381610388e+01 +5.971610388e+01 +5.971610388e+01 +1.5857e+00 +3.1179e+00 +2.8899e+00 +1.0182e+00 -1.0676e+00 -1.8163e+00 -2.4028e+00 -2.9584e+00 -4.0901e+00 -6.4107e-01
958 +1.473503959e+01 +1.473503959e+01 +5.063503959e+01 +5.063503959e+01 +1.9866e+00 +3.3410e+00 +2.4742e+00 +1.6159e+00 -1.1179e+00 -2.3430e+00 -2.4931e+00 -3.1465e+00 -4.1701e+00 -1.3974e+00
1706 +9.079316803e+00 +9.079316803e+00 +4.497931680e+01 +4.497931680e+01 +2.2684e+00 +2.7261e+00 +2.4958e+00 +2.0560e+00 -1.0583e+00 -2.5838e+00 -2.3796e+00 -2.9590e+00 -3.9073e+00 -1.7970e+00
1794 +5.135435052e+00 +5.135435052e+00 +4.103543505e+01 +4.103543505e+01 +2.4961e+00 +2.2303e+00 +2.5382e+00 +2.4140e+00 -1.0128e+00 -2.7937e+00 -2.2849e+00 -2.7878e+00 -3.6800e+00 -2.1029e+00
1816 +3.231282705e+00 +3.231282705e+00 +3.913128271e+01 +3.913128271e+01 +2.6461e+00 +1.9207e+00 +2.5751e+00 +2.6381e+00 -9.9295e-01 -2.9452e+00 -2.2255e+00 -2.6821e+00 -3.5280e+00 -2.2890e+00
2058 +2.322790442e+00 +2.322790442e+00 +3.822279044e+01 +3.822279044e+01 +2.7623e+00 +1.6572e+00 +2.6204e+00 +2.8225e+00 -9.9168e-01 -3.0870e+00 -2.1671e+00 -2.5937e+00 -3.3796e+00 -2.4297e+00
2289 +1.582254447e+00 +1.582254447e+00 +3.748225445e+01 +3.748225445e+01 +2.8279e+00 +1.4668e+00 +2.6711e+00 +3.0091e+00 -1.0079e+00 -3.1855e+00 -2.1406e+00 -2.4895e+00 -3.2322e+00 -2.5241e+00
2806 +9.619470602e-01 +9.619470602e-01 +3.686194706e+01 +3.686194706e+01 +2.8021e+00 +1.3936e+00 +2.6677e+00 +3.1693e+00 -1.0207e+00 -3.1229e+00 -2.1906e+00 -2.3632e+00 -3.1650e+00 -2.6157e+00
3015 +4.324069404e-01 +4.324069404e-01 +3.633240694e+01 +3.633240694e+01 +2.7907e+00 +1.3561e+00 +2.6534e+00 +3.3181e+00 -1.1222e+00 -3.1106e+00 -2.3623e+00 -2.1941e+00 -3.0779e+00 -2.7391e+00
3059 +3.930607484e-01 +3.930607484e-01 +3.629306075e+01 +3.629306075e+01 +2.7882e+00 +1.3510e+00 +2.6505e+00 +3.3443e+00 -1.1419e+00 -3.1077e+00 -2.3955e+00 -2.1631e+00 -3.0629e+00 -2.7622e+00
3356 +2.368134331e-01 +2.368134331e-01 +3.613681343e+01 +3.613681343e+01 +2.7497e+00 +1.3165e+00 +2.6419e+00 +3.3914e+00 -1.2193e+00 -3.1056e+00 -2.5133e+00 -2.1053e+00 -3.0574e+00 -2.8245e+00
3554 +1.280182383e-01 +1.280182383e-01 +3.602801824e+01 +3.602801824e+01 +2.7341e+00 +1.2095e+00 +2.6100e+00 +3.3133e+00 -1.3064e+00 -3.0762e+00 -2.5338e+00 -2.2057e+00 -3.1416e+00 -2.7905e+00
3653 +8.567980319e-02 +8.567980319e-02 +3.598567980e+01 +3.598567980e+01 +2.7294e+00 +1.1863e+00 +2.6023e+00 +3.3240e+00 -1.3392e+00 -3.0762e+00 -2.5549e+00 -2.1883e+00 -3.1503e+00 -2.7958e+00
3697 +6.051783222e-02 +6.051783222e-02 +3.596051783e+01 +3.596051783e+01 +2.7214e+00 +1.1527e+00 +2.5905e+00 +3.3644e+00 -1.3989e+00 -3.0819e+00 -2.6003e+00 -2.1282e+00 -3.1546e+00 -2.8148e+00
3961 +3.945920033e-02 +3.945920033e-02 +3.593945920e+01 +3.593945920e+01 +2.7414e+00 +1.1398e+00 +2.5869e+00 +3.3910e+00 -1.3930e+00 -3.0866e+00 -2.5857e+00 -2.1155e+00 -3.1443e+00 -2.8299e+00
4423 +2.507024533e-02 +2.507024533e-02 +3.592507025e+01 +3.592507025e+01 +2.7509e+00 +1.1228e+00 +2.5788e+00 +3.4033e+00 -1.4109e+00 -3.0853e+00 -2.5927e+00 -2.1086e+00 -3.1506e+00 -2.8438e+00
4720 +1.581560495e-02 +1.581560495e-02 +3.591581560e+01 +3.591581560e+01 +2.7649e+00 +1.1233e+00 +2.5762e+00 +3.4142e+00 -1.4076e+00 -3.0855e+00 -2.5881e+00 -2.1063e+00 -3.1487e+00 -2.8582e+00
4951 +9.173603946e-03 +9.173603946e-03 +3.590917360e+01 +3.590917360e+01 +2.7756e+00 +1.1322e+00 +2.5792e+00 +3.4150e+00 -1.3974e+00 -3.0910e+00 -2.5809e+00 -2.1156e+00 -3.1525e+00 -2.8709e+00
5666 +6.228785085e-03 +6.228785085e-03 +3.590622879e+01 +3.590622879e+01 +2.7771e+00 +1.1192e+00 +2.5759e+00 +3.4234e+00 -1.4083e+00 -3.0935e+00 -2.5755e+00 -2.1093e+00 -3.1575e+00 -2.8759e+00
5699 +3.852725667e-03 +3.852725667e-03 +3.590385273e+01 +3.590385273e+01 +2.7770e+00 +1.1207e+00 +2.5772e+00 +3.4253e+00 -1.4120e+00 -3.0957e+00 -2.5704e+00 -2.1127e+00 -3.1576e+00 -2.8845e+00
5930 +2.511806582e-03 +2.511806582e-03 +3.590251181e+01 +3.590251181e+01 +2.7770e+00 +1.1217e+00 +2.5779e+00 +3.4262e+00 -1.4138e+00 -3.0968e+00 -2.5677e+00 -2.1146e+00 -3.1576e+00 -2.8891e+00
6238 +1.542676716e-03 +1.542676716e-03 +3.590154268e+01 +3.590154268e+01 +2.7788e+00 +1.1199e+00 +2.5806e+00 +3.4263e+00 -1.4150e+00 -3.0976e+00 -2.5613e+00 -2.1163e+00 -3.1591e+00 -2.8919e+00
6359 +7.624164078e-04 +7.624164078e-04 +3.590076242e+01 +3.590076242e+01 +2.7822e+00 +1.1191e+00 +2.5895e+00 +3.4233e+00 -1.4185e+00 -3.0974e+00 -2.5434e+00 -2.1227e+00 -3.1626e+00 -2.9003e+00
6381 +6.168528397e-04 +6.168528397e-04 +3.590061685e+01 +3.590061685e+01 +2.7815e+00 +1.1192e+00 +2.5875e+00 +3.4240e+00 -1.4177e+00 -3.0974e+00 -2.5476e+00 -2.1212e+00 -3.1618e+00 -2.8983e+00
6568 +3.657214415e-04 +3.657214415e-04 +3.590036572e+01 +3.590036572e+01 +2.7810e+00 +1.1176e+00 +2.5868e+00 +3.4254e+00 -1.4203e+00 -3.0974e+00 -2.5481e+00 -2.1194e+00 -3.1624e+00 -2.8993e+00
6810 +1.425844754e-04 +1.425844754e-04 +3.590014258e+01 +3.590014258e+01 +2.7808e+00 +1.1151e+00 +2.5875e+00 +3.4268e+00 -1.4252e+00 -3.0971e+00 -2.5461e+00 -2.1176e+00 -3.1641e+00 -2.9024e+00
7173 +9.923234155e-05 +9.923234155e-05 +3.590009923e+01 +3.590009923e+01 +2.7806e+00 +1.1147e+00 +2.5875e+00 +3.4274e+00 -1.4258e+00 -3.0970e+00 -2.5468e+00 -2.1171e+00 -3.1640e+00 -2.9032e+00
7371 +5.973872232e-05 +5.973872232e-05 +3.590005974e+01 +3.590005974e+01 +2.7806e+00 +1.1148e+00 +2.5879e+00 +3.4277e+00 -1.4254e+00 -3.0968e+00 -2.5480e+00 -2.1172e+00 -3.1637e+00 -2.9039e+00
7855 +3.495107958e-05 +3.495107958e-05 +3.590003495e+01 +3.590003495e+01 +2.7810e+00 +1.1144e+00 +2.5878e+00 +3.4279e+00 -1.4256e+00 -3.0967e+00 -2.5481e+00 -2.1174e+00 -3.1637e+00 -2.9043e+00
8053 +1.681039914e-05 +1.681039914e-05 +3.590001681e+01 +3.590001681e+01 +2.7812e+00 +1.1140e+00 +2.5876e+00 +3.4278e+00 -1.4259e+00 -3.0964e+00 -2.5480e+00 -2.1175e+00 -3.1636e+00 -2.9044e+00
8064 +9.837539849e-06 +9.837539849e-06 +3.590000984e+01 +3.590000984e+01 +2.7813e+00 +1.1138e+00 +2.5875e+00 +3.4278e+00 -1.4261e+00 -3.0963e+00 -2.5480e+00 -2.1176e+00 -3.1636e+00 -2.9044e+00
8086 +5.596236683e-06 +5.596236683e-06 +3.590000560e+01 +3.590000560e+01 +2.7813e+00 +1.1136e+00 +2.5874e+00 +3.4278e+00 -1.4263e+00 -3.0962e+00 -2.5480e+00 -2.1176e+00 -3.1635e+00 -2.9045e+00
8317 +3.962234558e-06 +3.962234558e-06 +3.590000396e+01 +3.590000396e+01 +2.7814e+00 +1.1136e+00 +2.5873e+00 +3.4278e+00 -1.4263e+00 -3.0961e+00 -2.5480e+00 -2.1177e+00 -3.1635e+00 -2.9044e+00
8581 +2.160360275e-06 +2.160360275e-06 +3.590000216e+01 +3.590000216e+01 +2.7814e+00 +1.1136e+00 +2.5873e+00 +3.4278e+00 -1.4264e+00 -3.0960e+00 -2.5481e+00 -2.1176e+00 -3.1634e+00 -2.9045e+00
8856 +8.142789270e-07 +8.142789270e-07 +3.590000081e+01 +3.590000081e+01 +2.7815e+00 +1.1136e+00 +2.5872e+00 +3.4279e+00 -1.4263e+00 -3.0960e+00 -2.5481e+00 -2.1176e+00 -3.1632e+00 -2.9046e+00
9021 +6.218906492e-07 +6.218906492e-07 +3.590000062e+01 +3.590000062e+01 +2.7815e+00 +1.1136e+00 +2.5872e+00 +3.4280e+00 -1.4263e+00 -3.0959e+00 -2.5481e+00 -2.1176e+00 -3.1632e+00 -2.9046e+00
95349 +3.378482205e-07 +3.378482205e-07 +3.590000034e+01 +3.590000034e+01 +2.7815e+00 +1.1137e+00 +2.5872e+00 +3.4280e+00 -1.4264e+00 -3.0960e+00 -2.5480e+00 -2.1176e+00 -3.1632e+00 -2.9047e+00
95668 +1.904790139e-07 +1.904790139e-07 +3.590000019e+01 +3.590000019e+01 +2.7816e+00 +1.1137e+00 +2.5872e+00 +3.4280e+00 -1.4264e+00 -3.0960e+00 -2.5480e+00 -2.1176e+00 -3.1632e+00 -2.9047e+00
95701 +1.522315145e-07 +1.522315145e-07 +3.590000015e+01 +3.590000015e+01 +2.7816e+00 +1.1136e+00 +2.5872e+00 +3.4280e+00 -1.4264e+00 -3.0960e+00 -2.5480e+00 -2.1176e+00 -3.1633e+00 -2.9047e+00
95844 +9.973064152e-08 +9.973064152e-08 +3.590000010e+01 +3.590000010e+01 +2.7816e+00 +1.1136e+00 +2.5872e+00 +3.4280e+00 -1.4264e+00 -3.0960e+00 -2.5480e+00 -2.1176e+00 -3.1632e+00 -2.9047e+00
259513 +6.041639722e-08 +6.041639722e-08 +3.590000006e+01 +3.590000006e+01 +2.7816e+00 +1.1136e+00 +2.5872e+00 +3.4280e+00 -1.4264e+00 -3.0960e+00 -2.5480e+00 -2.1176e+00 -3.1632e+00 -2.9048e+00
602977 +3.905343959e-08 +3.905343959e-08 +3.590000004e+01 +3.590000004e+01 +2.7816e+00 +1.1136e+00 +2.5872e+00 +3.4280e+00 -1.4264e+00 -3.0960e+00 -2.5480e+00 -2.1176e+00 -3.1632e+00 -2.9048e+00
603198 +2.507849928e-08 +2.507849928e-08 +3.590000003e+01 +3.590000003e+01 +2.7816e+00 +1.1136e+00 +2.5872e+00 +3.4280e+00 -1.4264e+00 -3.0960e+00 -2.5480e+00 -2.1176e+00 -3.1632e+00 -2.9048e+00
% function evaluation | noise-free fitness - Fopt (3.137000000000e+01) | best noise-free fitness - Fopt | measured fitness | best measured fitness | x1 | x2...
1 +7.938495815e+05 +7.938495815e+05 +7.938809515e+05 +7.938809515e+05 -3.7301e+00 -2.9123e-01 +3.5177e+00 +2.5350e+00 +2.1982e+00 -4.0123e+00 +6.8950e-01 -2.2647e+00 -5.7223e-01 +1.0603e+00
12 +5.404973645e+05 +5.404973645e+05 +5.405287345e+05 +5.405287345e+05 -3.3888e+00 -5.0374e-01 +2.8440e+00 +2.3994e+00 +1.3141e+00 -3.6980e+00 +1.1780e+00 -1.2647e+00 -2.3047e-02 +9.0634e-01
23 +3.052636950e+05 +3.052636950e+05 +3.052950650e+05 +3.052950650e+05 -3.0317e+00 -7.0945e-01 +2.2727e+00 +2.2824e+00 +6.1138e-01 -3.4907e+00 +1.5229e+00 -4.6521e-01 +5.0360e-01 +7.2770e-01
34 +1.949172527e+05 +1.949172527e+05 +1.949486227e+05 +1.949486227e+05 -2.7632e+00 -8.5824e-01 +1.8801e+00 +2.2006e+00 +1.4473e-01 -3.3654e+00 +1.7387e+00 +6.8736e-02 +8.8600e-01 +5.9092e-01
45 +1.162718908e+05 +1.162718908e+05 +1.163032608e+05 +1.163032608e+05 -2.4947e+00 -1.0070e+00 +1.4874e+00 +2.1188e+00 -3.2192e-01 -3.2401e+00 +1.9545e+00 +6.0268e-01 +1.2684e+00 +4.5414e-01
56 +3.598435315e+04 +3.598435315e+04 +3.601572315e+04 +3.601572315e+04 -1.5493e+00 -1.4374e+00 +2.8770e-01 +1.8573e+00 -1.8495e+00 -2.8650e+00 +2.5794e+00 +2.3293e+00 +2.5225e+00 +1.1939e-02
100 +2.172017758e+04 +2.172017758e+04 +2.175154758e+04 +2.175154758e+04 -1.6532e+00 -1.1154e+00 +8.6659e-01 +1.9596e+00 -1.4383e+00 -3.0504e+00 +2.2452e+00 +1.7937e+00 +2.0762e+00 +1.7096e-01
111 +1.332698146e+04 +1.332698146e+04 +1.335835146e+04 +1.335835146e+04 -1.3442e+00 -8.7761e-01 +1.1255e+00 +1.9764e+00 -1.5607e+00 -3.1465e+00 +2.0272e+00 +1.8387e+00 +2.0881e+00 +1.8292e-01
122 +1.070954325e+03 +1.070954325e+03 +1.102324325e+03 +1.102324325e+03 -3.9639e-01 -5.4448e-01 +1.1957e+00 +1.9186e+00 -2.3225e+00 -3.2034e+00 +1.8440e+00 +2.5265e+00 +2.5513e+00 +5.5892e-02
133 +2.140917823e+02 +2.140917823e+02 +2.454617823e+02 +2.454617823e+02 -2.4809e-01 -4.4157e-01 +1.2789e+00 +1.9231e+00 -2.3828e+00 -3.2426e+00 +1.7697e+00 +2.5616e+00 +2.5799e+00 +5.6283e-02
155 +7.674180832e+01 +7.674180832e+01 +1.081118083e+02 +1.081118083e+02 -1.1407e-01 -3.5486e-01 +1.3334e+00 +1.9256e+00 -2.4272e+00 -3.2794e+00 +1.7107e+00 +2.5910e+00 +2.6276e+00 +5.3866e-02
793 +5.676856921e+01 +5.676856921e+01 +8.813856921e+01 +8.813856921e+01 +7.7324e-02 +3.5573e-02 +4.0222e-01 +2.5488e+00 -2.3892e+00 -3.4263e+00 +1.0364e+00 +2.8428e+00 +2.1649e+00 +2.7353e-01
1266 +3.928475352e+01 +3.928475352e+01 +7.065475352e+01 +7.065475352e+01 +3.5688e-01 +9.2821e-01 -1.9570e+00 +3.9028e+00 -2.4135e+00 -3.1874e+00 -2.6012e-01 +3.6570e+00 +1.1633e+00 +9.1931e-01
1717 +2.505541921e+01 +2.505541921e+01 +5.642541921e+01 +5.642541921e+01 -7.9379e-02 +7.6993e-01 -1.4853e+00 +3.6314e+00 -1.7895e+00 -2.4785e+00 -2.7370e-01 +3.0489e+00 +1.1227e+00 +1.0709e+00
2124 +1.561189814e+01 +1.561189814e+01 +4.698189814e+01 +4.698189814e+01 +8.2001e-01 +1.8551e+00 -3.1232e+00 +4.1407e+00 -1.7598e+00 -1.6756e+00 -2.3247e+00 +3.0530e+00 +5.4543e-01 +1.3455e+00
2707 +9.973454932e+00 +9.973454932e+00 +4.134345493e+01 +4.134345493e+01 +1.0665e+00 +2.0992e+00 -2.8510e+00 +3.5977e+00 -1.7981e+00 -1.0190e+00 -3.0737e+00 +2.7478e+00 +7.8329e-01 +9.0171e-01
2927 +4.061990544e+00 +4.061990544e+00 +3.543199054e+01 +3.543199054e+01 +5.6472e-01 +2.5478e+00 -3.7433e+00 +3.5602e+00 -1.8436e+00 -7.9519e-02 -3.8150e+00 +2.6856e+00 +4.8876e-01 +6.1939e-01
2949 +3.377256559e+00 +3.377256559e+00 +3.474725656e+01 +3.474725656e+01 +3.8453e-01 +2.5589e+00 -3.8186e+00 +3.5094e+00 -1.8602e+00 +9.2435e-02 -3.8326e+00 +2.6629e+00 +4.6606e-01 +5.2625e-01
3224 +2.496034990e+00 +2.496034990e+00 +3.386603499e+01 +3.386603499e+01 -1.8335e-02 +2.2626e+00 -3.6297e+00 +3.3589e+00 -1.9052e+00 +1.2290e-01 -3.4466e+00 +2.5097e+00 +5.3120e-01 +3.4138e-01
3521 +1.578807939e+00 +1.578807939e+00 +3.294880794e+01 +3.294880794e+01 -3.1926e-01 +1.8150e+00 -3.5089e+00 +3.3317e+00 -1.9431e+00 -1.1674e-01 -3.0244e+00 +2.2216e+00 +5.5676e-01 +2.4068e-01
3609 +8.999388031e-01 +8.999388031e-01 +3.226993880e+01 +3.226993880e+01 -3.1166e-01 +1.9870e+00 -3.8653e+00 +3.3724e+00 -1.9854e+00 +8.7509e-02 -3.3781e+00 +2.1721e+00 +4.4303e-01 +1.9596e-01
3928 +6.106829917e-01 +6.106829917e-01 +3.198068299e+01 +3.198068299e+01 -1.7972e-01 +1.9833e+00 -3.8965e+00 +3.4070e+00 -2.0404e+00 +1.4364e-01 -3.5215e+00 +2.0809e+00 +3.9673e-01 +1.4444e-01
4423 +3.963217930e-01 +3.963217930e-01 +3.176632179e+01 +3.176632179e+01 -2.6924e-01 +1.9999e+00 -3.9576e+00 +3.3925e+00 -2.0629e+00 +2.8341e-01 -3.5728e+00 +1.9981e+00 +3.7794e-01 -4.8853e-03
4808 +2.474852289e-01 +2.474852289e-01 +3.161748523e+01 +3.161748523e+01 -2.2783e-01 +1.9519e+00 -3.9254e+00 +3.4872e+00 -2.0549e+00 +2.6039e-01 -3.5177e+00 +1.9521e+00 +3.5173e-01 -6.9860e-02
4995 +1.475554165e-01 +1.475554165e-01 +3.151755542e+01 +3.151755542e+01 -1.8184e-01 +1.9637e+00 -3.8887e+00 +3.6046e+00 -2.0041e+00 +2.4281e-01 -3.4594e+00 +1.9923e+00 +3.3380e-01 -8.2221e-02
5237 +9.279447581e-02 +9.279447581e-02 +3.146279448e+01 +3.146279448e+01 -2.2281e-01 +1.9389e+00 -3.8865e+00 +3.6457e+00 -1.9785e+00 +2.2195e-01 -3.4065e+00 +1.9747e+00 +3.3585e-01 -1.1117e-01
5787 +6.063505029e-02 +6.063505029e-02 +3.143063505e+01 +3.143063505e+01 -2.4571e-01 +1.9421e+00 -3.9007e+00 +3.7302e+00 -1.9489e+00 +2.3938e-01 -3.3913e+00 +1.9984e+00 +3.4192e-01 -1.4693e-01
6073 +3.911101683e-02 +3.911101683e-02 +3.140911102e+01 +3.140911102e+01 -2.4836e-01 +1.9338e+00 -3.9233e+00 +3.7100e+00 -1.9673e+00 +2.6772e-01 -3.4441e+00 +1.9851e+00 +3.4716e-01 -1.2466e-01
6612 +2.374826339e-02 +2.374826339e-02 +3.139374826e+01 +3.139374826e+01 -2.5695e-01 +1.9198e+00 -3.9124e+00 +3.7055e+00 -1.9660e+00 +2.6322e-01 -3.4516e+00 +1.9670e+00 +3.4807e-01 -1.2033e-01
6821 +1.557891293e-02 +1.557891293e-02 +3.138557891e+01 +3.138557891e+01 -2.5755e-01 +1.9240e+00 -3.9050e+00 +3.7418e+00 -1.9474e+00 +2.6005e-01 -3.4433e+00 +1.9840e+00 +3.4795e-01 -1.2975e-01
7041 +4.481197326e-03 +4.481197326e-03 +3.137448120e+01 +3.137448120e+01 -2.6257e-01 +1.9160e+00 -3.8886e+00 +3.7383e+00 -1.9320e+00 +2.6525e-01 -3.4611e+00 +1.9910e+00 +3.5236e-01 -1.2272e-01
7052 +2.538657040e-03 +2.538657040e-03 +3.137253866e+01 +3.137253866e+01 -2.6425e-01 +1.9132e+00 -3.8846e+00 +3.7341e+00 -1.9296e+00 +2.6629e-01 -3.4661e+00 +1.9905e+00 +3.5343e-01 -1.2026e-01
7063 +2.382031515e-03 +2.382031515e-03 +3.137238203e+01 +3.137238203e+01 -2.6502e-01 +1.9119e+00 -3.8827e+00 +3.7321e+00 -1.9285e+00 +2.6677e-01 -3.4685e+00 +1.9903e+00 +3.5392e-01 -1.1914e-01
7349 +1.404372337e-03 +1.404372337e-03 +3.137140437e+01 +3.137140437e+01 -2.6731e-01 +1.9069e+00 -3.8805e+00 +3.7281e+00 -1.9268e+00 +2.6873e-01 -3.4712e+00 +1.9880e+00 +3.5400e-01 -1.1865e-01
7613 +7.105136966e-04 +7.105136966e-04 +3.137071051e+01 +3.137071051e+01 -2.6944e-01 +1.9039e+00 -3.8829e+00 +3.7258e+00 -1.9267e+00 +2.6936e-01 -3.4684e+00 +1.9862e+00 +3.5241e-01 -1.2198e-01
7646 +5.098052798e-04 +5.098052798e-04 +3.137050981e+01 +3.137050981e+01 -2.7050e-01 +1.9025e+00 -3.8840e+00 +3.7245e+00 -1.9266e+00 +2.6949e-01 -3.4669e+00 +1.9855e+00 +3.5158e-01 -1.2362e-01
7987 +3.942382744e-04 +3.942382744e-04 +3.137039424e+01 +3.137039424e+01 -2.7076e-01 +1.9008e+00 -3.8841e+00 +3.7238e+00 -1.9254e+00 +2.6930e-01 -3.4659e+00 +1.9848e+00 +3.5103e-01 -1.2452e-01
8119 +2.091596050e-04 +2.091596050e-04 +3.137020916e+01 +3.137020916e+01 -2.7054e-01 +1.8993e+00 -3.8838e+00 +3.7233e+00 -1.9241e+00 +2.6939e-01 -3.4656e+00 +1.9844e+00 +3.5076e-01 -1.2483e-01
8339 +1.546245420e-04 +1.546245420e-04 +3.137015462e+01 +3.137015462e+01 -2.7055e-01 +1.8987e+00 -3.8839e+00 +3.7230e+00 -1.9236e+00 +2.6941e-01 -3.4654e+00 +1.9843e+00 +3.5071e-01 -1.2516e-01
8724 +8.171097199e-05 +8.171097199e-05 +3.137008171e+01 +3.137008171e+01 -2.7082e-01 +1.8973e+00 -3.8840e+00 +3.7223e+00 -1.9223e+00 +2.6977e-01 -3.4657e+00 +1.9844e+00 +3.5088e-01 -1.2601e-01
8735 +5.783792165e-05 +5.783792165e-05 +3.137005784e+01 +3.137005784e+01 -2.7098e-01 +1.8971e+00 -3.8839e+00 +3.7222e+00 -1.9220e+00 +2.7004e-01 -3.4661e+00 +1.9846e+00 +3.5106e-01 -1.2606e-01
8768 +3.856211185e-05 +3.856211185e-05 +3.137003856e+01 +3.137003856e+01 -2.7115e-01 +1.8969e+00 -3.8838e+00 +3.7222e+00 -1.9216e+00 +2.7034e-01 -3.4665e+00 +1.9848e+00 +3.5126e-01 -1.2613e-01
9021 +2.068621036e-05 +2.068621036e-05 +3.137002069e+01 +3.137002069e+01 -2.7139e-01 +1.8969e+00 -3.8840e+00 +3.7223e+00 -1.9214e+00 +2.7064e-01 -3.4666e+00 +1.9850e+00 +3.5137e-01 -1.2644e-01
9208 +1.580268059e-05 +1.580268059e-05 +3.137001580e+01 +3.137001580e+01 -2.7150e-01 +1.8969e+00 -3.8841e+00 +3.7224e+00 -1.9213e+00 +2.7076e-01 -3.4666e+00 +1.9850e+00 +3.5140e-01 -1.2663e-01
9494 +8.729145929e-06 +8.729145929e-06 +3.137000873e+01 +3.137000873e+01 -2.7169e-01 +1.8970e+00 -3.8842e+00 +3.7227e+00 -1.9211e+00 +2.7105e-01 -3.4665e+00 +1.9852e+00 +3.5145e-01 -1.2703e-01
9681 +6.115609001e-06 +6.115609001e-06 +3.137000612e+01 +3.137000612e+01 -2.7176e-01 +1.8970e+00 -3.8841e+00 +3.7229e+00 -1.9209e+00 +2.7128e-01 -3.4666e+00 +1.9852e+00 +3.5150e-01 -1.2716e-01
9912 +3.656217071e-06 +3.656217071e-06 +3.137000366e+01 +3.137000366e+01 -2.7174e-01 +1.8969e+00 -3.8841e+00 +3.7230e+00 -1.9209e+00 +2.7127e-01 -3.4666e+00 +1.9851e+00 +3.5144e-01 -1.2714e-01
10165 +2.325868635e-06 +2.325868635e-06 +3.137000233e+01 +3.137000233e+01 -2.7174e-01 +1.8969e+00 -3.8840e+00 +3.7230e+00 -1.9209e+00 +2.7124e-01 -3.4665e+00 +1.9850e+00 +3.5137e-01 -1.2715e-01
10209 +1.321020768e-06 +1.321020768e-06 +3.137000132e+01 +3.137000132e+01 -2.7184e-01 +1.8968e+00 -3.8840e+00 +3.7230e+00 -1.9209e+00 +2.7115e-01 -3.4664e+00 +1.9849e+00 +3.5131e-01 -1.2714e-01
10220 +9.313565243e-07 +9.313565243e-07 +3.137000093e+01 +3.137000093e+01 -2.7191e-01 +1.8968e+00 -3.8840e+00 +3.7230e+00 -1.9209e+00 +2.7110e-01 -3.4663e+00 +1.9849e+00 +3.5127e-01 -1.2713e-01
10528 +5.425705183e-07 +5.425705183e-07 +3.137000054e+01 +3.137000054e+01 -2.7198e-01 +1.8968e+00 -3.8839e+00 +3.7231e+00 -1.9208e+00 +2.7113e-01 -3.4663e+00 +1.9848e+00 +3.5123e-01 -1.2718e-01
40987 +3.625576923e-07 +3.625576923e-07 +3.137000036e+01 +3.137000036e+01 -2.7197e-01 +1.8968e+00 -3.8839e+00 +3.7231e+00 -1.9208e+00 +2.7111e-01 -3.4663e+00 +1.9848e+00 +3.5125e-01 -1.2716e-01
41350 +2.251702398e-07 +2.251702398e-07 +3.137000023e+01 +3.137000023e+01 -2.7198e-01 +1.8968e+00 -3.8839e+00 +3.7232e+00 -1.9208e+00 +2.7113e-01 -3.4663e+00 +1.9848e+00 +3.5123e-01 -1.2717e-01
41625 +1.409326380e-07 +1.409326380e-07 +3.137000014e+01 +3.137000014e+01 -2.7199e-01 +1.8968e+00 -3.8839e+00 +3.7232e+00 -1.9208e+00 +2.7114e-01 -3.4663e+00 +1.9848e+00 +3.5122e-01 -1.2717e-01
145619 +9.889953745e-08 +9.889953745e-08 +3.137000010e+01 +3.137000010e+01 -2.7196e-01 +1.8968e+00 -3.8840e+00 +3.7232e+00 -1.9208e+00 +2.7117e-01 -3.4664e+00 +1.9848e+00 +3.5121e-01 -1.2716e-01
% function evaluation | noise-free fitness - Fopt (-1.000000000000e+03) | best noise-free fitness - Fopt | measured fitness | best measured fitness | x1 | x2...
1 +7.115755303e+05 +7.115755303e+05 +7.105755303e+05 +7.105755303e+05 -2.8720e+00 -2.2216e+00 -4.9564e+00 -2.9179e+00 +1.5419e+00 -2.2125e+00 -5.7396e-01 +2.7199e+00 -7.0930e-02 +2.3314e+00
12 +5.702278398e+05 +5.702278398e+05 +5.692278398e+05 +5.692278398e+05 -2.7470e+00 -2.1326e+00 -4.3370e+00 -2.1433e+00 +5.4190e-01 -2.5203e+00 -1.9165e-01 +2.0936e+00 -2.0243e-01 +2.4944e+00
34 +2.023720702e+05 +2.023720702e+05 +2.013720702e+05 +2.013720702e+05 -2.0762e+00 -1.8042e+00 -2.8207e+00 -2.8047e-01 -1.4252e+00 -3.2094e+00 +4.8575e-01 +5.5793e-01 -6.1829e-01 +2.8603e+00
45 +5.235002402e+04 +5.235002402e+04 +5.135002402e+04 +5.135002402e+04 -1.4726e+00 -1.5086e+00 -1.4561e+00 +1.3961e+00 -3.1956e+00 -3.8296e+00 +1.0954e+00 -8.2415e-01 -9.9257e-01 +3.1896e+00
89 +3.252241242e+04 +3.252241242e+04 +3.152241242e+04 +3.152241242e+04 -1.3182e+00 -1.4063e+00 -8.7539e-01 +1.9766e+00 -3.7943e+00 -4.0465e+00 +1.3575e+00 -1.3657e+00 -1.1693e+00 +3.3963e+00
100 +2.448794292e+04 +2.448794292e+04 +2.348794292e+04 +2.348794292e+04 -1.2856e+00 -1.4214e+00 -6.2834e-01 +2.0968e+00 -3.9568e+00 -4.1248e+00 +1.4338e+00 -1.5947e+00 -1.2649e+00 +3.5109e+00
122 +1.180068038e+04 +1.180068038e+04 +1.080068038e+04 +1.080068038e+04 -1.2099e+00 -1.5266e+00 +3.9773e-01 +2.4526e+00 -4.5072e+00 -4.4043e+00 +1.7413e+00 -2.5154e+00 -1.6909e+00 +4.0336e+00
133 +6.787115130e+03 +6.787115130e+03 +5.787115130e+03 +5.787115130e+03 -1.2606e+00 -1.6117e+00 +7.0254e-01 +2.3693e+00 -4.5098e+00 -4.4210e+00 +1.8250e+00 -2.7461e+00 -1.8593e+00 +4.2494e+00
144 +3.851966255e+03 +3.851966255e+03 +2.851966255e+03 +2.851966255e+03 -1.2931e+00 -1.6360e+00 +6.9291e-01 +2.2676e+00 -4.4253e+00 -4.3763e+00 +1.8240e+00 -2.7116e+00 -1.8814e+00 +4.2747e+00
155 +2.138411461e+03 +2.138411461e+03 +1.138411461e+03 +1.138411461e+03 -1.3256e+00 -1.6603e+00 +6.8329e-01 +2.1658e+00 -4.3407e+00 -4.3315e+00 +1.8230e+00 -2.6771e+00 -1.9034e+00 +4.2999e+00
166 +1.079794465e+03 +1.079794465e+03 +7.979446535e+01 +7.979446535e+01 -1.3582e+00 -1.6846e+00 +6.7366e-01 +2.0640e+00 -4.2562e+00 -4.2868e+00 +1.8220e+00 -2.6426e+00 -1.9255e+00 +4.3252e+00
177 +2.248882436e+02 +2.248882436e+02 -7.751117564e+02 -7.751117564e+02 -1.4681e+00 -1.8077e+00 +8.8144e-01 +1.7293e+00 -4.0438e+00 -4.1618e+00 +1.8977e+00 -2.7187e+00 -2.1238e+00 +4.5542e+00
386 +1.409208642e+02 +1.409208642e+02 -8.590791358e+02 -8.590791358e+02 -1.2843e+00 -1.7847e+00 +1.0094e+00 +1.9007e+00 -3.8890e+00 -4.0465e+00 +1.6937e+00 -2.8793e+00 -2.1150e+00 +4.4435e+00
529 +9.218125571e+01 +9.218125571e+01 -9.078187443e+02 -9.078187443e+02 -6.4487e-01 -1.7144e+00 +1.4812e+00 +2.3527e+00 -3.0811e+00 -3.4700e+00 +9.5555e-01 -3.3833e+00 -2.0916e+00 +4.0683e+00
617 +5.974796985e+01 +5.974796985e+01 -9.402520301e+02 -9.402520301e+02 -2.1677e-01 -1.6402e+00 +1.9182e+00 +2.6540e+00 -2.4874e+00 -3.0199e+00 +5.6441e-01 -3.7493e+00 -2.0804e+00 +3.8842e+00
793 +3.391469705e+01 +3.391469705e+01 -9.660853030e+02 -9.660853030e+02 +3.0105e-01 -1.8003e+00 +2.2623e+00 +2.9306e+00 -1.6809e+00 -2.4238e+00 +1.5983e-01 -4.0426e+00 -2.0578e+00 +3.7391e+00
848 +2.410730408e+01 +2.410730408e+01 -9.758926959e+02 -9.758926959e+02 +5.4969e-01 -1.8780e+00 +2.4351e+00 +3.0806e+00 -1.3056e+00 -2.1355e+00 +9.7870e-03 -4.1746e+00 -2.0348e+00 +3.6862e+00
1332 +1.539219025e+01 +1.539219025e+01 -9.846078097e+02 -9.846078097e+02 +7.1872e-01 -3.4031e+00 +2.2824e+00 +3.5781e+00 -9.0398e-01 -1.2383e+00 -4.6543e-02 -3.9698e+00 -1.5572e+00 +3.3245e+00
1970 +9.944081918e+00 +9.944081918e+00 -9.900559181e+02 -9.900559181e+02 +3.8801e-01 -3.0101e+00 +3.5256e+00 +3.7526e+00 -9.7524e-01 -8.9055e-01 -4.9718e-01 -4.7874e+00 -1.6714e+00 +2.8065e+00
2531 +5.914301223e+00 +5.914301223e+00 -9.940856988e+02 -9.940856988e+02 +3.3105e-01 -3.4514e+00 +3.5722e+00 +3.8451e+00 -9.1033e-01 -5.4009e-01 -5.8768e-01 -4.7405e+00 -1.4707e+00 +2.4872e+00
2652 +3.507721393e+00 +3.507721393e+00 -9.964922786e+02 -9.964922786e+02 +2.9785e-01 -3.7895e+00 +3.0647e+00 +3.6187e+00 -8.7574e-01 -3.4443e-01 -5.7884e-01 -4.2554e+00 -1.1723e+00 +2.0968e+00
2806 +2.473539952e+00 +2.473539952e+00 -9.975264600e+02 -9.975264600e+02 +2.8016e-01 -3.6455e+00 +2.9517e+00 +3.4753e+00 -8.6990e-01 -3.5606e-01 -6.2861e-01 -4.1483e+00 -1.1395e+00 +1.9418e+00
3026 +1.550320363e+00 +1.550320363e+00 -9.984496796e+02 -9.984496796e+02 +2.5690e-01 -3.4846e+00 +2.9586e+00 +3.4011e+00 -8.7833e-01 -3.8119e-01 -6.4908e-01 -4.1385e+00 -1.1527e+00 +1.8726e+00
3279 +8.677242581e-01 +8.677242581e-01 -9.991322757e+02 -9.991322757e+02 +1.1783e-01 -3.4352e+00 +2.9956e+00 +3.3996e+00 -9.1373e-01 -2.4863e-01 -6.3592e-01 -4.1243e+00 -1.1434e+00 +1.6397e+00
3290 +5.992207489e-01 +5.992207489e-01 -9.994007793e+02 -9.994007793e+02 +8.6163e-04 -3.4390e+00 +3.0276e+00 +3.4257e+00 -9.3989e-01 -1.1850e-01 -6.2106e-01 -4.1180e+00 -1.1338e+00 +1.4489e+00
3521 +3.942072007e-01 +3.942072007e-01 -9.996057928e+02 -9.996057928e+02 -7.9237e-02 -3.3993e+00 +3.0125e+00 +3.4381e+00 -9.6361e-01 -4.1528e-02 -6.3915e-01 -4.1070e+00 -1.1329e+00 +1.3120e+00
3928 +2.481567465e-01 +2.481567465e-01 -9.997518433e+02 -9.997518433e+02 -1.1131e-01 -3.3950e+00 +2.9448e+00 +3.4825e+00 -9.4069e-01 -1.7019e-02 -6.8282e-01 -4.1056e+00 -1.1468e+00 +1.2869e+00
4115 +1.475238242e-01 +1.475238242e-01 -9.998524762e+02 -9.998524762e+02 -1.1591e-01 -3.3582e+00 +2.8837e+00 +3.4896e+00 -9.0826e-01 -3.8498e-02 -7.1569e-01 -4.0855e+00 -1.1605e+00 +1.3056e+00
4588 +9.544059771e-02 +9.544059771e-02 -9.999045594e+02 -9.999045594e+02 -1.1943e-01 -3.3225e+00 +2.8469e+00 +3.4855e+00 -8.9031e-01 -5.6109e-02 -7.2955e-01 -4.0500e+00 -1.1605e+00 +1.3113e+00
4698 +5.662392039e-02 +5.662392039e-02 -9.999433761e+02 -9.999433761e+02 -1.6382e-01 -3.2881e+00 +2.8051e+00 +3.5336e+00 -8.6424e-01 -4.7380e-02 -7.4109e-01 -3.9584e+00 -1.1546e+00 +1.2962e+00
5270 +3.974120365e-02 +3.974120365e-02 -9.999602588e+02 -9.999602588e+02 -1.9702e-01 -3.3120e+00 +2.8194e+00 +3.5597e+00 -8.6942e-01 -2.0475e-02 -7.4491e-01 -3.9356e+00 -1.1463e+00 +1.2571e+00
5589 +2.492827538e-02 +2.492827538e-02 -9.999750717e+02 -9.999750717e+02 -2.0170e-01 -3.3225e+00 +2.8278e+00 +3.5678e+00 -8.5869e-01 -3.6891e-02 -7.6115e-01 -3.9268e+00 -1.1467e+00 +1.2511e+00
5996 +1.523740023e-02 +1.523740023e-02 -9.999847626e+02 -9.999847626e+02 -1.9405e-01 -3.3248e+00 +2.8217e+00 +3.5670e+00 -8.4168e-01 -7.0153e-02 -7.8408e-01 -3.9159e+00 -1.1547e+00 +1.2397e+00
6216 +9.614969907e-03 +9.614969907e-03 -9.999903850e+02 -9.999903850e+02 -1.9326e-01 -3.3246e+00 +2.8169e+00 +3.5632e+00 -8.4726e-01 -6.1980e-02 -7.7915e-01 -3.9177e+00 -1.1560e+00 +1.2284e+00
6799 +6.153420638e-03 +6.153420638e-03 -9.999938466e+02 -9.999938466e+02 -1.9710e-01 -3.3280e+00 +2.8195e+00 +3.5636e+00 -8.5466e-01 -4.9056e-02 -7.7042e-01 -3.9125e+00 -1.1620e+00 +1.2078e+00
7085 +3.900272236e-03 +3.900272236e-03 -9.999960997e+02 -9.999960997e+02 -1.9031e-01 -3.3281e+00 +2.8246e+00 +3.5659e+00 -8.4164e-01 -6.7439e-02 -7.7723e-01 -3.9057e+00 -1.1684e+00 +1.2114e+00
7228 +2.446755552e-03 +2.446755552e-03 -9.999975532e+02 -9.999975532e+02 -1.8861e-01 -3.3289e+00 +2.8271e+00 +3.5671e+00 -8.3978e-01 -6.9178e-02 -7.7552e-01 -3.9016e+00 -1.1732e+00 +1.2069e+00
7426 +1.289116659e-03 +1.289116659e-03 -9.999987109e+02 -9.999987109e+02 -1.8725e-01 -3.3299e+00 +2.8295e+00 +3.5682e+00 -8.3896e-01 -6.9338e-02 -7.7272e-01 -3.8971e+00 -1.1786e+00 +1.2007e+00
7668 +9.179781010e-04 +9.179781010e-04 -9.999990820e+02 -9.999990820e+02 -1.8684e-01 -3.3302e+00 +2.8297e+00 +3.5685e+00 -8.3912e-01 -6.8355e-02 -7.7151e-01 -3.8958e+00 -1.1804e+00 +1.1978e+00
7679 +6.164614408e-04 +6.164614408e-04 -9.999993835e+02 -9.999993835e+02 -1.8666e-01 -3.3301e+00 +2.8288e+00 +3.5684e+00 -8.3955e-01 -6.6921e-02 -7.7106e-01 -3.8958e+00 -1.1807e+00 +1.1964e+00
7888 +3.359814713e-04 +3.359814713e-04 -9.999996640e+02 -9.999996640e+02 -1.8578e-01 -3.3301e+00 +2.8270e+00 +3.5682e+00 -8.4058e-01 -6.3586e-02 -7.6967e-01 -3.8961e+00 -1.1818e+00 +1.1934e+00
8042 +2.417710829e-04 +2.417710829e-04 -9.999997582e+02 -9.999997582e+02 -1.8564e-01 -3.3301e+00 +2.8268e+00 +3.5682e+00 -8.4074e-01 -6.3076e-02 -7.6946e-01 -3.8962e+00 -1.1820e+00 +1.1930e+00
8438 +1.449448762e-04 +1.449448762e-04 -9.999998551e+02 -9.999998551e+02 -1.8540e-01 -3.3302e+00 +2.8263e+00 +3.5683e+00 -8.4079e-01 -6.2499e-02 -7.6920e-01 -3.8968e+00 -1.1823e+00 +1.1927e+00
8460 +4.477200787e-05 +4.477200787e-05 -9.999999552e+02 -9.999999552e+02 -1.8515e-01 -3.3307e+00 +2.8252e+00 +3.5685e+00 -8.4027e-01 -6.1968e-02 -7.6917e-01 -3.8994e+00 -1.1827e+00 +1.1923e+00
8493 +3.622490192e-05 +3.622490192e-05 -9.999999638e+02 -9.999999638e+02 -1.8510e-01 -3.3308e+00 +2.8250e+00 +3.5686e+00 -8.4018e-01 -6.1875e-02 -7.6916e-01 -3.8998e+00 -1.1828e+00 +1.1923e+00
8944 +2.345259179e-05 +2.345259179e-05 -9.999999765e+02 -9.999999765e+02 -1.8567e-01 -3.3306e+00 +2.8242e+00 +3.5688e+00 -8.4019e-01 -6.1365e-02 -7.6930e-01 -3.9000e+00 -1.1828e+00 +1.1915e+00
9010 +1.583793005e-05 +1.583793005e-05 -9.999999842e+02 -9.999999842e+02 -1.8571e-01 -3.3306e+00 +2.8242e+00 +3.5688e+00 -8.4020e-01 -6.1371e-02 -7.6931e-01 -3.8999e+00 -1.1828e+00 +1.1915e+00
9175 +9.007086078e-06 +9.007086078e-06 -9.999999910e+02 -9.999999910e+02 -1.8624e-01 -3.3303e+00 +2.8241e+00 +3.5689e+00 -8.4025e-01 -6.1391e-02 -7.6956e-01 -3.8992e+00 -1.1827e+00 +1.1911e+00
9978 +5.773599241e-06 +5.773599241e-06 -9.999999942e+02 -9.999999942e+02 -1.8634e-01 -3.3302e+00 +2.8239e+00 +3.5688e+00 -8.4016e-01 -6.1462e-02 -7.6956e-01 -3.8994e+00 -1.1828e+00 +1.1909e+00
10374 +3.816443609e-06 +3.816443609e-06 -9.999999962e+02 -9.999999962e+02 -1.8630e-01 -3.3302e+00 +2.8239e+00 +3.5687e+00 -8.4012e-01 -6.1598e-02 -7.6954e-01 -3.8994e+00 -1.1829e+00 +1.1909e+00
10836 +1.938231435e-06 +1.938231435e-06 -9.999999981e+02 -9.999999981e+02 -1.8628e-01 -3.3303e+00 +2.8240e+00 +3.5687e+00 -8.4003e-01 -6.1684e-02 -7.6952e-01 -3.8994e+00 -1.1832e+00 +1.1908e+00
11056 +1.575326110e-06 +1.575326110e-06 -9.999999984e+02 -9.999999984e+02 -1.8633e-01 -3.3303e+00 +2.8240e+00 +3.5687e+00 -8.4002e-01 -6.1698e-02 -7.6954e-01 -3.8994e+00 -1.1832e+00 +1.1907e+00
11089 +8.681239478e-07 +8.681239478e-07 -9.999999991e+02 -9.999999991e+02 -1.8639e-01 -3.3303e+00 +2.8239e+00 +3.5688e+00 -8.4002e-01 -6.1673e-02 -7.6957e-01 -3.8993e+00 -1.1832e+00 +1.1906e+00
11100 +6.175954468e-07 +6.175954468e-07 -9.999999994e+02 -9.999999994e+02 -1.8640e-01 -3.3303e+00 +2.8239e+00 +3.5688e+00 -8.4002e-01 -6.1670e-02 -7.6958e-01 -3.8993e+00 -1.1832e+00 +1.1906e+00
11485 +3.872549996e-07 +3.872549996e-07 -9.999999996e+02 -9.999999996e+02 -1.8642e-01 -3.3304e+00 +2.8240e+00 +3.5688e+00 -8.4002e-01 -6.1664e-02 -7.6958e-01 -3.8992e+00 -1.1832e+00 +1.1905e+00
11540 +2.253405000e-07 +2.253405000e-07 -9.999999998e+02 -9.999999998e+02 -1.8642e-01 -3.3304e+00 +2.8240e+00 +3.5688e+00 -8.4002e-01 -6.1662e-02 -7.6958e-01 -3.8992e+00 -1.1832e+00 +1.1905e+00
11947 +1.444074087e-07 +1.444074087e-07 -9.999999999e+02 -9.999999999e+02 -1.8643e-01 -3.3304e+00 +2.8240e+00 +3.5688e+00 -8.4002e-01 -6.1646e-02 -7.6957e-01 -3.8992e+00 -1.1832e+00 +1.1904e+00
141362 +9.985637917e-08 +9.985637917e-08 -9.999999999e+02 -9.999999999e+02 -1.8639e-01 -3.3304e+00 +2.8240e+00 +3.5688e+00 -8.4000e-01 -6.1571e-02 -7.6957e-01 -3.8992e+00 -1.1832e+00 +1.1904e+00
141571 +5.765582500e-08 +5.765582500e-08 -9.999999999e+02 -9.999999999e+02 -1.8639e-01 -3.3304e+00 +2.8240e+00 +3.5688e+00 -8.4001e-01 -6.1573e-02 -7.6958e-01 -3.8992e+00 -1.1832e+00 +1.1904e+00
521181 +2.482056516e-08 +2.482056516e-08 -1.000000000e+03 -1.000000000e+03 -1.8639e-01 -3.3304e+00 +2.8240e+00 +3.5688e+00 -8.4000e-01 -6.1594e-02 -7.6958e-01 -3.8992e+00 -1.1832e+00 +1.1904e+00
521225 +1.517526016e-08 +1.517526016e-08 -1.000000000e+03 -1.000000000e+03 -1.8640e-01 -3.3304e+00 +2.8240e+00 +3.5688e+00 -8.4000e-01 -6.1597e-02 -7.6959e-01 -3.8992e+00 -1.1832e+00 +1.1904e+00
