% function evaluation | noise-free fitness - Fopt (-1.025500000000e+02) | best noise-free fitness - Fopt | measured fitness | best measured fitness | x1 | x2...
1 +6.474477946e+01 +6.474477946e+01 -3.780522054e+01 -3.780522054e+01 -2.8857e+00 -4.1026e+00 +1.5886e+00 -1.2810e+00 -4.1566e+00 +2.2833e+00 -2.6366e+00 -4.6343e-03 +4.2914e+00 -4.2541e+00 +9.6310e-01 -1.6472e+00 +3.1885e+00 +4.8137e+00 -4.0709e+00 +2.3062e+00 +2.2813e+00 +4.6625e+00 +1.9954e+00 -9.2755e-01
64 +6.059005742e+01 +6.059005742e+01 -4.195994258e+01 -4.195994258e+01 -2.8403e+00 -4.1997e+00 +1.5219e+00 -1.3696e+00 -4.1107e+00 +2.2716e+00 -2.5893e+00 -2.0475e-02 +4.2124e+00 -4.1514e+00 +9.9750e-01 -1.7469e+00 +3.1460e+00 +4.8009e+00 -4.1407e+00 +2.1689e+00 +2.4795e+00 +4.7029e+00 +1.8296e+00 -9.6447e-01
6532 +3.978784669e+01 +3.978784669e+01 -6.276215331e+01 -6.276215331e+01 +3.9187e+00 -2.9656e+00 +4.0983e+00 +4.0517e+00 -3.1252e-03 +4.0523e+00 +4.9192e+00 +8.5484e-01 +3.9675e+00 +1.2321e+00 -3.3400e+00 -8.4603e-01 +7.4843e-01 -7.0969e-01 -2.9957e+00 -3.1159e+00 -3.0888e+00 +1.8631e+00 -2.1910e+00 +1.7789e+00
16024 +2.493857752e+01 +2.493857752e+01 -7.761142248e+01 -7.761142248e+01 -2.3384e+00 +1.3244e-01 +1.5498e+00 -2.1419e-01 -2.7239e+00 -4.3856e+00 +2.3588e+00 +4.0254e+00 +4.5480e+00 +2.0029e-01 +1.0399e+00 +1.3917e+00 +1.3615e+00 -2.3002e+00 -4.2424e-01 -3.0933e+00 +3.1221e+00 +2.5701e+00 -4.7835e+00 -1.9392e-01
151810 +1.583073766e+01 +1.583073766e+01 -8.671926234e+01 -8.671926234e+01 -2.6811e-01 +1.5958e+00 -1.5418e+00 -5.6678e-01 -2.4134e+00 +1.7801e+00 +7.2773e-01 -4.9161e-02 +1.1691e+00 +3.2598e+00 -1.9252e+00 +3.0234e+00 +2.5694e+00 -2.0894e+00 -2.0490e+00 -2.2716e+00 -1.9021e+00 -4.3860e+00 +3.2020e+00 -2.1127e+00
% function evaluation | noise-free fitness - Fopt (7.169000000000e+01) | best noise-free fitness - Fopt | measured fitness | best measured fitness | x1 | x2...
1 +8.770625671e+01 +8.770625671e+01 +1.593962567e+02 +1.593962567e+02 -4.6993e+00 -3.7347e+00 -2.2991e+00 +6.9108e-01 -2.0953e+00 -1.8868e+00 +3.9951e+00 -4.5058e+00 +4.4488e+00 -4.5305e+00 -1.1071e+00 -4.7487e+00 +3.1664e+00 +1.7111e+00 +1.8055e+00 +3.0661e+00 +3.9549e-01 +3.1044e+00 -4.2990e+00 -4.0717e+00
3109 +6.292416891e+01 +6.292416891e+01 +1.346141689e+02 +1.346141689e+02 +4.1582e+00 +1.8678e+00 -1.6553e+00 +1.2547e+00 +1.1970e+00 -4.9978e-01 -3.3846e+00 +8.6542e-01 -1.9838e+00 -3.7185e+00 -2.0631e+00 +4.1574e+00 -3.6964e+00 +2.5343e+00 -1.7388e+00 -3.7151e+00 +3.9032e+00 +7.4117e-01 -3.6261e+00 -3.6409e+00
5251 +3.262624560e+01 +3.262624560e+01 +1.043162456e+02 +1.043162456e+02 +2.3219e+00 +4.3101e+00 -2.0162e+00 -3.1003e+00 +4.8868e+00 -4.2939e-01 -2.4641e+00 +2.9591e+00 -4.1388e-01 -2.0776e+00 -6.1902e-01 -1.3661e+00 -1.6520e+00 -6.6448e-02 +1.8174e+00 +1.1658e+00 -4.5154e-01 -4.0740e+00 +9.1102e-01 -1.1341e+00
16549 +2.396931772e+01 +2.396931772e+01 +9.565931772e+01 +9.565931772e+01 -2.8849e-01 -3.0153e-01 +1.8415e+00 +3.4928e+00 +4.5183e+00 +3.7480e+00 -2.0204e+00 -3.2650e+00 -2.5765e+00 -2.6828e+00 +3.0753e+00 -2.3048e+00 +3.8512e-01 +2.3374e+00 +1.1014e+00 +3.6252e-01 +1.8094e+00 +3.3897e+00 +3.4340e-01 +2.6521e+00
65626 +1.562887483e+01 +1.562887483e+01 +8.731887483e+01 +8.731887483e+01 -1.2147e+00 -1.6992e+00 -4.8860e+00 -2.8308e+00 +1.1872e+00 -2.8569e+00 +1.1346e+00 -1.6695e-01 -3.2801e+00 +2.8825e+00 +3.6741e+00 +2.6219e+00 +4.1746e+00 +4.1541e+00 -2.9477e+00 -2.5060e+00 +5.8423e-01 -8.3441e-01 -7.8995e-01 -1.4741e-01
% function evaluation | noise-free fitness - Fopt (2.140100000000e+02) | best noise-free fitness - Fopt | measured fitness | best measured fitness | x1 | x2...
1 +4.457747593e+01 +4.457747593e+01 +2.585874759e+02 +2.585874759e+02 -1.9836e+00 -6.2449e-03 +2.7533e+00 +3.8769e+00 +1.7275e+00 +1.3617e+00 -1.9404e+00 -6.5130e-01 -3.2087e+00 +7.5469e-01 +1.2333e+00 +2.7796e+00 -2.8463e+00 +1.9960e+00 +4.9747e+00 -1.7023e+00 -4.9345e+00 +2.4194e+00 -1.4392e+00 +2.7041e+00
22 +2.830095933e+01 +2.830095933e+01 +2.423109593e+02 +2.423109593e+02 -1.7910e+00 +2.0251e-01 +2.6115e+00 +3.1620e+00 +1.2676e+00 +1.4193e+00 -1.6266e+00 -7.0674e-01 -3.1165e+00 +5.7936e-01 +1.5057e+00 +2.5789e+00 -2.3947e+00 +1.7585e+00 +4.3118e+00 -1.6964e+00 -3.9345e+00 +3.3830e+00 -1.0006e+00 +2.0805e+00
36919 +2.304789541e+01 +2.304789541e+01 +2.370578954e+02 +2.370578954e+02 -1.9439e+00 -2.6225e+00 +1.3746e+00 +4.0586e+00 -1.9268e+00 +9.2238e-01 +1.4544e+00 -1.6757e+00 +2.8537e+00 -1.9637e+00 -1.7126e+00 -2.9029e+00 -2.7421e+00 -1.7274e+00 -4.1393e+00 +2.5164e+00 -1.9456e+00 -1.7751e+00 -1.0969e+00 -7.2822e-01
55777 +1.582854854e+01 +1.582854854e+01 +2.298385485e+02 +2.298385485e+02 -2.7004e+00 -2.4505e+00 +1.3652e+00 -1.5977e+00 -2.2493e+00 +4.1570e+00 +1.6685e+00 -1.7753e-01 -2.1722e+00 -2.8858e-01 -1.2478e+00 -4.0529e+00 -2.7055e+00 +2.4373e+00 -3.0838e-01 -3.1132e+00 +1.4796e+00 -1.2069e+00 +1.4603e+00 -3.7409e-01
% function evaluation | noise-free fitness - Fopt (-5.848000000000e+01) | best noise-free fitness - Fopt | measured fitness | best measured fitness | x1 | x2...
1 +5.608449125e+01 +5.608449125e+01 -2.395508746e+00 -2.395508746e+00 -4.5768e+00 -1.7692e+00 -4.2817e+00 +4.0562e+00 +2.9303e+00 +1.9393e+00 +4.3393e+00 -4.5813e+00 +1.2267e+00 +4.3958e+00 +6.5924e-01 -1.8598e+00 +3.0536e+00 +4.9115e+00 +4.2751e+00 +2.0292e+00 +8.0543e-01 +5.7684e-01 +3.2830e+00 +3.9147e+00
3991 +3.200078316e+01 +3.200078316e+01 -2.647921684e+01 -2.647921684e+01 -6.4809e-01 +2.5916e+00 -6.5232e-01 +6.1620e-01 -4.3473e+00 -7.2543e-01 -3.4474e+00 -2.2203e-01 -4.3405e+00 -2.1678e+00 +3.7395e+00 -4.0547e+00 +1.7116e+00 -4.0366e+00 -4.9386e-01 +3.8508e+00 -2.0347e+00 -1.4530e+00 +3.6276e-01 +1.7312e+00
13819 +2.290493154e+01 +2.290493154e+01 -3.557506846e+01 -3.557506846e+01 -3.7644e+00 +3.0288e+00 +1.6730e+00 -2.7552e+00 +2.0944e+00 +2.7996e+00 +3.0050e+00 -3.4106e+00 -2.2184e+00 -2.6222e-01 +4.0638e+00 -1.0617e+00 -2.4881e-01 +4.6534e-01 +3.7946e+00 +4.3609e-01 +8.2585e-02 +7.5657e-01 +9.7877e-01 -1.5581e+00
192004 +1.568848101e+01 +1.568848101e+01 -4.279151899e+01 -4.279151899e+01 +3.0802e-01 +9.5923e-01 +2.2307e+00 +2.3854e+00 -2.1603e+00 +6.8527e-01 +2.7345e+00 -3.8448e-01 -4.2113e+00 -5.7329e-02 +2.0038e+00 -2.5279e+00 -4.4202e+00 +4.2909e+00 -5.5648e-01 -2.5191e+00 +2.2520e+00 +4.5374e+00 -1.4453e+00 +2.0901e+00
192655 +9.961440364e+00 +9.961440364e+00 -4.851855964e+01 -4.851855964e+01 +3.0921e-01 +9.5979e-01 +2.2305e+00 +2.3863e+00 -2.1605e+00 +6.8979e-01 +2.7327e+00 -3.8673e-01 -4.2083e+00 -5.6122e-02 +2.0053e+00 -2.5278e+00 -4.4223e+00 +4.2907e+00 -5.5904e-01 -2.5216e+00 +2.2515e+00 +4.5367e+00 -1.4448e+00 +2.0883e+00
% function evaluation | noise-free fitness - Fopt (-6.130800000000e+02) | best noise-free fitness - Fopt | measured fitness | best measured fitness | x1 | x2...
1 +7.582784913e+01 +7.582784913e+01 -5.372521509e+02 -5.372521509e+02 -3.3195e+00 -4.0670e+00 -1.1544e+00 -3.5754e+00 +2.4421e+00 +2.9068e+00 +4.6229e+00 -4.0043e+00 -1.2319e+00 -2.5783e+00 +1.8787e+00 +2.1498e+00 +2.5422e+00 +4.2292e+00 -7.9560e-01 -3.1540e+00 +1.6729e+00 -4.5415e+00 +3.8646e+00 -8.1663e-01
2332 +6.087509837e+01 +6.087509837e+01 -5.522049016e+02 -5.522049016e+02 +3.7161e-01 +1.0785e-01 +1.9682e+00 +3.8523e+00 -1.9997e+00 -2.0499e+00 +3.8094e+00 -4.3788e+00 +2.9332e+00 +4.2002e+00 +1.8356e+00 +3.3168e+00 +2.5116e+00 +3.0181e+00 +2.3613e+00 -2.3362e+00 -2.7031e+00 +4.7246e+00 +4.4292e+00 -3.9334e-01
4978 +3.594821441e+01 +3.594821441e+01 -5.771317856e+02 -5.771317856e+02 -2.9607e+00 -8.4050e-02 -2.0409e+00 +4.1290e+00 +2.3435e+00 -3.0649e+00 -7.7838e-01 -1.1018e+00 +1.6932e+00 -4.5261e+00 -1.1541e+00 +6.1413e-01 +1.9152e+00 +2.9572e+00 -2.8819e-01 -3.5700e+00 -1.2464e+00 +4.8061e+00 +2.8271e-01 +2.6047e+00
6574 +2.475037132e+01 +2.475037132e+01 -5.883296287e+02 -5.883296287e+02 -2.9876e+00 -7.0806e-02 -2.0330e+00 +4.1115e+00 +2.3409e+00 -3.0498e+00 -7.8584e-01 -1.1019e+00 +1.7057e+00 -4.5293e+00 -1.1746e+00 +6.1115e-01 +1.8916e+00 +2.9629e+00 -2.7650e-01 -3.5664e+00 -1.2703e+00 +4.8006e+00 +2.9290e-01 +2.5894e+00
204709 +1.577335163e+01 +1.577335163e+01 -5.973066484e+02 -5.973066484e+02 -4.4179e+00 +2.8310e+00 +6.3473e-01 +2.7782e+00 +2.8331e+00 -6.0942e-02 +2.6148e+00 -1.9354e+00 +1.7396e+00 +6.5183e-01 -3.6627e+00 +1.6455e+00 -1.9204e+00 +2.6981e+00 +9.5979e-01 +4.5345e+00 -6.3189e-01 -2.7596e+00 -3.9364e+00 +2.9700e+00
% function evaluation | noise-free fitness - Fopt (-5.848000000000e+01) | best noise-free fitness - Fopt | measured fitness | best measured fitness | x1 | x2...
1 +8.137216189e+01 +8.137216189e+01 +2.289216189e+01 +2.289216189e+01 +4.3590e+00 +3.9751e+00 -2.8320e+00 +4.5493e+00 -1.4792e+00 -4.0881e+00 -4.5806e+00 +4.0797e+00 +1.0184e+00 +4.1343e+00 +3.6355e-02 +3.0789e+00 +3.9089e+00 -1.7188e+00 -1.4398e+00 +1.8962e+00 -8.8530e-01 +3.2474e+00 +5.2407e-01 +4.2749e+00
3256 +6.036408627e+01 +6.036408627e+01 +1.884086268e+00 +1.884086268e+00 +1.4410e+00 -3.5813e+00 +1.5350e+00 +3.2374e+00 +2.7310e+00 +2.1904e+00 -3.7413e+00 -4.8228e+00 -2.3325e+00 +2.4716e+00 +6.3896e-01 -1.7065e+00 +3.2622e+00 -3.5230e+00 -4.6217e+00 +4.5339e+00 -1.2916e+00 -4.3950e+00 -2.1445e+00 +2.4112e+00
5419 +3.295007323e+01 +3.295007323e+01 -2.552992677e+01 -2.552992677e+01 -3.5967e+00 -1.6223e+00 +3.8308e+00 -3.7214e+00 +9.4100e-01 +1.9878e+00 -1.5745e+00 +1.9221e+00 -3.6187e+00 -1.3105e+00 +9.6980e-01 +3.7305e+00 -1.6946e+00 -1.6516e+00 +4.3001e+00 +1.8688e+00 -3.7222e+00 +1.9346e+00 +1.8139e+00 +1.0512e+00
11866 +2.511369697e+01 +2.511369697e+01 -3.336630303e+01 -3.336630303e+01 -2.5006e+00 -8.2163e-01 -3.0124e+00 +4.4690e+00 -1.2826e+00 -3.9923e+00 -1.8426e+00 -4.5310e-01 -7.1510e-01 +2.2692e+00 -8.9040e-02 -4.3220e+00 +1.7246e+00 -2.6250e+00 +2.1580e-01 -6.9383e-01 -4.0442e-01 -2.8142e+00 -3.1208e-01 -4.3584e+00
168757 +1.561421139e+01 +1.561421139e+01 -4.286578861e+01 -4.286578861e+01 -2.2839e+00 +1.0159e+00 +3.7926e+00 +1.3629e+00 -2.0926e-01 -6.0194e-01 +1.0885e+00 -3.5318e+00 +4.1754e-01 +7.0569e-01 -2.4205e+00 +2.2796e+00 -1.7112e+00 +2.4181e+00 +1.0452e+00 -3.7183e+00 +5.7849e-01 +5.5138e-01 +2.2906e+00 +3.5194e+00
% function evaluation | noise-free fitness - Fopt (-6.130800000000e+02) | best noise-free fitness - Fopt | measured fitness | best measured fitness | x1 | x2...
1 +4.018715388e+01 +4.018715388e+01 -5.728928461e+02 -5.728928461e+02 +4.0572e+00 -4.7038e-01 +2.7111e+00 -4.5806e+00 -4.4135e+00 -2.9259e+00 -1.9346e-01 +1.1142e+00 -4.1507e+00 -2.0745e+00 -3.8587e+00 -3.1450e+00 +2.5669e+00 +2.6582e+00 +2.8466e+00 +1.7769e+00 +2.1684e+00 +2.4879e+00 +2.7502e+00 -1.5501e+00
64 +3.725657470e+01 +3.725657470e+01 -5.758234253e+02 -5.758234253e+02 +4.0985e+00 -5.1771e-01 +2.7650e+00 -4.6515e+00 -4.3933e+00 -2.9468e+00 -2.5686e-01 +1.0689e+00 -4.0683e+00 -1.9783e+00 -3.8455e+00 -3.1590e+00 +2.5212e+00 +2.7264e+00 +2.8362e+00 +1.7756e+00 +2.2145e+00 +2.5405e+00 +2.6959e+00 -1.5481e+00
2416 +2.339852832e+01 +2.339852832e+01 -5.896814717e+02 -5.896814717e+02 -2.9238e+00 +2.6268e+00 +5.7406e-01 +1.9024e+00 -7.1691e-01 +2.5391e+00 -4.5314e+00 +2.0317e+00 -3.4753e+00 -3.5902e-01 +3.8998e+00 -4.1066e+00 +1.6879e+00 -1.4533e+00 +2.3371e-01 +1.6267e+00 +4.8332e-01 +1.3929e+00 +3.2766e+00 -2.8813e+00
89461 +1.545377797e+01 +1.545377797e+01 -5.976262220e+02 -5.976262220e+02 +2.5944e-01 -2.6391e-01 -1.9948e+00 -2.9657e+00 -3.4193e+00 +3.9334e-01 -4.7004e-01 +1.3934e+00 +4.9521e-01 +3.8763e+00 -1.4652e-01 -6.5589e-01 -4.5797e+00 +3.2486e+00 +1.3031e+00 +2.8161e+00 -1.1356e+00 -1.3125e+00 +2.0451e+00 +7.7410e-01
211387 +9.831937853e+00 +9.831937853e+00 -6.032480621e+02 -6.032480621e+02 -5.0207e-02 +2.0093e+00 +7.3576e-01 +2.1120e+00 +1.6687e-01 -2.5880e+00 +6.0711e-01 -1.1670e+00 +6.6517e-01 +1.4698e+00 -4.9709e+00 -1.4760e+00 +3.3026e+00 +4.6752e-01 -4.0964e-01 +6.1027e-01 +1.2358e+00 -1.6998e+00 -2.5584e+00 -2.8108e+00
