% f evaluations | g evaluations | best noise-free fitness - Fopt | noise-free fitness - Fopt (3.590000000000e+001) | measured fitness | best measured fitness | x1 | x2...
1 0 +7.571031958e+001 +7.571031958e+001 +1.116103196e+002 +1.116103196e+002 +5.4968e-001 +6.7750e-001 -2.0540e+000
2 0 +4.204476933e+001 +4.204476933e+001 +7.794476933e+001 +7.794476933e+001 +1.1412e+000 +7.6630e-001 -6.8894e-001
7 0 +4.095438639e+001 +4.095438639e+001 +7.685438639e+001 +7.685438639e+001 +1.0612e+000 +6.8005e-002 -4.7508e-001
13 0 +3.244087702e+001 +3.244087702e+001 +6.834087702e+001 +6.834087702e+001 +1.0910e+000 +7.1490e-001 -3.0884e-001
23 0 +2.399251128e+001 +2.399251128e+001 +5.989251128e+001 +5.989251128e+001 +2.2015e+000 +1.1575e-001 +4.2274e-001
26 0 +1.233291544e+001 +1.233291544e+001 +4.823291544e+001 +4.823291544e+001 +1.4910e+000 +1.0632e+000 +8.6295e-001
104 0 +1.195441927e+001 +1.195441927e+001 +4.785441927e+001 +4.785441927e+001 +2.2628e+000 +1.2658e+000 +1.0365e+000
143 0 +1.210368531e+000 +1.210368531e+000 +3.711036853e+001 +3.711036853e+001 +2.9440e+000 +1.3951e+000 +2.3239e+000
757 0 +8.377001860e-001 +8.377001860e-001 +3.673770019e+001 +3.673770019e+001 +3.0648e+000 +5.3931e-001 +2.5298e+000
2288 0 +1.393845178e-001 +1.393845178e-001 +3.603938452e+001 +3.603938452e+001 +2.9274e+000 +9.6179e-001 +2.5779e+000
3411 0 +9.803819603e-002 +9.803819603e-002 +3.599803820e+001 +3.599803820e+001 +2.7708e+000 +1.0212e+000 +2.5026e+000
3735 0 +1.080262308e-002 +1.080262308e-002 +3.591080262e+001 +3.591080262e+001 +2.7675e+000 +1.1282e+000 +2.5521e+000
4349 0 +4.675853060e-003 +4.675853060e-003 +3.590467585e+001 +3.590467585e+001 +2.8076e+000 +1.0759e+000 +2.5952e+000
7381 0 +3.280590053e-003 +3.280590053e-003 +3.590328059e+001 +3.590328059e+001 +2.7869e+000 +1.0883e+000 +2.5820e+000
7682 0 +2.471664642e-003 +2.471664642e-003 +3.590247166e+001 +3.590247166e+001 +2.7751e+000 +1.1032e+000 +2.5752e+000
8063 0 +1.555317392e-003 +1.555317392e-003 +3.590155532e+001 +3.590155532e+001 +2.7811e+000 +1.1108e+000 +2.5774e+000
8943 0 +1.530541524e-003 +1.530541524e-003 +3.590153054e+001 +3.590153054e+001 +2.7775e+000 +1.1184e+000 +2.5756e+000
9322 0 +4.553896871e-004 +4.553896871e-004 +3.590045539e+001 +3.590045539e+001 +2.7868e+000 +1.1042e+000 +2.5879e+000
9683 0 +2.705690463e-004 +2.705690463e-004 +3.590027057e+001 +3.590027057e+001 +2.7811e+000 +1.1139e+000 +2.5833e+000
10763 0 +1.341511991e-004 +1.341511991e-004 +3.590013415e+001 +3.590013415e+001 +2.7850e+000 +1.1099e+000 +2.5874e+000
11637 0 +9.634750703e-005 +9.634750703e-005 +3.590009635e+001 +3.590009635e+001 +2.7803e+000 +1.1137e+000 +2.5847e+000
12085 0 +5.347061114e-005 +5.347061114e-005 +3.590005347e+001 +3.590005347e+001 +2.7826e+000 +1.1111e+000 +2.5868e+000
12303 0 +4.739911673e-005 +4.739911673e-005 +3.590004740e+001 +3.590004740e+001 +2.7827e+000 +1.1120e+000 +2.5866e+000
12457 0 +4.240722637e-005 +4.240722637e-005 +3.590004241e+001 +3.590004241e+001 +2.7822e+000 +1.1138e+000 +2.5862e+000
12577 0 +1.554383182e-005 +1.554383182e-005 +3.590001554e+001 +3.590001554e+001 +2.7816e+000 +1.1126e+000 +2.5868e+000
13153 0 +1.246214879e-005 +1.246214879e-005 +3.590001246e+001 +3.590001246e+001 +2.7807e+000 +1.1135e+000 +2.5864e+000
13548 0 +8.584542201e-006 +8.584542201e-006 +3.590000858e+001 +3.590000858e+001 +2.7819e+000 +1.1130e+000 +2.5869e+000
13646 0 +8.369537532e-006 +8.369537532e-006 +3.590000837e+001 +3.590000837e+001 +2.7817e+000 +1.1137e+000 +2.5867e+000
13841 0 +7.800266182e-006 +7.800266182e-006 +3.590000780e+001 +3.590000780e+001 +2.7819e+000 +1.1133e+000 +2.5869e+000
14117 0 +5.201784589e-006 +5.201784589e-006 +3.590000520e+001 +3.590000520e+001 +2.7817e+000 +1.1132e+000 +2.5869e+000
14244 0 +3.784981132e-006 +3.784981132e-006 +3.590000378e+001 +3.590000378e+001 +2.7818e+000 +1.1133e+000 +2.5870e+000
14436 0 +3.257798440e-006 +3.257798440e-006 +3.590000326e+001 +3.590000326e+001 +2.7818e+000 +1.1138e+000 +2.5870e+000
14611 0 +4.091532659e-007 +4.091532659e-007 +3.590000041e+001 +3.590000041e+001 +2.7816e+000 +1.1136e+000 +2.5871e+000
15722 0 +3.798327413e-007 +3.798327413e-007 +3.590000038e+001 +3.590000038e+001 +2.7816e+000 +1.1134e+000 +2.5872e+000
17217 0 +3.620542586e-007 +3.620542586e-007 +3.590000036e+001 +3.590000036e+001 +2.7816e+000 +1.1135e+000 +2.5871e+000
17483 0 +2.843189293e-007 +2.843189293e-007 +3.590000028e+001 +3.590000028e+001 +2.7817e+000 +1.1134e+000 +2.5872e+000
17666 0 +1.028584720e-007 +1.028584720e-007 +3.590000010e+001 +3.590000010e+001 +2.7817e+000 +1.1135e+000 +2.5872e+000
18069 0 +7.940489866e-008 +7.940489866e-008 +3.590000008e+001 +3.590000008e+001 +2.7817e+000 +1.1136e+000 +2.5872e+000
18202 0 +7.225023069e-008 +7.225023069e-008 +3.590000007e+001 +3.590000007e+001 +2.7816e+000 +1.1136e+000 +2.5872e+000
19432 0 +5.280313076e-009 +5.280313076e-009 +3.590000001e+001 +3.590000001e+001 +2.7816e+000 +1.1136e+000 +2.5872e+000
33941 0 +0.000000000e+000 +0.000000000e+000 +3.590000000e+001 +3.590000000e+001 +2.7816e+000 +1.1136e+000 +2.5872e+000
% f evaluations | g evaluations | best noise-free fitness - Fopt | noise-free fitness - Fopt (3.137000000000e+001) | measured fitness | best measured fitness | x1 | x2...
1 0 +8.385204401e+001 +8.385204401e+001 +1.152220440e+002 +1.152220440e+002 +9.7204e-001 -3.2326e-001 -1.6632e-001
2 0 +6.796028218e+001 +6.796028218e+001 +9.933028218e+001 +9.933028218e+001 +9.8412e-001 +3.1957e+000 -2.9782e-001
5 0 +3.658216479e+001 +3.658216479e+001 +6.795216479e+001 +6.795216479e+001 -2.7593e-001 +1.2239e-001 -9.0408e-001
8 0 +2.321729255e+001 +2.321729255e+001 +5.458729255e+001 +5.458729255e+001 -8.2513e-001 -3.6176e-001 -1.3650e+000
190 0 +1.047013061e+001 +1.047013061e+001 +4.184013061e+001 +4.184013061e+001 -5.3992e-001 +2.9243e+000 -2.3699e+000
461 0 +8.914817373e+000 +8.914817373e+000 +4.028481737e+001 +4.028481737e+001 +7.1479e-001 +2.8071e+000 -3.3283e+000
491 0 +1.853862634e+000 +1.853862634e+000 +3.322386263e+001 +3.322386263e+001 -4.7107e-001 +1.2590e+000 -3.2260e+000
964 0 +1.368734663e+000 +1.368734663e+000 +3.273873466e+001 +3.273873466e+001 -7.9706e-002 +2.4437e+000 -3.7883e+000
1331 0 +5.070896717e-001 +5.070896717e-001 +3.187708967e+001 +3.187708967e+001 -3.3200e-001 +1.8505e+000 -3.5348e+000
2533 0 +3.245097746e-001 +3.245097746e-001 +3.169450977e+001 +3.169450977e+001 -3.4776e-001 +1.6636e+000 -3.6338e+000
2779 0 +2.886879026e-001 +2.886879026e-001 +3.165868790e+001 +3.165868790e+001 -2.8873e-001 +1.9885e+000 -3.6635e+000
2982 0 +1.514274827e-001 +1.514274827e-001 +3.152142748e+001 +3.152142748e+001 -2.8624e-001 +1.8439e+000 -3.7203e+000
4137 0 +1.480159066e-001 +1.480159066e-001 +3.151801591e+001 +3.151801591e+001 -1.4669e-001 +2.0521e+000 -3.8683e+000
4717 0 +9.074566306e-002 +9.074566306e-002 +3.146074566e+001 +3.146074566e+001 -2.4819e-001 +2.0249e+000 -3.8123e+000
4724 0 +8.019587574e-002 +8.019587574e-002 +3.145019588e+001 +3.145019588e+001 -1.2501e-001 +1.9743e+000 -3.9599e+000
4827 0 +5.521658270e-002 +5.521658270e-002 +3.142521658e+001 +3.142521658e+001 -2.9981e-001 +1.8984e+000 -3.7766e+000
4946 0 +5.222479897e-002 +5.222479897e-002 +3.142222480e+001 +3.142222480e+001 -1.9625e-001 +1.9794e+000 -3.8759e+000
5482 0 +2.415371938e-002 +2.415371938e-002 +3.139415372e+001 +3.139415372e+001 -2.6961e-001 +1.8943e+000 -3.8292e+000
5638 0 +2.113376027e-002 +2.113376027e-002 +3.139113376e+001 +3.139113376e+001 -2.2936e-001 +1.9574e+000 -3.8816e+000
5869 0 +1.098987913e-002 +1.098987913e-002 +3.138098988e+001 +3.138098988e+001 -2.2279e-001 +1.9309e+000 -3.9095e+000
6047 0 +8.366971240e-003 +8.366971240e-003 +3.137836697e+001 +3.137836697e+001 -2.5055e-001 +1.9291e+000 -3.8780e+000
6679 0 +7.004989795e-003 +7.004989795e-003 +3.137700499e+001 +3.137700499e+001 -2.4181e-001 +1.9073e+000 -3.8909e+000
6906 0 +6.174512563e-003 +6.174512563e-003 +3.137617451e+001 +3.137617451e+001 -2.6671e-001 +1.9174e+000 -3.8650e+000
6924 0 +4.621949634e-003 +4.621949634e-003 +3.137462195e+001 +3.137462195e+001 -2.4905e-001 +1.9143e+000 -3.8869e+000
7074 0 +1.580840320e-003 +1.580840320e-003 +3.137158084e+001 +3.137158084e+001 -2.6615e-001 +1.9084e+000 -3.8781e+000
7555 0 +1.506082804e-003 +1.506082804e-003 +3.137150608e+001 +3.137150608e+001 -2.6554e-001 +1.9042e+000 -3.8780e+000
7734 0 +9.039425492e-004 +9.039425492e-004 +3.137090394e+001 +3.137090394e+001 -2.7237e-001 +1.8959e+000 -3.8748e+000
7989 0 +1.233305570e-004 +1.233305570e-004 +3.137012333e+001 +3.137012333e+001 -2.7088e-001 +1.8965e+000 -3.8821e+000
8085 0 +4.909489833e-005 +4.909489833e-005 +3.137004909e+001 +3.137004909e+001 -2.7025e-001 +1.8979e+000 -3.8841e+000
10577 0 +2.981427468e-005 +2.981427468e-005 +3.137002981e+001 +3.137002981e+001 -2.7217e-001 +1.8961e+000 -3.8826e+000
11084 0 +2.395733700e-005 +2.395733700e-005 +3.137002396e+001 +3.137002396e+001 -2.7122e-001 +1.8968e+000 -3.8836e+000
12385 0 +1.570614288e-005 +1.570614288e-005 +3.137001571e+001 +3.137001571e+001 -2.7078e-001 +1.8976e+000 -3.8846e+000
12554 0 +9.419129622e-006 +9.419129622e-006 +3.137000942e+001 +3.137000942e+001 -2.7130e-001 +1.8977e+000 -3.8841e+000
13025 0 +5.418932410e-006 +5.418932410e-006 +3.137000542e+001 +3.137000542e+001 -2.7156e-001 +1.8969e+000 -3.8839e+000
13047 0 +4.841525335e-006 +4.841525335e-006 +3.137000484e+001 +3.137000484e+001 -2.7211e-001 +1.8966e+000 -3.8834e+000
13109 0 +4.170944585e-006 +4.170944585e-006 +3.137000417e+001 +3.137000417e+001 -2.7192e-001 +1.8969e+000 -3.8836e+000
13183 0 +2.706332538e-006 +2.706332538e-006 +3.137000271e+001 +3.137000271e+001 -2.7171e-001 +1.8972e+000 -3.8840e+000
13569 0 +1.283886085e-006 +1.283886085e-006 +3.137000128e+001 +3.137000128e+001 -2.7202e-001 +1.8967e+000 -3.8838e+000
13823 0 +3.639854462e-007 +3.639854462e-007 +3.137000036e+001 +3.137000036e+001 -2.7194e-001 +1.8968e+000 -3.8839e+000
15494 0 +2.916417472e-007 +2.916417472e-007 +3.137000029e+001 +3.137000029e+001 -2.7196e-001 +1.8969e+000 -3.8839e+000
15987 0 +1.949474040e-007 +1.949474040e-007 +3.137000019e+001 +3.137000019e+001 -2.7202e-001 +1.8967e+000 -3.8839e+000
16247 0 +1.026528835e-007 +1.026528835e-007 +3.137000010e+001 +3.137000010e+001 -2.7194e-001 +1.8968e+000 -3.8840e+000
16842 0 +5.718690232e-008 +5.718690232e-008 +3.137000006e+001 +3.137000006e+001 -2.7195e-001 +1.8968e+000 -3.8840e+000
17043 0 +2.561427337e-008 +2.561427337e-008 +3.137000003e+001 +3.137000003e+001 -2.7198e-001 +1.8968e+000 -3.8840e+000
18148 0 +1.740075106e-008 +1.740075106e-008 +3.137000002e+001 +3.137000002e+001 -2.7199e-001 +1.8968e+000 -3.8840e+000
18316 0 +7.045855455e-009 +7.045855455e-009 +3.137000001e+001 +3.137000001e+001 -2.7199e-001 +1.8968e+000 -3.8840e+000
33874 0 +0.000000000e+000 +0.000000000e+000 +3.137000000e+001 +3.137000000e+001 -2.7200e-001 +1.8968e+000 -3.8840e+000
% f evaluations | g evaluations | best noise-free fitness - Fopt | noise-free fitness - Fopt (-1.000000000000e+003) | measured fitness | best measured fitness | x1 | x2...
1 0 +3.463529104e+004 +3.463529104e+004 +3.363529104e+004 +3.363529104e+004 -5.0218e-001 -4.9907e-001 +3.7832e-001
2 0 +2.571116354e+004 +2.571116354e+004 +2.471116354e+004 +2.471116354e+004 -6.4867e-001 -1.0156e+000 +9.4168e-001
20 0 +2.282576059e+004 +2.282576059e+004 +2.182576059e+004 +2.182576059e+004 +3.3427e-001 -1.4433e+000 +8.0273e-001
26 0 +1.625041368e+004 +1.625041368e+004 +1.525041368e+004 +1.525041368e+004 -1.3810e+000 -1.1649e+000 +5.6789e-001
38 0 +1.254232002e+004 +1.254232002e+004 +1.154232002e+004 +1.154232002e+004 -2.2027e+000 -1.0519e+000 +6.6344e-001
46 0 +1.018089074e+004 +1.018089074e+004 +9.180890744e+003 +9.180890744e+003 -9.5821e-001 -1.7421e+000 +1.0739e+000
116 0 +6.660293857e+003 +6.660293857e+003 +5.660293857e+003 +5.660293857e+003 -2.0978e+000 -2.8742e+000 +1.4450e+000
199 0 +2.397078017e+002 +2.397078017e+002 -7.602921983e+002 -7.602921983e+002 -2.0130e+000 -2.7769e+000 +2.0232e+000
213 0 +2.081728636e+001 +2.081728636e+001 -9.791827136e+002 -9.791827136e+002 -3.6937e+000 -4.2545e+000 +3.4636e+000
4140 0 +1.712176201e+001 +1.712176201e+001 -9.828782380e+002 -9.828782380e+002 -2.8997e+000 -5.6513e+000 +5.9842e+000
4402 0 +1.285527532e+001 +1.285527532e+001 -9.871447247e+002 -9.871447247e+002 -2.4124e+000 -4.8247e+000 +3.1845e+000
4901 0 +1.033819295e+001 +1.033819295e+001 -9.896618070e+002 -9.896618070e+002 -2.4764e+000 -5.1070e+000 +4.6961e+000
5325 0 +8.724852404e+000 +8.724852404e+000 -9.912751476e+002 -9.912751476e+002 -2.5969e+000 -4.1855e+000 +4.1191e+000
5433 0 +8.175263335e+000 +8.175263335e+000 -9.918247367e+002 -9.918247367e+002 -1.4628e+000 -5.0492e+000 +3.6264e+000
5497 0 +7.895853373e+000 +7.895853373e+000 -9.921041466e+002 -9.921041466e+002 -2.1967e+000 -5.0373e+000 +4.5931e+000
5649 0 +4.365383467e+000 +4.365383467e+000 -9.956346165e+002 -9.956346165e+002 -1.6739e+000 -3.7852e+000 +3.8636e+000
5795 0 +2.791912404e+000 +2.791912404e+000 -9.972080876e+002 -9.972080876e+002 -1.0695e+000 -4.4087e+000 +3.7445e+000
5966 0 +2.203889603e+000 +2.203889603e+000 -9.977961104e+002 -9.977961104e+002 -1.0344e+000 -4.1885e+000 +3.5960e+000
6237 0 +2.001127669e+000 +2.001127669e+000 -9.979988723e+002 -9.979988723e+002 -7.7487e-001 -4.1472e+000 +3.4040e+000
6823 0 +1.386958374e+000 +1.386958374e+000 -9.986130416e+002 -9.986130416e+002 -1.0270e+000 -3.6954e+000 +3.0986e+000
6918 0 +1.366540112e+000 +1.366540112e+000 -9.986334599e+002 -9.986334599e+002 -9.6732e-001 -3.7615e+000 +3.4717e+000
7347 0 +8.671207441e-001 +8.671207441e-001 -9.991328793e+002 -9.991328793e+002 -8.5173e-001 -3.5225e+000 +2.9907e+000
7684 0 +5.448066057e-001 +5.448066057e-001 -9.994551934e+002 -9.994551934e+002 -6.9700e-001 -3.5033e+000 +3.0243e+000
8478 0 +4.866800251e-001 +4.866800251e-001 -9.995133200e+002 -9.995133200e+002 -6.7636e-001 -3.4698e+000 +3.0140e+000
8861 0 +4.378898094e-001 +4.378898094e-001 -9.995621102e+002 -9.995621102e+002 -6.0558e-001 -3.6362e+000 +3.1967e+000
9359 0 +4.005228740e-001 +4.005228740e-001 -9.995994771e+002 -9.995994771e+002 -5.7512e-001 -3.6348e+000 +3.0967e+000
9469 0 +3.199579130e-001 +3.199579130e-001 -9.996800421e+002 -9.996800421e+002 -5.1283e-001 -3.4713e+000 +3.1071e+000
9512 0 +1.947840484e-001 +1.947840484e-001 -9.998052160e+002 -9.998052160e+002 -3.9077e-001 -3.4669e+000 +3.0828e+000
9818 0 +1.254901317e-001 +1.254901317e-001 -9.998745099e+002 -9.998745099e+002 -3.5127e-001 -3.4929e+000 +3.0240e+000
9928 0 +4.010436585e-002 +4.010436585e-002 -9.999598956e+002 -9.999598956e+002 -2.8738e-001 -3.4039e+000 +2.8764e+000
11893 0 +2.803742119e-002 +2.803742119e-002 -9.999719626e+002 -9.999719626e+002 -2.4178e-001 -3.4101e+000 +2.8715e+000
12259 0 +2.742239896e-002 +2.742239896e-002 -9.999725776e+002 -9.999725776e+002 -2.5320e-001 -3.3777e+000 +2.9134e+000
13755 0 +2.679526410e-002 +2.679526410e-002 -9.999732047e+002 -9.999732047e+002 -2.6994e-001 -3.3937e+000 +2.9082e+000
13969 0 +2.313940884e-002 +2.313940884e-002 -9.999768606e+002 -9.999768606e+002 -2.4354e-001 -3.3974e+000 +2.8631e+000
14062 0 +9.115496976e-003 +9.115496976e-003 -9.999908845e+002 -9.999908845e+002 -2.3854e-001 -3.3493e+000 +2.8574e+000
14652 0 +6.202487089e-003 +6.202487089e-003 -9.999937975e+002 -9.999937975e+002 -2.2242e-001 -3.3303e+000 +2.8207e+000
15231 0 +3.435229136e-003 +3.435229136e-003 -9.999965648e+002 -9.999965648e+002 -2.0759e-001 -3.3535e+000 +2.8386e+000
15332 0 +1.846639456e-003 +1.846639456e-003 -9.999981534e+002 -9.999981534e+002 -2.0736e-001 -3.3417e+000 +2.8390e+000
16236 0 +1.411312393e-003 +1.411312393e-003 -9.999985887e+002 -9.999985887e+002 -2.0488e-001 -3.3381e+000 +2.8359e+000
16543 0 +8.857558369e-004 +8.857558369e-004 -9.999991142e+002 -9.999991142e+002 -2.0029e-001 -3.3329e+000 +2.8289e+000
17347 0 +5.006533474e-004 +5.006533474e-004 -9.999994993e+002 -9.999994993e+002 -1.9501e-001 -3.3361e+000 +2.8328e+000
18051 0 +4.888848027e-004 +4.888848027e-004 -9.999995111e+002 -9.999995111e+002 -1.9567e-001 -3.3323e+000 +2.8252e+000
18698 0 +2.116571599e-004 +2.116571599e-004 -9.999997883e+002 -9.999997883e+002 -1.9273e-001 -3.3318e+000 +2.8259e+000
18907 0 +1.567871427e-004 +1.567871427e-004 -9.999998432e+002 -9.999998432e+002 -1.9145e-001 -3.3345e+000 +2.8282e+000
19065 0 +5.632148293e-005 +5.632148293e-005 -9.999999437e+002 -9.999999437e+002 -1.8943e-001 -3.3309e+000 +2.8251e+000
21249 0 +5.268517634e-005 +5.268517634e-005 -9.999999473e+002 -9.999999473e+002 -1.8922e-001 -3.3322e+000 +2.8259e+000
22049 0 +4.491394577e-005 +4.491394577e-005 -9.999999551e+002 -9.999999551e+002 -1.8853e-001 -3.3319e+000 +2.8264e+000
22199 0 +3.368127966e-005 +3.368127966e-005 -9.999999663e+002 -9.999999663e+002 -1.8876e-001 -3.3308e+000 +2.8246e+000
22639 0 +3.262802534e-005 +3.262802534e-005 -9.999999674e+002 -9.999999674e+002 -1.8842e-001 -3.3316e+000 +2.8245e+000
22797 0 +3.023823285e-005 +3.023823285e-005 -9.999999698e+002 -9.999999698e+002 -1.8862e-001 -3.3308e+000 +2.8248e+000
22920 0 +1.988206157e-005 +1.988206157e-005 -9.999999801e+002 -9.999999801e+002 -1.8803e-001 -3.3314e+000 +2.8254e+000
23047 0 +1.441813959e-005 +1.441813959e-005 -9.999999856e+002 -9.999999856e+002 -1.8752e-001 -3.3308e+000 +2.8240e+000
23064 0 +4.753867870e-006 +4.753867870e-006 -9.999999952e+002 -9.999999952e+002 -1.8718e-001 -3.3308e+000 +2.8244e+000
25344 0 +2.272439474e-006 +2.272439474e-006 -9.999999977e+002 -9.999999977e+002 -1.8689e-001 -3.3305e+000 +2.8243e+000
26587 0 +1.256284349e-006 +1.256284349e-006 -9.999999987e+002 -9.999999987e+002 -1.8673e-001 -3.3307e+000 +2.8243e+000
27231 0 +7.719348787e-007 +7.719348787e-007 -9.999999992e+002 -9.999999992e+002 -1.8666e-001 -3.3306e+000 +2.8242e+000
27522 0 +6.904441534e-007 +6.904441534e-007 -9.999999993e+002 -9.999999993e+002 -1.8662e-001 -3.3305e+000 +2.8242e+000
27671 0 +6.708545470e-007 +6.708545470e-007 -9.999999993e+002 -9.999999993e+002 -1.8663e-001 -3.3305e+000 +2.8240e+000
28334 0 +2.745443908e-007 +2.745443908e-007 -9.999999997e+002 -9.999999997e+002 -1.8654e-001 -3.3305e+000 +2.8241e+000
29710 0 +1.832590897e-007 +1.832590897e-007 -9.999999998e+002 -9.999999998e+002 -1.8652e-001 -3.3305e+000 +2.8241e+000
30087 0 +1.474055580e-007 +1.474055580e-007 -9.999999999e+002 -9.999999999e+002 -1.8650e-001 -3.3305e+000 +2.8240e+000
30606 0 +6.776815553e-008 +6.776815553e-008 -9.999999999e+002 -9.999999999e+002 -1.8648e-001 -3.3304e+000 +2.8240e+000
30934 0 +4.287448974e-008 +4.287448974e-008 -1.000000000e+003 -1.000000000e+003 -1.8645e-001 -3.3304e+000 +2.8240e+000
32393 0 +3.776347057e-008 +3.776347057e-008 -1.000000000e+003 -1.000000000e+003 -1.8645e-001 -3.3304e+000 +2.8240e+000
32760 0 +3.089974143e-008 +3.089974143e-008 -1.000000000e+003 -1.000000000e+003 -1.8643e-001 -3.3304e+000 +2.8240e+000
32805 0 +2.281092293e-008 +2.281092293e-008 -1.000000000e+003 -1.000000000e+003 -1.8644e-001 -3.3304e+000 +2.8240e+000
32905 0 +1.975729447e-008 +1.975729447e-008 -1.000000000e+003 -1.000000000e+003 -1.8644e-001 -3.3304e+000 +2.8240e+000
33728 0 +1.906391844e-008 +1.906391844e-008 -1.000000000e+003 -1.000000000e+003 -1.8643e-001 -3.3304e+000 +2.8240e+000
33913 0 +1.293858531e-008 +1.293858531e-008 -1.000000000e+003 -1.000000000e+003 -1.8643e-001 -3.3304e+000 +2.8240e+000
34011 0 +1.237526703e-008 +1.237526703e-008 -1.000000000e+003 -1.000000000e+003 -1.8642e-001 -3.3304e+000 +2.8240e+000
34230 0 +1.094531399e-008 +1.094531399e-008 -1.000000000e+003 -1.000000000e+003 -1.8642e-001 -3.3304e+000 +2.8240e+000
34254 0 +7.755375009e-009 +7.755375009e-009 -1.000000000e+003 -1.000000000e+003 -1.8642e-001 -3.3304e+000 +2.8240e+000
54269 0 +0.000000000e+000 +0.000000000e+000 -1.000000000e+003 -1.000000000e+003 -1.8640e-001 -3.3304e+000 +2.8240e+000
% f evaluations | g evaluations | best noise-free fitness - Fopt | noise-free fitness - Fopt (1.319200000000e+002) | measured fitness | best measured fitness | x1 | x2...
1 0 +5.328599309e+004 +5.328599309e+004 +5.341791309e+004 +5.341791309e+004 +8.1800e-001 +1.7126e+000 -4.4011e-001
2 0 +3.740355627e+004 +3.740355627e+004 +3.753547627e+004 +3.753547627e+004 +2.0380e-002 -1.9903e+000 -1.4495e+000
6 0 +1.871027366e+004 +1.871027366e+004 +1.884219366e+004 +1.884219366e+004 +1.7752e+000 +1.1808e+000 -1.1328e+000
19 0 +1.610126614e+004 +1.610126614e+004 +1.623318614e+004 +1.623318614e+004 -1.5379e-001 +1.1928e+000 -1.6324e+000
81 0 +8.654793795e+003 +8.654793795e+003 +8.786713795e+003 +8.786713795e+003 +3.5767e-001 +5.4714e-001 -1.9022e+000
104 0 +1.574897927e+002 +1.574897927e+002 +2.894097927e+002 +2.894097927e+002 +2.9671e+000 +1.2166e+000 -5.0149e+000
120 0 +9.146104114e+001 +9.146104114e+001 +2.233810411e+002 +2.233810411e+002 +3.5988e-001 +6.8844e-001 -4.0561e+000
131 0 +7.798926856e+001 +7.798926856e+001 +2.099092686e+002 +2.099092686e+002 -5.2444e-001 -1.2030e-001 -4.6843e+000
163 0 +2.728739068e+001 +2.728739068e+001 +1.592073907e+002 +1.592073907e+002 -1.7583e+000 +1.0275e+000 -4.3075e+000
266 0 +1.263177766e+001 +1.263177766e+001 +1.445517777e+002 +1.445517777e+002 -2.3990e+000 +1.4612e+000 -4.6710e+000
429 0 +1.139412276e+001 +1.139412276e+001 +1.433141228e+002 +1.433141228e+002 -1.6995e+000 +2.9505e+000 -4.9476e+000
1016 0 +6.652297036e+000 +6.652297036e+000 +1.385722970e+002 +1.385722970e+002 -2.4361e+000 +2.2232e+000 -4.4100e+000
1624 0 +6.524960969e+000 +6.524960969e+000 +1.384449610e+002 +1.384449610e+002 -3.8524e+000 +7.0947e-001 -4.4688e+000
1806 0 +1.098760229e+000 +1.098760229e+000 +1.330187602e+002 +1.330187602e+002 -3.5626e+000 +1.8434e+000 -3.8300e+000
2354 0 +2.568279320e-001 +2.568279320e-001 +1.321768279e+002 +1.321768279e+002 -3.8349e+000 +1.9171e+000 -3.9416e+000
4742 0 +2.135556959e-001 +2.135556959e-001 +1.321335557e+002 +1.321335557e+002 -3.8440e+000 +1.8405e+000 -3.7928e+000
4937 0 +4.603119815e-002 +4.603119815e-002 +1.319660312e+002 +1.319660312e+002 -3.8839e+000 +1.9331e+000 -3.7679e+000
6690 0 +3.337611006e-002 +3.337611006e-002 +1.319533761e+002 +1.319533761e+002 -3.9486e+000 +1.8747e+000 -3.7531e+000
7333 0 +1.989750617e-002 +1.989750617e-002 +1.319398975e+002 +1.319398975e+002 -3.9675e+000 +1.8863e+000 -3.7551e+000
7894 0 +1.424356355e-002 +1.424356355e-002 +1.319342436e+002 +1.319342436e+002 -3.9376e+000 +1.9148e+000 -3.7304e+000
7972 0 +9.216044363e-003 +9.216044363e-003 +1.319292160e+002 +1.319292160e+002 -3.9846e+000 +1.8856e+000 -3.7362e+000
8548 0 +6.528478014e-003 +6.528478014e-003 +1.319265285e+002 +1.319265285e+002 -3.9678e+000 +1.8957e+000 -3.7026e+000
9077 0 +5.640045352e-003 +5.640045352e-003 +1.319256400e+002 +1.319256400e+002 -3.9706e+000 +1.8974e+000 -3.7240e+000
9574 0 +8.604194225e-004 +8.604194225e-004 +1.319208604e+002 +1.319208604e+002 -3.9767e+000 +1.9068e+000 -3.7054e+000
12160 0 +2.655307871e-004 +2.655307871e-004 +1.319202655e+002 +1.319202655e+002 -3.9810e+000 +1.9069e+000 -3.7017e+000
12824 0 +1.217847399e-004 +1.217847399e-004 +1.319201218e+002 +1.319201218e+002 -3.9836e+000 +1.9069e+000 -3.7016e+000
14110 0 +7.757758914e-005 +7.757758914e-005 +1.319200776e+002 +1.319200776e+002 -3.9802e+000 +1.9101e+000 -3.7004e+000
14531 0 +9.151012307e-006 +9.151012307e-006 +1.319200092e+002 +1.319200092e+002 -3.9817e+000 +1.9106e+000 -3.7000e+000
16377 0 +2.500332357e-006 +2.500332357e-006 +1.319200025e+002 +1.319200025e+002 -3.9821e+000 +1.9104e+000 -3.6994e+000
17776 0 +2.395716052e-006 +2.395716052e-006 +1.319200024e+002 +1.319200024e+002 -3.9821e+000 +1.9103e+000 -3.6993e+000
18161 0 +1.675505189e-006 +1.675505189e-006 +1.319200017e+002 +1.319200017e+002 -3.9821e+000 +1.9105e+000 -3.6994e+000
18363 0 +1.627917499e-006 +1.627917499e-006 +1.319200016e+002 +1.319200016e+002 -3.9823e+000 +1.9103e+000 -3.6994e+000
18374 0 +9.802178340e-007 +9.802178340e-007 +1.319200010e+002 +1.319200010e+002 -3.9823e+000 +1.9103e+000 -3.6993e+000
18594 0 +6.888970177e-007 +6.888970177e-007 +1.319200007e+002 +1.319200007e+002 -3.9822e+000 +1.9105e+000 -3.6994e+000
18728 0 +6.318995815e-007 +6.318995815e-007 +1.319200006e+002 +1.319200006e+002 -3.9823e+000 +1.9103e+000 -3.6994e+000
18978 0 +3.685690331e-007 +3.685690331e-007 +1.319200004e+002 +1.319200004e+002 -3.9824e+000 +1.9103e+000 -3.6992e+000
19502 0 +3.114073479e-007 +3.114073479e-007 +1.319200003e+002 +1.319200003e+002 -3.9824e+000 +1.9103e+000 -3.6993e+000
20109 0 +1.811851575e-007 +1.811851575e-007 +1.319200002e+002 +1.319200002e+002 -3.9823e+000 +1.9104e+000 -3.6993e+000
20638 0 +1.406641559e-007 +1.406641559e-007 +1.319200001e+002 +1.319200001e+002 -3.9824e+000 +1.9104e+000 -3.6993e+000
21146 0 +8.519452876e-008 +8.519452876e-008 +1.319200001e+002 +1.319200001e+002 -3.9824e+000 +1.9104e+000 -3.6992e+000
21155 0 +1.112920245e-008 +1.112920245e-008 +1.319200000e+002 +1.319200000e+002 -3.9824e+000 +1.9104e+000 -3.6992e+000
21943 0 +5.524952940e-009 +5.524952940e-009 +1.319200000e+002 +1.319200000e+002 -3.9824e+000 +1.9104e+000 -3.6992e+000
38360 0 +0.000000000e+000 +0.000000000e+000 +1.319200000e+002 +1.319200000e+002 -3.9824e+000 +1.9104e+000 -3.6992e+000
% f evaluations | g evaluations | best noise-free fitness - Fopt | noise-free fitness - Fopt (5.908400000000e+002) | measured fitness | best measured fitness | x1 | x2...
1 0 +9.734963552e+004 +9.734963552e+004 +9.794047552e+004 +9.794047552e+004 +1.7397e-001 +1.3984e+000 +7.6975e-001
3 0 +1.409103491e+004 +1.409103491e+004 +1.468187491e+004 +1.468187491e+004 +1.8165e+000 -1.6703e-001 -8.2779e-001
44 0 +9.416403842e+003 +9.416403842e+003 +1.000724384e+004 +1.000724384e+004 +1.7674e+000 -7.0246e-001 -1.4973e+000
50 0 +1.499128497e+003 +1.499128497e+003 +2.089968497e+003 +2.089968497e+003 +2.4258e+000 -1.2503e+000 +4.9361e-001
106 0 +1.081962115e+003 +1.081962115e+003 +1.672802115e+003 +1.672802115e+003 +1.7439e+000 -2.4140e+000 -1.5251e+000
116 0 +1.267738130e+001 +1.267738130e+001 +6.035173813e+002 +6.035173813e+002 +2.0610e+000 -2.3033e+000 -1.8890e+000
196 0 +8.870984656e+000 +8.870984656e+000 +5.997109847e+002 +5.997109847e+002 +2.6061e+000 -4.8757e+000 -2.7022e+000
705 0 +1.354215467e+000 +1.354215467e+000 +5.921942155e+002 +5.921942155e+002 +1.7984e+000 -3.5902e+000 -3.0546e+000
2241 0 +1.319095988e+000 +1.319095988e+000 +5.921590960e+002 +5.921590960e+002 +1.9061e+000 -3.7926e+000 -3.2838e+000
2864 0 +1.047919725e+000 +1.047919725e+000 +5.918879197e+002 +5.918879197e+002 +1.8565e+000 -3.1835e+000 -3.0502e+000
3685 0 +2.373915101e-001 +2.373915101e-001 +5.910773915e+002 +5.910773915e+002 +1.5334e+000 -3.4559e+000 -3.3343e+000
5748 0 +2.050046836e-001 +2.050046836e-001 +5.910450047e+002 +5.910450047e+002 +1.5886e+000 -3.4839e+000 -3.3746e+000
5787 0 +7.987422005e-002 +7.987422005e-002 +5.909198742e+002 +5.909198742e+002 +1.5299e+000 -3.3077e+000 -3.3778e+000
7291 0 +7.912482089e-002 +7.912482089e-002 +5.909191248e+002 +5.909191248e+002 +1.5544e+000 -3.3890e+000 -3.4489e+000
7310 0 +6.645056877e-002 +6.645056877e-002 +5.909064506e+002 +5.909064506e+002 +1.5137e+000 -3.4478e+000 -3.4554e+000
7496 0 +2.312983460e-002 +2.312983460e-002 +5.908631298e+002 +5.908631298e+002 +1.4736e+000 -3.3417e+000 -3.4407e+000
8519 0 +1.738071724e-002 +1.738071724e-002 +5.908573807e+002 +5.908573807e+002 +1.4747e+000 -3.2945e+000 -3.4397e+000
9122 0 +1.444350154e-002 +1.444350154e-002 +5.908544435e+002 +5.908544435e+002 +1.4666e+000 -3.3588e+000 -3.4626e+000
9154 0 +8.697231095e-003 +8.697231095e-003 +5.908486972e+002 +5.908486972e+002 +1.4708e+000 -3.3295e+000 -3.4643e+000
9242 0 +8.494925527e-003 +8.494925527e-003 +5.908484949e+002 +5.908484949e+002 +1.4629e+000 -3.3283e+000 -3.4629e+000
10040 0 +4.008247119e-003 +4.008247119e-003 +5.908440082e+002 +5.908440082e+002 +1.4588e+000 -3.3208e+000 -3.4739e+000
10181 0 +3.299702791e-003 +3.299702791e-003 +5.908432997e+002 +5.908432997e+002 +1.4635e+000 -3.3443e+000 -3.4853e+000
10613 0 +2.471858843e-003 +2.471858843e-003 +5.908424719e+002 +5.908424719e+002 +1.4608e+000 -3.3505e+000 -3.4928e+000
10853 0 +2.071733919e-003 +2.071733919e-003 +5.908420717e+002 +5.908420717e+002 +1.4540e+000 -3.3505e+000 -3.4902e+000
11078 0 +1.131547971e-003 +1.131547971e-003 +5.908411315e+002 +5.908411315e+002 +1.4474e+000 -3.3446e+000 -3.4920e+000
11704 0 +2.978893850e-004 +2.978893850e-004 +5.908402979e+002 +5.908402979e+002 +1.4468e+000 -3.3397e+000 -3.4947e+000
12595 0 +5.270525526e-005 +5.270525526e-005 +5.908400527e+002 +5.908400527e+002 +1.4468e+000 -3.3387e+000 -3.4980e+000
15390 0 +2.265178432e-005 +2.265178432e-005 +5.908400227e+002 +5.908400227e+002 +1.4466e+000 -3.3371e+000 -3.4979e+000
15942 0 +1.016184081e-005 +1.016184081e-005 +5.908400102e+002 +5.908400102e+002 +1.4459e+000 -3.3357e+000 -3.4975e+000
16943 0 +8.078937640e-006 +8.078937640e-006 +5.908400081e+002 +5.908400081e+002 +1.4460e+000 -3.3360e+000 -3.4977e+000
16970 0 +5.252484016e-006 +5.252484016e-006 +5.908400053e+002 +5.908400053e+002 +1.4459e+000 -3.3368e+000 -3.4983e+000
18715 0 +4.524988640e-006 +4.524988640e-006 +5.908400045e+002 +5.908400045e+002 +1.4460e+000 -3.3366e+000 -3.4983e+000
18720 0 +1.738932156e-006 +1.738932156e-006 +5.908400017e+002 +5.908400017e+002 +1.4459e+000 -3.3362e+000 -3.4983e+000
19431 0 +1.467752895e-006 +1.467752895e-006 +5.908400015e+002 +5.908400015e+002 +1.4458e+000 -3.3361e+000 -3.4982e+000
19690 0 +9.268960639e-007 +9.268960639e-007 +5.908400009e+002 +5.908400009e+002 +1.4457e+000 -3.3360e+000 -3.4982e+000
20070 0 +1.962665692e-007 +1.962665692e-007 +5.908400002e+002 +5.908400002e+002 +1.4457e+000 -3.3360e+000 -3.4983e+000
21749 0 +1.611483640e-007 +1.611483640e-007 +5.908400002e+002 +5.908400002e+002 +1.4456e+000 -3.3361e+000 -3.4984e+000
23317 0 +5.360459454e-008 +5.360459454e-008 +5.908400001e+002 +5.908400001e+002 +1.4456e+000 -3.3360e+000 -3.4984e+000
24219 0 +3.408763405e-008 +3.408763405e-008 +5.908400000e+002 +5.908400000e+002 +1.4456e+000 -3.3360e+000 -3.4984e+000
24823 0 +2.334377314e-008 +2.334377314e-008 +5.908400000e+002 +5.908400000e+002 +1.4456e+000 -3.3360e+000 -3.4984e+000
25117 0 +1.448927378e-008 +1.448927378e-008 +5.908400000e+002 +5.908400000e+002 +1.4456e+000 -3.3360e+000 -3.4984e+000
25680 0 +9.170435078e-009 +9.170435078e-009 +5.908400000e+002 +5.908400000e+002 +1.4456e+000 -3.3360e+000 -3.4984e+000
38416 0 +0.000000000e+000 +0.000000000e+000 +5.908400000e+002 +5.908400000e+002 +1.4456e+000 -3.3360e+000 -3.4984e+000
% f evaluations | g evaluations | best noise-free fitness - Fopt | noise-free fitness - Fopt (6.749000000000e+001) | measured fitness | best measured fitness | x1 | x2...
1 0 +4.629078342e+003 +4.629078342e+003 +4.696568342e+003 +4.696568342e+003 -5.0163e-001 -7.8352e-001 +5.1435e-001
3 0 +1.491607281e+000 +1.491607281e+000 +6.898160728e+001 +6.898160728e+001 -1.9255e-001 -1.2098e-001 +1.0664e+000
22 0 +1.319072422e+000 +1.319072422e+000 +6.880907242e+001 +6.880907242e+001 -1.2634e+000 -8.5767e-001 +8.5504e-001
84 0 +7.730552596e-001 +7.730552596e-001 +6.826305526e+001 +6.826305526e+001 -5.9607e-001 -1.6381e-001 +6.9244e-001
1217 0 +2.067758895e-001 +2.067758895e-001 +6.769677589e+001 +6.769677589e+001 -8.4616e-001 -6.3896e-001 +7.9909e-001
3849 0 +6.634358633e-002 +6.634358633e-002 +6.755634359e+001 +6.755634359e+001 -8.4558e-001 -8.1433e-001 +8.4035e-001
4361 0 +4.021912288e-002 +4.021912288e-002 +6.753021912e+001 +6.753021912e+001 -9.2898e-001 -8.6948e-001 +8.0364e-001
5679 0 +2.489202789e-002 +2.489202789e-002 +6.751489203e+001 +6.751489203e+001 -9.0602e-001 -8.4802e-001 +7.8846e-001
6064 0 +2.027324424e-002 +2.027324424e-002 +6.751027324e+001 +6.751027324e+001 -9.1045e-001 -8.5769e-001 +7.8102e-001
6491 0 +1.265090455e-002 +1.265090455e-002 +6.750265090e+001 +6.750265090e+001 -8.8557e-001 -8.5724e-001 +7.8980e-001
6889 0 +1.166609925e-002 +1.166609925e-002 +6.750166610e+001 +6.750166610e+001 -8.8342e-001 -8.6104e-001 +7.9390e-001
7380 0 +2.602849728e-003 +2.602849728e-003 +6.749260285e+001 +6.749260285e+001 -8.8483e-001 -8.8208e-001 +7.8181e-001
8450 0 +2.394930899e-003 +2.394930899e-003 +6.749239493e+001 +6.749239493e+001 -8.8807e-001 -8.8742e-001 +7.7963e-001
9220 0 +1.246536007e-003 +1.246536007e-003 +6.749124654e+001 +6.749124654e+001 -8.7828e-001 -8.8796e-001 +7.8675e-001
9941 0 +3.970675646e-004 +3.970675646e-004 +6.749039707e+001 +6.749039707e+001 -8.7900e-001 -8.9674e-001 +7.8848e-001
10277 0 +1.623656738e-004 +1.623656738e-004 +6.749016237e+001 +6.749016237e+001 -8.8060e-001 -9.0080e-001 +7.8893e-001
11055 0 +1.593181379e-004 +1.593181379e-004 +6.749015932e+001 +6.749015932e+001 -8.8066e-001 -8.9982e-001 +7.8682e-001
11903 0 +1.419307288e-004 +1.419307288e-004 +6.749014193e+001 +6.749014193e+001 -8.8364e-001 -9.0262e-001 +7.8823e-001
11954 0 +1.304997674e-004 +1.304997674e-004 +6.749013050e+001 +6.749013050e+001 -8.8322e-001 -9.0228e-001 +7.8589e-001
12246 0 +9.262155814e-005 +9.262155814e-005 +6.749009262e+001 +6.749009262e+001 -8.8353e-001 -9.0306e-001 +7.8782e-001
12376 0 +5.931034933e-005 +5.931034933e-005 +6.749005931e+001 +6.749005931e+001 -8.8280e-001 -9.0357e-001 +7.8822e-001
13127 0 +3.063661613e-005 +3.063661613e-005 +6.749003064e+001 +6.749003064e+001 -8.8158e-001 -9.0454e-001 +7.8873e-001
13497 0 +1.565008316e-005 +1.565008316e-005 +6.749001565e+001 +6.749001565e+001 -8.8300e-001 -9.0493e-001 +7.8787e-001
15549 0 +1.502537556e-005 +1.502537556e-005 +6.749001503e+001 +6.749001503e+001 -8.8400e-001 -9.0602e-001 +7.8800e-001
16144 0 +7.553412971e-006 +7.553412971e-006 +6.749000755e+001 +6.749000755e+001 -8.8263e-001 -9.0529e-001 +7.8804e-001
16180 0 +5.142505628e-006 +5.142505628e-006 +6.749000514e+001 +6.749000514e+001 -8.8322e-001 -9.0603e-001 +7.8825e-001
16410 0 +3.569867587e-006 +3.569867587e-006 +6.749000357e+001 +6.749000357e+001 -8.8279e-001 -9.0567e-001 +7.8807e-001
17155 0 +1.335744628e-006 +1.335744628e-006 +6.749000134e+001 +6.749000134e+001 -8.8298e-001 -9.0597e-001 +7.8800e-001
17669 0 +8.636171174e-007 +8.636171174e-007 +6.749000086e+001 +6.749000086e+001 -8.8313e-001 -9.0609e-001 +7.8793e-001
18310 0 +7.260813533e-007 +7.260813533e-007 +6.749000073e+001 +6.749000073e+001 -8.8310e-001 -9.0621e-001 +7.8809e-001
19395 0 +4.231681743e-007 +4.231681743e-007 +6.749000042e+001 +6.749000042e+001 -8.8304e-001 -9.0618e-001 +7.8803e-001
20079 0 +3.425057855e-007 +3.425057855e-007 +6.749000034e+001 +6.749000034e+001 -8.8312e-001 -9.0619e-001 +7.8797e-001
20258 0 +2.828687400e-007 +2.828687400e-007 +6.749000028e+001 +6.749000028e+001 -8.8315e-001 -9.0623e-001 +7.8799e-001
20275 0 +1.882931429e-007 +1.882931429e-007 +6.749000019e+001 +6.749000019e+001 -8.8327e-001 -9.0637e-001 +7.8800e-001
20532 0 +1.694585876e-007 +1.694585876e-007 +6.749000017e+001 +6.749000017e+001 -8.8324e-001 -9.0632e-001 +7.8798e-001
20590 0 +1.284424513e-007 +1.284424513e-007 +6.749000013e+001 +6.749000013e+001 -8.8320e-001 -9.0630e-001 +7.8796e-001
20622 0 +3.845013907e-008 +3.845013907e-008 +6.749000004e+001 +6.749000004e+001 -8.8318e-001 -9.0635e-001 +7.8801e-001
21515 0 +1.820016848e-008 +1.820016848e-008 +6.749000002e+001 +6.749000002e+001 -8.8320e-001 -9.0637e-001 +7.8800e-001
22604 0 +1.542690597e-008 +1.542690597e-008 +6.749000002e+001 +6.749000002e+001 -8.8319e-001 -9.0637e-001 +7.8801e-001
22697 0 +1.295471463e-008 +1.295471463e-008 +6.749000001e+001 +6.749000001e+001 -8.8319e-001 -9.0637e-001 +7.8800e-001
23600 0 +9.706425885e-009 +9.706425885e-009 +6.749000001e+001 +6.749000001e+001 -8.8319e-001 -9.0637e-001 +7.8800e-001
36318 0 +0.000000000e+000 +0.000000000e+000 +6.749000000e+001 +6.749000000e+001 -8.8320e-001 -9.0640e-001 +7.8800e-001
% f evaluations | g evaluations | best noise-free fitness - Fopt | noise-free fitness - Fopt (3.085000000000e+001) | measured fitness | best measured fitness | x1 | x2...
1 0 +3.906711815e+003 +3.906711815e+003 +3.937561815e+003 +3.937561815e+003 +1.6954e+000 +2.6954e-001 +3.0022e-001
2 0 +2.355905511e+003 +2.355905511e+003 +2.386755511e+003 +2.386755511e+003 +2.1849e-001 -6.5612e-001 +1.0036e+000
5 0 +1.060131987e+002 +1.060131987e+002 +1.368631987e+002 +1.368631987e+002 +8.7100e-002 +4.0171e-001 -1.2388e+000
13 0 +1.029185846e+002 +1.029185846e+002 +1.337685846e+002 +1.337685846e+002 -1.9446e+000 -1.8184e-001 +1.0861e+000
15 0 +6.793417593e+001 +6.793417593e+001 +9.878417593e+001 +9.878417593e+001 +6.1197e-001 +8.9905e-001 -1.0724e-001
20 0 +5.821882779e+001 +5.821882779e+001 +8.906882779e+001 +8.906882779e+001 +8.5816e-001 +5.4343e-001 -8.9874e-002
21 0 +3.095728987e+001 +3.095728987e+001 +6.180728987e+001 +6.180728987e+001 +1.8851e+000 -5.9305e-001 -4.4783e-001
150 0 +2.282823701e+001 +2.282823701e+001 +5.367823701e+001 +5.367823701e+001 +1.9239e+000 -1.5363e+000 -5.0205e-001
213 0 +1.887025485e+001 +1.887025485e+001 +4.972025485e+001 +4.972025485e+001 +4.2743e-001 -4.2708e+000 +2.0324e-001
221 0 +1.501088665e+001 +1.501088665e+001 +4.586088665e+001 +4.586088665e+001 +1.8903e+000 -2.3076e+000 -5.8764e-001
224 0 +9.120089260e+000 +9.120089260e+000 +3.997008926e+001 +3.997008926e+001 +1.7834e+000 -4.5103e+000 -1.0387e+000
465 0 +4.385587788e+000 +4.385587788e+000 +3.523558779e+001 +3.523558779e+001 +2.1848e+000 -4.5517e+000 -8.7293e-001
621 0 +2.359969049e+000 +2.359969049e+000 +3.320996905e+001 +3.320996905e+001 +2.2022e+000 -4.1943e+000 -3.5260e-001
786 0 +1.367702599e+000 +1.367702599e+000 +3.221770260e+001 +3.221770260e+001 +2.3642e+000 -4.0436e+000 -2.7229e-001
1147 0 +7.241945886e-001 +7.241945886e-001 +3.157419459e+001 +3.157419459e+001 +2.7055e+000 -3.7665e+000 -3.7641e-001
1262 0 +6.583306955e-001 +6.583306955e-001 +3.150833070e+001 +3.150833070e+001 +2.6993e+000 -4.1389e+000 -4.5327e-001
1456 0 +4.485773846e-001 +4.485773846e-001 +3.129857738e+001 +3.129857738e+001 +2.6696e+000 -3.7775e+000 -2.6604e-001
2783 0 +3.909225238e-001 +3.909225238e-001 +3.124092252e+001 +3.124092252e+001 +2.7957e+000 -3.9858e+000 -4.1646e-001
2786 0 +3.744681224e-001 +3.744681224e-001 +3.122446812e+001 +3.122446812e+001 +2.7914e+000 -3.5085e+000 -1.9455e-001
2871 0 +3.564789727e-001 +3.564789727e-001 +3.120647897e+001 +3.120647897e+001 +2.7022e+000 -3.6942e+000 -2.0429e-001
2876 0 +3.223994247e-001 +3.223994247e-001 +3.117239942e+001 +3.117239942e+001 +2.6728e+000 -3.6342e+000 -7.8202e-002
3081 0 +2.606999047e-001 +2.606999047e-001 +3.111069990e+001 +3.111069990e+001 +2.7397e+000 -3.7072e+000 -2.1199e-001
3226 0 +8.015751506e-002 +8.015751506e-002 +3.093015752e+001 +3.093015752e+001 +2.8899e+000 -3.8090e+000 -2.7792e-001
3941 0 +4.164642684e-002 +4.164642684e-002 +3.089164643e+001 +3.089164643e+001 +2.8488e+000 -3.6995e+000 -1.6777e-001
4137 0 +3.721294539e-002 +3.721294539e-002 +3.088721295e+001 +3.088721295e+001 +2.8565e+000 -3.7271e+000 -1.8621e-001
4406 0 +1.830916392e-002 +1.830916392e-002 +3.086830916e+001 +3.086830916e+001 +2.8640e+000 -3.7299e+000 -1.6910e-001
4659 0 +1.578730644e-002 +1.578730644e-002 +3.086578731e+001 +3.086578731e+001 +2.8805e+000 -3.7069e+000 -1.7276e-001
5450 0 +1.425440703e-002 +1.425440703e-002 +3.086425441e+001 +3.086425441e+001 +2.8976e+000 -3.7735e+000 -2.0609e-001
5559 0 +8.620103048e-003 +8.620103048e-003 +3.085862010e+001 +3.085862010e+001 +2.8762e+000 -3.7230e+000 -1.5477e-001
6125 0 +6.592257241e-003 +6.592257241e-003 +3.085659226e+001 +3.085659226e+001 +2.9056e+000 -3.7221e+000 -1.8351e-001
6139 0 +5.217847008e-003 +5.217847008e-003 +3.085521785e+001 +3.085521785e+001 +2.8989e+000 -3.7486e+000 -1.8584e-001
6222 0 +4.721392856e-003 +4.721392856e-003 +3.085472139e+001 +3.085472139e+001 +2.9059e+000 -3.7445e+000 -1.8407e-001
6425 0 +2.306306075e-003 +2.306306075e-003 +3.085230631e+001 +3.085230631e+001 +2.8944e+000 -3.7307e+000 -1.6370e-001
7452 0 +2.182252655e-003 +2.182252655e-003 +3.085218225e+001 +3.085218225e+001 +2.9072e+000 -3.7143e+000 -1.6948e-001
7580 0 +1.720129851e-003 +1.720129851e-003 +3.085172013e+001 +3.085172013e+001 +2.9010e+000 -3.7338e+000 -1.7117e-001
7594 0 +1.379196910e-003 +1.379196910e-003 +3.085137920e+001 +3.085137920e+001 +2.9006e+000 -3.7335e+000 -1.6860e-001
7875 0 +1.031908999e-003 +1.031908999e-003 +3.085103191e+001 +3.085103191e+001 +2.9059e+000 -3.7224e+000 -1.6825e-001
7882 0 +2.710940809e-004 +2.710940809e-004 +3.085027109e+001 +3.085027109e+001 +2.9095e+000 -3.7204e+000 -1.6504e-001
9346 0 +2.276897148e-004 +2.276897148e-004 +3.085022769e+001 +3.085022769e+001 +2.9099e+000 -3.7203e+000 -1.6467e-001
10031 0 +2.020394121e-004 +2.020394121e-004 +3.085020204e+001 +3.085020204e+001 +2.9065e+000 -3.7221e+000 -1.6227e-001
10415 0 +1.693069173e-004 +1.693069173e-004 +3.085016931e+001 +3.085016931e+001 +2.9070e+000 -3.7250e+000 -1.6350e-001
10496 0 +1.196015716e-004 +1.196015716e-004 +3.085011960e+001 +3.085011960e+001 +2.9082e+000 -3.7190e+000 -1.6147e-001
11015 0 +1.046941660e-004 +1.046941660e-004 +3.085010469e+001 +3.085010469e+001 +2.9077e+000 -3.7218e+000 -1.6209e-001
11200 0 +8.700695605e-005 +8.700695605e-005 +3.085008701e+001 +3.085008701e+001 +2.9079e+000 -3.7222e+000 -1.6219e-001
11468 0 +7.880495915e-005 +7.880495915e-005 +3.085007880e+001 +3.085007880e+001 +2.9081e+000 -3.7203e+000 -1.6136e-001
11514 0 +4.643176117e-005 +4.643176117e-005 +3.085004643e+001 +3.085004643e+001 +2.9100e+000 -3.7206e+000 -1.6282e-001
11776 0 +2.949467750e-005 +2.949467750e-005 +3.085002949e+001 +3.085002949e+001 +2.9099e+000 -3.7214e+000 -1.6273e-001
11813 0 +4.794665461e-006 +4.794665461e-006 +3.085000479e+001 +3.085000479e+001 +2.9103e+000 -3.7208e+000 -1.6199e-001
13073 0 +2.189000007e-006 +2.189000007e-006 +3.085000219e+001 +3.085000219e+001 +2.9101e+000 -3.7208e+000 -1.6158e-001
15859 0 +7.982302890e-007 +7.982302890e-007 +3.085000080e+001 +3.085000080e+001 +2.9104e+000 -3.7207e+000 -1.6172e-001
16030 0 +3.597847638e-007 +3.597847638e-007 +3.085000036e+001 +3.085000036e+001 +2.9103e+000 -3.7209e+000 -1.6166e-001
16319 0 +3.488187588e-007 +3.488187588e-007 +3.085000035e+001 +3.085000035e+001 +2.9103e+000 -3.7208e+000 -1.6164e-001
16841 0 +7.588743856e-008 +7.588743856e-008 +3.085000008e+001 +3.085000008e+001 +2.9104e+000 -3.7208e+000 -1.6162e-001
17454 0 +2.992180370e-008 +2.992180370e-008 +3.085000003e+001 +3.085000003e+001 +2.9104e+000 -3.7208e+000 -1.6162e-001
18348 0 +2.530940080e-008 +2.530940080e-008 +3.085000003e+001 +3.085000003e+001 +2.9104e+000 -3.7208e+000 -1.6162e-001
18427 0 +1.109990677e-008 +1.109990677e-008 +3.085000001e+001 +3.085000001e+001 +2.9104e+000 -3.7208e+000 -1.6161e-001
18669 0 +3.483382471e-009 +3.483382471e-009 +3.085000000e+001 +3.085000000e+001 +2.9104e+000 -3.7208e+000 -1.6160e-001
32069 0 +0.000000000e+000 +0.000000000e+000 +3.085000000e+001 +3.085000000e+001 +2.9104e+000 -3.7208e+000 -1.6160e-001
% f evaluations | g evaluations | best noise-free fitness - Fopt | noise-free fitness - Fopt (-1.255000000000e+001) | measured fitness | best measured fitness | x1 | x2...
1 0 +3.003302286e+005 +3.003302286e+005 +3.003176786e+005 +3.003176786e+005 +1.0572e-001 -6.6111e-001 +1.8522e+000
27 0 +1.691172800e+005 +1.691172800e+005 +1.691047300e+005 +1.691047300e+005 +1.0458e+000 -6.4946e-002 +2.2159e+000
50 0 +1.205884560e+005 +1.205884560e+005 +1.205759060e+005 +1.205759060e+005 +1.7574e+000 +1.2072e+000 +1.6546e+000
102 0 +8.848704252e+004 +8.848704252e+004 +8.847449252e+004 +8.847449252e+004 +1.2301e+000 +1.4377e+000 +2.3331e+000
118 0 +1.397405892e+004 +1.397405892e+004 +1.396150892e+004 +1.396150892e+004 +4.0695e+000 +1.2285e+000 +2.4361e+000
199 0 +6.918238837e+003 +6.918238837e+003 +6.905688837e+003 +6.905688837e+003 +1.9119e+000 +1.1583e-001 +5.1535e+000
203 0 +3.185819515e+001 +3.185819515e+001 +1.930819515e+001 +1.930819515e+001 +7.0916e+000 +2.7126e+000 +2.6837e+000
204 0 +2.328786748e+001 +2.328786748e+001 +1.073786748e+001 +1.073786748e+001 +5.5192e+000 +3.5146e+000 +3.3290e+000
375 0 +2.249406852e+001 +2.249406852e+001 +9.944068525e+000 +9.944068525e+000 +4.5474e+000 +1.4962e+000 +4.6102e+000
2271 0 +1.828075183e+001 +1.828075183e+001 +5.730751832e+000 +5.730751832e+000 +3.9516e+000 +2.6345e-001 +4.9468e+000
3225 0 +1.181962239e+001 +1.181962239e+001 -7.303776065e-001 -7.303776065e-001 +5.5785e+000 +3.4949e+000 +2.2179e+000
3480 0 +1.169078179e+001 +1.169078179e+001 -8.592182146e-001 -8.592182146e-001 +5.3312e+000 +2.4199e+000 +2.8668e+000
3523 0 +8.882536675e+000 +8.882536675e+000 -3.667463325e+000 -3.667463325e+000 +4.1376e+000 +7.9622e-001 +3.9182e+000
3609 0 +6.310991100e+000 +6.310991100e+000 -6.239008900e+000 -6.239008900e+000 +4.1913e+000 +2.4752e+000 +3.4229e+000
3796 0 +5.550326248e+000 +5.550326248e+000 -6.999673752e+000 -6.999673752e+000 +4.0188e+000 +2.6660e+000 +3.3841e+000
4553 0 +4.284677834e+000 +4.284677834e+000 -8.265322166e+000 -8.265322166e+000 +4.1455e+000 +2.1930e+000 +3.3218e+000
4583 0 +4.139168980e+000 +4.139168980e+000 -8.410831020e+000 -8.410831020e+000 +4.3741e+000 +1.9268e+000 +3.0201e+000
4635 0 +3.673406891e+000 +3.673406891e+000 -8.876593109e+000 -8.876593109e+000 +4.4977e+000 +2.2134e+000 +2.6385e+000
4821 0 +3.190374106e+000 +3.190374106e+000 -9.359625894e+000 -9.359625894e+000 +4.0704e+000 +1.6991e+000 +3.1154e+000
4855 0 +2.617670589e+000 +2.617670589e+000 -9.932329411e+000 -9.932329411e+000 +4.3853e+000 +2.7469e+000 +2.5946e+000
4955 0 +2.343766609e+000 +2.343766609e+000 -1.020623339e+001 -1.020623339e+001 +4.2425e+000 +2.3349e+000 +2.6549e+000
5132 0 +1.344562131e+000 +1.344562131e+000 -1.120543787e+001 -1.120543787e+001 +3.7446e+000 +3.0503e+000 +2.7501e+000
5161 0 +6.162979070e-001 +6.162979070e-001 -1.193370209e+001 -1.193370209e+001 +3.5420e+000 +2.5276e+000 +2.9905e+000
5692 0 +2.161174916e-001 +2.161174916e-001 -1.233388251e+001 -1.233388251e+001 +3.5709e+000 +2.4880e+000 +2.8337e+000
6687 0 +8.632066220e-002 +8.632066220e-002 -1.246367934e+001 -1.246367934e+001 +3.4511e+000 +2.4880e+000 +2.8637e+000
8239 0 +6.688426014e-002 +6.688426014e-002 -1.248311574e+001 -1.248311574e+001 +3.4667e+000 +2.5447e+000 +2.8111e+000
8649 0 +4.389812509e-002 +4.389812509e-002 -1.250610187e+001 -1.250610187e+001 +3.4829e+000 +2.5372e+000 +2.7664e+000
8881 0 +4.197957138e-002 +4.197957138e-002 -1.250802043e+001 -1.250802043e+001 +3.4163e+000 +2.5598e+000 +2.8207e+000
9070 0 +2.385572034e-002 +2.385572034e-002 -1.252614428e+001 -1.252614428e+001 +3.4439e+000 +2.5369e+000 +2.7852e+000
9095 0 +1.056535698e-003 +1.056535698e-003 -1.254894346e+001 -1.254894346e+001 +3.3855e+000 +2.5327e+000 +2.7877e+000
12053 0 +5.343796271e-004 +5.343796271e-004 -1.254946562e+001 -1.254946562e+001 +3.3840e+000 +2.5421e+000 +2.7848e+000
12200 0 +4.828821985e-004 +4.828821985e-004 -1.254951712e+001 -1.254951712e+001 +3.3809e+000 +2.5413e+000 +2.7868e+000
12450 0 +2.714672605e-004 +2.714672605e-004 -1.254972853e+001 -1.254972853e+001 +3.3809e+000 +2.5372e+000 +2.7857e+000
13484 0 +1.834127932e-004 +1.834127932e-004 -1.254981659e+001 -1.254981659e+001 +3.3783e+000 +2.5407e+000 +2.7866e+000
13522 0 +9.178458449e-005 +9.178458449e-005 -1.254990822e+001 -1.254990822e+001 +3.3785e+000 +2.5414e+000 +2.7849e+000
14810 0 +3.049847637e-005 +3.049847637e-005 -1.254996950e+001 -1.254996950e+001 +3.3771e+000 +2.5391e+000 +2.7856e+000
14915 0 +9.118216797e-006 +9.118216797e-006 -1.254999088e+001 -1.254999088e+001 +3.3765e+000 +2.5405e+000 +2.7849e+000
15823 0 +5.109875994e-006 +5.109875994e-006 -1.254999489e+001 -1.254999489e+001 +3.3765e+000 +2.5396e+000 +2.7848e+000
17379 0 +3.585247187e-006 +3.585247187e-006 -1.254999641e+001 -1.254999641e+001 +3.3763e+000 +2.5397e+000 +2.7851e+000
17896 0 +2.743620392e-006 +2.743620392e-006 -1.254999726e+001 -1.254999726e+001 +3.3763e+000 +2.5397e+000 +2.7849e+000
18013 0 +1.733893068e-006 +1.733893068e-006 -1.254999827e+001 -1.254999827e+001 +3.3762e+000 +2.5401e+000 +2.7849e+000
18970 0 +1.539795960e-006 +1.539795960e-006 -1.254999846e+001 -1.254999846e+001 +3.3762e+000 +2.5399e+000 +2.7849e+000
18983 0 +1.363718903e-006 +1.363718903e-006 -1.254999864e+001 -1.254999864e+001 +3.3762e+000 +2.5398e+000 +2.7849e+000
19047 0 +9.101736893e-007 +9.101736893e-007 -1.254999909e+001 -1.254999909e+001 +3.3761e+000 +2.5399e+000 +2.7849e+000
19075 0 +6.227181739e-007 +6.227181739e-007 -1.254999938e+001 -1.254999938e+001 +3.3760e+000 +2.5399e+000 +2.7850e+000
19223 0 +5.626961670e-007 +5.626961670e-007 -1.254999944e+001 -1.254999944e+001 +3.3761e+000 +2.5399e+000 +2.7849e+000
19442 0 +5.351455492e-007 +5.351455492e-007 -1.254999946e+001 -1.254999946e+001 +3.3761e+000 +2.5400e+000 +2.7849e+000
19482 0 +1.049849345e-007 +1.049849345e-007 -1.254999990e+001 -1.254999990e+001 +3.3760e+000 +2.5400e+000 +2.7849e+000
20147 0 +3.698403006e-008 +3.698403006e-008 -1.254999996e+001 -1.254999996e+001 +3.3760e+000 +2.5400e+000 +2.7848e+000
20632 0 +3.579928531e-008 +3.579928531e-008 -1.254999996e+001 -1.254999996e+001 +3.3760e+000 +2.5400e+000 +2.7848e+000
20984 0 +1.118791459e-008 +1.118791459e-008 -1.254999999e+001 -1.254999999e+001 +3.3760e+000 +2.5400e+000 +2.7848e+000
21887 0 +9.251195365e-009 +9.251195365e-009 -1.254999999e+001 -1.254999999e+001 +3.3760e+000 +2.5400e+000 +2.7848e+000
35745 0 +0.000000000e+000 +0.000000000e+000 -1.255000000e+001 -1.255000000e+001 +3.3760e+000 +2.5400e+000 +2.7848e+000
% f evaluations | g evaluations | best noise-free fitness - Fopt | noise-free fitness - Fopt (5.383900000000e+002) | measured fitness | best measured fitness | x1 | x2...
1 0 +1.380768987e+005 +1.380768987e+005 +1.386152887e+005 +1.386152887e+005 +1.1662e+000 -7.6989e-001 -5.9624e-001
7 0 +5.503638854e+004 +5.503638854e+004 +5.557477854e+004 +5.557477854e+004 +9.1413e-001 +1.0845e+000 +2.1025e-001
13 0 +5.227587394e+004 +5.227587394e+004 +5.281426394e+004 +5.281426394e+004 -1.5598e+000 +1.9239e+000 -1.1664e-001
21 0 +3.129437558e+004 +3.129437558e+004 +3.183276558e+004 +3.183276558e+004 +1.2581e+000 +1.5668e+000 +9.0606e-001
59 0 +1.850868891e+004 +1.850868891e+004 +1.904707891e+004 +1.904707891e+004 +1.0398e+000 +2.0362e+000 +6.5360e-001
103 0 +8.764948958e+001 +8.764948958e+001 +6.260394896e+002 +6.260394896e+002 +5.4303e-001 +4.6411e+000 -9.5684e-001
117 0 +3.343556565e+001 +3.343556565e+001 +5.718255657e+002 +5.718255657e+002 +1.9778e+000 +3.4374e+000 -1.6111e+000
119 0 +1.683554573e+001 +1.683554573e+001 +5.552255457e+002 +5.552255457e+002 +2.9773e+000 +4.4619e+000 +2.8796e-001
192 0 +1.596539097e+001 +1.596539097e+001 +5.543553910e+002 +5.543553910e+002 +3.6226e+000 +3.6152e+000 -2.4784e+000
240 0 +1.238457405e+001 +1.238457405e+001 +5.507745741e+002 +5.507745741e+002 +3.9029e+000 +3.4086e+000 -2.3756e+000
347 0 +1.030014677e+001 +1.030014677e+001 +5.486901468e+002 +5.486901468e+002 +3.4686e+000 +3.0206e+000 -1.9991e+000
1304 0 +9.306057586e+000 +9.306057586e+000 +5.476960576e+002 +5.476960576e+002 +3.2524e+000 +3.0839e+000 -1.5293e+000
2215 0 +5.213058761e+000 +5.213058761e+000 +5.436030588e+002 +5.436030588e+002 +3.1526e+000 +3.1403e+000 -4.6224e-001
2758 0 +1.388422401e+000 +1.388422401e+000 +5.397784224e+002 +5.397784224e+002 +3.3863e+000 +2.9982e+000 +1.4518e-002
4446 0 +4.112351046e-001 +4.112351046e-001 +5.388012351e+002 +5.388012351e+002 +3.4347e+000 +3.0055e+000 +7.0560e-001
5132 0 +2.378402514e-002 +2.378402514e-002 +5.384137840e+002 +5.384137840e+002 +3.4733e+000 +2.7502e+000 +4.8253e-001
8084 0 +2.073554980e-002 +2.073554980e-002 +5.384107355e+002 +5.384107355e+002 +3.4428e+000 +2.7610e+000 +5.7914e-001
9098 0 +1.453383898e-002 +1.453383898e-002 +5.384045338e+002 +5.384045338e+002 +3.4281e+000 +2.7241e+000 +5.3135e-001
9120 0 +8.758419096e-003 +8.758419096e-003 +5.383987584e+002 +5.383987584e+002 +3.4493e+000 +2.7160e+000 +5.0131e-001
9567 0 +5.803145800e-003 +5.803145800e-003 +5.383958031e+002 +5.383958031e+002 +3.4455e+000 +2.7317e+000 +5.4995e-001
9614 0 +4.081147148e-003 +4.081147148e-003 +5.383940811e+002 +5.383940811e+002 +3.4493e+000 +2.7210e+000 +5.3197e-001
9862 0 +1.124764332e-003 +1.124764332e-003 +5.383911248e+002 +5.383911248e+002 +3.4396e+000 +2.7123e+000 +5.5733e-001
11109 0 +1.024949177e-003 +1.024949177e-003 +5.383910249e+002 +5.383910249e+002 +3.4435e+000 +2.7114e+000 +5.4552e-001
11250 0 +1.473037267e-004 +1.473037267e-004 +5.383901473e+002 +5.383901473e+002 +3.4438e+000 +2.7085e+000 +5.5482e-001
12772 0 +1.425273346e-004 +1.425273346e-004 +5.383901425e+002 +5.383901425e+002 +3.4462e+000 +2.7095e+000 +5.5180e-001
13352 0 +1.124838157e-004 +1.124838157e-004 +5.383901125e+002 +5.383901125e+002 +3.4447e+000 +2.7078e+000 +5.5179e-001
13527 0 +8.583639601e-005 +8.583639601e-005 +5.383900858e+002 +5.383900858e+002 +3.4458e+000 +2.7076e+000 +5.5032e-001
13615 0 +5.283658641e-005 +5.283658641e-005 +5.383900528e+002 +5.383900528e+002 +3.4450e+000 +2.7079e+000 +5.5416e-001
13854 0 +5.096814596e-005 +5.096814596e-005 +5.383900510e+002 +5.383900510e+002 +3.4464e+000 +2.7081e+000 +5.5207e-001
13943 0 +4.849510799e-005 +4.849510799e-005 +5.383900485e+002 +5.383900485e+002 +3.4462e+000 +2.7082e+000 +5.5281e-001
14148 0 +2.914255617e-005 +2.914255617e-005 +5.383900291e+002 +5.383900291e+002 +3.4453e+000 +2.7072e+000 +5.5275e-001
14490 0 +1.851554737e-005 +1.851554737e-005 +5.383900185e+002 +5.383900185e+002 +3.4459e+000 +2.7076e+000 +5.5388e-001
14569 0 +1.281252435e-005 +1.281252435e-005 +5.383900128e+002 +5.383900128e+002 +3.4458e+000 +2.7069e+000 +5.5249e-001
14639 0 +6.044897759e-006 +6.044897759e-006 +5.383900060e+002 +5.383900060e+002 +3.4458e+000 +2.7070e+000 +5.5366e-001
14901 0 +5.763646300e-006 +5.763646300e-006 +5.383900058e+002 +5.383900058e+002 +3.4459e+000 +2.7070e+000 +5.5356e-001
15413 0 +4.515626415e-006 +4.515626415e-006 +5.383900045e+002 +5.383900045e+002 +3.4458e+000 +2.7068e+000 +5.5315e-001
16043 0 +3.713184242e-006 +3.713184242e-006 +5.383900037e+002 +5.383900037e+002 +3.4456e+000 +2.7068e+000 +5.5340e-001
16234 0 +3.056258038e-006 +3.056258038e-006 +5.383900031e+002 +5.383900031e+002 +3.4457e+000 +2.7066e+000 +5.5364e-001
16427 0 +2.649474709e-006 +2.649474709e-006 +5.383900026e+002 +5.383900026e+002 +3.4455e+000 +2.7066e+000 +5.5344e-001
16441 0 +9.140388784e-007 +9.140388784e-007 +5.383900009e+002 +5.383900009e+002 +3.4455e+000 +2.7065e+000 +5.5364e-001
16601 0 +8.661335187e-007 +8.661335187e-007 +5.383900009e+002 +5.383900009e+002 +3.4456e+000 +2.7066e+000 +5.5362e-001
16708 0 +4.894351378e-007 +4.894351378e-007 +5.383900005e+002 +5.383900005e+002 +3.4457e+000 +2.7065e+000 +5.5354e-001
16852 0 +4.751575489e-007 +4.751575489e-007 +5.383900005e+002 +5.383900005e+002 +3.4457e+000 +2.7065e+000 +5.5343e-001
16931 0 +4.154310318e-008 +4.154310318e-008 +5.383900000e+002 +5.383900000e+002 +3.4456e+000 +2.7064e+000 +5.5358e-001
19195 0 +3.075035693e-008 +3.075035693e-008 +5.383900000e+002 +5.383900000e+002 +3.4456e+000 +2.7064e+000 +5.5360e-001
19338 0 +1.127466476e-008 +1.127466476e-008 +5.383900000e+002 +5.383900000e+002 +3.4456e+000 +2.7064e+000 +5.5360e-001
20913 0 +1.093906121e-008 +1.093906121e-008 +5.383900000e+002 +5.383900000e+002 +3.4456e+000 +2.7064e+000 +5.5360e-001
21007 0 +9.912128007e-009 +9.912128007e-009 +5.383900000e+002 +5.383900000e+002 +3.4456e+000 +2.7064e+000 +5.5358e-001
30711 0 +0.000000000e+000 +0.000000000e+000 +5.383900000e+002 +5.383900000e+002 +3.4456e+000 +2.7064e+000 +5.5360e-001
% f evaluations | g evaluations | best noise-free fitness - Fopt | noise-free fitness - Fopt (-1.055600000000e+002) | measured fitness | best measured fitness | x1 | x2...
1 0 +1.500898783e+004 +1.500898783e+004 +1.490342783e+004 +1.490342783e+004 -1.6308e+000 -3.9517e-001 -4.1512e-001
2 0 +4.422448306e+001 +4.422448306e+001 -6.133551694e+001 -6.133551694e+001 +2.6281e-001 +2.9607e-001 -8.7399e-001
3 0 +3.168360588e+001 +3.168360588e+001 -7.387639412e+001 -7.387639412e+001 +8.0915e-001 -4.8981e-001 -7.0695e-002
38 0 +2.098934861e+001 +2.098934861e+001 -8.457065139e+001 -8.457065139e+001 +6.4662e-001 -1.1536e+000 +8.6988e-001
144 0 +1.927555189e+001 +1.927555189e+001 -8.628444811e+001 -8.628444811e+001 +1.1190e+000 -1.8713e+000 +1.1512e+000
202 0 +1.371661373e+001 +1.371661373e+001 -9.184338627e+001 -9.184338627e+001 +1.2843e+000 -2.8702e+000 +1.7843e+000
358 0 +1.335249770e+001 +1.335249770e+001 -9.220750230e+001 -9.220750230e+001 +3.1921e-001 -5.2598e+000 +3.4310e+000
426 0 +1.277821015e+001 +1.277821015e+001 -9.278178985e+001 -9.278178985e+001 +2.6683e+000 -5.4659e+000 +3.8092e+000
656 0 +6.229974747e+000 +6.229974747e+000 -9.933002525e+001 -9.933002525e+001 +7.7364e-001 -4.4372e+000 +3.4240e+000
840 0 +1.406292621e+000 +1.406292621e+000 -1.041537074e+002 -1.041537074e+002 +1.0459e+000 -3.4134e+000 +3.3055e+000
2201 0 +1.332391271e+000 +1.332391271e+000 -1.042276087e+002 -1.042276087e+002 +1.7448e+000 -4.0189e+000 +3.7743e+000
2482 0 +8.378179807e-001 +8.378179807e-001 -1.047221820e+002 -1.047221820e+002 +1.6890e+000 -4.1050e+000 +3.9062e+000
3056 0 +7.506440158e-001 +7.506440158e-001 -1.048093560e+002 -1.048093560e+002 +1.3787e+000 -4.2044e+000 +3.9329e+000
3137 0 +7.884535372e-002 +7.884535372e-002 -1.054811546e+002 -1.054811546e+002 +1.3511e+000 -3.8454e+000 +3.9139e+000
5149 0 +7.705039265e-002 +7.705039265e-002 -1.054829496e+002 -1.054829496e+002 +1.3417e+000 -3.7137e+000 +3.8099e+000
5794 0 +4.377660416e-002 +4.377660416e-002 -1.055162234e+002 -1.055162234e+002 +1.3840e+000 -3.7338e+000 +3.8437e+000
6138 0 +3.054443764e-002 +3.054443764e-002 -1.055294556e+002 -1.055294556e+002 +1.3229e+000 -3.7523e+000 +3.8768e+000
6409 0 +1.396343845e-002 +1.396343845e-002 -1.055460366e+002 -1.055460366e+002 +1.3355e+000 -3.7288e+000 +3.8778e+000
6495 0 +9.970974666e-003 +9.970974666e-003 -1.055500290e+002 -1.055500290e+002 +1.3944e+000 -3.7212e+000 +3.8847e+000
7552 0 +4.381752480e-003 +4.381752480e-003 -1.055556182e+002 -1.055556182e+002 +1.3672e+000 -3.7159e+000 +3.8830e+000
8210 0 +2.350343261e-003 +2.350343261e-003 -1.055576497e+002 -1.055576497e+002 +1.3605e+000 -3.6855e+000 +3.8666e+000
8484 0 +1.056483113e-003 +1.056483113e-003 -1.055589435e+002 -1.055589435e+002 +1.3629e+000 -3.6930e+000 +3.8750e+000
8919 0 +9.206592107e-004 +9.206592107e-004 -1.055590793e+002 -1.055590793e+002 +1.3618e+000 -3.6890e+000 +3.8734e+000
9750 0 +5.340615257e-004 +5.340615257e-004 -1.055594659e+002 -1.055594659e+002 +1.3594e+000 -3.7015e+000 +3.8838e+000
10380 0 +1.473112852e-004 +1.473112852e-004 -1.055598527e+002 -1.055598527e+002 +1.3617e+000 -3.6912e+000 +3.8795e+000
11182 0 +5.417640934e-005 +5.417640934e-005 -1.055599458e+002 -1.055599458e+002 +1.3602e+000 -3.6914e+000 +3.8806e+000
12513 0 +3.002897540e-005 +3.002897540e-005 -1.055599700e+002 -1.055599700e+002 +1.3590e+000 -3.6935e+000 +3.8826e+000
12839 0 +2.389686027e-005 +2.389686027e-005 -1.055599761e+002 -1.055599761e+002 +1.3604e+000 -3.6927e+000 +3.8819e+000
12983 0 +2.326434516e-005 +2.326434516e-005 -1.055599767e+002 -1.055599767e+002 +1.3607e+000 -3.6923e+000 +3.8817e+000
13065 0 +1.707412160e-005 +1.707412160e-005 -1.055599829e+002 -1.055599829e+002 +1.3595e+000 -3.6926e+000 +3.8820e+000
13178 0 +8.663608483e-006 +8.663608483e-006 -1.055599913e+002 -1.055599913e+002 +1.3600e+000 -3.6915e+000 +3.8816e+000
13510 0 +3.730395775e-006 +3.730395775e-006 -1.055599963e+002 -1.055599963e+002 +1.3600e+000 -3.6922e+000 +3.8822e+000
13581 0 +3.124254320e-006 +3.124254320e-006 -1.055599969e+002 -1.055599969e+002 +1.3599e+000 -3.6919e+000 +3.8820e+000
13878 0 +2.462080957e-006 +2.462080957e-006 -1.055599975e+002 -1.055599975e+002 +1.3603e+000 -3.6923e+000 +3.8824e+000
14022 0 +1.875110229e-006 +1.875110229e-006 -1.055599981e+002 -1.055599981e+002 +1.3600e+000 -3.6921e+000 +3.8822e+000
14033 0 +1.740596332e-006 +1.740596332e-006 -1.055599983e+002 -1.055599983e+002 +1.3600e+000 -3.6921e+000 +3.8822e+000
14376 0 +1.673680828e-006 +1.673680828e-006 -1.055599983e+002 -1.055599983e+002 +1.3600e+000 -3.6923e+000 +3.8824e+000
14664 0 +8.502344286e-007 +8.502344286e-007 -1.055599991e+002 -1.055599991e+002 +1.3600e+000 -3.6922e+000 +3.8824e+000
15098 0 +6.185674266e-007 +6.185674266e-007 -1.055599994e+002 -1.055599994e+002 +1.3599e+000 -3.6922e+000 +3.8824e+000
15301 0 +4.557202118e-007 +4.557202118e-007 -1.055599995e+002 -1.055599995e+002 +1.3599e+000 -3.6921e+000 +3.8823e+000
15538 0 +1.022722955e-007 +1.022722955e-007 -1.055599999e+002 -1.055599999e+002 +1.3600e+000 -3.6921e+000 +3.8824e+000
16108 0 +7.435066607e-008 +7.435066607e-008 -1.055599999e+002 -1.055599999e+002 +1.3600e+000 -3.6920e+000 +3.8824e+000
16522 0 +2.508647867e-008 +2.508647867e-008 -1.055600000e+002 -1.055600000e+002 +1.3600e+000 -3.6920e+000 +3.8824e+000
17926 0 +2.329615256e-008 +2.329615256e-008 -1.055600000e+002 -1.055600000e+002 +1.3600e+000 -3.6920e+000 +3.8824e+000
17974 0 +2.201740301e-008 +2.201740301e-008 -1.055600000e+002 -1.055600000e+002 +1.3600e+000 -3.6920e+000 +3.8824e+000
18199 0 +4.999051839e-009 +4.999051839e-009 -1.055600000e+002 -1.055600000e+002 +1.3600e+000 -3.6920e+000 +3.8824e+000
30157 0 +0.000000000e+000 +0.000000000e+000 -1.055600000e+002 -1.055600000e+002 +1.3600e+000 -3.6920e+000 +3.8824e+000
% f evaluations | g evaluations | best noise-free fitness - Fopt | noise-free fitness - Fopt (9.803000000000e+001) | measured fitness | best measured fitness | x1 | x2...
1 0 +3.977954383e+004 +3.977954383e+004 +3.987757383e+004 +3.987757383e+004 +9.7605e-001 +7.5649e-001 +1.1641e+000
3 0 +1.571893067e+004 +1.571893067e+004 +1.581696067e+004 +1.581696067e+004 +4.2865e-001 +7.1300e-001 -4.2549e-001
5 0 +6.955000423e+003 +6.955000423e+003 +7.053030423e+003 +7.053030423e+003 +4.9873e-001 +4.6643e-001 -9.1205e-001
8 0 +3.274684524e+003 +3.274684524e+003 +3.372714524e+003 +3.372714524e+003 +1.2728e+000 -2.8820e-002 -1.9332e+000
26 0 +1.531872297e+001 +1.531872297e+001 +1.133487230e+002 +1.133487230e+002 +5.0890e-001 +1.1772e+000 -1.9995e+000
165 0 +6.094252950e+000 +6.094252950e+000 +1.041242529e+002 +1.041242529e+002 -1.1279e+000 -6.8841e-001 -5.1700e+000
434 0 +1.310055703e+000 +1.310055703e+000 +9.934005570e+001 +9.934005570e+001 -1.0357e+000 -9.0431e-001 -4.0708e+000
1635 0 +6.842052355e-001 +6.842052355e-001 +9.871420524e+001 +9.871420524e+001 -1.0867e+000 -1.2159e+000 -4.1181e+000
3103 0 +6.426286217e-001 +6.426286217e-001 +9.867262862e+001 +9.867262862e+001 -9.5222e-001 -1.0144e+000 -3.8304e+000
3170 0 +6.303156759e-001 +6.303156759e-001 +9.866031568e+001 +9.866031568e+001 -6.9549e-001 -9.7430e-001 -3.3499e+000
3174 0 +5.132294780e-001 +5.132294780e-001 +9.854322948e+001 +9.854322948e+001 -8.1104e-001 -1.2762e+000 -3.7631e+000
3586 0 +4.211456767e-001 +4.211456767e-001 +9.845114568e+001 +9.845114568e+001 -9.9866e-001 -1.0855e+000 -3.8441e+000
3640 0 +3.609614462e-001 +3.609614462e-001 +9.839096145e+001 +9.839096145e+001 -8.5251e-001 -1.0769e+000 -3.6177e+000
3873 0 +2.767531839e-001 +2.767531839e-001 +9.830675318e+001 +9.830675318e+001 -8.6949e-001 -1.3170e+000 -3.7322e+000
4003 0 +2.219655565e-001 +2.219655565e-001 +9.825196556e+001 +9.825196556e+001 -8.4199e-001 -1.1605e+000 -3.5705e+000
4011 0 +1.679357058e-001 +1.679357058e-001 +9.819793571e+001 +9.819793571e+001 -8.9889e-001 -1.1751e+000 -3.6352e+000
4044 0 +9.767386128e-002 +9.767386128e-002 +9.812767386e+001 +9.812767386e+001 -9.0833e-001 -1.3637e+000 -3.6554e+000
4395 0 +4.045220786e-002 +4.045220786e-002 +9.807045221e+001 +9.807045221e+001 -9.0463e-001 -1.2323e+000 -3.5003e+000
4742 0 +3.972331666e-002 +3.972331666e-002 +9.806972332e+001 +9.806972332e+001 -9.5479e-001 -1.3230e+000 -3.5975e+000
5148 0 +1.586820145e-002 +1.586820145e-002 +9.804586820e+001 +9.804586820e+001 -9.1432e-001 -1.2846e+000 -3.5259e+000
5301 0 +6.779665387e-003 +6.779665387e-003 +9.803677967e+001 +9.803677967e+001 -9.2206e-001 -1.2943e+000 -3.5114e+000
6674 0 +4.412994496e-003 +4.412994496e-003 +9.803441299e+001 +9.803441299e+001 -9.3028e-001 -1.2987e+000 -3.5208e+000
7218 0 +5.681911514e-004 +5.681911514e-004 +9.803056819e+001 +9.803056819e+001 -9.4363e-001 -1.3159e+000 -3.5359e+000
8409 0 +1.611964331e-004 +1.611964331e-004 +9.803016120e+001 +9.803016120e+001 -9.4304e-001 -1.3204e+000 -3.5324e+000
10790 0 +1.336314746e-004 +1.336314746e-004 +9.803013363e+001 +9.803013363e+001 -9.4280e-001 -1.3179e+000 -3.5288e+000
10996 0 +6.753680277e-005 +6.753680277e-005 +9.803006754e+001 +9.803006754e+001 -9.4380e-001 -1.3220e+000 -3.5317e+000
11078 0 +2.756692565e-005 +2.756692565e-005 +9.803002757e+001 +9.803002757e+001 -9.4387e-001 -1.3214e+000 -3.5304e+000
11260 0 +1.991556790e-005 +1.991556790e-005 +9.803001992e+001 +9.803001992e+001 -9.4375e-001 -1.3204e+000 -3.5293e+000
12967 0 +1.583629260e-005 +1.583629260e-005 +9.803001584e+001 +9.803001584e+001 -9.4319e-001 -1.3210e+000 -3.5285e+000
13228 0 +8.103490018e-006 +8.103490018e-006 +9.803000810e+001 +9.803000810e+001 -9.4381e-001 -1.3218e+000 -3.5295e+000
13606 0 +1.565376394e-006 +1.565376394e-006 +9.803000157e+001 +9.803000157e+001 -9.4401e-001 -1.3215e+000 -3.5289e+000
15147 0 +1.360973329e-006 +1.360973329e-006 +9.803000136e+001 +9.803000136e+001 -9.4400e-001 -1.3214e+000 -3.5290e+000
15234 0 +1.134888919e-006 +1.134888919e-006 +9.803000113e+001 +9.803000113e+001 -9.4402e-001 -1.3214e+000 -3.5291e+000
15274 0 +4.469089561e-007 +4.469089561e-007 +9.803000045e+001 +9.803000045e+001 -9.4400e-001 -1.3215e+000 -3.5290e+000
15926 0 +4.300865157e-007 +4.300865157e-007 +9.803000043e+001 +9.803000043e+001 -9.4406e-001 -1.3215e+000 -3.5290e+000
16098 0 +3.439722178e-007 +3.439722178e-007 +9.803000034e+001 +9.803000034e+001 -9.4396e-001 -1.3216e+000 -3.5289e+000
16391 0 +2.851314349e-007 +2.851314349e-007 +9.803000029e+001 +9.803000029e+001 -9.4399e-001 -1.3216e+000 -3.5289e+000
16518 0 +6.569391076e-008 +6.569391076e-008 +9.803000007e+001 +9.803000007e+001 -9.4397e-001 -1.3216e+000 -3.5288e+000
17897 0 +6.370470373e-009 +6.370470373e-009 +9.803000001e+001 +9.803000001e+001 -9.4400e-001 -1.3216e+000 -3.5288e+000
33876 0 +0.000000000e+000 +0.000000000e+000 +9.803000000e+001 +9.803000000e+001 -9.4400e-001 -1.3216e+000 -3.5288e+000
% f evaluations | g evaluations | best noise-free fitness - Fopt | noise-free fitness - Fopt (1.000000000000e+003) | measured fitness | best measured fitness | x1 | x2...
1 0 +6.495639180e+004 +6.495639180e+004 +6.595639180e+004 +6.595639180e+004 -2.5015e-001 +3.6517e-001 -6.7681e-001
3 0 +3.617556594e+003 +3.617556594e+003 +4.617556594e+003 +4.617556594e+003 +7.3869e-002 +1.2240e+000 +2.0336e+000
16 0 +1.093934911e+003 +1.093934911e+003 +2.093934911e+003 +2.093934911e+003 -1.9873e+000 +3.7940e+000 +1.9784e+000
108 0 +2.241259515e+002 +2.241259515e+002 +1.224125952e+003 +1.224125952e+003 +1.1433e-001 +5.2907e+000 +2.2743e+000
109 0 +9.425514235e+001 +9.425514235e+001 +1.094255142e+003 +1.094255142e+003 +2.1875e+000 +2.1564e+000 +3.7112e+000
110 0 +4.315130018e+001 +4.315130018e+001 +1.043151300e+003 +1.043151300e+003 -1.4406e+000 +1.1293e+000 +3.1198e+000
132 0 +3.284335397e+001 +3.284335397e+001 +1.032843354e+003 +1.032843354e+003 +8.0126e-001 -2.5912e-001 +5.2898e+000
175 0 +6.878108747e+000 +6.878108747e+000 +1.006878109e+003 +1.006878109e+003 -9.9683e-001 -1.0798e+000 +4.1747e+000
1709 0 +3.151163119e+000 +3.151163119e+000 +1.003151163e+003 +1.003151163e+003 -2.3772e+000 -8.2235e-001 +3.5133e+000
2398 0 +1.370763400e+000 +1.370763400e+000 +1.001370763e+003 +1.001370763e+003 -2.5124e+000 -1.1275e+000 +4.0946e+000
2923 0 +1.110856520e+000 +1.110856520e+000 +1.001110857e+003 +1.001110857e+003 -3.1879e+000 -1.1424e+000 +4.2422e+000
4243 0 +7.363458777e-001 +7.363458777e-001 +1.000736346e+003 +1.000736346e+003 -2.3234e+000 -1.3013e+000 +3.8096e+000
4396 0 +4.032020008e-001 +4.032020008e-001 +1.000403202e+003 +1.000403202e+003 -2.4759e+000 -1.2943e+000 +3.6949e+000
4564 0 +2.166163833e-001 +2.166163833e-001 +1.000216616e+003 +1.000216616e+003 -2.8203e+000 -1.2770e+000 +3.7743e+000
5160 0 +2.011473850e-001 +2.011473850e-001 +1.000201147e+003 +1.000201147e+003 -2.7779e+000 -1.3677e+000 +3.9124e+000
5289 0 +9.552890814e-002 +9.552890814e-002 +1.000095529e+003 +1.000095529e+003 -2.7903e+000 -1.3681e+000 +3.8245e+000
5559 0 +2.919231710e-002 +2.919231710e-002 +1.000029192e+003 +1.000029192e+003 -2.9262e+000 -1.3911e+000 +3.8140e+000
6449 0 +1.497757910e-002 +1.497757910e-002 +1.000014978e+003 +1.000014978e+003 -2.8514e+000 -1.3952e+000 +3.7459e+000
6739 0 +1.402745694e-002 +1.402745694e-002 +1.000014027e+003 +1.000014027e+003 -2.8752e+000 -1.3827e+000 +3.7224e+000
7777 0 +7.948207441e-003 +7.948207441e-003 +1.000007948e+003 +1.000007948e+003 -2.8892e+000 -1.3922e+000 +3.7372e+000
8387 0 +7.823452495e-004 +7.823452495e-004 +1.000000782e+003 +1.000000782e+003 -2.8842e+000 -1.4079e+000 +3.7176e+000
9743 0 +4.677655877e-004 +4.677655877e-004 +1.000000468e+003 +1.000000468e+003 -2.8918e+000 -1.4100e+000 +3.7242e+000
10740 0 +2.663259995e-004 +2.663259995e-004 +1.000000266e+003 +1.000000266e+003 -2.8926e+000 -1.4090e+000 +3.7188e+000
11961 0 +1.483309633e-004 +1.483309633e-004 +1.000000148e+003 +1.000000148e+003 -2.8905e+000 -1.4108e+000 +3.7182e+000
12102 0 +9.297559109e-005 +9.297559109e-005 +1.000000093e+003 +1.000000093e+003 -2.8959e+000 -1.4106e+000 +3.7213e+000
12646 0 +7.829928086e-005 +7.829928086e-005 +1.000000078e+003 +1.000000078e+003 -2.8922e+000 -1.4117e+000 +3.7187e+000
13164 0 +1.613526547e-005 +1.613526547e-005 +1.000000016e+003 +1.000000016e+003 -2.8956e+000 -1.4116e+000 +3.7196e+000
15145 0 +1.507867898e-005 +1.507867898e-005 +1.000000015e+003 +1.000000015e+003 -2.8961e+000 -1.4117e+000 +3.7197e+000
15336 0 +8.973747299e-006 +8.973747299e-006 +1.000000009e+003 +1.000000009e+003 -2.8957e+000 -1.4115e+000 +3.7188e+000
15461 0 +6.025757102e-006 +6.025757102e-006 +1.000000006e+003 +1.000000006e+003 -2.8956e+000 -1.4117e+000 +3.7188e+000
15661 0 +5.976273656e-006 +5.976273656e-006 +1.000000006e+003 +1.000000006e+003 -2.8964e+000 -1.4117e+000 +3.7192e+000
15901 0 +3.269201216e-006 +3.269201216e-006 +1.000000003e+003 +1.000000003e+003 -2.8958e+000 -1.4119e+000 +3.7187e+000
16078 0 +1.737455705e-006 +1.737455705e-006 +1.000000002e+003 +1.000000002e+003 -2.8957e+000 -1.4118e+000 +3.7185e+000
16890 0 +9.163736649e-007 +9.163736649e-007 +1.000000001e+003 +1.000000001e+003 -2.8958e+000 -1.4119e+000 +3.7184e+000
17068 0 +5.227867632e-007 +5.227867632e-007 +1.000000001e+003 +1.000000001e+003 -2.8959e+000 -1.4120e+000 +3.7185e+000
17804 0 +4.664228754e-007 +4.664228754e-007 +1.000000000e+003 +1.000000000e+003 -2.8960e+000 -1.4119e+000 +3.7185e+000
17859 0 +3.531779385e-007 +3.531779385e-007 +1.000000000e+003 +1.000000000e+003 -2.8959e+000 -1.4120e+000 +3.7185e+000
17945 0 +1.441222821e-007 +1.441222821e-007 +1.000000000e+003 +1.000000000e+003 -2.8960e+000 -1.4120e+000 +3.7185e+000
18502 0 +1.007467745e-007 +1.007467745e-007 +1.000000000e+003 +1.000000000e+003 -2.8960e+000 -1.4120e+000 +3.7185e+000
20219 0 +5.401625458e-008 +5.401625458e-008 +1.000000000e+003 +1.000000000e+003 -2.8960e+000 -1.4120e+000 +3.7184e+000
20282 0 +3.092407042e-008 +3.092407042e-008 +1.000000000e+003 +1.000000000e+003 -2.8960e+000 -1.4120e+000 +3.7184e+000
21010 0 +1.861019427e-008 +1.861019427e-008 +1.000000000e+003 +1.000000000e+003 -2.8960e+000 -1.4120e+000 +3.7184e+000
22157 0 +1.781904757e-008 +1.781904757e-008 +1.000000000e+003 +1.000000000e+003 -2.8960e+000 -1.4120e+000 +3.7184e+000
22205 0 +1.216119472e-008 +1.216119472e-008 +1.000000000e+003 +1.000000000e+003 -2.8960e+000 -1.4120e+000 +3.7184e+000
22251 0 +2.870137905e-009 +2.870137905e-009 +1.000000000e+003 +1.000000000e+003 -2.8960e+000 -1.4120e+000 +3.7184e+000
35936 0 +0.000000000e+000 +0.000000000e+000 +1.000000000e+003 +1.000000000e+003 -2.8960e+000 -1.4120e+000 +3.7184e+000
% f evaluations | g evaluations | best noise-free fitness - Fopt | noise-free fitness - Fopt (1.490000000000e+000) | measured fitness | best measured fitness | x1 | x2...
1 0 +6.493558301e+004 +6.493558301e+004 +6.493707301e+004 +6.493707301e+004 +3.0911e-001 +9.0704e-002 -6.6261e-001
4 0 +4.969680634e+004 +4.969680634e+004 +4.969829634e+004 +4.969829634e+004 +1.6942e+000 -9.6939e-001 -8.7107e-001
21 0 +1.303059284e+004 +1.303059284e+004 +1.303208284e+004 +1.303208284e+004 +2.8285e+000 +1.0858e+000 +2.6996e-001
118 0 +7.003329255e+001 +7.003329255e+001 +7.152329255e+001 +7.152329255e+001 +1.4393e+000 +3.2280e+000 -2.7612e+000
160 0 +2.782155855e+001 +2.782155855e+001 +2.931155855e+001 +2.931155855e+001 +1.8929e+000 +1.0834e+000 -3.9390e+000
167 0 +2.360010216e+001 +2.360010216e+001 +2.509010216e+001 +2.509010216e+001 +3.4319e+000 +2.9640e+000 -3.4020e+000
267 0 +1.312938864e+001 +1.312938864e+001 +1.461938864e+001 +1.461938864e+001 +3.5014e+000 +2.7185e-001 -2.6559e+000
5248 0 +6.738795931e+000 +6.738795931e+000 +8.228795931e+000 +8.228795931e+000 +3.6689e+000 +8.9207e-001 -4.4711e+000
5823 0 +6.513879506e+000 +6.513879506e+000 +8.003879506e+000 +8.003879506e+000 +3.7613e+000 +5.4061e-001 -4.4200e+000
6256 0 +5.728576342e+000 +5.728576342e+000 +7.218576342e+000 +7.218576342e+000 +3.5372e+000 -3.2761e-001 -3.3269e+000
6332 0 +3.354914445e+000 +3.354914445e+000 +4.844914445e+000 +4.844914445e+000 +3.3672e+000 -4.8168e-001 -4.0914e+000
6342 0 +2.529769746e+000 +2.529769746e+000 +4.019769746e+000 +4.019769746e+000 +3.8866e+000 -2.0051e-001 -3.8458e+000
6499 0 +2.359170548e+000 +2.359170548e+000 +3.849170548e+000 +3.849170548e+000 +3.3813e+000 -1.0944e+000 -3.9872e+000
6807 0 +1.662987175e+000 +1.662987175e+000 +3.152987175e+000 +3.152987175e+000 +3.8263e+000 -1.0899e+000 -3.3616e+000
6977 0 +1.408234198e+000 +1.408234198e+000 +2.898234198e+000 +2.898234198e+000 +3.9047e+000 -8.5011e-001 -3.4941e+000
7005 0 +1.212439587e+000 +1.212439587e+000 +2.702439587e+000 +2.702439587e+000 +3.8122e+000 -8.6966e-001 -3.9886e+000
8295 0 +9.023173734e-001 +9.023173734e-001 +2.392317373e+000 +2.392317373e+000 +3.8186e+000 -9.3335e-001 -3.7976e+000
8621 0 +6.401106645e-001 +6.401106645e-001 +2.130110664e+000 +2.130110664e+000 +3.9722e+000 -1.0835e+000 -3.7113e+000
9209 0 +5.211201383e-001 +5.211201383e-001 +2.011120138e+000 +2.011120138e+000 +3.9802e+000 -1.1380e+000 -3.7660e+000
9611 0 +4.073156011e-001 +4.073156011e-001 +1.897315601e+000 +1.897315601e+000 +3.9208e+000 -1.5609e+000 -3.4696e+000
10169 0 +3.651586331e-001 +3.651586331e-001 +1.855158633e+000 +1.855158633e+000 +3.8123e+000 -1.3821e+000 -3.7703e+000
10725 0 +2.627593366e-001 +2.627593366e-001 +1.752759337e+000 +1.752759337e+000 +3.8983e+000 -1.4317e+000 -3.6400e+000
11652 0 +1.857345196e-001 +1.857345196e-001 +1.675734520e+000 +1.675734520e+000 +3.9961e+000 -1.5222e+000 -3.5656e+000
11838 0 +1.611180158e-001 +1.611180158e-001 +1.651118016e+000 +1.651118016e+000 +3.9122e+000 -1.4754e+000 -3.7457e+000
12648 0 +1.390580601e-001 +1.390580601e-001 +1.629058060e+000 +1.629058060e+000 +3.9124e+000 -1.5240e+000 -3.6933e+000
12943 0 +7.723362354e-002 +7.723362354e-002 +1.567233624e+000 +1.567233624e+000 +3.9097e+000 -1.6940e+000 -3.6248e+000
13348 0 +8.388021738e-003 +8.388021738e-003 +1.498388022e+000 +1.498388022e+000 +3.9445e+000 -1.7597e+000 -3.6578e+000
16234 0 +4.468140906e-003 +4.468140906e-003 +1.494468141e+000 +1.494468141e+000 +3.9433e+000 -1.7846e+000 -3.6543e+000
17729 0 +2.954019812e-003 +2.954019812e-003 +1.492954020e+000 +1.492954020e+000 +3.9578e+000 -1.7833e+000 -3.6467e+000
18089 0 +1.138436061e-003 +1.138436061e-003 +1.491138436e+000 +1.491138436e+000 +3.9487e+000 -1.8032e+000 -3.6536e+000
20739 0 +8.210455709e-004 +8.210455709e-004 +1.490821046e+000 +1.490821046e+000 +3.9494e+000 -1.8115e+000 -3.6471e+000
20905 0 +7.515667362e-004 +7.515667362e-004 +1.490751567e+000 +1.490751567e+000 +3.9559e+000 -1.8049e+000 -3.6511e+000
21415 0 +5.117249908e-004 +5.117249908e-004 +1.490511725e+000 +1.490511725e+000 +3.9543e+000 -1.8069e+000 -3.6492e+000
21844 0 +3.283780235e-004 +3.283780235e-004 +1.490328378e+000 +1.490328378e+000 +3.9545e+000 -1.8128e+000 -3.6451e+000
21984 0 +3.010329227e-004 +3.010329227e-004 +1.490301033e+000 +1.490301033e+000 +3.9554e+000 -1.8104e+000 -3.6479e+000
22481 0 +1.762743780e-004 +1.762743780e-004 +1.490176274e+000 +1.490176274e+000 +3.9551e+000 -1.8134e+000 -3.6480e+000
22581 0 +2.490217294e-005 +2.490217294e-005 +1.490024902e+000 +1.490024902e+000 +3.9542e+000 -1.8190e+000 -3.6475e+000
24883 0 +2.344973719e-005 +2.344973719e-005 +1.490023450e+000 +1.490023450e+000 +3.9542e+000 -1.8195e+000 -3.6471e+000
25130 0 +1.311050632e-005 +1.311050632e-005 +1.490013111e+000 +1.490013111e+000 +3.9541e+000 -1.8200e+000 -3.6473e+000
25701 0 +8.696863634e-006 +8.696863634e-006 +1.490008697e+000 +1.490008697e+000 +3.9539e+000 -1.8205e+000 -3.6477e+000
25900 0 +4.592579412e-006 +4.592579412e-006 +1.490004593e+000 +1.490004593e+000 +3.9542e+000 -1.8210e+000 -3.6471e+000
26207 0 +2.951035356e-006 +2.951035356e-006 +1.490002951e+000 +1.490002951e+000 +3.9542e+000 -1.8212e+000 -3.6471e+000
26522 0 +9.030563426e-007 +9.030563426e-007 +1.490000903e+000 +1.490000903e+000 +3.9543e+000 -1.8213e+000 -3.6473e+000
27894 0 +8.757205954e-007 +8.757205954e-007 +1.490000876e+000 +1.490000876e+000 +3.9542e+000 -1.8214e+000 -3.6473e+000
28460 0 +5.932400107e-007 +5.932400107e-007 +1.490000593e+000 +1.490000593e+000 +3.9543e+000 -1.8214e+000 -3.6472e+000
28760 0 +3.794080254e-007 +3.794080254e-007 +1.490000379e+000 +1.490000379e+000 +3.9544e+000 -1.8214e+000 -3.6471e+000
29156 0 +1.919443933e-007 +1.919443933e-007 +1.490000192e+000 +1.490000192e+000 +3.9544e+000 -1.8215e+000 -3.6472e+000
30223 0 +1.627438586e-007 +1.627438586e-007 +1.490000163e+000 +1.490000163e+000 +3.9544e+000 -1.8215e+000 -3.6472e+000
30424 0 +1.432922836e-007 +1.432922836e-007 +1.490000143e+000 +1.490000143e+000 +3.9544e+000 -1.8215e+000 -3.6472e+000
30490 0 +6.467231350e-008 +6.467231350e-008 +1.490000065e+000 +1.490000065e+000 +3.9544e+000 -1.8215e+000 -3.6472e+000
30776 0 +5.303039896e-008 +5.303039896e-008 +1.490000053e+000 +1.490000053e+000 +3.9544e+000 -1.8215e+000 -3.6472e+000
31354 0 +3.615880306e-008 +3.615880306e-008 +1.490000036e+000 +1.490000036e+000 +3.9544e+000 -1.8215e+000 -3.6472e+000
31381 0 +9.814494550e-009 +9.814494550e-009 +1.490000010e+000 +1.490000010e+000 +3.9544e+000 -1.8216e+000 -3.6472e+000
57777 0 +0.000000000e+000 +0.000000000e+000 +1.490000000e+000 +1.490000000e+000 +3.9544e+000 -1.8216e+000 -3.6472e+000
% f evaluations | g evaluations | best noise-free fitness - Fopt | noise-free fitness - Fopt (5.963500000000e+002) | measured fitness | best measured fitness | x1 | x2...
1 0 +1.133065767e+005 +1.133065767e+005 +1.139029267e+005 +1.139029267e+005 -1.1645e-001 -1.3186e+000 -2.1979e-001
2 0 +8.034201791e+004 +8.034201791e+004 +8.093836791e+004 +8.093836791e+004 +6.3258e-002 +5.4954e-001 +4.3517e-001
18 0 +6.703476584e+004 +6.703476584e+004 +6.763111584e+004 +6.763111584e+004 -7.3692e-001 +8.1295e-001 +1.0118e+000
28 0 +6.353792538e+004 +6.353792538e+004 +6.413427538e+004 +6.413427538e+004 -9.3839e-001 -5.2684e-001 +1.9322e-001
33 0 +5.368952590e+004 +5.368952590e+004 +5.428587590e+004 +5.428587590e+004 -1.9826e+000 +4.2024e-001 +8.7147e-001
45 0 +3.033352759e+004 +3.033352759e+004 +3.092987759e+004 +3.092987759e+004 -2.1753e+000 -3.8246e-001 +1.3107e+000
131 0 +1.102247136e+004 +1.102247136e+004 +1.161882136e+004 +1.161882136e+004 -2.6683e+000 +4.1028e-001 +3.4327e+000
146 0 +1.971823010e+003 +1.971823010e+003 +2.568173010e+003 +2.568173010e+003 -3.1194e+000 -1.5693e-001 +3.3553e+000
307 0 +2.812270269e+002 +2.812270269e+002 +8.775770269e+002 +8.775770269e+002 -6.0094e+000 -2.7487e-001 +3.8471e+000
343 0 +1.263145591e+001 +1.263145591e+001 +6.089814559e+002 +6.089814559e+002 -7.1371e+000 -4.5889e-001 +5.5131e+000
368 0 +4.839559440e+000 +4.839559440e+000 +6.011895594e+002 +6.011895594e+002 -4.7934e+000 -1.3760e-001 +5.0382e+000
13542 0 +4.472817147e+000 +4.472817147e+000 +6.008228171e+002 +6.008228171e+002 -5.1643e+000 +3.3387e-001 +4.2624e+000
14217 0 +4.023020081e+000 +4.023020081e+000 +6.003730201e+002 +6.003730201e+002 -5.5827e+000 -3.1057e-001 +4.2726e+000
14309 0 +3.958115561e+000 +3.958115561e+000 +6.003081156e+002 +6.003081156e+002 -4.7737e+000 +2.0535e-001 +4.6999e+000
14384 0 +2.633378821e+000 +2.633378821e+000 +5.989833788e+002 +5.989833788e+002 -5.1180e+000 +1.0675e-002 +4.1322e+000
15194 0 +1.747948792e+000 +1.747948792e+000 +5.980979488e+002 +5.980979488e+002 -4.7586e+000 -2.2097e-003 +3.5413e+000
15320 0 +1.518417734e+000 +1.518417734e+000 +5.978684177e+002 +5.978684177e+002 -4.8581e+000 -1.6075e-001 +3.7131e+000
15396 0 +6.566513714e-001 +6.566513714e-001 +5.970066514e+002 +5.970066514e+002 -4.2892e+000 -6.2710e-002 +3.5390e+000
16417 0 +3.287514109e-001 +3.287514109e-001 +5.966787514e+002 +5.966787514e+002 -4.1154e+000 -2.1475e-001 +3.6039e+000
16622 0 +1.173627755e-001 +1.173627755e-001 +5.964673628e+002 +5.964673628e+002 -3.8730e+000 -2.0001e-001 +3.5212e+000
19331 0 +6.260020470e-002 +6.260020470e-002 +5.964126002e+002 +5.964126002e+002 -3.8230e+000 -1.8537e-001 +3.4723e+000
21235 0 +4.894323870e-002 +4.894323870e-002 +5.963989432e+002 +5.963989432e+002 -3.7803e+000 -1.1873e-001 +3.4791e+000
21389 0 +3.739547434e-002 +3.739547434e-002 +5.963873955e+002 +5.963873955e+002 -3.7749e+000 -1.7050e-001 +3.4584e+000
21532 0 +2.625808145e-003 +2.625808145e-003 +5.963526258e+002 +5.963526258e+002 -3.7028e+000 -1.6014e-001 +3.3842e+000
23617 0 +9.371619545e-004 +9.371619545e-004 +5.963509372e+002 +5.963509372e+002 -3.6853e+000 -1.5005e-001 +3.3760e+000
23760 0 +5.833716095e-004 +5.833716095e-004 +5.963505834e+002 +5.963505834e+002 -3.6907e+000 -1.5558e-001 +3.3730e+000
26774 0 +2.706811388e-004 +2.706811388e-004 +5.963502707e+002 +5.963502707e+002 -3.6853e+000 -1.5406e-001 +3.3705e+000
27851 0 +2.216109392e-004 +2.216109392e-004 +5.963502216e+002 +5.963502216e+002 -3.6857e+000 -1.5433e-001 +3.3681e+000
28139 0 +1.709661748e-004 +1.709661748e-004 +5.963501710e+002 +5.963501710e+002 -3.6838e+000 -1.5307e-001 +3.3658e+000
28204 0 +1.522747639e-004 +1.522747639e-004 +5.963501523e+002 +5.963501523e+002 -3.6843e+000 -1.5461e-001 +3.3679e+000
29265 0 +4.584261683e-005 +4.584261683e-005 +5.963500458e+002 +5.963500458e+002 -3.6806e+000 -1.5389e-001 +3.3655e+000
29488 0 +1.588314103e-005 +1.588314103e-005 +5.963500159e+002 +5.963500159e+002 -3.6792e+000 -1.5449e-001 +3.3654e+000
31361 0 +8.253006513e-006 +8.253006513e-006 +5.963500083e+002 +5.963500083e+002 -3.6788e+000 -1.5423e-001 +3.3646e+000
32936 0 +6.614600352e-006 +6.614600352e-006 +5.963500066e+002 +5.963500066e+002 -3.6785e+000 -1.5455e-001 +3.3647e+000
33089 0 +5.774565011e-006 +5.774565011e-006 +5.963500058e+002 +5.963500058e+002 -3.6784e+000 -1.5425e-001 +3.3647e+000
33214 0 +5.298558449e-006 +5.298558449e-006 +5.963500053e+002 +5.963500053e+002 -3.6786e+000 -1.5432e-001 +3.3645e+000
34961 0 +1.728801067e-006 +1.728801067e-006 +5.963500017e+002 +5.963500017e+002 -3.6780e+000 -1.5426e-001 +3.3643e+000
35946 0 +1.672550638e-006 +1.672550638e-006 +5.963500017e+002 +5.963500017e+002 -3.6781e+000 -1.5446e-001 +3.3643e+000
36583 0 +1.178933417e-006 +1.178933417e-006 +5.963500012e+002 +5.963500012e+002 -3.6780e+000 -1.5439e-001 +3.3643e+000
36893 0 +9.455374084e-007 +9.455374084e-007 +5.963500009e+002 +5.963500009e+002 -3.6779e+000 -1.5438e-001 +3.3643e+000
37454 0 +8.823750477e-007 +8.823750477e-007 +5.963500009e+002 +5.963500009e+002 -3.6779e+000 -1.5433e-001 +3.3642e+000
37611 0 +5.356049542e-007 +5.356049542e-007 +5.963500005e+002 +5.963500005e+002 -3.6779e+000 -1.5437e-001 +3.3642e+000
38578 0 +3.801267212e-007 +3.801267212e-007 +5.963500004e+002 +5.963500004e+002 -3.6778e+000 -1.5443e-001 +3.3641e+000
39344 0 +9.948485058e-008 +9.948485058e-008 +5.963500001e+002 +5.963500001e+002 -3.6777e+000 -1.5438e-001 +3.3640e+000
40103 0 +5.497997790e-008 +5.497997790e-008 +5.963500001e+002 +5.963500001e+002 -3.6777e+000 -1.5438e-001 +3.3640e+000
41493 0 +3.606305654e-008 +3.606305654e-008 +5.963500000e+002 +5.963500000e+002 -3.6776e+000 -1.5440e-001 +3.3641e+000
41982 0 +2.568731361e-008 +2.568731361e-008 +5.963500000e+002 +5.963500000e+002 -3.6777e+000 -1.5440e-001 +3.3640e+000
42112 0 +2.009255695e-008 +2.009255695e-008 +5.963500000e+002 +5.963500000e+002 -3.6776e+000 -1.5440e-001 +3.3640e+000
42647 0 +1.664341198e-008 +1.664341198e-008 +5.963500000e+002 +5.963500000e+002 -3.6776e+000 -1.5440e-001 +3.3640e+000
44184 0 +1.045793852e-008 +1.045793852e-008 +5.963500000e+002 +5.963500000e+002 -3.6776e+000 -1.5441e-001 +3.3640e+000
52652 0 +7.724338502e-009 +7.724338502e-009 +5.963500000e+002 +5.963500000e+002 -3.6776e+000 -1.5440e-001 +3.3640e+000
76970 0 +0.000000000e+000 +0.000000000e+000 +5.963500000e+002 +5.963500000e+002 -3.6776e+000 -1.5440e-001 +3.3640e+000
% f evaluations | g evaluations | best noise-free fitness - Fopt | noise-free fitness - Fopt (-1.189700000000e+002) | measured fitness | best measured fitness | x1 | x2...
1 0 +1.158068922e+005 +1.158068922e+005 +1.156879222e+005 +1.156879222e+005 -6.5773e-001 +3.6344e-001 -4.6614e-001
6 0 +8.401556445e+004 +8.401556445e+004 +8.389659445e+004 +8.389659445e+004 -2.0349e-001 +8.1154e-001 -7.2653e-001
10 0 +6.362266781e+004 +6.362266781e+004 +6.350369781e+004 +6.350369781e+004 +8.4599e-001 +1.2597e+000 -6.5525e-001
103 0 +6.083611133e+004 +6.083611133e+004 +6.071714133e+004 +6.071714133e+004 -5.4924e-001 +1.9280e+000 -3.6880e+000
107 0 +3.558888058e+004 +3.558888058e+004 +3.546991058e+004 +3.546991058e+004 -7.2541e-001 +1.8141e+000 -1.6148e+000
113 0 +3.231246854e+004 +3.231246854e+004 +3.219349854e+004 +3.219349854e+004 -5.2739e-001 +2.1362e+000 -2.5172e+000
118 0 +2.955341636e+004 +2.955341636e+004 +2.943444636e+004 +2.943444636e+004 -1.8891e+000 +2.6045e+000 -4.1557e+000
119 0 +6.776332551e+003 +6.776332551e+003 +6.657362551e+003 +6.657362551e+003 -1.0524e+000 +3.2171e+000 -2.7552e+000
276 0 +1.367391877e+003 +1.367391877e+003 +1.248421877e+003 +1.248421877e+003 -2.3752e+000 +5.4276e+000 -4.1213e+000
301 0 +3.552216047e+001 +3.552216047e+001 -8.344783953e+001 -8.344783953e+001 -3.5897e+000 +7.9597e+000 -3.6065e+000
303 0 +2.565913399e+001 +2.565913399e+001 -9.331086601e+001 -9.331086601e+001 -5.3984e+000 +5.3443e+000 -6.6646e+000
314 0 +1.253529179e+001 +1.253529179e+001 -1.064347082e+002 -1.064347082e+002 -3.3071e+000 +5.1380e+000 -2.9108e+000
8038 0 +1.163388104e+001 +1.163388104e+001 -1.073361190e+002 -1.073361190e+002 -3.4857e+000 +4.9209e+000 -5.1300e+000
13210 0 +6.826317897e+000 +6.826317897e+000 -1.121436821e+002 -1.121436821e+002 -2.5625e+000 +5.2313e+000 -4.0778e+000
13472 0 +4.017837399e+000 +4.017837399e+000 -1.149521626e+002 -1.149521626e+002 -2.4290e+000 +4.7065e+000 -3.8406e+000
14838 0 +1.307340911e+000 +1.307340911e+000 -1.176626591e+002 -1.176626591e+002 -1.8464e+000 +4.2320e+000 -3.1794e+000
17111 0 +9.677695694e-001 +9.677695694e-001 -1.180022304e+002 -1.180022304e+002 -1.8527e+000 +3.9831e+000 -2.9532e+000
17276 0 +8.327679625e-001 +8.327679625e-001 -1.181372320e+002 -1.181372320e+002 -1.7067e+000 +3.9835e+000 -2.5764e+000
18046 0 +3.024140490e-001 +3.024140490e-001 -1.186675860e+002 -1.186675860e+002 -1.5251e+000 +3.9992e+000 -2.7599e+000
18516 0 +2.640111553e-001 +2.640111553e-001 -1.187059888e+002 -1.187059888e+002 -1.5152e+000 +3.9890e+000 -2.6315e+000
18645 0 +2.378130111e-001 +2.378130111e-001 -1.187321870e+002 -1.187321870e+002 -1.4944e+000 +3.9305e+000 -2.7044e+000
18768 0 +1.606680968e-001 +1.606680968e-001 -1.188093319e+002 -1.188093319e+002 -1.4346e+000 +3.9810e+000 -2.6392e+000
19506 0 +1.491152852e-001 +1.491152852e-001 -1.188208847e+002 -1.188208847e+002 -1.3304e+000 +4.0466e+000 -2.4616e+000
19968 0 +8.124257486e-002 +8.124257486e-002 -1.188887574e+002 -1.188887574e+002 -1.3493e+000 +3.8586e+000 -2.4984e+000
20253 0 +3.812993887e-002 +3.812993887e-002 -1.189318701e+002 -1.189318701e+002 -1.2924e+000 +3.9227e+000 -2.4689e+000
21214 0 +3.571240270e-002 +3.571240270e-002 -1.189342876e+002 -1.189342876e+002 -1.2948e+000 +3.9111e+000 -2.4656e+000
21380 0 +3.060305983e-002 +3.060305983e-002 -1.189393969e+002 -1.189393969e+002 -1.2916e+000 +3.8906e+000 -2.4983e+000
21396 0 +2.652099748e-002 +2.652099748e-002 -1.189434790e+002 -1.189434790e+002 -1.2860e+000 +3.9013e+000 -2.4621e+000
21668 0 +2.492792265e-002 +2.492792265e-002 -1.189450721e+002 -1.189450721e+002 -1.2665e+000 +3.8935e+000 -2.4920e+000
21808 0 +2.150519483e-002 +2.150519483e-002 -1.189484948e+002 -1.189484948e+002 -1.2587e+000 +3.8824e+000 -2.4118e+000
21955 0 +2.110383784e-002 +2.110383784e-002 -1.189488962e+002 -1.189488962e+002 -1.2689e+000 +3.8858e+000 -2.4343e+000
22102 0 +1.986240215e-002 +1.986240215e-002 -1.189501376e+002 -1.189501376e+002 -1.2580e+000 +3.8950e+000 -2.4727e+000
22187 0 +1.929104205e-002 +1.929104205e-002 -1.189507090e+002 -1.189507090e+002 -1.2549e+000 +3.9081e+000 -2.4492e+000
22932 0 +1.830571008e-002 +1.830571008e-002 -1.189516943e+002 -1.189516943e+002 -1.2704e+000 +3.8709e+000 -2.4637e+000
23050 0 +1.713827715e-002 +1.713827715e-002 -1.189528617e+002 -1.189528617e+002 -1.2564e+000 +3.8623e+000 -2.4234e+000
23214 0 +1.460466029e-002 +1.460466029e-002 -1.189553953e+002 -1.189553953e+002 -1.2308e+000 +3.9041e+000 -2.4071e+000
23268 0 +3.613929914e-003 +3.613929914e-003 -1.189663861e+002 -1.189663861e+002 -1.2150e+000 +3.8756e+000 -2.4099e+000
23484 0 +1.465606773e-003 +1.465606773e-003 -1.189685344e+002 -1.189685344e+002 -1.2154e+000 +3.8600e+000 -2.4141e+000
25144 0 +1.137489409e-003 +1.137489409e-003 -1.189688625e+002 -1.189688625e+002 -1.2122e+000 +3.8589e+000 -2.4056e+000
25220 0 +1.011993140e-003 +1.011993140e-003 -1.189689880e+002 -1.189689880e+002 -1.2082e+000 +3.8586e+000 -2.4121e+000
25527 0 +4.505420114e-004 +4.505420114e-004 -1.189695495e+002 -1.189695495e+002 -1.2064e+000 +3.8545e+000 -2.4059e+000
25781 0 +1.479059551e-004 +1.479059551e-004 -1.189698521e+002 -1.189698521e+002 -1.2024e+000 +3.8535e+000 -2.3996e+000
27409 0 +1.064120804e-004 +1.064120804e-004 -1.189698936e+002 -1.189698936e+002 -1.2010e+000 +3.8535e+000 -2.3981e+000
28557 0 +6.039378756e-005 +6.039378756e-005 -1.189699396e+002 -1.189699396e+002 -1.2005e+000 +3.8525e+000 -2.3986e+000
29454 0 +5.249464681e-005 +5.249464681e-005 -1.189699475e+002 -1.189699475e+002 -1.1997e+000 +3.8531e+000 -2.3992e+000
29656 0 +3.486721047e-005 +3.486721047e-005 -1.189699651e+002 -1.189699651e+002 -1.1995e+000 +3.8519e+000 -2.3975e+000
29996 0 +2.888090718e-005 +2.888090718e-005 -1.189699711e+002 -1.189699711e+002 -1.1994e+000 +3.8525e+000 -2.3983e+000
30290 0 +2.021710974e-005 +2.021710974e-005 -1.189699798e+002 -1.189699798e+002 -1.1990e+000 +3.8523e+000 -2.3984e+000
30512 0 +1.598979381e-005 +1.598979381e-005 -1.189699840e+002 -1.189699840e+002 -1.1989e+000 +3.8516e+000 -2.3974e+000
30727 0 +7.971623873e-006 +7.971623873e-006 -1.189699920e+002 -1.189699920e+002 -1.1979e+000 +3.8520e+000 -2.3966e+000
30763 0 +6.171001800e-006 +6.171001800e-006 -1.189699938e+002 -1.189699938e+002 -1.1984e+000 +3.8515e+000 -2.3972e+000
31159 0 +3.225728790e-006 +3.225728790e-006 -1.189699968e+002 -1.189699968e+002 -1.1980e+000 +3.8516e+000 -2.3973e+000
31316 0 +2.976552040e-006 +2.976552040e-006 -1.189699970e+002 -1.189699970e+002 -1.1980e+000 +3.8516e+000 -2.3972e+000
32173 0 +1.676456051e-006 +1.676456051e-006 -1.189699983e+002 -1.189699983e+002 -1.1980e+000 +3.8513e+000 -2.3971e+000
33769 0 +8.026310780e-007 +8.026310780e-007 -1.189699992e+002 -1.189699992e+002 -1.1978e+000 +3.8513e+000 -2.3969e+000
34913 0 +7.587971567e-007 +7.587971567e-007 -1.189699992e+002 -1.189699992e+002 -1.1978e+000 +3.8514e+000 -2.3969e+000
35521 0 +6.960737835e-007 +6.960737835e-007 -1.189699993e+002 -1.189699993e+002 -1.1978e+000 +3.8513e+000 -2.3971e+000
35540 0 +4.862374254e-007 +4.862374254e-007 -1.189699995e+002 -1.189699995e+002 -1.1978e+000 +3.8513e+000 -2.3969e+000
35783 0 +2.993743493e-007 +2.993743493e-007 -1.189699997e+002 -1.189699997e+002 -1.1977e+000 +3.8513e+000 -2.3968e+000
36642 0 +8.064206725e-008 +8.064206725e-008 -1.189699999e+002 -1.189699999e+002 -1.1977e+000 +3.8512e+000 -2.3969e+000
37910 0 +7.861039819e-008 +7.861039819e-008 -1.189699999e+002 -1.189699999e+002 -1.1977e+000 +3.8512e+000 -2.3969e+000
37984 0 +7.291133386e-008 +7.291133386e-008 -1.189699999e+002 -1.189699999e+002 -1.1977e+000 +3.8512e+000 -2.3969e+000
38020 0 +6.225423022e-008 +6.225423022e-008 -1.189699999e+002 -1.189699999e+002 -1.1977e+000 +3.8512e+000 -2.3968e+000
38034 0 +2.524923559e-008 +2.524923559e-008 -1.189700000e+002 -1.189700000e+002 -1.1976e+000 +3.8512e+000 -2.3968e+000
39185 0 +1.253151538e-008 +1.253151538e-008 -1.189700000e+002 -1.189700000e+002 -1.1976e+000 +3.8512e+000 -2.3968e+000
39595 0 +1.198708333e-008 +1.198708333e-008 -1.189700000e+002 -1.189700000e+002 -1.1976e+000 +3.8512e+000 -2.3968e+000
39698 0 +1.154033669e-008 +1.154033669e-008 -1.189700000e+002 -1.189700000e+002 -1.1976e+000 +3.8512e+000 -2.3968e+000
39951 0 +5.896808375e-009 +5.896808375e-009 -1.189700000e+002 -1.189700000e+002 -1.1976e+000 +3.8512e+000 -2.3968e+000
58322 0 +0.000000000e+000 +0.000000000e+000 -1.189700000e+002 -1.189700000e+002 -1.1976e+000 +3.8512e+000 -2.3968e+000
