% f evaluations | g evaluations | best noise-free fitness - Fopt | noise-free fitness - Fopt (-1.694000000000e+001) | measured fitness | best measured fitness | x1 | x2...
1 0 +9.839122510e+001 +9.839122510e+001 +8.145122510e+001 +8.145122510e+001 -1.2020e-001 -2.4778e-001
2 0 +1.916687700e+001 +1.916687700e+001 +2.226876999e+000 +2.226876999e+000 +1.0196e+000 +1.4922e+000
5 0 +1.606975151e+001 +1.606975151e+001 -8.702484858e-001 -8.702484858e-001 +2.8620e+000 -1.8352e-001
35 0 +1.535320845e+001 +1.535320845e+001 -1.586791545e+000 -1.586791545e+000 +2.6570e+000 +6.3089e-001
60 0 +1.181620849e+001 +1.181620849e+001 -5.123791508e+000 -5.123791508e+000 +1.4428e+000 -8.5564e-001
101 0 +1.008759869e+001 +1.008759869e+001 -6.852401308e+000 -6.852401308e+000 +2.8331e+000 -7.3169e-001
106 0 +8.981958421e+000 +8.981958421e+000 -7.958041579e+000 -7.958041579e+000 +2.8845e+000 +9.7096e-001
114 0 +4.037761444e+000 +4.037761444e+000 -1.290223856e+001 -1.290223856e+001 +3.0325e+000 +4.3126e-002
131 0 +2.454285790e+000 +2.454285790e+000 -1.448571421e+001 -1.448571421e+001 +2.7923e+000 +2.7206e+000
162 0 +1.886325466e+000 +1.886325466e+000 -1.505367453e+001 -1.505367453e+001 +3.9704e+000 +1.2648e+000
194 0 +1.173590293e+000 +1.173590293e+000 -1.576640971e+001 -1.576640971e+001 +3.8477e+000 +1.5168e+000
282 0 +1.051218988e+000 +1.051218988e+000 -1.588878101e+001 -1.588878101e+001 +3.7604e+000 +2.1662e+000
684 0 +9.963425254e-001 +9.963425254e-001 -1.594365747e+001 -1.594365747e+001 +3.7683e+000 +1.9966e+000
867 0 +8.920054613e-002 +8.920054613e-002 -1.685079945e+001 -1.685079945e+001 +3.6293e+000 +2.5723e+000
2944 0 +5.903080622e-002 +5.903080622e-002 -1.688096919e+001 -1.688096919e+001 +3.6730e+000 +2.5584e+000
2976 0 +2.312380343e-002 +2.312380343e-002 -1.691687620e+001 -1.691687620e+001 +3.6623e+000 +2.5461e+000
3237 0 +1.988150395e-002 +1.988150395e-002 -1.692011850e+001 -1.692011850e+001 +3.6594e+000 +2.5554e+000
3633 0 +1.703967383e-002 +1.703967383e-002 -1.692296033e+001 -1.692296033e+001 +3.6492e+000 +2.5646e+000
4418 0 +9.242100687e-003 +9.242100687e-003 -1.693075790e+001 -1.693075790e+001 +3.6565e+000 +2.5433e+000
4493 0 +6.771015356e-003 +6.771015356e-003 -1.693322898e+001 -1.693322898e+001 +3.6556e+000 +2.5531e+000
5054 0 +4.395015970e-003 +4.395015970e-003 -1.693560498e+001 -1.693560498e+001 +3.6572e+000 +2.5472e+000
5530 0 +9.992589620e-004 +9.992589620e-004 -1.693900074e+001 -1.693900074e+001 +3.6561e+000 +2.5487e+000
6936 0 +3.247953975e-004 +3.247953975e-004 -1.693967520e+001 -1.693967520e+001 +3.6561e+000 +2.5495e+000
7275 0 +2.531946216e-004 +2.531946216e-004 -1.693974681e+001 -1.693974681e+001 +3.6560e+000 +2.5497e+000
7295 0 +2.505275455e-004 +2.505275455e-004 -1.693974947e+001 -1.693974947e+001 +3.6559e+000 +2.5498e+000
9395 0 +2.295952233e-004 +2.295952233e-004 -1.693977040e+001 -1.693977040e+001 +3.6561e+000 +2.5495e+000
9987 0 +7.432490657e-005 +7.432490657e-005 -1.693992568e+001 -1.693992568e+001 +3.6560e+000 +2.5496e+000
10099 0 +5.312464928e-005 +5.312464928e-005 -1.693994688e+001 -1.693994688e+001 +3.6560e+000 +2.5496e+000
11117 0 +3.702944589e-005 +3.702944589e-005 -1.693996297e+001 -1.693996297e+001 +3.6560e+000 +2.5496e+000
11580 0 +2.896579829e-005 +2.896579829e-005 -1.693997103e+001 -1.693997103e+001 +3.6560e+000 +2.5496e+000
12026 0 +2.879650935e-005 +2.879650935e-005 -1.693997120e+001 -1.693997120e+001 +3.6560e+000 +2.5496e+000
12958 0 +8.402844859e-006 +8.402844859e-006 -1.693999160e+001 -1.693999160e+001 +3.6560e+000 +2.5496e+000
13418 0 +2.161147755e-006 +2.161147755e-006 -1.693999784e+001 -1.693999784e+001 +3.6560e+000 +2.5496e+000
13434 0 +1.137245235e-006 +1.137245235e-006 -1.693999886e+001 -1.693999886e+001 +3.6560e+000 +2.5496e+000
16194 0 +8.275396368e-007 +8.275396368e-007 -1.693999917e+001 -1.693999917e+001 +3.6560e+000 +2.5496e+000
16448 0 +6.455481412e-007 +6.455481412e-007 -1.693999935e+001 -1.693999935e+001 +3.6560e+000 +2.5496e+000
17940 0 +5.017273246e-007 +5.017273246e-007 -1.693999950e+001 -1.693999950e+001 +3.6560e+000 +2.5496e+000
18265 0 +4.756645104e-007 +4.756645104e-007 -1.693999952e+001 -1.693999952e+001 +3.6560e+000 +2.5496e+000
18403 0 +3.517663281e-007 +3.517663281e-007 -1.693999965e+001 -1.693999965e+001 +3.6560e+000 +2.5496e+000
18404 0 +2.194314277e-007 +2.194314277e-007 -1.693999978e+001 -1.693999978e+001 +3.6560e+000 +2.5496e+000
18422 0 +8.229261539e-008 +8.229261539e-008 -1.693999992e+001 -1.693999992e+001 +3.6560e+000 +2.5496e+000
19886 0 +8.968154219e-009 +8.968154219e-009 -1.693999999e+001 -1.693999999e+001 +3.6560e+000 +2.5496e+000
35100 0 +0.000000000e+000 +0.000000000e+000 -1.694000000e+001 -1.694000000e+001 +3.6560e+000 +2.5496e+000
% f evaluations | g evaluations | best noise-free fitness - Fopt | noise-free fitness - Fopt (1.881000000000e+001) | measured fitness | best measured fitness | x1 | x2...
1 0 +1.407792837e+001 +1.407792837e+001 +3.288792837e+001 +3.288792837e+001 -1.4483e+000 +5.1589e-001
2 0 +4.010203834e+000 +4.010203834e+000 +2.282020383e+001 +2.282020383e+001 +8.5565e-002 +1.3317e+000
7 0 +1.171320323e+000 +1.171320323e+000 +1.998132032e+001 +1.998132032e+001 -8.9040e-001 +1.5848e+000
126 0 +1.025725996e+000 +1.025725996e+000 +1.983572600e+001 +1.983572600e+001 -6.6602e-001 +2.0879e+000
231 0 +7.088468979e-001 +7.088468979e-001 +1.951884690e+001 +1.951884690e+001 -1.5677e-001 +1.8382e+000
280 0 +5.804789213e-001 +5.804789213e-001 +1.939047892e+001 +1.939047892e+001 -6.4386e-001 +1.8745e+000
373 0 +3.791786208e-001 +3.791786208e-001 +1.918917862e+001 +1.918917862e+001 -5.3027e-003 +1.6387e+000
523 0 +2.262283916e-001 +2.262283916e-001 +1.903622839e+001 +1.903622839e+001 -2.7494e-001 +1.7872e+000
1898 0 +1.734479331e-001 +1.734479331e-001 +1.898344793e+001 +1.898344793e+001 -1.4090e-001 +1.7642e+000
2479 0 +1.448814343e-001 +1.448814343e-001 +1.895488143e+001 +1.895488143e+001 -1.8225e-001 +1.8087e+000
2608 0 +6.875695854e-002 +6.875695854e-002 +1.887875696e+001 +1.887875696e+001 -1.6857e-001 +1.7945e+000
2832 0 +4.470813766e-002 +4.470813766e-002 +1.885470814e+001 +1.885470814e+001 -1.9086e-001 +1.7847e+000
3062 0 +2.644617269e-002 +2.644617269e-002 +1.883644617e+001 +1.883644617e+001 -1.9597e-001 +1.7837e+000
3813 0 +1.651259071e-002 +1.651259071e-002 +1.882651259e+001 +1.882651259e+001 -1.9409e-001 +1.7861e+000
4013 0 +1.083384084e-002 +1.083384084e-002 +1.882083384e+001 +1.882083384e+001 -1.9370e-001 +1.7834e+000
4472 0 +7.950669782e-003 +7.950669782e-003 +1.881795067e+001 +1.881795067e+001 -1.9336e-001 +1.7787e+000
5065 0 +2.326611086e-003 +2.326611086e-003 +1.881232661e+001 +1.881232661e+001 -1.8993e-001 +1.7809e+000
6353 0 +1.596985481e-003 +1.596985481e-003 +1.881159699e+001 +1.881159699e+001 -1.9157e-001 +1.7809e+000
6566 0 +1.404644321e-003 +1.404644321e-003 +1.881140464e+001 +1.881140464e+001 -1.9092e-001 +1.7810e+000
7125 0 +1.075374437e-003 +1.075374437e-003 +1.881107537e+001 +1.881107537e+001 -1.9079e-001 +1.7808e+000
7321 0 +1.002459662e-003 +1.002459662e-003 +1.881100246e+001 +1.881100246e+001 -1.9211e-001 +1.7810e+000
7608 0 +9.939649195e-004 +9.939649195e-004 +1.881099396e+001 +1.881099396e+001 -1.9069e-001 +1.7810e+000
8020 0 +4.368733614e-004 +4.368733614e-004 +1.881043687e+001 +1.881043687e+001 -1.9138e-001 +1.7807e+000
8643 0 +3.621405284e-004 +3.621405284e-004 +1.881036214e+001 +1.881036214e+001 -1.9101e-001 +1.7807e+000
8737 0 +2.294896558e-004 +2.294896558e-004 +1.881022949e+001 +1.881022949e+001 -1.9098e-001 +1.7808e+000
9122 0 +1.312577551e-004 +1.312577551e-004 +1.881013126e+001 +1.881013126e+001 -1.9116e-001 +1.7808e+000
10919 0 +3.785731743e-005 +3.785731743e-005 +1.881003786e+001 +1.881003786e+001 -1.9118e-001 +1.7808e+000
10948 0 +2.919689412e-005 +2.919689412e-005 +1.881002920e+001 +1.881002920e+001 -1.9122e-001 +1.7808e+000
12124 0 +1.839513612e-006 +1.839513612e-006 +1.881000184e+001 +1.881000184e+001 -1.9120e-001 +1.7808e+000
14833 0 +1.639015121e-006 +1.639015121e-006 +1.881000164e+001 +1.881000164e+001 -1.9120e-001 +1.7808e+000
14909 0 +1.547657963e-006 +1.547657963e-006 +1.881000155e+001 +1.881000155e+001 -1.9120e-001 +1.7808e+000
15249 0 +7.857151409e-007 +7.857151409e-007 +1.881000079e+001 +1.881000079e+001 -1.9120e-001 +1.7808e+000
15791 0 +6.159938479e-007 +6.159938479e-007 +1.881000062e+001 +1.881000062e+001 -1.9120e-001 +1.7808e+000
16662 0 +2.959317840e-007 +2.959317840e-007 +1.881000030e+001 +1.881000030e+001 -1.9120e-001 +1.7808e+000
17167 0 +2.467995195e-007 +2.467995195e-007 +1.881000025e+001 +1.881000025e+001 -1.9120e-001 +1.7808e+000
17862 0 +4.330412295e-008 +4.330412295e-008 +1.881000004e+001 +1.881000004e+001 -1.9120e-001 +1.7808e+000
19087 0 +7.595101437e-009 +7.595101437e-009 +1.881000001e+001 +1.881000001e+001 -1.9120e-001 +1.7808e+000
34365 0 +0.000000000e+000 +0.000000000e+000 +1.881000000e+001 +1.881000000e+001 -1.9120e-001 +1.7808e+000
% f evaluations | g evaluations | best noise-free fitness - Fopt | noise-free fitness - Fopt (2.731500000000e+002) | measured fitness | best measured fitness | x1 | x2...
1 0 +4.226186992e+001 +4.226186992e+001 +3.154118699e+002 +3.154118699e+002 -9.9650e-001 +1.3932e+000
2 0 +2.106843523e+001 +2.106843523e+001 +2.942184352e+002 +2.942184352e+002 +5.4618e-001 -2.0095e-001
4 0 +2.003709713e+001 +2.003709713e+001 +2.931870971e+002 +2.931870971e+002 -2.2959e+000 +1.7699e-003
7 0 +1.940470505e+001 +1.940470505e+001 +2.925547050e+002 +2.925547050e+002 -6.0036e-001 -4.8827e-001
9 0 +1.309584342e+001 +1.309584342e+001 +2.862458434e+002 +2.862458434e+002 -6.0518e-001 +1.5745e+000
37 0 +1.193671779e+001 +1.193671779e+001 +2.850867178e+002 +2.850867178e+002 -1.1849e-001 +2.5523e+000
103 0 +9.905972372e+000 +9.905972372e+000 +2.830559724e+002 +2.830559724e+002 -1.3441e+000 +1.4939e+000
125 0 +5.043754822e+000 +5.043754822e+000 +2.781937548e+002 +2.781937548e+002 -3.4566e+000 +1.3606e+000
203 0 +2.552235261e+000 +2.552235261e+000 +2.757022353e+002 +2.757022353e+002 -3.9685e+000 +4.7165e+000
376 0 +1.995857642e+000 +1.995857642e+000 +2.751458576e+002 +2.751458576e+002 -3.9344e+000 +3.5388e+000
379 0 +1.650874611e+000 +1.650874611e+000 +2.748008746e+002 +2.748008746e+002 -4.2078e+000 +2.4778e+000
386 0 +1.443991207e+000 +1.443991207e+000 +2.745939912e+002 +2.745939912e+002 -3.4283e+000 +4.8022e+000
409 0 +1.394363001e+000 +1.394363001e+000 +2.745443630e+002 +2.745443630e+002 -2.9271e+000 +4.7578e+000
430 0 +6.975811623e-001 +6.975811623e-001 +2.738475812e+002 +2.738475812e+002 -3.5095e+000 +3.6577e+000
707 0 +6.006098413e-001 +6.006098413e-001 +2.737506098e+002 +2.737506098e+002 -3.5540e+000 +3.5474e+000
989 0 +5.263722887e-001 +5.263722887e-001 +2.736763723e+002 +2.736763723e+002 -3.5849e+000 +3.4176e+000
1030 0 +3.835134430e-001 +3.835134430e-001 +2.735335134e+002 +2.735335134e+002 -3.6764e+000 +3.8115e+000
1132 0 +3.724242153e-001 +3.724242153e-001 +2.735224242e+002 +2.735224242e+002 -3.5873e+000 +3.5202e+000
1294 0 +1.633875413e-001 +1.633875413e-001 +2.733133875e+002 +2.733133875e+002 -3.5581e+000 +3.9019e+000
1402 0 +1.436386805e-001 +1.436386805e-001 +2.732936387e+002 +2.732936387e+002 -3.5519e+000 +3.8369e+000
1817 0 +1.080713894e-001 +1.080713894e-001 +2.732580714e+002 +2.732580714e+002 -3.5942e+000 +3.6982e+000
2061 0 +9.359212420e-002 +9.359212420e-002 +2.732435921e+002 +2.732435921e+002 -3.5773e+000 +3.7727e+000
2882 0 +4.670976705e-002 +4.670976705e-002 +2.731967098e+002 +2.731967098e+002 -3.5709e+000 +3.7576e+000
3694 0 +3.236987673e-002 +3.236987673e-002 +2.731823699e+002 +2.731823699e+002 -3.5707e+000 +3.7485e+000
3703 0 +2.057016414e-002 +2.057016414e-002 +2.731705702e+002 +2.731705702e+002 -3.5858e+000 +3.7375e+000
4111 0 +1.635467401e-002 +1.635467401e-002 +2.731663547e+002 +2.731663547e+002 -3.5866e+000 +3.7481e+000
4856 0 +1.031139984e-002 +1.031139984e-002 +2.731603114e+002 +2.731603114e+002 -3.5829e+000 +3.7512e+000
5084 0 +8.133582089e-003 +8.133582089e-003 +2.731581336e+002 +2.731581336e+002 -3.5821e+000 +3.7471e+000
5786 0 +5.537504217e-003 +5.537504217e-003 +2.731555375e+002 +2.731555375e+002 -3.5779e+000 +3.7538e+000
6561 0 +4.269837322e-003 +4.269837322e-003 +2.731542698e+002 +2.731542698e+002 -3.5792e+000 +3.7515e+000
7231 0 +4.182452442e-003 +4.182452442e-003 +2.731541825e+002 +2.731541825e+002 -3.5800e+000 +3.7537e+000
7684 0 +1.214385938e-003 +1.214385938e-003 +2.731512144e+002 +2.731512144e+002 -3.5792e+000 +3.7539e+000
8054 0 +4.901244776e-004 +4.901244776e-004 +2.731504901e+002 +2.731504901e+002 -3.5793e+000 +3.7533e+000
8511 0 +3.132831470e-004 +3.132831470e-004 +2.731503133e+002 +2.731503133e+002 -3.5792e+000 +3.7536e+000
10634 0 +2.304751080e-004 +2.304751080e-004 +2.731502305e+002 +2.731502305e+002 -3.5793e+000 +3.7535e+000
10796 0 +4.518095682e-005 +4.518095682e-005 +2.731500452e+002 +2.731500452e+002 -3.5792e+000 +3.7536e+000
13126 0 +3.166719500e-005 +3.166719500e-005 +2.731500317e+002 +2.731500317e+002 -3.5792e+000 +3.7536e+000
13720 0 +3.112491021e-005 +3.112491021e-005 +2.731500311e+002 +2.731500311e+002 -3.5792e+000 +3.7536e+000
14365 0 +2.884168987e-005 +2.884168987e-005 +2.731500288e+002 +2.731500288e+002 -3.5792e+000 +3.7536e+000
15463 0 +1.660296920e-005 +1.660296920e-005 +2.731500166e+002 +2.731500166e+002 -3.5792e+000 +3.7536e+000
16264 0 +2.366536819e-006 +2.366536819e-006 +2.731500024e+002 +2.731500024e+002 -3.5792e+000 +3.7536e+000
19158 0 +5.814233646e-007 +5.814233646e-007 +2.731500006e+002 +2.731500006e+002 -3.5792e+000 +3.7536e+000
19869 0 +5.323805112e-007 +5.323805112e-007 +2.731500005e+002 +2.731500005e+002 -3.5792e+000 +3.7536e+000
22324 0 +3.119264420e-007 +3.119264420e-007 +2.731500003e+002 +2.731500003e+002 -3.5792e+000 +3.7536e+000
22469 0 +2.652029707e-007 +2.652029707e-007 +2.731500003e+002 +2.731500003e+002 -3.5792e+000 +3.7536e+000
23199 0 +1.519529746e-007 +1.519529746e-007 +2.731500002e+002 +2.731500002e+002 -3.5792e+000 +3.7536e+000
23542 0 +8.290362530e-008 +8.290362530e-008 +2.731500001e+002 +2.731500001e+002 -3.5792e+000 +3.7536e+000
23981 0 +1.929629434e-008 +1.929629434e-008 +2.731500000e+002 +2.731500000e+002 -3.5792e+000 +3.7536e+000
25130 0 +3.306013241e-009 +3.306013241e-009 +2.731500000e+002 +2.731500000e+002 -3.5792e+000 +3.7536e+000
37269 0 +0.000000000e+000 +0.000000000e+000 +2.731500000e+002 +2.731500000e+002 -3.5792e+000 +3.7536e+000
% f evaluations | g evaluations | best noise-free fitness - Fopt | noise-free fitness - Fopt (3.718000000000e+001) | measured fitness | best measured fitness | x1 | x2...
1 0 +4.589930096e+000 +4.589930096e+000 +4.176993010e+001 +4.176993010e+001 -6.6510e-001 +1.7568e+000
9 0 +4.022043367e+000 +4.022043367e+000 +4.120204337e+001 +4.120204337e+001 -3.3561e-001 +1.2083e+000
104 0 +3.204940588e+000 +3.204940588e+000 +4.038494059e+001 +4.038494059e+001 -1.7774e+000 +2.5970e+000
133 0 +2.211659821e+000 +2.211659821e+000 +3.939165982e+001 +3.939165982e+001 -2.1445e+000 +2.1630e+000
283 0 +5.879589809e-001 +5.879589809e-001 +3.776795898e+001 +3.776795898e+001 -4.2898e+000 +1.9901e+000
564 0 +9.765214382e-002 +9.765214382e-002 +3.727765214e+001 +3.727765214e+001 -3.8096e+000 +2.0406e+000
2714 0 +7.243660800e-002 +7.243660800e-002 +3.725243661e+001 +3.725243661e+001 -3.8846e+000 +2.0847e+000
2924 0 +1.029706061e-003 +1.029706061e-003 +3.718102971e+001 +3.718102971e+001 -3.8993e+000 +2.0604e+000
7276 0 +3.919582522e-004 +3.919582522e-004 +3.718039196e+001 +3.718039196e+001 -3.8991e+000 +2.0600e+000
9116 0 +2.646880972e-004 +2.646880972e-004 +3.718026469e+001 +3.718026469e+001 -3.8995e+000 +2.0600e+000
10294 0 +5.124462627e-005 +5.124462627e-005 +3.718005124e+001 +3.718005124e+001 -3.8992e+000 +2.0600e+000
11031 0 +2.927535735e-005 +2.927535735e-005 +3.718002928e+001 +3.718002928e+001 -3.8992e+000 +2.0600e+000
12901 0 +2.883986014e-005 +2.883986014e-005 +3.718002884e+001 +3.718002884e+001 -3.8992e+000 +2.0600e+000
13416 0 +1.542895664e-005 +1.542895664e-005 +3.718001543e+001 +3.718001543e+001 -3.8992e+000 +2.0600e+000
14193 0 +2.716757081e-006 +2.716757081e-006 +3.718000272e+001 +3.718000272e+001 -3.8992e+000 +2.0600e+000
14675 0 +1.252141736e-006 +1.252141736e-006 +3.718000125e+001 +3.718000125e+001 -3.8992e+000 +2.0600e+000
16671 0 +8.852123869e-007 +8.852123869e-007 +3.718000089e+001 +3.718000089e+001 -3.8992e+000 +2.0600e+000
16942 0 +6.560820012e-007 +6.560820012e-007 +3.718000066e+001 +3.718000066e+001 -3.8992e+000 +2.0600e+000
17473 0 +5.398945504e-007 +5.398945504e-007 +3.718000054e+001 +3.718000054e+001 -3.8992e+000 +2.0600e+000
18686 0 +4.489719458e-007 +4.489719458e-007 +3.718000045e+001 +3.718000045e+001 -3.8992e+000 +2.0600e+000
18794 0 +1.330796309e-007 +1.330796309e-007 +3.718000013e+001 +3.718000013e+001 -3.8992e+000 +2.0600e+000
20096 0 +6.555491439e-008 +6.555491439e-008 +3.718000007e+001 +3.718000007e+001 -3.8992e+000 +2.0600e+000
21919 0 +1.192736221e-008 +1.192736221e-008 +3.718000001e+001 +3.718000001e+001 -3.8992e+000 +2.0600e+000
23976 0 +9.619490982e-009 +9.619490982e-009 +3.718000001e+001 +3.718000001e+001 -3.8992e+000 +2.0600e+000
37116 0 +0.000000000e+000 +0.000000000e+000 +3.718000000e+001 +3.718000000e+001 -3.8992e+000 +2.0600e+000
% f evaluations | g evaluations | best noise-free fitness - Fopt | noise-free fitness - Fopt (-1.479000000000e+002) | measured fitness | best measured fitness | x1 | x2...
1 0 +5.086812794e+001 +5.086812794e+001 -9.703187206e+001 -9.703187206e+001 +1.0243e+000 -7.2566e-002
3 0 +1.520813722e+000 +1.520813722e+000 -1.463791863e+002 -1.463791863e+002 -6.7255e-001 -8.2475e-001
7 0 +1.659314793e-001 +1.659314793e-001 -1.477340685e+002 -1.477340685e+002 -1.6646e+000 +6.4726e-002
913 0 +1.585882795e-001 +1.585882795e-001 -1.477414117e+002 -1.477414117e+002 -1.5823e+000 +2.5487e-002
1056 0 +9.883735615e-003 +9.883735615e-003 -1.478901163e+002 -1.478901163e+002 -1.6638e+000 +1.2989e-001
4288 0 +7.648768744e-003 +7.648768744e-003 -1.478923512e+002 -1.478923512e+002 -1.6654e+000 +1.2962e-001
5139 0 +4.640560710e-003 +4.640560710e-003 -1.478953594e+002 -1.478953594e+002 -1.6709e+000 +1.3419e-001
5438 0 +3.890617601e-003 +3.890617601e-003 -1.478961094e+002 -1.478961094e+002 -1.6696e+000 +1.3601e-001
5690 0 +1.132429126e-003 +1.132429126e-003 -1.478988676e+002 -1.478988676e+002 -1.6710e+000 +1.3551e-001
7085 0 +1.020094663e-003 +1.020094663e-003 -1.478989799e+002 -1.478989799e+002 -1.6697e+000 +1.3472e-001
8331 0 +2.584825437e-004 +2.584825437e-004 -1.478997415e+002 -1.478997415e+002 -1.6703e+000 +1.3515e-001
8802 0 +2.105542301e-004 +2.105542301e-004 -1.478997894e+002 -1.478997894e+002 -1.6703e+000 +1.3516e-001
8872 0 +1.904743517e-004 +1.904743517e-004 -1.478998095e+002 -1.478998095e+002 -1.6704e+000 +1.3518e-001
10398 0 +4.398554492e-005 +4.398554492e-005 -1.478999560e+002 -1.478999560e+002 -1.6704e+000 +1.3518e-001
11182 0 +2.957855168e-005 +2.957855168e-005 -1.478999704e+002 -1.478999704e+002 -1.6704e+000 +1.3522e-001
12187 0 +2.931356107e-005 +2.931356107e-005 -1.478999707e+002 -1.478999707e+002 -1.6704e+000 +1.3518e-001
13334 0 +2.880572288e-005 +2.880572288e-005 -1.478999712e+002 -1.478999712e+002 -1.6704e+000 +1.3522e-001
13537 0 +1.995090770e-005 +1.995090770e-005 -1.478999800e+002 -1.478999800e+002 -1.6704e+000 +1.3520e-001
13848 0 +1.634338926e-005 +1.634338926e-005 -1.478999837e+002 -1.478999837e+002 -1.6704e+000 +1.3520e-001
14160 0 +1.155652399e-006 +1.155652399e-006 -1.478999988e+002 -1.478999988e+002 -1.6704e+000 +1.3520e-001
15031 0 +5.844228212e-007 +5.844228212e-007 -1.478999994e+002 -1.478999994e+002 -1.6704e+000 +1.3520e-001
16682 0 +3.627054355e-007 +3.627054355e-007 -1.478999996e+002 -1.478999996e+002 -1.6704e+000 +1.3520e-001
16775 0 +3.193013640e-007 +3.193013640e-007 -1.478999997e+002 -1.478999997e+002 -1.6704e+000 +1.3520e-001
17912 0 +3.095356078e-007 +3.095356078e-007 -1.478999997e+002 -1.478999997e+002 -1.6704e+000 +1.3520e-001
18474 0 +2.351106616e-007 +2.351106616e-007 -1.478999998e+002 -1.478999998e+002 -1.6704e+000 +1.3520e-001
18515 0 +1.711775042e-007 +1.711775042e-007 -1.478999998e+002 -1.478999998e+002 -1.6704e+000 +1.3520e-001
18869 0 +1.682011543e-007 +1.682011543e-007 -1.478999998e+002 -1.478999998e+002 -1.6704e+000 +1.3520e-001
19006 0 +8.352114378e-008 +8.352114378e-008 -1.478999999e+002 -1.478999999e+002 -1.6704e+000 +1.3520e-001
19694 0 +6.620703630e-008 +6.620703630e-008 -1.478999999e+002 -1.478999999e+002 -1.6704e+000 +1.3520e-001
20463 0 +6.596764024e-008 +6.596764024e-008 -1.478999999e+002 -1.478999999e+002 -1.6704e+000 +1.3520e-001
20534 0 +5.605645015e-008 +5.605645015e-008 -1.478999999e+002 -1.478999999e+002 -1.6704e+000 +1.3520e-001
20615 0 +1.231614988e-008 +1.231614988e-008 -1.479000000e+002 -1.479000000e+002 -1.6704e+000 +1.3520e-001
21129 0 +1.050358378e-008 +1.050358378e-008 -1.479000000e+002 -1.479000000e+002 -1.6704e+000 +1.3520e-001
21482 0 +4.889244565e-009 +4.889244565e-009 -1.479000000e+002 -1.479000000e+002 -1.6704e+000 +1.3520e-001
32101 0 +0.000000000e+000 +0.000000000e+000 -1.479000000e+002 -1.479000000e+002 -1.6704e+000 +1.3520e-001
% f evaluations | g evaluations | best noise-free fitness - Fopt | noise-free fitness - Fopt (4.817100000000e+002) | measured fitness | best measured fitness | x1 | x2...
1 0 +8.155135060e+001 +8.155135060e+001 +5.632613506e+002 +5.632613506e+002 -1.1959e+000 +4.3888e-001
3 0 +1.285170379e+001 +1.285170379e+001 +4.945617038e+002 +4.945617038e+002 +7.4664e-001 -4.7990e-001
8 0 +1.230022771e+001 +1.230022771e+001 +4.940102277e+002 +4.940102277e+002 +1.0451e+000 +2.3808e-001
13 0 +2.431392026e-001 +2.431392026e-001 +4.819531392e+002 +4.819531392e+002 +1.0887e+000 -2.7568e+000
1217 0 +1.601415953e-001 +1.601415953e-001 +4.818701416e+002 +4.818701416e+002 +1.0049e+000 -2.8335e+000
1832 0 +1.475214140e-001 +1.475214140e-001 +4.818575214e+002 +4.818575214e+002 +1.0568e+000 -3.0274e+000
2210 0 +1.057159880e-001 +1.057159880e-001 +4.818157160e+002 +4.818157160e+002 +1.0067e+000 -3.0262e+000
2242 0 +8.725099286e-002 +8.725099286e-002 +4.817972510e+002 +4.817972510e+002 +1.0431e+000 -2.9701e+000
2344 0 +5.695044311e-002 +5.695044311e-002 +4.817669504e+002 +4.817669504e+002 +1.0316e+000 -3.0034e+000
2927 0 +3.202048724e-002 +3.202048724e-002 +4.817420205e+002 +4.817420205e+002 +1.0303e+000 -3.0057e+000
4287 0 +1.689514759e-002 +1.689514759e-002 +4.817268951e+002 +4.817268951e+002 +1.0439e+000 -2.9847e+000
4644 0 +1.639168909e-002 +1.639168909e-002 +4.817263917e+002 +4.817263917e+002 +1.0409e+000 -3.0157e+000
4927 0 +1.394626237e-002 +1.394626237e-002 +4.817239463e+002 +4.817239463e+002 +1.0393e+000 -3.0064e+000
5190 0 +1.081683396e-002 +1.081683396e-002 +4.817208168e+002 +4.817208168e+002 +1.0428e+000 -3.0013e+000
5226 0 +1.005094540e-002 +1.005094540e-002 +4.817200509e+002 +4.817200509e+002 +1.0388e+000 -3.0059e+000
5374 0 +9.984062392e-003 +9.984062392e-003 +4.817199841e+002 +4.817199841e+002 +1.0400e+000 -3.0074e+000
5392 0 +8.484092229e-003 +8.484092229e-003 +4.817184841e+002 +4.817184841e+002 +1.0428e+000 -3.0037e+000
5444 0 +7.874873626e-003 +7.874873626e-003 +4.817178749e+002 +4.817178749e+002 +1.0391e+000 -3.0081e+000
5497 0 +5.910678517e-003 +5.910678517e-003 +4.817159107e+002 +4.817159107e+002 +1.0418e+000 -3.0020e+000
5515 0 +3.197455093e-003 +3.197455093e-003 +4.817131975e+002 +4.817131975e+002 +1.0418e+000 -2.9989e+000
5925 0 +1.038741502e-003 +1.038741502e-003 +4.817110387e+002 +4.817110387e+002 +1.0406e+000 -3.0005e+000
6317 0 +9.827997308e-004 +9.827997308e-004 +4.817109828e+002 +4.817109828e+002 +1.0409e+000 -3.0016e+000
7093 0 +6.782878286e-004 +6.782878286e-004 +4.817106783e+002 +4.817106783e+002 +1.0407e+000 -3.0008e+000
7309 0 +4.625687991e-004 +4.625687991e-004 +4.817104626e+002 +4.817104626e+002 +1.0407e+000 -3.0011e+000
7351 0 +3.369512889e-004 +3.369512889e-004 +4.817103370e+002 +4.817103370e+002 +1.0407e+000 -3.0011e+000
8331 0 +2.404555873e-004 +2.404555873e-004 +4.817102405e+002 +4.817102405e+002 +1.0408e+000 -3.0010e+000
8929 0 +2.373896381e-004 +2.373896381e-004 +4.817102374e+002 +4.817102374e+002 +1.0408e+000 -3.0010e+000
9111 0 +2.313110145e-004 +2.313110145e-004 +4.817102313e+002 +4.817102313e+002 +1.0408e+000 -3.0006e+000
9495 0 +3.799374826e-005 +3.799374826e-005 +4.817100380e+002 +4.817100380e+002 +1.0408e+000 -3.0008e+000
10212 0 +2.961009415e-005 +2.961009415e-005 +4.817100296e+002 +4.817100296e+002 +1.0408e+000 -3.0008e+000
10348 0 +2.749575640e-005 +2.749575640e-005 +4.817100275e+002 +4.817100275e+002 +1.0408e+000 -3.0008e+000
12641 0 +4.680159293e-006 +4.680159293e-006 +4.817100047e+002 +4.817100047e+002 +1.0408e+000 -3.0008e+000
13261 0 +2.352197043e-006 +2.352197043e-006 +4.817100024e+002 +4.817100024e+002 +1.0408e+000 -3.0008e+000
14191 0 +1.578763545e-006 +1.578763545e-006 +4.817100016e+002 +4.817100016e+002 +1.0408e+000 -3.0008e+000
14835 0 +1.336926118e-006 +1.336926118e-006 +4.817100013e+002 +4.817100013e+002 +1.0408e+000 -3.0008e+000
14995 0 +1.031309807e-006 +1.031309807e-006 +4.817100010e+002 +4.817100010e+002 +1.0408e+000 -3.0008e+000
15674 0 +6.086734174e-007 +6.086734174e-007 +4.817100006e+002 +4.817100006e+002 +1.0408e+000 -3.0008e+000
17376 0 +4.963295055e-007 +4.963295055e-007 +4.817100005e+002 +4.817100005e+002 +1.0408e+000 -3.0008e+000
17953 0 +4.516666081e-007 +4.516666081e-007 +4.817100005e+002 +4.817100005e+002 +1.0408e+000 -3.0008e+000
18056 0 +3.004886366e-007 +3.004886366e-007 +4.817100003e+002 +4.817100003e+002 +1.0408e+000 -3.0008e+000
18233 0 +3.382388059e-008 +3.382388059e-008 +4.817100000e+002 +4.817100000e+002 +1.0408e+000 -3.0008e+000
20844 0 +2.587688641e-008 +2.587688641e-008 +4.817100000e+002 +4.817100000e+002 +1.0408e+000 -3.0008e+000
20850 0 +2.334348892e-008 +2.334348892e-008 +4.817100000e+002 +4.817100000e+002 +1.0408e+000 -3.0008e+000
21007 0 +2.236413366e-008 +2.236413366e-008 +4.817100000e+002 +4.817100000e+002 +1.0408e+000 -3.0008e+000
21094 0 +1.787623205e-008 +1.787623205e-008 +4.817100000e+002 +4.817100000e+002 +1.0408e+000 -3.0008e+000
21291 0 +7.174776329e-009 +7.174776329e-009 +4.817100000e+002 +4.817100000e+002 +1.0408e+000 -3.0008e+000
33170 0 +0.000000000e+000 +0.000000000e+000 +4.817100000e+002 +4.817100000e+002 +1.0408e+000 -3.0008e+000
% f evaluations | g evaluations | best noise-free fitness - Fopt | noise-free fitness - Fopt (-3.646000000000e+001) | measured fitness | best measured fitness | x1 | x2...
1 0 +2.493777493e+001 +2.493777493e+001 -1.152222507e+001 -1.152222507e+001 -1.6703e+000 -4.2438e-001
5 0 +1.516874521e+001 +1.516874521e+001 -2.129125479e+001 -2.129125479e+001 -3.1088e-001 -8.9530e-001
13 0 +7.971519132e+000 +7.971519132e+000 -2.848848087e+001 -2.848848087e+001 +1.4123e+000 -6.3493e-001
18 0 +3.381942924e+000 +3.381942924e+000 -3.307805708e+001 -3.307805708e+001 +2.1945e+000 -1.4804e+000
102 0 +3.297706729e+000 +3.297706729e+000 -3.316229327e+001 -3.316229327e+001 +2.5353e+000 -1.7255e+000
104 0 +2.624873650e+000 +2.624873650e+000 -3.383512635e+001 -3.383512635e+001 +1.3535e+000 -1.4241e+000
127 0 +2.448509301e+000 +2.448509301e+000 -3.401149070e+001 -3.401149070e+001 +7.1545e-001 -1.8108e+000
132 0 +1.496049685e+000 +1.496049685e+000 -3.496395031e+001 -3.496395031e+001 +1.8086e+000 -2.4729e+000
162 0 +7.594807110e-001 +7.594807110e-001 -3.570051929e+001 -3.570051929e+001 +1.7108e+000 -2.1405e+000
200 0 +7.478531533e-001 +7.478531533e-001 -3.571214685e+001 -3.571214685e+001 +2.5831e+000 -3.3669e+000
239 0 +4.927979657e-001 +4.927979657e-001 -3.596720203e+001 -3.596720203e+001 +1.9703e+000 -2.7237e+000
492 0 +2.519967007e-001 +2.519967007e-001 -3.620800330e+001 -3.620800330e+001 +2.2373e+000 -3.0472e+000
853 0 +2.195845258e-001 +2.195845258e-001 -3.624041547e+001 -3.624041547e+001 +2.0631e+000 -2.8534e+000
1118 0 +1.824120226e-001 +1.824120226e-001 -3.627758798e+001 -3.627758798e+001 +2.0052e+000 -2.6705e+000
1630 0 +9.386686290e-002 +9.386686290e-002 -3.636613314e+001 -3.636613314e+001 +2.1116e+000 -2.8217e+000
2252 0 +7.089699980e-002 +7.089699980e-002 -3.638910300e+001 -3.638910300e+001 +2.1031e+000 -2.8196e+000
3055 0 +5.787840487e-002 +5.787840487e-002 -3.640212160e+001 -3.640212160e+001 +2.1426e+000 -2.8935e+000
3060 0 +3.282478862e-002 +3.282478862e-002 -3.642717521e+001 -3.642717521e+001 +2.1016e+000 -2.8085e+000
3660 0 +1.823645586e-002 +1.823645586e-002 -3.644176354e+001 -3.644176354e+001 +2.1240e+000 -2.8573e+000
4825 0 +1.547978543e-002 +1.547978543e-002 -3.644452021e+001 -3.644452021e+001 +2.1156e+000 -2.8395e+000
4834 0 +8.242021386e-003 +8.242021386e-003 -3.645175798e+001 -3.645175798e+001 +2.1182e+000 -2.8392e+000
5545 0 +7.131772259e-003 +7.131772259e-003 -3.645286823e+001 -3.645286823e+001 +2.1204e+000 -2.8464e+000
5707 0 +3.362220351e-003 +3.362220351e-003 -3.645663778e+001 -3.645663778e+001 +2.1203e+000 -2.8466e+000
6035 0 +3.164170876e-003 +3.164170876e-003 -3.645683583e+001 -3.645683583e+001 +2.1195e+000 -2.8446e+000
6569 0 +9.830526593e-004 +9.830526593e-004 -3.645901695e+001 -3.645901695e+001 +2.1218e+000 -2.8469e+000
9892 0 +3.011324599e-004 +3.011324599e-004 -3.645969887e+001 -3.645969887e+001 +2.1216e+000 -2.8472e+000
10138 0 +2.697190487e-004 +2.697190487e-004 -3.645973028e+001 -3.645973028e+001 +2.1217e+000 -2.8474e+000
10211 0 +2.401672720e-004 +2.401672720e-004 -3.645975983e+001 -3.645975983e+001 +2.1214e+000 -2.8470e+000
10820 0 +3.485588802e-005 +3.485588802e-005 -3.645996514e+001 -3.645996514e+001 +2.1216e+000 -2.8472e+000
12142 0 +3.393343544e-005 +3.393343544e-005 -3.645996607e+001 -3.645996607e+001 +2.1216e+000 -2.8472e+000
13212 0 +3.013490621e-005 +3.013490621e-005 -3.645996987e+001 -3.645996987e+001 +2.1216e+000 -2.8472e+000
13891 0 +2.937491229e-005 +2.937491229e-005 -3.645997063e+001 -3.645997063e+001 +2.1216e+000 -2.8472e+000
13944 0 +2.877930811e-005 +2.877930811e-005 -3.645997122e+001 -3.645997122e+001 +2.1216e+000 -2.8472e+000
14419 0 +1.587787057e-005 +1.587787057e-005 -3.645998412e+001 -3.645998412e+001 +2.1216e+000 -2.8472e+000
14421 0 +1.080832691e-005 +1.080832691e-005 -3.645998919e+001 -3.645998919e+001 +2.1216e+000 -2.8472e+000
17134 0 +1.478158843e-006 +1.478158843e-006 -3.645999852e+001 -3.645999852e+001 +2.1216e+000 -2.8472e+000
18616 0 +7.365899464e-007 +7.365899464e-007 -3.645999926e+001 -3.645999926e+001 +2.1216e+000 -2.8472e+000
19097 0 +5.964276326e-007 +5.964276326e-007 -3.645999940e+001 -3.645999940e+001 +2.1216e+000 -2.8472e+000
21371 0 +5.202662692e-007 +5.202662692e-007 -3.645999948e+001 -3.645999948e+001 +2.1216e+000 -2.8472e+000
21555 0 +2.544427247e-007 +2.544427247e-007 -3.645999975e+001 -3.645999975e+001 +2.1216e+000 -2.8472e+000
22279 0 +1.799896268e-007 +1.799896268e-007 -3.645999982e+001 -3.645999982e+001 +2.1216e+000 -2.8472e+000
22765 0 +6.068224678e-008 +6.068224678e-008 -3.645999994e+001 -3.645999994e+001 +2.1216e+000 -2.8472e+000
23827 0 +1.728645316e-008 +1.728645316e-008 -3.645999998e+001 -3.645999998e+001 +2.1216e+000 -2.8472e+000
25470 0 +9.186109651e-009 +9.186109651e-009 -3.645999999e+001 -3.645999999e+001 +2.1216e+000 -2.8472e+000
39261 0 +0.000000000e+000 +0.000000000e+000 -3.646000000e+001 -3.646000000e+001 +2.1216e+000 -2.8472e+000
% f evaluations | g evaluations | best noise-free fitness - Fopt | noise-free fitness - Fopt (3.920000000000e+001) | measured fitness | best measured fitness | x1 | x2...
1 0 +1.320569916e+002 +1.320569916e+002 +1.712569916e+002 +1.712569916e+002 -5.5738e-001 -1.5837e+000
2 0 +1.140522609e+002 +1.140522609e+002 +1.532522609e+002 +1.532522609e+002 -5.7943e-001 -1.1299e+000
3 0 +3.184181018e+000 +3.184181018e+000 +4.238418102e+001 +4.238418102e+001 +2.2373e+000 +8.0051e-001
123 0 +5.423879055e-001 +5.423879055e-001 +3.974238791e+001 +3.974238791e+001 +4.0650e+000 +1.9676e+000
1164 0 +4.811193874e-001 +4.811193874e-001 +3.968111939e+001 +3.968111939e+001 +3.6572e+000 +1.6584e+000
1224 0 +3.750882071e-001 +3.750882071e-001 +3.957508821e+001 +3.957508821e+001 +3.4371e+000 +1.2679e+000
1510 0 +3.646288708e-001 +3.646288708e-001 +3.956462887e+001 +3.956462887e+001 +3.9398e+000 +1.7865e+000
1523 0 +2.448228400e-001 +2.448228400e-001 +3.944482284e+001 +3.944482284e+001 +3.8678e+000 +1.7379e+000
1591 0 +1.398195023e-001 +1.398195023e-001 +3.933981950e+001 +3.933981950e+001 +3.7498e+000 +1.6456e+000
2259 0 +1.001046778e-001 +1.001046778e-001 +3.930010468e+001 +3.930010468e+001 +3.7374e+000 +1.5995e+000
2542 0 +6.253059598e-002 +6.253059598e-002 +3.926253060e+001 +3.926253060e+001 +3.6978e+000 +1.5778e+000
3029 0 +1.723159104e-002 +1.723159104e-002 +3.921723159e+001 +3.921723159e+001 +3.7208e+000 +1.6195e+000
4125 0 +1.182353621e-002 +1.182353621e-002 +3.921182354e+001 +3.921182354e+001 +3.7222e+000 +1.6335e+000
5284 0 +8.100416881e-003 +8.100416881e-003 +3.920810042e+001 +3.920810042e+001 +3.7282e+000 +1.6351e+000
6177 0 +7.886292399e-003 +7.886292399e-003 +3.920788629e+001 +3.920788629e+001 +3.7243e+000 +1.6278e+000
6245 0 +7.567835773e-003 +7.567835773e-003 +3.920756784e+001 +3.920756784e+001 +3.7177e+000 +1.6256e+000
6454 0 +3.312796267e-003 +3.312796267e-003 +3.920331280e+001 +3.920331280e+001 +3.7237e+000 +1.6294e+000
6739 0 +1.974859194e-003 +1.974859194e-003 +3.920197486e+001 +3.920197486e+001 +3.7236e+000 +1.6308e+000
7444 0 +1.717979695e-003 +1.717979695e-003 +3.920171798e+001 +3.920171798e+001 +3.7229e+000 +1.6306e+000
7514 0 +1.388250337e-003 +1.388250337e-003 +3.920138825e+001 +3.920138825e+001 +3.7236e+000 +1.6307e+000
7797 0 +1.372301543e-003 +1.372301543e-003 +3.920137230e+001 +3.920137230e+001 +3.7224e+000 +1.6295e+000
7896 0 +1.318970627e-003 +1.318970627e-003 +3.920131897e+001 +3.920131897e+001 +3.7233e+000 +1.6303e+000
8064 0 +1.060593885e-003 +1.060593885e-003 +3.920106059e+001 +3.920106059e+001 +3.7226e+000 +1.6301e+000
8367 0 +1.013107844e-003 +1.013107844e-003 +3.920101311e+001 +3.920101311e+001 +3.7233e+000 +1.6310e+000
8429 0 +2.714253704e-004 +2.714253704e-004 +3.920027143e+001 +3.920027143e+001 +3.7232e+000 +1.6305e+000
8601 0 +2.616781492e-004 +2.616781492e-004 +3.920026168e+001 +3.920026168e+001 +3.7233e+000 +1.6306e+000
9648 0 +2.340187066e-004 +2.340187066e-004 +3.920023402e+001 +3.920023402e+001 +3.7230e+000 +1.6303e+000
10172 0 +1.594349466e-004 +1.594349466e-004 +3.920015943e+001 +3.920015943e+001 +3.7232e+000 +1.6305e+000
10424 0 +6.681061394e-005 +6.681061394e-005 +3.920006681e+001 +3.920006681e+001 +3.7232e+000 +1.6304e+000
10527 0 +1.904056794e-005 +1.904056794e-005 +3.920001904e+001 +3.920001904e+001 +3.7232e+000 +1.6304e+000
14478 0 +1.282379300e-005 +1.282379300e-005 +3.920001282e+001 +3.920001282e+001 +3.7232e+000 +1.6304e+000
14593 0 +5.121391141e-006 +5.121391141e-006 +3.920000512e+001 +3.920000512e+001 +3.7232e+000 +1.6304e+000
14708 0 +3.504807516e-006 +3.504807516e-006 +3.920000350e+001 +3.920000350e+001 +3.7232e+000 +1.6304e+000
15100 0 +8.260154658e-007 +8.260154658e-007 +3.920000083e+001 +3.920000083e+001 +3.7232e+000 +1.6304e+000
15726 0 +7.813154212e-007 +7.813154212e-007 +3.920000078e+001 +3.920000078e+001 +3.7232e+000 +1.6304e+000
% f evaluations | g evaluations | best noise-free fitness - Fopt | noise-free fitness - Fopt (-3.225000000000e+001) | measured fitness | best measured fitness | x1 | x2...
1 0 +1.803057502e+001 +1.803057502e+001 -1.421942498e+001 -1.421942498e+001 +7.1442e-001 -1.0977e+000
2 0 +6.231504279e+000 +6.231504279e+000 -2.601849572e+001 -2.601849572e+001 +1.0585e+000 +8.6619e-001
15 0 +3.378437406e+000 +3.378437406e+000 -2.887156259e+001 -2.887156259e+001 +2.3743e+000 +1.7646e-001
121 0 +2.425023815e+000 +2.425023815e+000 -2.982497619e+001 -2.982497619e+001 +3.1456e+000 +7.2814e-001
178 0 +1.609779213e+000 +1.609779213e+000 -3.064022079e+001 -3.064022079e+001 +3.7498e+000 +1.5349e+000
184 0 +1.251468135e+000 +1.251468135e+000 -3.099853187e+001 -3.099853187e+001 +3.9220e+000 +1.1855e+000
376 0 +9.785258043e-001 +9.785258043e-001 -3.127147420e+001 -3.127147420e+001 +2.9981e+000 +7.6367e-001
449 0 +7.507670158e-001 +7.507670158e-001 -3.149923298e+001 -3.149923298e+001 +2.8906e+000 +8.1016e-001
645 0 +5.484501110e-001 +5.484501110e-001 -3.170154989e+001 -3.170154989e+001 +3.0304e+000 +8.7199e-001
1130 0 +6.652569400e-002 +6.652569400e-002 -3.218347431e+001 -3.218347431e+001 +3.5629e+000 +1.0510e+000
2859 0 +5.214296947e-002 +5.214296947e-002 -3.219785703e+001 -3.219785703e+001 +3.6033e+000 +1.0516e+000
3936 0 +3.013802896e-002 +3.013802896e-002 -3.221986197e+001 -3.221986197e+001 +3.6078e+000 +1.0654e+000
4211 0 +8.081119618e-003 +8.081119618e-003 -3.224191888e+001 -3.224191888e+001 +3.5922e+000 +1.0615e+000
6198 0 +3.023478421e-003 +3.023478421e-003 -3.224697652e+001 -3.224697652e+001 +3.5938e+000 +1.0605e+000
7897 0 +9.829800686e-004 +9.829800686e-004 -3.224901702e+001 -3.224901702e+001 +3.5955e+000 +1.0612e+000
8485 0 +5.378873121e-004 +5.378873121e-004 -3.224946211e+001 -3.224946211e+001 +3.5957e+000 +1.0616e+000
9231 0 +2.585939063e-004 +2.585939063e-004 -3.224974141e+001 -3.224974141e+001 +3.5959e+000 +1.0617e+000
9646 0 +2.300602136e-004 +2.300602136e-004 -3.224976994e+001 -3.224976994e+001 +3.5960e+000 +1.0617e+000
10554 0 +3.452857842e-005 +3.452857842e-005 -3.224996547e+001 -3.224996547e+001 +3.5960e+000 +1.0616e+000
11703 0 +2.885933674e-005 +2.885933674e-005 -3.224997114e+001 -3.224997114e+001 +3.5960e+000 +1.0616e+000
12979 0 +1.361960380e-005 +1.361960380e-005 -3.224998638e+001 -3.224998638e+001 +3.5960e+000 +1.0616e+000
14041 0 +8.112246569e-006 +8.112246569e-006 -3.224999189e+001 -3.224999189e+001 +3.5960e+000 +1.0616e+000
14699 0 +2.154294911e-006 +2.154294911e-006 -3.224999785e+001 -3.224999785e+001 +3.5960e+000 +1.0616e+000
14823 0 +1.198355633e-006 +1.198355633e-006 -3.224999880e+001 -3.224999880e+001 +3.5960e+000 +1.0616e+000
15036 0 +8.862841412e-007 +8.862841412e-007 -3.224999911e+001 -3.224999911e+001 +3.5960e+000 +1.0616e+000
15837 0 +7.691107129e-007 +7.691107129e-007 -3.224999923e+001 -3.224999923e+001 +3.5960e+000 +1.0616e+000
16239 0 +6.327471809e-007 +6.327471809e-007 -3.224999937e+001 -3.224999937e+001 +3.5960e+000 +1.0616e+000
16787 0 +4.940627107e-007 +4.940627107e-007 -3.224999951e+001 -3.224999951e+001 +3.5960e+000 +1.0616e+000
18027 0 +4.602509449e-007 +4.602509449e-007 -3.224999954e+001 -3.224999954e+001 +3.5960e+000 +1.0616e+000
18258 0 +4.007759458e-007 +4.007759458e-007 -3.224999960e+001 -3.224999960e+001 +3.5960e+000 +1.0616e+000
18342 0 +3.624949798e-007 +3.624949798e-007 -3.224999964e+001 -3.224999964e+001 +3.5960e+000 +1.0616e+000
18600 0 +3.178825523e-007 +3.178825523e-007 -3.224999968e+001 -3.224999968e+001 +3.5960e+000 +1.0616e+000
18986 0 +2.808504149e-007 +2.808504149e-007 -3.224999972e+001 -3.224999972e+001 +3.5960e+000 +1.0616e+000
19010 0 +1.936808403e-007 +1.936808403e-007 -3.224999981e+001 -3.224999981e+001 +3.5960e+000 +1.0616e+000
19416 0 +1.650868668e-007 +1.650868668e-007 -3.224999983e+001 -3.224999983e+001 +3.5960e+000 +1.0616e+000
19502 0 +2.885202832e-008 +2.885202832e-008 -3.224999997e+001 -3.224999997e+001 +3.5960e+000 +1.0616e+000
20462 0 +1.714114717e-008 +1.714114717e-008 -3.224999998e+001 -3.224999998e+001 +3.5960e+000 +1.0616e+000
20731 0 +1.402008110e-008 +1.402008110e-008 -3.224999999e+001 -3.224999999e+001 +3.5960e+000 +1.0616e+000
21881 0 +1.291962803e-008 +1.291962803e-008 -3.224999999e+001 -3.224999999e+001 +3.5960e+000 +1.0616e+000
22159 0 +3.520753467e-009 +3.520753467e-009 -3.225000000e+001 -3.225000000e+001 +3.5960e+000 +1.0616e+000
33444 0 +0.000000000e+000 +0.000000000e+000 -3.225000000e+001 -3.225000000e+001 +3.5960e+000 +1.0616e+000
% f evaluations | g evaluations | best noise-free fitness - Fopt | noise-free fitness - Fopt (3.681200000000e+002) | measured fitness | best measured fitness | x1 | x2...
1 0 +2.122119432e+001 +2.122119432e+001 +3.893411943e+002 +3.893411943e+002 +1.1870e+000 +1.0714e+000
2 0 +4.478538548e+000 +4.478538548e+000 +3.725985385e+002 +3.725985385e+002 -6.1750e-001 +8.6665e-002
7 0 +4.134296739e+000 +4.134296739e+000 +3.722542967e+002 +3.722542967e+002 +6.7609e-001 -1.9062e-001
12 0 +3.053741197e+000 +3.053741197e+000 +3.711737412e+002 +3.711737412e+002 -1.6444e+000 -1.2011e+000
17 0 +2.861612642e+000 +2.861612642e+000 +3.709816126e+002 +3.709816126e+002 -3.3261e-001 -6.7544e-001
32 0 +1.910307614e+000 +1.910307614e+000 +3.700303076e+002 +3.700303076e+002 -8.5147e-001 -1.3347e+000
97 0 +1.859241279e+000 +1.859241279e+000 +3.699792413e+002 +3.699792413e+002 -9.7303e-001 -6.8353e-001
126 0 +1.773042427e+000 +1.773042427e+000 +3.698930424e+002 +3.698930424e+002 -3.1128e+000 -1.0633e+000
155 0 +7.684544701e-001 +7.684544701e-001 +3.688884545e+002 +3.688884545e+002 -2.3236e+000 -1.4017e+000
247 0 +5.957008664e-001 +5.957008664e-001 +3.687157009e+002 +3.687157009e+002 -2.1544e+000 -1.1219e+000
252 0 +4.348527558e-001 +4.348527558e-001 +3.685548528e+002 +3.685548528e+002 -2.7934e+000 -1.0695e+000
323 0 +2.934815709e-001 +2.934815709e-001 +3.684134816e+002 +3.684134816e+002 -2.4501e+000 -1.1222e+000
816 0 +2.444648617e-001 +2.444648617e-001 +3.683644649e+002 +3.683644649e+002 -2.4712e+000 -1.2000e+000
1006 0 +9.764102065e-002 +9.764102065e-002 +3.682176410e+002 +3.682176410e+002 -2.5603e+000 -1.0987e+000
1637 0 +7.124811494e-002 +7.124811494e-002 +3.681912481e+002 +3.681912481e+002 -2.4986e+000 -1.0959e+000
1807 0 +3.988902961e-002 +3.988902961e-002 +3.681598890e+002 +3.681598890e+002 -2.4545e+000 -1.0837e+000
2216 0 +3.621979665e-002 +3.621979665e-002 +3.681562198e+002 +3.681562198e+002 -2.4611e+000 -1.1015e+000
2518 0 +2.789368613e-002 +2.789368613e-002 +3.681478937e+002 +3.681478937e+002 -2.4574e+000 -1.0868e+000
2740 0 +1.702807733e-002 +1.702807733e-002 +3.681370281e+002 +3.681370281e+002 -2.4765e+000 -1.0876e+000
3428 0 +8.415234745e-003 +8.415234745e-003 +3.681284152e+002 +3.681284152e+002 -2.4688e+000 -1.0885e+000
4924 0 +6.537555121e-003 +6.537555121e-003 +3.681265376e+002 +3.681265376e+002 -2.4617e+000 -1.0890e+000
4927 0 +1.175675328e-003 +1.175675328e-003 +3.681211757e+002 +3.681211757e+002 -2.4625e+000 -1.0897e+000
6564 0 +1.008750867e-003 +1.008750867e-003 +3.681210088e+002 +3.681210088e+002 -2.4628e+000 -1.0893e+000
7096 0 +2.324249469e-004 +2.324249469e-004 +3.681202324e+002 +3.681202324e+002 -2.4633e+000 -1.0897e+000
8158 0 +3.967037787e-005 +3.967037787e-005 +3.681200397e+002 +3.681200397e+002 -2.4632e+000 -1.0896e+000
10924 0 +3.220880672e-005 +3.220880672e-005 +3.681200322e+002 +3.681200322e+002 -2.4632e+000 -1.0896e+000
11099 0 +3.036252423e-005 +3.036252423e-005 +3.681200304e+002 +3.681200304e+002 -2.4632e+000 -1.0896e+000
11546 0 +3.015296977e-005 +3.015296977e-005 +3.681200302e+002 +3.681200302e+002 -2.4632e+000 -1.0896e+000
11677 0 +2.906746209e-005 +2.906746209e-005 +3.681200291e+002 +3.681200291e+002 -2.4632e+000 -1.0896e+000
11791 0 +2.878603050e-005 +2.878603050e-005 +3.681200288e+002 +3.681200288e+002 -2.4632e+000 -1.0896e+000
11985 0 +1.310281226e-005 +1.310281226e-005 +3.681200131e+002 +3.681200131e+002 -2.4632e+000 -1.0896e+000
12690 0 +1.067597464e-005 +1.067597464e-005 +3.681200107e+002 +3.681200107e+002 -2.4632e+000 -1.0896e+000
13476 0 +4.726973884e-006 +4.726973884e-006 +3.681200047e+002 +3.681200047e+002 -2.4632e+000 -1.0896e+000
13725 0 +2.773798712e-006 +2.773798712e-006 +3.681200028e+002 +3.681200028e+002 -2.4632e+000 -1.0896e+000
13760 0 +9.897379414e-007 +9.897379414e-007 +3.681200010e+002 +3.681200010e+002 -2.4632e+000 -1.0896e+000
14047 0 +7.913398008e-007 +7.913398008e-007 +3.681200008e+002 +3.681200008e+002 -2.4632e+000 -1.0896e+000
14797 0 +6.469907703e-007 +6.469907703e-007 +3.681200006e+002 +3.681200006e+002 -2.4632e+000 -1.0896e+000
15043 0 +5.861739965e-007 +5.861739965e-007 +3.681200006e+002 +3.681200006e+002 -2.4632e+000 -1.0896e+000
16554 0 +5.470485007e-007 +5.470485007e-007 +3.681200005e+002 +3.681200005e+002 -2.4632e+000 -1.0896e+000
17213 0 +2.463519309e-007 +2.463519309e-007 +3.681200002e+002 +3.681200002e+002 -2.4632e+000 -1.0896e+000
18625 0 +2.399381174e-007 +2.399381174e-007 +3.681200002e+002 +3.681200002e+002 -2.4632e+000 -1.0896e+000
18888 0 +2.290884140e-007 +2.290884140e-007 +3.681200002e+002 +3.681200002e+002 -2.4632e+000 -1.0896e+000
18961 0 +1.438590971e-007 +1.438590971e-007 +3.681200001e+002 +3.681200001e+002 -2.4632e+000 -1.0896e+000
19390 0 +1.346097065e-007 +1.346097065e-007 +3.681200001e+002 +3.681200001e+002 -2.4632e+000 -1.0896e+000
19405 0 +1.296116920e-007 +1.296116920e-007 +3.681200001e+002 +3.681200001e+002 -2.4632e+000 -1.0896e+000
19550 0 +1.275470822e-007 +1.275470822e-007 +3.681200001e+002 +3.681200001e+002 -2.4632e+000 -1.0896e+000
19568 0 +1.231557576e-007 +1.231557576e-007 +3.681200001e+002 +3.681200001e+002 -2.4632e+000 -1.0896e+000
19740 0 +1.136240826e-007 +1.136240826e-007 +3.681200001e+002 +3.681200001e+002 -2.4632e+000 -1.0896e+000
19927 0 +7.713725836e-008 +7.713725836e-008 +3.681200001e+002 +3.681200001e+002 -2.4632e+000 -1.0896e+000
19970 0 +5.554073823e-008 +5.554073823e-008 +3.681200001e+002 +3.681200001e+002 -2.4632e+000 -1.0896e+000
20577 0 +3.808241900e-008 +3.808241900e-008 +3.681200000e+002 +3.681200000e+002 -2.4632e+000 -1.0896e+000
20620 0 +2.172492941e-008 +2.172492941e-008 +3.681200000e+002 +3.681200000e+002 -2.4632e+000 -1.0896e+000
20835 0 +1.938644800e-008 +1.938644800e-008 +3.681200000e+002 +3.681200000e+002 -2.4632e+000 -1.0896e+000
20953 0 +1.196531230e-008 +1.196531230e-008 +3.681200000e+002 +3.681200000e+002 -2.4632e+000 -1.0896e+000
20977 0 +5.719186902e-009 +5.719186902e-009 +3.681200000e+002 +3.681200000e+002 -2.4632e+000 -1.0896e+000
33258 0 +0.000000000e+000 +0.000000000e+000 +3.681200000e+002 +3.681200000e+002 -2.4632e+000 -1.0896e+000
% f evaluations | g evaluations | best noise-free fitness - Fopt | noise-free fitness - Fopt (4.739000000000e+001) | measured fitness | best measured fitness | x1 | x2...
1 0 +2.707060888e+001 +2.707060888e+001 +7.446060888e+001 +7.446060888e+001 +1.2525e-001 -2.6007e+000
2 0 +2.074560479e+001 +2.074560479e+001 +6.813560479e+001 +6.813560479e+001 -2.2953e-003 -7.5141e-001
4 0 +1.060640431e+001 +1.060640431e+001 +5.799640431e+001 +5.799640431e+001 -2.0034e+000 +3.9050e-001
7 0 +5.043796741e+000 +5.043796741e+000 +5.243379674e+001 +5.243379674e+001 -3.1798e+000 -4.2162e-001
12 0 +4.151379462e+000 +4.151379462e+000 +5.154137946e+001 +5.154137946e+001 -1.5566e+000 +1.0641e+000
25 0 +4.017903934e+000 +4.017903934e+000 +5.140790393e+001 +5.140790393e+001 -6.6267e-001 +9.0948e-001
26 0 +3.607700875e+000 +3.607700875e+000 +5.099770087e+001 +5.099770087e+001 -1.8243e+000 -1.2558e-001
31 0 +3.519952202e+000 +3.519952202e+000 +5.090995220e+001 +5.090995220e+001 -1.3538e+000 -3.3039e-002
132 0 +2.474875752e+000 +2.474875752e+000 +4.986487575e+001 +4.986487575e+001 -7.7275e-001 +8.4585e-001
172 0 +2.345583702e+000 +2.345583702e+000 +4.973558370e+001 +4.973558370e+001 -5.0851e-001 +2.1220e+000
181 0 +1.457854714e+000 +1.457854714e+000 +4.884785471e+001 +4.884785471e+001 -2.3275e-001 +3.8685e+000
203 0 +4.483748789e-001 +4.483748789e-001 +4.783837488e+001 +4.783837488e+001 -6.9835e-001 +2.4016e+000
434 0 +3.109029900e-001 +3.109029900e-001 +4.770090299e+001 +4.770090299e+001 -4.2353e-001 +2.7176e+000
828 0 +2.559849571e-001 +2.559849571e-001 +4.764598496e+001 +4.764598496e+001 -5.7313e-001 +2.6476e+000
863 0 +1.220453708e-001 +1.220453708e-001 +4.751204537e+001 +4.751204537e+001 -5.1915e-001 +2.6819e+000
1323 0 +5.718384841e-002 +5.718384841e-002 +4.744718385e+001 +4.744718385e+001 -4.8999e-001 +2.6198e+000
3255 0 +3.733704646e-002 +3.733704646e-002 +4.742733705e+001 +4.742733705e+001 -4.8791e-001 +2.6599e+000
3267 0 +3.332755375e-002 +3.332755375e-002 +4.742332755e+001 +4.742332755e+001 -4.8356e-001 +2.6591e+000
3936 0 +6.167136309e-003 +6.167136309e-003 +4.739616714e+001 +4.739616714e+001 -4.9837e-001 +2.6292e+000
5085 0 +3.053228044e-003 +3.053228044e-003 +4.739305323e+001 +4.739305323e+001 -4.9627e-001 +2.6323e+000
6202 0 +1.447299064e-003 +1.447299064e-003 +4.739144730e+001 +4.739144730e+001 -4.9765e-001 +2.6291e+000
6253 0 +9.855527587e-004 +9.855527587e-004 +4.739098555e+001 +4.739098555e+001 -4.9744e-001 +2.6304e+000
7500 0 +5.508303955e-004 +5.508303955e-004 +4.739055083e+001 +4.739055083e+001 -4.9777e-001 +2.6294e+000
8167 0 +3.895256950e-004 +3.895256950e-004 +4.739038953e+001 +4.739038953e+001 -4.9754e-001 +2.6296e+000
8187 0 +3.232909401e-004 +3.232909401e-004 +4.739032329e+001 +4.739032329e+001 -4.9749e-001 +2.6299e+000
8348 0 +2.470912303e-004 +2.470912303e-004 +4.739024709e+001 +4.739024709e+001 -4.9748e-001 +2.6298e+000
8558 0 +5.037505846e-005 +5.037505846e-005 +4.739005038e+001 +4.739005038e+001 -4.9761e-001 +2.6296e+000
8849 0 +4.567585809e-005 +4.567585809e-005 +4.739004568e+001 +4.739004568e+001 -4.9758e-001 +2.6296e+000
9198 0 +2.880000282e-005 +2.880000282e-005 +4.739002880e+001 +4.739002880e+001 -4.9761e-001 +2.6296e+000
12096 0 +1.741293271e-005 +1.741293271e-005 +4.739001741e+001 +4.739001741e+001 -4.9760e-001 +2.6296e+000
13172 0 +1.547631452e-005 +1.547631452e-005 +4.739001548e+001 +4.739001548e+001 -4.9760e-001 +2.6296e+000
13493 0 +1.212620017e-005 +1.212620017e-005 +4.739001213e+001 +4.739001213e+001 -4.9760e-001 +2.6296e+000
13722 0 +5.190616250e-006 +5.190616250e-006 +4.739000519e+001 +4.739000519e+001 -4.9760e-001 +2.6296e+000
13791 0 +4.412386957e-006 +4.412386957e-006 +4.739000441e+001 +4.739000441e+001 -4.9760e-001 +2.6296e+000
14342 0 +3.857789487e-006 +3.857789487e-006 +4.739000386e+001 +4.739000386e+001 -4.9760e-001 +2.6296e+000
14573 0 +1.882511611e-006 +1.882511611e-006 +4.739000188e+001 +4.739000188e+001 -4.9760e-001 +2.6296e+000
15602 0 +1.705948655e-006 +1.705948655e-006 +4.739000171e+001 +4.739000171e+001 -4.9760e-001 +2.6296e+000
15870 0 +1.280606583e-006 +1.280606583e-006 +4.739000128e+001 +4.739000128e+001 -4.9760e-001 +2.6296e+000
15928 0 +9.494270259e-007 +9.494270259e-007 +4.739000095e+001 +4.739000095e+001 -4.9760e-001 +2.6296e+000
16539 0 +6.393349494e-007 +6.393349494e-007 +4.739000064e+001 +4.739000064e+001 -4.9760e-001 +2.6296e+000
17008 0 +3.687195615e-007 +3.687195615e-007 +4.739000037e+001 +4.739000037e+001 -4.9760e-001 +2.6296e+000
18579 0 +3.608596941e-007 +3.608596941e-007 +4.739000036e+001 +4.739000036e+001 -4.9760e-001 +2.6296e+000
19096 0 +1.776152843e-007 +1.776152843e-007 +4.739000018e+001 +4.739000018e+001 -4.9760e-001 +2.6296e+000
19507 0 +1.437628612e-007 +1.437628612e-007 +4.739000014e+001 +4.739000014e+001 -4.9760e-001 +2.6296e+000
19736 0 +9.291503034e-008 +9.291503034e-008 +4.739000009e+001 +4.739000009e+001 -4.9760e-001 +2.6296e+000
19913 0 +4.598913961e-008 +4.598913961e-008 +4.739000005e+001 +4.739000005e+001 -4.9760e-001 +2.6296e+000
21040 0 +1.759949697e-008 +1.759949697e-008 +4.739000002e+001 +4.739000002e+001 -4.9760e-001 +2.6296e+000
21094 0 +6.207422132e-009 +6.207422132e-009 +4.739000001e+001 +4.739000001e+001 -4.9760e-001 +2.6296e+000
35211 0 +0.000000000e+000 +0.000000000e+000 +4.739000000e+001 +4.739000000e+001 -4.9760e-001 +2.6296e+000
% f evaluations | g evaluations | best noise-free fitness - Fopt | noise-free fitness - Fopt (-3.428900000000e+002) | measured fitness | best measured fitness | x1 | x2...
1 0 +1.695245638e+001 +1.695245638e+001 -3.259375436e+002 -3.259375436e+002 +1.3906e-001 -1.7341e+000
2 0 +1.238936568e+001 +1.238936568e+001 -3.305006343e+002 -3.305006343e+002 -5.7367e-001 -2.6364e-001
6 0 +7.793683393e+000 +7.793683393e+000 -3.350963166e+002 -3.350963166e+002 -4.8893e-001 -2.5836e+000
18 0 +6.597175211e+000 +6.597175211e+000 -3.362928248e+002 -3.362928248e+002 +7.9164e-001 -1.2991e+000
119 0 +4.711051267e+000 +4.711051267e+000 -3.381789487e+002 -3.381789487e+002 +2.3250e+000 -1.8037e+000
120 0 +2.321716592e+000 +2.321716592e+000 -3.405682834e+002 -3.405682834e+002 +2.8220e+000 -2.0151e+000
168 0 +1.024371323e+000 +1.024371323e+000 -3.418656287e+002 -3.418656287e+002 +2.6067e+000 -2.4620e+000
286 0 +6.203368349e-001 +6.203368349e-001 -3.422696632e+002 -3.422696632e+002 +2.2560e+000 -3.0299e+000
725 0 +2.651592779e-001 +2.651592779e-001 -3.426248407e+002 -3.426248407e+002 +2.2929e+000 -2.7986e+000
1333 0 +7.709245068e-002 +7.709245068e-002 -3.428129075e+002 -3.428129075e+002 +2.2615e+000 -2.7805e+000
2412 0 +6.148405050e-002 +6.148405050e-002 -3.428285159e+002 -3.428285159e+002 +2.2910e+000 -2.7292e+000
2723 0 +5.901908504e-002 +5.901908504e-002 -3.428309809e+002 -3.428309809e+002 +2.2590e+000 -2.7822e+000
2921 0 +5.763225877e-002 +5.763225877e-002 -3.428323677e+002 -3.428323677e+002 +2.2740e+000 -2.7152e+000
3476 0 +4.416483197e-002 +4.416483197e-002 -3.428458352e+002 -3.428458352e+002 +2.2390e+000 -2.7810e+000
3485 0 +1.958842528e-002 +1.958842528e-002 -3.428704116e+002 -3.428704116e+002 +2.2546e+000 -2.7644e+000
3636 0 +1.825050133e-002 +1.825050133e-002 -3.428717495e+002 -3.428717495e+002 +2.2421e+000 -2.7745e+000
3829 0 +6.099728205e-003 +6.099728205e-003 -3.428839003e+002 -3.428839003e+002 +2.2430e+000 -2.7724e+000
5474 0 +5.009533793e-003 +5.009533793e-003 -3.428849905e+002 -3.428849905e+002 +2.2455e+000 -2.7681e+000
5680 0 +1.120491286e-003 +1.120491286e-003 -3.428888795e+002 -3.428888795e+002 +2.2447e+000 -2.7698e+000
7746 0 +6.058610941e-004 +6.058610941e-004 -3.428893941e+002 -3.428893941e+002 +2.2441e+000 -2.7701e+000
7824 0 +2.325062422e-004 +2.325062422e-004 -3.428897675e+002 -3.428897675e+002 +2.2440e+000 -2.7702e+000
10333 0 +2.215414884e-004 +2.215414884e-004 -3.428897785e+002 -3.428897785e+002 +2.2440e+000 -2.7705e+000
10492 0 +5.314326137e-005 +5.314326137e-005 -3.428899469e+002 -3.428899469e+002 +2.2440e+000 -2.7704e+000
11542 0 +2.975878152e-005 +2.975878152e-005 -3.428899702e+002 -3.428899702e+002 +2.2440e+000 -2.7704e+000
12023 0 +2.676168754e-005 +2.676168754e-005 -3.428899732e+002 -3.428899732e+002 +2.2440e+000 -2.7704e+000
13491 0 +8.710181817e-006 +8.710181817e-006 -3.428899913e+002 -3.428899913e+002 +2.2440e+000 -2.7704e+000
14293 0 +6.060132250e-006 +6.060132250e-006 -3.428899939e+002 -3.428899939e+002 +2.2440e+000 -2.7704e+000
15050 0 +2.633563383e-006 +2.633563383e-006 -3.428899974e+002 -3.428899974e+002 +2.2440e+000 -2.7704e+000
15329 0 +1.000033706e-006 +1.000033706e-006 -3.428899990e+002 -3.428899990e+002 +2.2440e+000 -2.7704e+000
15404 0 +7.222865861e-007 +7.222865861e-007 -3.428899993e+002 -3.428899993e+002 +2.2440e+000 -2.7704e+000
16444 0 +5.659151157e-007 +5.659151157e-007 -3.428899994e+002 -3.428899994e+002 +2.2440e+000 -2.7704e+000
16997 0 +5.516492934e-007 +5.516492934e-007 -3.428899994e+002 -3.428899994e+002 +2.2440e+000 -2.7704e+000
17423 0 +5.166392043e-007 +5.166392043e-007 -3.428899995e+002 -3.428899995e+002 +2.2440e+000 -2.7704e+000
17521 0 +3.962171036e-007 +3.962171036e-007 -3.428899996e+002 -3.428899996e+002 +2.2440e+000 -2.7704e+000
18025 0 +3.492777978e-007 +3.492777978e-007 -3.428899997e+002 -3.428899997e+002 +2.2440e+000 -2.7704e+000
18911 0 +2.957899028e-007 +2.957899028e-007 -3.428899997e+002 -3.428899997e+002 +2.2440e+000 -2.7704e+000
18933 0 +2.611557761e-007 +2.611557761e-007 -3.428899997e+002 -3.428899997e+002 +2.2440e+000 -2.7704e+000
18940 0 +2.292505883e-007 +2.292505883e-007 -3.428899998e+002 -3.428899998e+002 +2.2440e+000 -2.7704e+000
19026 0 +2.263634542e-007 +2.263634542e-007 -3.428899998e+002 -3.428899998e+002 +2.2440e+000 -2.7704e+000
19054 0 +1.481732852e-007 +1.481732852e-007 -3.428899999e+002 -3.428899999e+002 +2.2440e+000 -2.7704e+000
19236 0 +3.657919478e-008 +3.657919478e-008 -3.428900000e+002 -3.428900000e+002 +2.2440e+000 -2.7704e+000
20923 0 +3.182623232e-008 +3.182623232e-008 -3.428900000e+002 -3.428900000e+002 +2.2440e+000 -2.7704e+000
21466 0 +4.309356427e-009 +4.309356427e-009 -3.428900000e+002 -3.428900000e+002 +2.2440e+000 -2.7704e+000
33256 0 +0.000000000e+000 +0.000000000e+000 -3.428900000e+002 -3.428900000e+002 +2.2440e+000 -2.7704e+000
% f evaluations | g evaluations | best noise-free fitness - Fopt | noise-free fitness - Fopt (9.102000000000e+001) | measured fitness | best measured fitness | x1 | x2...
1 0 +3.341553995e+000 +3.341553995e+000 +9.436155400e+001 +9.436155400e+001 +7.8483e-001 -1.0835e+000
2 0 +2.461323596e+000 +2.461323596e+000 +9.348132360e+001 +9.348132360e+001 +1.3888e+000 +2.2542e-001
17 0 +1.605989630e+000 +1.605989630e+000 +9.262598963e+001 +9.262598963e+001 +9.9920e-002 -9.6785e-001
21 0 +1.083123024e+000 +1.083123024e+000 +9.210312302e+001 +9.210312302e+001 +8.9435e-001 -5.0313e-001
37 0 +7.845362491e-001 +7.845362491e-001 +9.180453625e+001 +9.180453625e+001 +4.6071e-001 -1.0798e+000
173 0 +3.915139915e-001 +3.915139915e-001 +9.141151399e+001 +9.141151399e+001 +1.7835e-001 -1.0890e+000
321 0 +2.753534944e-001 +2.753534944e-001 +9.129535349e+001 +9.129535349e+001 +6.2886e-001 -9.3027e-001
741 0 +2.505493707e-001 +2.505493707e-001 +9.127054937e+001 +9.127054937e+001 +6.2540e-001 -8.5572e-001
813 0 +1.766852971e-001 +1.766852971e-001 +9.119668530e+001 +9.119668530e+001 +4.1730e-001 -8.8788e-001
953 0 +1.574791845e-001 +1.574791845e-001 +9.117747918e+001 +9.117747918e+001 +3.5962e-001 -9.6162e-001
1193 0 +9.762860812e-002 +9.762860812e-002 +9.111762861e+001 +9.111762861e+001 +6.1927e-001 -8.4694e-001
1439 0 +8.562253119e-002 +8.562253119e-002 +9.110562253e+001 +9.110562253e+001 +5.6207e-001 -8.5651e-001
1456 0 +5.773230783e-002 +5.773230783e-002 +9.107773231e+001 +9.107773231e+001 +4.9194e-001 -9.0867e-001
1848 0 +5.212549260e-002 +5.212549260e-002 +9.107212549e+001 +9.107212549e+001 +5.4473e-001 -8.8595e-001
2717 0 +1.234915687e-002 +1.234915687e-002 +9.103234916e+001 +9.103234916e+001 +5.6268e-001 -8.7724e-001
3887 0 +9.825335148e-003 +9.825335148e-003 +9.102982534e+001 +9.102982534e+001 +5.6112e-001 -8.7265e-001
4035 0 +7.591571980e-003 +7.591571980e-003 +9.102759157e+001 +9.102759157e+001 +5.5955e-001 -8.7308e-001
4289 0 +3.218202240e-003 +3.218202240e-003 +9.102321820e+001 +9.102321820e+001 +5.6184e-001 -8.7356e-001
4693 0 +9.870181356e-004 +9.870181356e-004 +9.102098702e+001 +9.102098702e+001 +5.6309e-001 -8.7432e-001
6146 0 +2.396439811e-004 +2.396439811e-004 +9.102023964e+001 +9.102023964e+001 +5.6243e-001 -8.7432e-001
8574 0 +1.199548522e-004 +1.199548522e-004 +9.102011995e+001 +9.102011995e+001 +5.6240e-001 -8.7442e-001
9161 0 +8.473883877e-005 +8.473883877e-005 +9.102008474e+001 +9.102008474e+001 +5.6241e-001 -8.7441e-001
9759 0 +3.764009307e-005 +3.764009307e-005 +9.102003764e+001 +9.102003764e+001 +5.6241e-001 -8.7438e-001
10141 0 +2.956853544e-005 +2.956853544e-005 +9.102002957e+001 +9.102002957e+001 +5.6241e-001 -8.7439e-001
10255 0 +2.931001427e-005 +2.931001427e-005 +9.102002931e+001 +9.102002931e+001 +5.6240e-001 -8.7441e-001
11072 0 +2.881443818e-005 +2.881443818e-005 +9.102002881e+001 +9.102002881e+001 +5.6241e-001 -8.7439e-001
11467 0 +2.749983788e-005 +2.749983788e-005 +9.102002750e+001 +9.102002750e+001 +5.6239e-001 -8.7440e-001
11818 0 +2.647603507e-005 +2.647603507e-005 +9.102002648e+001 +9.102002648e+001 +5.6241e-001 -8.7440e-001
13050 0 +2.977575960e-006 +2.977575960e-006 +9.102000298e+001 +9.102000298e+001 +5.6240e-001 -8.7440e-001
14918 0 +2.280900290e-006 +2.280900290e-006 +9.102000228e+001 +9.102000228e+001 +5.6240e-001 -8.7440e-001
15180 0 +9.884772680e-007 +9.884772680e-007 +9.102000099e+001 +9.102000099e+001 +5.6240e-001 -8.7440e-001
15705 0 +7.120650451e-007 +7.120650451e-007 +9.102000071e+001 +9.102000071e+001 +5.6240e-001 -8.7440e-001
16143 0 +6.883283277e-007 +6.883283277e-007 +9.102000069e+001 +9.102000069e+001 +5.6240e-001 -8.7440e-001
17632 0 +5.913992851e-007 +5.913992851e-007 +9.102000059e+001 +9.102000059e+001 +5.6240e-001 -8.7440e-001
17769 0 +2.193558402e-007 +2.193558402e-007 +9.102000022e+001 +9.102000022e+001 +5.6240e-001 -8.7440e-001
18722 0 +2.107469896e-007 +2.107469896e-007 +9.102000021e+001 +9.102000021e+001 +5.6240e-001 -8.7440e-001
19395 0 +1.377597556e-007 +1.377597556e-007 +9.102000014e+001 +9.102000014e+001 +5.6240e-001 -8.7440e-001
19998 0 +5.362001332e-008 +5.362001332e-008 +9.102000005e+001 +9.102000005e+001 +5.6240e-001 -8.7440e-001
20314 0 +3.952496286e-008 +3.952496286e-008 +9.102000004e+001 +9.102000004e+001 +5.6240e-001 -8.7440e-001
20316 0 +2.860187465e-008 +2.860187465e-008 +9.102000003e+001 +9.102000003e+001 +5.6240e-001 -8.7440e-001
20658 0 +2.683361799e-008 +2.683361799e-008 +9.102000003e+001 +9.102000003e+001 +5.6240e-001 -8.7440e-001
20925 0 +2.532432575e-008 +2.532432575e-008 +9.102000003e+001 +9.102000003e+001 +5.6240e-001 -8.7440e-001
21169 0 +1.550338879e-008 +1.550338879e-008 +9.102000002e+001 +9.102000002e+001 +5.6240e-001 -8.7440e-001
21702 0 +1.517162218e-008 +1.517162218e-008 +9.102000002e+001 +9.102000002e+001 +5.6240e-001 -8.7440e-001
21757 0 +1.301965824e-008 +1.301965824e-008 +9.102000001e+001 +9.102000001e+001 +5.6240e-001 -8.7440e-001
22094 0 +6.136758657e-009 +6.136758657e-009 +9.102000001e+001 +9.102000001e+001 +5.6240e-001 -8.7440e-001
33372 0 +0.000000000e+000 +0.000000000e+000 +9.102000000e+001 +9.102000000e+001 +5.6240e-001 -8.7440e-001
% f evaluations | g evaluations | best noise-free fitness - Fopt | noise-free fitness - Fopt (7.324200000000e+002) | measured fitness | best measured fitness | x1 | x2...
1 0 +1.172713398e+001 +1.172713398e+001 +7.441471340e+002 +7.441471340e+002 -7.9819e-001 +9.2116e-001
17 0 +7.967457526e+000 +7.967457526e+000 +7.403874575e+002 +7.403874575e+002 -5.0745e-001 -1.2010e+000
83 0 +7.534777358e+000 +7.534777358e+000 +7.399547774e+002 +7.399547774e+002 -1.5890e+000 -6.4357e-001
93 0 +5.576318327e+000 +5.576318327e+000 +7.379963183e+002 +7.379963183e+002 -2.0286e+000 -1.2387e+000
108 0 +5.108701949e+000 +5.108701949e+000 +7.375287019e+002 +7.375287019e+002 -2.0074e+000 -8.3629e-001
156 0 +1.025604436e+000 +1.025604436e+000 +7.334456044e+002 +7.334456044e+002 -3.0749e+000 -1.6927e+000
210 0 +5.575894174e-001 +5.575894174e-001 +7.329775894e+002 +7.329775894e+002 -2.9569e+000 -2.0006e+000
239 0 +2.623177051e-001 +2.623177051e-001 +7.326823177e+002 +7.326823177e+002 -2.6216e+000 -2.6379e+000
366 0 +2.467556567e-001 +2.467556567e-001 +7.326667557e+002 +7.326667557e+002 -2.8872e+000 -2.3090e+000
1727 0 +1.683914720e-001 +1.683914720e-001 +7.325883915e+002 +7.325883915e+002 -2.6197e+000 -2.5332e+000
2147 0 +1.575049250e-001 +1.575049250e-001 +7.325775049e+002 +7.325775049e+002 -2.7242e+000 -2.4920e+000
2211 0 +1.144411596e-001 +1.144411596e-001 +7.325344412e+002 +7.325344412e+002 -2.6695e+000 -2.4398e+000
2493 0 +7.498370632e-002 +7.498370632e-002 +7.324949837e+002 +7.324949837e+002 -2.6976e+000 -2.4330e+000
2764 0 +6.680611555e-002 +6.680611555e-002 +7.324868061e+002 +7.324868061e+002 -2.7690e+000 -2.3411e+000
2901 0 +4.607335704e-002 +4.607335704e-002 +7.324660734e+002 +7.324660734e+002 -2.7545e+000 -2.3607e+000
3139 0 +1.639776176e-002 +1.639776176e-002 +7.324363978e+002 +7.324363978e+002 -2.7390e+000 -2.3754e+000
4403 0 +7.384732141e-003 +7.384732141e-003 +7.324273847e+002 +7.324273847e+002 -2.7417e+000 -2.3809e+000
5424 0 +3.029795042e-003 +3.029795042e-003 +7.324230298e+002 +7.324230298e+002 -2.7398e+000 -2.3806e+000
6623 0 +1.142862233e-003 +1.142862233e-003 +7.324211429e+002 +7.324211429e+002 -2.7400e+000 -2.3816e+000
7499 0 +9.920562568e-004 +9.920562568e-004 +7.324209921e+002 +7.324209921e+002 -2.7386e+000 -2.3827e+000
8114 0 +2.600760764e-004 +2.600760764e-004 +7.324202601e+002 +7.324202601e+002 -2.7393e+000 -2.3824e+000
9109 0 +2.299974586e-004 +2.299974586e-004 +7.324202300e+002 +7.324202300e+002 -2.7393e+000 -2.3824e+000
9737 0 +2.290674669e-004 +2.290674669e-004 +7.324202291e+002 +7.324202291e+002 -2.7392e+000 -2.3824e+000
10726 0 +1.831974064e-004 +1.831974064e-004 +7.324201832e+002 +7.324201832e+002 -2.7392e+000 -2.3825e+000
10991 0 +1.534826426e-004 +1.534826426e-004 +7.324201535e+002 +7.324201535e+002 -2.7392e+000 -2.3824e+000
10996 0 +4.908567223e-005 +4.908567223e-005 +7.324200491e+002 +7.324200491e+002 -2.7392e+000 -2.3824e+000
11065 0 +2.451035141e-005 +2.451035141e-005 +7.324200245e+002 +7.324200245e+002 -2.7392e+000 -2.3824e+000
11507 0 +2.110592152e-005 +2.110592152e-005 +7.324200211e+002 +7.324200211e+002 -2.7392e+000 -2.3824e+000
15296 0 +6.825452147e-006 +6.825452147e-006 +7.324200068e+002 +7.324200068e+002 -2.7392e+000 -2.3824e+000
15473 0 +2.146731617e-006 +2.146731617e-006 +7.324200021e+002 +7.324200021e+002 -2.7392e+000 -2.3824e+000
16925 0 +1.044771125e-006 +1.044771125e-006 +7.324200010e+002 +7.324200010e+002 -2.7392e+000 -2.3824e+000
17735 0 +7.507547934e-007 +7.507547934e-007 +7.324200008e+002 +7.324200008e+002 -2.7392e+000 -2.3824e+000
18580 0 +6.456868960e-007 +6.456868960e-007 +7.324200006e+002 +7.324200006e+002 -2.7392e+000 -2.3824e+000
18905 0 +5.576712283e-007 +5.576712283e-007 +7.324200006e+002 +7.324200006e+002 -2.7392e+000 -2.3824e+000
19061 0 +2.793130989e-007 +2.793130989e-007 +7.324200003e+002 +7.324200003e+002 -2.7392e+000 -2.3824e+000
20578 0 +2.392625902e-007 +2.392625902e-007 +7.324200002e+002 +7.324200002e+002 -2.7392e+000 -2.3824e+000
21357 0 +1.656276254e-007 +1.656276254e-007 +7.324200002e+002 +7.324200002e+002 -2.7392e+000 -2.3824e+000
21364 0 +6.598361324e-008 +6.598361324e-008 +7.324200001e+002 +7.324200001e+002 -2.7392e+000 -2.3824e+000
22491 0 +2.477577254e-009 +2.477577254e-009 +7.324200000e+002 +7.324200000e+002 -2.7392e+000 -2.3824e+000
33588 0 +0.000000000e+000 +0.000000000e+000 +7.324200000e+002 +7.324200000e+002 -2.7392e+000 -2.3824e+000
% f evaluations | g evaluations | best noise-free fitness - Fopt | noise-free fitness - Fopt (3.542000000000e+001) | measured fitness | best measured fitness | x1 | x2...
1 0 +1.027487384e+001 +1.027487384e+001 +4.569487384e+001 +4.569487384e+001 +2.4163e+000 -1.4244e-001
12 0 +6.331396273e+000 +6.331396273e+000 +4.175139627e+001 +4.175139627e+001 -1.8499e-001 -2.1947e+000
158 0 +3.101807127e+000 +3.101807127e+000 +3.852180713e+001 +3.852180713e+001 +3.3844e+000 -1.6188e+000
262 0 +2.740060961e+000 +2.740060961e+000 +3.816006096e+001 +3.816006096e+001 +3.9849e+000 -1.5968e+000
302 0 +1.450442978e+000 +1.450442978e+000 +3.687044298e+001 +3.687044298e+001 +3.8443e+000 -1.9344e+000
337 0 +1.170262341e+000 +1.170262341e+000 +3.659026234e+001 +3.659026234e+001 +3.8659e+000 -2.1925e+000
575 0 +6.551834570e-001 +6.551834570e-001 +3.607518346e+001 +3.607518346e+001 +3.7932e+000 -2.4789e+000
752 0 +5.178021113e-001 +5.178021113e-001 +3.593780211e+001 +3.593780211e+001 +3.8913e+000 -2.2248e+000
799 0 +4.647721321e-001 +4.647721321e-001 +3.588477213e+001 +3.588477213e+001 +3.4263e+000 -2.3581e+000
953 0 +3.894847226e-001 +3.894847226e-001 +3.580948472e+001 +3.580948472e+001 +4.0550e+000 -2.2868e+000
1013 0 +3.216339174e-001 +3.216339174e-001 +3.574163392e+001 +3.574163392e+001 +3.7826e+000 -2.3447e+000
1081 0 +2.464494187e-001 +2.464494187e-001 +3.566644942e+001 +3.566644942e+001 +3.5763e+000 -2.3180e+000
1841 0 +1.661938171e-001 +1.661938171e-001 +3.558619382e+001 +3.558619382e+001 +3.6675e+000 -2.3259e+000
1962 0 +6.546178169e-002 +6.546178169e-002 +3.548546178e+001 +3.548546178e+001 +3.6814e+000 -2.3702e+000
2034 0 +3.434693207e-002 +3.434693207e-002 +3.545434693e+001 +3.545434693e+001 +3.6967e+000 -2.3409e+000
3144 0 +3.235022271e-002 +3.235022271e-002 +3.545235022e+001 +3.545235022e+001 +3.6708e+000 -2.3448e+000
3741 0 +2.287313908e-002 +2.287313908e-002 +3.544287314e+001 +3.544287314e+001 +3.7026e+000 -2.3463e+000
3749 0 +1.826319981e-002 +1.826319981e-002 +3.543826320e+001 +3.543826320e+001 +3.7027e+000 -2.3397e+000
4102 0 +1.489404205e-002 +1.489404205e-002 +3.543489404e+001 +3.543489404e+001 +3.6913e+000 -2.3461e+000
4403 0 +9.597654775e-003 +9.597654775e-003 +3.542959765e+001 +3.542959765e+001 +3.6855e+000 -2.3470e+000
4565 0 +3.543471159e-003 +3.543471159e-003 +3.542354347e+001 +3.542354347e+001 +3.6893e+000 -2.3476e+000
5122 0 +3.022645693e-003 +3.022645693e-003 +3.542302265e+001 +3.542302265e+001 +3.6841e+000 -2.3483e+000
5581 0 +1.498537457e-003 +1.498537457e-003 +3.542149854e+001 +3.542149854e+001 +3.6867e+000 -2.3478e+000
6671 0 +9.856431143e-004 +9.856431143e-004 +3.542098564e+001 +3.542098564e+001 +3.6866e+000 -2.3482e+000
7584 0 +3.424862044e-004 +3.424862044e-004 +3.542034249e+001 +3.542034249e+001 +3.6866e+000 -2.3479e+000
8252 0 +2.433925344e-004 +2.433925344e-004 +3.542024339e+001 +3.542024339e+001 +3.6863e+000 -2.3481e+000
9256 0 +2.305627880e-004 +2.305627880e-004 +3.542023056e+001 +3.542023056e+001 +3.6862e+000 -2.3480e+000
9932 0 +3.738694311e-005 +3.738694311e-005 +3.542003739e+001 +3.542003739e+001 +3.6864e+000 -2.3480e+000
10671 0 +3.302203379e-005 +3.302203379e-005 +3.542003302e+001 +3.542003302e+001 +3.6864e+000 -2.3480e+000
11705 0 +3.088196561e-005 +3.088196561e-005 +3.542003088e+001 +3.542003088e+001 +3.6864e+000 -2.3480e+000
12492 0 +3.016047450e-005 +3.016047450e-005 +3.542003016e+001 +3.542003016e+001 +3.6864e+000 -2.3480e+000
13213 0 +2.905834658e-005 +2.905834658e-005 +3.542002906e+001 +3.542002906e+001 +3.6864e+000 -2.3480e+000
13672 0 +2.878781984e-005 +2.878781984e-005 +3.542002879e+001 +3.542002879e+001 +3.6864e+000 -2.3480e+000
14410 0 +2.635416305e-005 +2.635416305e-005 +3.542002635e+001 +3.542002635e+001 +3.6864e+000 -2.3480e+000
14445 0 +2.475010075e-005 +2.475010075e-005 +3.542002475e+001 +3.542002475e+001 +3.6864e+000 -2.3480e+000
14558 0 +5.489073999e-006 +5.489073999e-006 +3.542000549e+001 +3.542000549e+001 +3.6864e+000 -2.3480e+000
14722 0 +1.021250114e-006 +1.021250114e-006 +3.542000102e+001 +3.542000102e+001 +3.6864e+000 -2.3480e+000
16366 0 +8.101922120e-007 +8.101922120e-007 +3.542000081e+001 +3.542000081e+001 +3.6864e+000 -2.3480e+000
16641 0 +6.774805072e-007 +6.774805072e-007 +3.542000068e+001 +3.542000068e+001 +3.6864e+000 -2.3480e+000
17696 0 +5.810600356e-007 +5.810600356e-007 +3.542000058e+001 +3.542000058e+001 +3.6864e+000 -2.3480e+000
18611 0 +5.079515901e-007 +5.079515901e-007 +3.542000051e+001 +3.542000051e+001 +3.6864e+000 -2.3480e+000
20113 0 +4.119846295e-007 +4.119846295e-007 +3.542000041e+001 +3.542000041e+001 +3.6864e+000 -2.3480e+000
22004 0 +3.612005344e-007 +3.612005344e-007 +3.542000036e+001 +3.542000036e+001 +3.6864e+000 -2.3480e+000
22140 0 +1.635997862e-007 +1.635997862e-007 +3.542000016e+001 +3.542000016e+001 +3.6864e+000 -2.3480e+000
22702 0 +1.498817639e-007 +1.498817639e-007 +3.542000015e+001 +3.542000015e+001 +3.6864e+000 -2.3480e+000
23086 0 +1.385945865e-007 +1.385945865e-007 +3.542000014e+001 +3.542000014e+001 +3.6864e+000 -2.3480e+000
23101 0 +1.075089600e-007 +1.075089600e-007 +3.542000011e+001 +3.542000011e+001 +3.6864e+000 -2.3480e+000
23237 0 +2.647022512e-008 +2.647022512e-008 +3.542000003e+001 +3.542000003e+001 +3.6864e+000 -2.3480e+000
24159 0 +1.135717298e-008 +1.135717298e-008 +3.542000001e+001 +3.542000001e+001 +3.6864e+000 -2.3480e+000
24196 0 +1.080201883e-008 +1.080201883e-008 +3.542000001e+001 +3.542000001e+001 +3.6864e+000 -2.3480e+000
24899 0 +2.701405322e-009 +2.701405322e-009 +3.542000000e+001 +3.542000000e+001 +3.6864e+000 -2.3480e+000
38762 0 +0.000000000e+000 +0.000000000e+000 +3.542000000e+001 +3.542000000e+001 +3.6864e+000 -2.3480e+000
