% function evaluation | noise-free fitness - Fopt (9.294000000000e+01) | best noise-free fitness - Fopt | measured fitness | best measured fitness | x1 | x2...
1 +2.960730477e+03 +2.960730477e+03 +3.053670477e+03 +3.053670477e+03 +2.8275e+00 +2.3414e+00 -3.7346e+00 -2.1073e-01 -3.4185e+00 -3.3735e+00 -1.0415e+00 +7.4948e-01 +2.7482e+00 +2.1532e+00 +3.8554e+00 -2.1027e+00 -2.1435e+00 +1.4072e+00 -1.3893e+00 +3.3041e+00 +1.4341e+00 -2.9750e+00 +1.1565e+00 +4.6658e+00
22 +2.092335789e+03 +2.092335789e+03 +2.185275789e+03 +2.185275789e+03 +3.5435e+00 -3.7199e+00 -1.1025e+00 -1.7775e+00 +1.4267e+00 +8.3217e-01 +1.3127e+00 +1.6606e+00 +4.4663e+00 -4.7883e+00 -5.0615e-01 -2.0399e+00 -1.5622e+00 +4.1347e+00 -7.4077e-01 -5.0723e-01 +4.8381e-01 +1.4829e-01 -2.4594e+00 -7.9050e-01
127 +1.566165939e+03 +1.566165939e+03 +1.659105939e+03 +1.659105939e+03 -3.6303e+00 +1.5886e+00 -1.9702e+00 -3.8762e+00 +8.6868e-01 +3.9111e+00 +4.7033e+00 -2.1784e+00 -3.7773e+00 +4.1532e+00 +1.3820e+00 -3.2712e+00 +1.6412e+00 -4.4566e-01 +1.2048e+00 -3.8426e-01 +3.8715e+00 +4.6196e+00 +4.5501e-01 -2.3176e+00
169 +6.919478732e+02 +6.919478732e+02 +7.848878732e+02 +7.848878732e+02 +1.8590e-01 +3.1569e+00 -3.7301e+00 -2.8309e+00 +4.1693e+00 +1.8845e+00 -1.7056e+00 +1.1534e+00 +4.7837e+00 +2.0232e+00 +2.7910e+00 -3.0180e+00 -2.8142e+00 +2.1839e+00 +1.2041e+00 -3.3076e+00 +3.4385e+00 -4.8109e+00 +7.3598e-01 -2.6663e-01
1366 +5.686091341e+02 +5.686091341e+02 +6.615491341e+02 +6.615491341e+02 -1.2782e-01 -2.6712e+00 +8.9482e-01 -8.0650e-02 +3.1115e-01 +3.9672e+00 +4.0965e+00 -5.5196e-01 +3.9957e+00 +2.4414e+00 -2.7819e+00 -3.0463e+00 -1.9487e+00 -8.2351e-02 -2.6948e+00 +3.4840e+00 +2.9983e+00 -1.9673e+00 -4.1244e+00 +9.3256e-01
% function evaluation | noise-free fitness - Fopt (3.535000000000e+01) | best noise-free fitness - Fopt | measured fitness | best measured fitness | x1 | x2...
1 +2.061136904e+03 +2.061136904e+03 +2.096486904e+03 +2.096486904e+03 +3.3422e-01 -3.1001e+00 -2.4147e+00 +4.1143e+00 +1.7825e+00 +3.4859e+00 -2.4178e+00 +7.3975e-01 +3.8023e+00 +6.8693e-01 -1.1399e+00 -2.5808e+00 +4.1909e+00 +8.9115e-01 -2.3636e+00 +1.6608e+00 +2.6420e+00 +4.3066e+00 +4.5272e+00 -1.6751e+00
568 +1.068481495e+03 +1.068481495e+03 +1.103831495e+03 +1.103831495e+03 -4.0059e-01 +3.5389e+00 -2.0591e-01 -9.9562e-01 -1.8588e+00 +2.5836e+00 -3.4175e+00 -2.7911e+00 -4.9262e+00 -3.8710e+00 +2.6088e+00 -3.8336e+00 +4.9278e+00 +3.8748e+00 -4.8403e+00 -1.0529e+00 +1.5943e+00 -4.6440e-01 +4.6163e+00 -2.3856e+00
% function evaluation | noise-free fitness - Fopt (3.820000000000e+00) | best noise-free fitness - Fopt | measured fitness | best measured fitness | x1 | x2...
1 +2.072861440e+03 +2.072861440e+03 +2.076681440e+03 +2.076681440e+03 +2.1239e+00 -2.5921e+00 -4.0086e+00 +3.3951e+00 +5.7702e-01 -4.9552e-03 +1.2995e+00 -1.2306e+00 -1.7783e+00 +4.5464e+00 +3.7650e+00 +4.5664e+00 +4.6038e+00 -2.8574e+00 +4.9660e+00 +1.8794e+00 -1.5459e+00 -3.3256e+00 -4.1336e+00 -2.8866e+00
43 +1.415191870e+03 +1.415191870e+03 +1.419011870e+03 +1.419011870e+03 +4.7628e+00 -2.1468e+00 +1.8736e+00 -2.6097e+00 -2.2064e+00 -5.8289e-01 +3.7642e+00 -4.2296e+00 -1.6365e+00 -3.6561e+00 +8.4807e-01 -1.8439e+00 +3.1011e-01 -3.5762e+00 +1.1896e+00 +3.0267e-02 -2.4940e+00 -1.4905e+00 -4.3294e+00 -1.0255e+00
190 +9.610694466e+02 +9.610694466e+02 +9.648894466e+02 +9.648894466e+02 +2.8887e+00 -1.3425e+00 +2.4266e+00 -2.9163e+00 -3.3381e+00 +3.0330e+00 +3.8141e+00 -1.2276e+00 -2.0118e+00 +3.6257e+00 +2.6438e+00 -2.3832e+00 -2.4628e+00 -8.4173e-01 +1.4504e+00 -2.3203e+00 +5.9185e-01 +4.2797e+00 +3.6490e+00 -1.8879e+00
% function evaluation | noise-free fitness - Fopt (2.175000000000e+01) | best noise-free fitness - Fopt | measured fitness | best measured fitness | x1 | x2...
1 +1.853502876e+03 +1.853502876e+03 +1.875252876e+03 +1.875252876e+03 +3.7298e+00 -2.6235e-02 +4.1425e+00 +1.6060e+00 +3.7691e+00 -1.8898e+00 -8.1468e-01 +4.4345e+00 +3.3128e+00 +4.3058e+00 +2.2973e+00 +2.8692e-02 -1.9500e+00 -1.6522e+00 -4.5392e+00 -2.1458e+00 +3.6560e+00 +1.3490e+00 +1.8110e+00 +1.0535e+00
169 +1.538839435e+03 +1.538839435e+03 +1.560589435e+03 +1.560589435e+03 -1.0451e+00 -4.1578e+00 +1.1817e+00 -8.4848e-01 +3.1505e+00 +4.1635e+00 +1.5493e+00 -4.4846e+00 +9.1412e-01 +4.5020e+00 +2.5229e+00 -2.8663e+00 +2.5595e+00 +1.0296e+00 +3.4542e+00 -5.2541e-01 +3.7530e+00 +4.9272e+00 +4.8922e+00 +1.5645e+00
799 +8.685676896e+02 +8.685676896e+02 +8.903176896e+02 +8.903176896e+02 +2.1232e+00 -4.6010e-02 -1.3670e+00 +2.4705e+00 +9.6874e-01 +2.5938e+00 -6.3288e-01 -4.0196e+00 -4.8485e+00 +4.5817e+00 -2.4754e-01 +4.7360e+00 +1.5904e+00 -1.7626e+00 -2.7316e+00 -2.7669e+00 +1.7668e+00 -4.8574e-01 -5.4908e-01 +3.2570e+00
967 +6.299498714e+02 +6.299498714e+02 +6.516998714e+02 +6.516998714e+02 -2.6198e+00 -3.7915e+00 -2.1106e+00 +4.9543e+00 +4.9850e+00 -3.9641e+00 +4.8490e+00 -3.3287e+00 +4.0278e+00 +3.4389e+00 +8.9076e-03 -2.6684e+00 -2.2579e+00 +2.2296e-01 -1.5720e+00 +6.3047e-01 -3.6203e+00 -3.8111e+00 +1.8589e+00 +4.1840e+00
% function evaluation | noise-free fitness - Fopt (6.479000000000e+01) | best noise-free fitness - Fopt | measured fitness | best measured fitness | x1 | x2...
1 +4.917325249e+03 +4.917325249e+03 +4.982115249e+03 +4.982115249e+03 -3.9831e+00 -5.2026e-01 +1.6335e-02 -3.9507e+00 -1.1532e+00 +4.2708e+00 -4.3412e+00 -8.6211e-01 +3.8668e+00 -4.6548e+00 -9.9159e-01 -9.9457e-01 +3.3992e+00 -1.1741e+00 -4.2672e+00 +2.0058e+00 -4.4787e+00 -2.7430e+00 +9.2888e-01 +1.7077e+00
22 +2.742165397e+03 +2.742165397e+03 +2.806955397e+03 +2.806955397e+03 -2.1318e+00 -2.7785e+00 -8.8832e-01 -4.3769e+00 +2.9057e+00 -2.2367e+00 +4.7570e+00 -2.2014e+00 +1.0549e+00 -2.4191e+00 +1.8517e+00 -2.5444e+00 +3.3347e+00 -4.1264e+00 -2.9531e+00 -1.7189e+00 +1.3709e+00 -4.5689e+00 -1.3714e+00 -2.2637e+00
43 +1.272285072e+03 +1.272285072e+03 +1.337075072e+03 +1.337075072e+03 -3.2850e-01 -6.8803e-01 -2.7736e-01 -3.8723e+00 -2.1362e+00 -2.6138e+00 +4.9453e-01 -2.8653e+00 -7.7767e-01 +2.6234e+00 -3.7266e-01 +3.7286e-01 +1.6878e+00 +1.9772e+00 +2.3282e+00 -2.0763e+00 -4.9801e+00 -9.8208e-01 -1.0432e+00 -1.7026e+00
85 +9.053626081e+02 +9.053626081e+02 +9.701526081e+02 +9.701526081e+02 -4.1369e+00 -4.1659e+00 +3.9477e+00 +2.2181e+00 +1.7317e+00 -8.0629e-01 -2.4502e+00 -7.3845e-01 -4.7683e+00 +1.8251e+00 +1.2476e+00 -4.9218e+00 +4.7188e+00 +4.6702e+00 -4.9470e+00 -1.0443e+00 +8.2135e-01 -4.1767e+00 -2.0977e+00 -7.0112e-01
% function evaluation | noise-free fitness - Fopt (9.294000000000e+01) | best noise-free fitness - Fopt | measured fitness | best measured fitness | x1 | x2...
1 +3.233162985e+03 +3.233162985e+03 +3.326102985e+03 +3.326102985e+03 -1.9350e-01 -3.5472e+00 -2.5456e+00 +1.9233e+00 +4.8581e-01 -1.0156e+00 -4.8180e+00 +4.9321e-01 +4.7123e+00 -2.3470e+00 -7.5947e-01 +1.7252e+00 +2.9835e+00 +2.5966e+00 +2.8468e+00 +6.7237e-01 -3.6961e+00 -1.4979e+00 -1.5987e+00 +3.7424e-01
190 +2.106091582e+03 +2.106091582e+03 +2.199031582e+03 +2.199031582e+03 +1.4168e+00 -3.3839e+00 -2.2318e+00 +4.1957e+00 -4.9007e+00 +3.0008e+00 -1.8048e+00 +6.2200e-01 +2.5708e+00 +1.6637e+00 -4.0817e+00 -2.9743e+00 +2.5589e-01 +1.4278e+00 -2.6531e+00 -1.4226e+00 -3.8828e+00 +1.2029e+00 -3.8579e+00 +4.2761e+00
337 +1.275167036e+03 +1.275167036e+03 +1.368107036e+03 +1.368107036e+03 +1.7933e+00 -1.8015e+00 -3.8877e+00 -3.5645e+00 -2.6541e+00 +3.7813e+00 -2.9437e+00 -4.2181e+00 -1.1013e+00 +3.6514e+00 +4.5350e+00 -4.5902e+00 -3.4351e+00 +4.3740e+00 +1.0467e+00 -2.5691e+00 +4.0898e+00 -4.6426e+00 +2.5305e+00 +1.7908e+00
610 +9.776082360e+02 +9.776082360e+02 +1.070548236e+03 +1.070548236e+03 -3.7550e+00 +1.9346e+00 -2.6672e+00 +3.9521e+00 +4.7948e+00 +3.9536e+00 +6.3655e-01 +2.9004e+00 +1.2297e+00 +2.3690e+00 +4.6586e+00 -2.1269e+00 -7.6376e-01 +1.6140e+00 -7.6918e-01 -3.4372e+00 +1.5691e-01 -2.5106e+00 +2.0623e+00 +3.4203e+00
1387 +6.294598375e+02 +6.294598375e+02 +7.223998375e+02 +7.223998375e+02 -4.1653e+00 -1.3650e+00 +2.0915e+00 +4.3359e+00 -3.0698e+00 +2.8067e+00 +4.8952e+00 +3.2966e-01 +4.1548e+00 -2.2304e-01 -3.0886e+00 -4.6935e+00 -4.9439e-01 -1.7318e+00 +6.5294e-01 +1.2345e+00 +3.4354e+00 -3.6955e+00 +2.4962e+00 +1.5967e+00
% function evaluation | noise-free fitness - Fopt (3.535000000000e+01) | best noise-free fitness - Fopt | measured fitness | best measured fitness | x1 | x2...
1 +2.262977412e+03 +2.262977412e+03 +2.298327412e+03 +2.298327412e+03 -2.0609e-01 -5.2573e-01 -4.1739e-01 +2.9658e+00 +1.2468e-01 -3.1442e+00 +4.9366e+00 +3.6692e+00 +2.8333e+00 +4.5047e+00 +4.3842e+00 +3.6162e+00 +3.5519e+00 -1.4966e+00 -3.5297e-01 -2.2466e+00 +4.6769e+00 -3.1655e-02 +1.4217e-01 +3.6582e+00
337 +1.341194973e+03 +1.341194973e+03 +1.376544973e+03 +1.376544973e+03 +9.6936e-01 +2.1125e+00 -1.4042e-02 +1.1025e+00 -2.4502e+00 -2.5635e+00 -2.0264e+00 +4.3710e+00 +1.4922e+00 -2.2519e+00 +3.9533e+00 -2.6454e+00 +1.9131e+00 -4.7492e+00 +2.5842e+00 +4.9755e-02 +4.6509e+00 -7.6247e-01 +4.1995e+00 +4.2244e+00
1576 +9.293694652e+02 +9.293694652e+02 +9.647194652e+02 +9.647194652e+02 +9.2298e-01 +5.0487e-01 -9.2692e-01 +4.5148e+00 +1.0245e+00 +3.7794e+00 -1.4300e-01 +4.6215e+00 +4.3285e-01 -2.8793e+00 +3.6550e+00 -7.1034e-01 -1.7495e+00 +4.1626e+00 -2.5505e+00 +6.1795e-01 +3.6771e+00 -1.5205e+00 +4.5784e+00 +1.5845e+00
% function evaluation | noise-free fitness - Fopt (3.820000000000e+00) | best noise-free fitness - Fopt | measured fitness | best measured fitness | x1 | x2...
1 +2.751923400e+03 +2.751923400e+03 +2.755743400e+03 +2.755743400e+03 -4.9237e-01 +1.5543e-01 -4.9315e+00 +4.2066e-01 -6.1736e-01 +1.5124e+00 +3.5416e+00 +3.9891e+00 +3.4723e+00 +3.7882e+00 +1.0161e+00 -2.0019e+00 +5.3179e-02 -2.4448e+00 +2.2096e+00 +2.9332e+00 +2.5048e+00 -8.6995e-01 -4.7057e+00 -2.4258e+00
22 +2.471222386e+03 +2.471222386e+03 +2.475042386e+03 +2.475042386e+03 +1.6528e+00 -4.0925e+00 +3.0532e+00 +9.6307e-01 +4.4745e+00 +4.5375e-01 -3.1331e+00 +4.2733e+00 +3.8703e+00 -1.8848e+00 -2.0673e+00 -4.4671e+00 -1.6091e-02 -3.1265e+00 -4.3773e+00 -1.9160e+00 +1.6193e+00 -1.5564e+00 +7.2971e-01 +8.4629e-01
106 +1.496556570e+03 +1.496556570e+03 +1.500376570e+03 +1.500376570e+03 +4.8850e+00 -4.5936e+00 +3.9159e+00 -3.2008e-02 +2.7076e+00 +3.9444e+00 -1.1826e+00 +1.4706e+00 -4.1013e+00 -6.1813e-01 +2.9915e+00 +4.1387e+00 -7.9437e-01 +1.3923e+00 -2.8970e-01 +4.9636e+00 +4.8512e+00 +2.1507e-01 -2.7137e+00 -4.7629e+00
547 +7.185679188e+02 +7.185679188e+02 +7.223879188e+02 +7.223879188e+02 -1.6525e+00 -2.2222e+00 +2.0167e+00 -3.9445e+00 +1.3340e+00 -1.5102e+00 +9.4657e-01 -2.1696e+00 -3.7040e+00 +9.7669e-01 -2.8928e+00 +4.3082e+00 -1.0552e-01 -1.7375e+00 +2.2385e+00 +4.6415e-01 -4.5786e+00 +1.7129e+00 +1.5284e+00 -3.5451e+00
