% f evaluations | g evaluations | best noise-free fitness - Fopt | noise-free fitness - Fopt (-4.620900000000e+002) | measured fitness | best measured fitness | x1 | x2...
1 0 +1.436092617e+002 +1.436092617e+002 -3.184807383e+002 -3.184807383e+002 -9.5843e-001 -2.1063e-001 -6.1307e-001
3 0 +6.515225201e+001 +6.515225201e+001 -3.969377480e+002 -3.969377480e+002 -7.0142e-001 +4.9344e-001 +2.0082e+000
6 0 +4.032336125e+001 +4.032336125e+001 -4.217666387e+002 -4.217666387e+002 +6.2288e-001 +8.4531e-002 +1.9895e+000
63 0 +3.582289266e+001 +3.582289266e+001 -4.262671073e+002 -4.262671073e+002 +7.5326e-001 +7.7087e-001 +2.0957e+000
133 0 +3.427141742e+001 +3.427141742e+001 -4.278185826e+002 -4.278185826e+002 -1.3369e+000 +3.6689e+000 +2.2985e+000
145 0 +3.142399977e+001 +3.142399977e+001 -4.306660002e+002 -4.306660002e+002 -2.6078e-001 +1.9575e+000 +1.4837e+000
157 0 +2.816301885e+001 +2.816301885e+001 -4.339269812e+002 -4.339269812e+002 +7.3717e-001 +2.8287e+000 +3.1516e+000
189 0 +2.455475783e+001 +2.455475783e+001 -4.375352422e+002 -4.375352422e+002 -1.1036e+000 +2.3450e+000 +1.9482e+000
236 0 +1.764883410e+001 +1.764883410e+001 -4.444411659e+002 -4.444411659e+002 -2.1436e+000 +1.6127e+000 +1.8537e+000
384 0 +1.137621035e+001 +1.137621035e+001 -4.507137897e+002 -4.507137897e+002 -2.8696e-001 +1.6000e+000 +2.5847e+000
1048 0 +8.309591880e+000 +8.309591880e+000 -4.537804081e+002 -4.537804081e+002 -1.3022e+000 +1.7480e+000 +1.5063e+000
1367 0 +5.506641343e+000 +5.506641343e+000 -4.565833587e+002 -4.565833587e+002 -1.3261e+000 +2.8176e+000 +1.8868e+000
1543 0 +2.833912963e+000 +2.833912963e+000 -4.592560870e+002 -4.592560870e+002 -2.3234e+000 +2.3542e+000 +2.1913e+000
4059 0 +7.182692921e-001 +7.182692921e-001 -4.613717307e+002 -4.613717307e+002 -2.4051e+000 +2.3039e+000 +2.2137e+000
6075 0 +2.302489533e-001 +2.302489533e-001 -4.618597510e+002 -4.618597510e+002 -2.3319e+000 +2.2819e+000 +2.2152e+000
% f evaluations | g evaluations | best noise-free fitness - Fopt | noise-free fitness - Fopt (7.766000000000e+001) | measured fitness | best measured fitness | x1 | x2...
1 0 +7.940427214e+001 +7.940427214e+001 +1.570642721e+002 +1.570642721e+002 -1.2429e+000 +4.2371e-001 -4.0534e-001
2 0 +6.361363420e+001 +6.361363420e+001 +1.412736342e+002 +1.412736342e+002 +9.5934e-001 +6.0333e-001 -1.4451e+000
4 0 +5.739677779e+001 +5.739677779e+001 +1.350567778e+002 +1.350567778e+002 -5.1975e-002 -1.3111e+000 +3.0526e-001
6 0 +5.319822301e+001 +5.319822301e+001 +1.308582230e+002 +1.308582230e+002 -2.7749e-001 -9.1264e-001 +2.8242e-001
11 0 +4.814837911e+001 +4.814837911e+001 +1.258083791e+002 +1.258083791e+002 -9.8239e-001 +1.8173e-001 -1.5295e-001
17 0 +3.144263827e+001 +3.144263827e+001 +1.091026383e+002 +1.091026383e+002 +5.4343e-001 -7.0981e-001 -1.4333e-001
28 0 +1.153170002e+001 +1.153170002e+001 +8.919170002e+001 +8.919170002e+001 +1.4537e+000 +2.4199e-001 -1.2386e+000
207 0 +1.115926919e+001 +1.115926919e+001 +8.881926919e+001 +8.881926919e+001 +2.6560e-001 -7.9097e-001 -1.5613e+000
653 0 +6.423466721e+000 +6.423466721e+000 +8.408346672e+001 +8.408346672e+001 +2.2515e+000 -3.1193e-001 -1.2942e+000
671 0 +6.030805467e+000 +6.030805467e+000 +8.369080547e+001 +8.369080547e+001 +2.4103e+000 -3.5101e-001 -1.6010e+000
939 0 +4.346716683e+000 +4.346716683e+000 +8.200671668e+001 +8.200671668e+001 +2.3728e+000 -1.9400e+000 -1.2600e+000
1330 0 +3.148239321e+000 +3.148239321e+000 +8.080823932e+001 +8.080823932e+001 +2.3319e+000 -1.4166e+000 -9.0068e-001
2143 0 +2.861599885e+000 +2.861599885e+000 +8.052159989e+001 +8.052159989e+001 +2.4806e+000 -1.4660e+000 -1.2524e+000
3005 0 +2.001431148e+000 +2.001431148e+000 +7.966143115e+001 +7.966143115e+001 +2.4590e+000 -8.6734e-001 -1.5727e+000
3014 0 +1.759360492e+000 +1.759360492e+000 +7.941936049e+001 +7.941936049e+001 +2.4086e+000 -8.7352e-001 -1.5963e+000
3485 0 +1.338819249e+000 +1.338819249e+000 +7.899881925e+001 +7.899881925e+001 +2.4241e+000 -8.5204e-001 -9.2839e-001
5737 0 +3.502643863e-001 +3.502643863e-001 +7.801026439e+001 +7.801026439e+001 +2.4149e+000 -8.3477e-001 -1.2668e+000
5837 0 +2.267870483e-001 +2.267870483e-001 +7.788678705e+001 +7.788678705e+001 +2.3842e+000 -8.6398e-001 -1.2814e+000
% f evaluations | g evaluations | best noise-free fitness - Fopt | noise-free fitness - Fopt (1.156800000000e+002) | measured fitness | best measured fitness | x1 | x2...
1 0 +4.815893881e+001 +4.815893881e+001 +1.638389388e+002 +1.638389388e+002 -1.5905e-002 -1.2625e+000 +3.4545e-001
5 0 +4.701299053e+001 +4.701299053e+001 +1.626929905e+002 +1.626929905e+002 +5.7440e-001 -8.0588e-001 -2.8696e-001
7 0 +4.048171880e+001 +4.048171880e+001 +1.561617188e+002 +1.561617188e+002 -1.1326e+000 +5.1427e-001 -9.3945e-001
11 0 +3.229806619e+001 +3.229806619e+001 +1.479780662e+002 +1.479780662e+002 -1.2542e-001 -6.4339e-001 -4.9045e-001
17 0 +3.001536683e+001 +3.001536683e+001 +1.456953668e+002 +1.456953668e+002 +9.9699e-001 -2.3325e-001 +1.0092e+000
29 0 +2.354119472e+001 +2.354119472e+001 +1.392211947e+002 +1.392211947e+002 +7.8714e-001 -5.1330e-001 -4.2243e-001
34 0 +1.754905696e+001 +1.754905696e+001 +1.332290570e+002 +1.332290570e+002 -7.6278e-002 -1.5216e+000 +9.6154e-001
113 0 +8.977436796e+000 +8.977436796e+000 +1.246574368e+002 +1.246574368e+002 -2.0583e+000 +5.0441e-002 +2.6691e-001
155 0 +8.819700559e+000 +8.819700559e+000 +1.244997006e+002 +1.244997006e+002 -1.1626e+000 -1.5337e+000 -4.7857e-001
243 0 +8.326017193e+000 +8.326017193e+000 +1.240060172e+002 +1.240060172e+002 -1.7102e-001 -9.6660e-001 -4.5400e-001
545 0 +8.212247535e+000 +8.212247535e+000 +1.238922475e+002 +1.238922475e+002 -2.2378e-001 -1.6310e+000 +2.7157e-001
571 0 +8.105961922e+000 +8.105961922e+000 +1.237859619e+002 +1.237859619e+002 -2.2924e+000 -1.6102e+000 -4.5708e-001
612 0 +6.230057583e+000 +6.230057583e+000 +1.219100576e+002 +1.219100576e+002 -1.1987e+000 -9.3946e-001 +2.9310e-001
657 0 +5.167819067e+000 +5.167819067e+000 +1.208478191e+002 +1.208478191e+002 -1.1881e+000 -9.6728e-001 +6.6751e-001
1351 0 +4.663385207e+000 +4.663385207e+000 +1.203433852e+002 +1.203433852e+002 -3.1565e+000 -9.1368e-001 -5.2481e-002
1910 0 +1.464976376e+000 +1.464976376e+000 +1.171449764e+002 +1.171449764e+002 -2.2023e+000 -9.9611e-001 -5.5182e-002
4863 0 +5.517558753e-001 +5.517558753e-001 +1.162317559e+002 +1.162317559e+002 -2.2235e+000 -9.8493e-001 +2.3707e-001
5076 0 +2.628154756e-001 +2.628154756e-001 +1.159428155e+002 +1.159428155e+002 -2.1928e+000 -9.7748e-001 +2.3422e-001
5374 0 +1.992513365e-001 +1.992513365e-001 +1.158792513e+002 +1.158792513e+002 -2.1858e+000 -9.6592e-001 +2.4898e-001
5726 0 +9.753567716e-002 +9.753567716e-002 +1.157775357e+002 +1.157775357e+002 -2.1574e+000 -9.8548e-001 +2.4276e-001
6570 0 +3.850534941e-002 +3.850534941e-002 +1.157185053e+002 +1.157185053e+002 -2.1849e+000 -9.9069e-001 +2.4443e-001
7197 0 +2.624512264e-002 +2.624512264e-002 +1.157062451e+002 +1.157062451e+002 -2.1726e+000 -9.8405e-001 +2.4171e-001
7509 0 +5.131748562e-003 +5.131748562e-003 +1.156851317e+002 +1.156851317e+002 -2.1745e+000 -9.8195e-001 +2.4552e-001
8366 0 +4.433783070e-003 +4.433783070e-003 +1.156844338e+002 +1.156844338e+002 -2.1806e+000 -9.8141e-001 +2.4385e-001
8602 0 +8.897375905e-004 +8.897375905e-004 +1.156808897e+002 +1.156808897e+002 -2.1790e+000 -9.8353e-001 +2.4544e-001
8720 0 +9.050948553e-005 +9.050948553e-005 +1.156800905e+002 +1.156800905e+002 -2.1781e+000 -9.8293e-001 +2.4493e-001
10418 0 +8.586312684e-005 +8.586312684e-005 +1.156800859e+002 +1.156800859e+002 -2.1781e+000 -9.8297e-001 +2.4494e-001
11083 0 +5.787752002e-005 +5.787752002e-005 +1.156800579e+002 +1.156800579e+002 -2.1786e+000 -9.8301e-001 +2.4490e-001
11154 0 +3.065486450e-005 +3.065486450e-005 +1.156800307e+002 +1.156800307e+002 -2.1784e+000 -9.8334e-001 +2.4489e-001
11247 0 +3.215553249e-006 +3.215553249e-006 +1.156800032e+002 +1.156800032e+002 -2.1783e+000 -9.8322e-001 +2.4479e-001
11558 0 +2.193926591e-006 +2.193926591e-006 +1.156800022e+002 +1.156800022e+002 -2.1784e+000 -9.8315e-001 +2.4481e-001
11907 0 +2.161151158e-006 +2.161151158e-006 +1.156800022e+002 +1.156800022e+002 -2.1784e+000 -9.8314e-001 +2.4479e-001
12950 0 +1.386845369e-006 +1.386845369e-006 +1.156800014e+002 +1.156800014e+002 -2.1784e+000 -9.8322e-001 +2.4478e-001
13090 0 +2.823256438e-007 +2.823256438e-007 +1.156800003e+002 +1.156800003e+002 -2.1784e+000 -9.8321e-001 +2.4479e-001
13982 0 +2.388996592e-007 +2.388996592e-007 +1.156800002e+002 +1.156800002e+002 -2.1784e+000 -9.8320e-001 +2.4481e-001
13983 0 +1.680380706e-007 +1.680380706e-007 +1.156800002e+002 +1.156800002e+002 -2.1784e+000 -9.8320e-001 +2.4480e-001
14036 0 +1.048618827e-007 +1.048618827e-007 +1.156800001e+002 +1.156800001e+002 -2.1784e+000 -9.8321e-001 +2.4480e-001
14375 0 +2.644617325e-008 +2.644617325e-008 +1.156800000e+002 +1.156800000e+002 -2.1784e+000 -9.8320e-001 +2.4480e-001
15270 0 +1.391266835e-008 +1.391266835e-008 +1.156800000e+002 +1.156800000e+002 -2.1784e+000 -9.8319e-001 +2.4480e-001
15279 0 +1.166134211e-008 +1.166134211e-008 +1.156800000e+002 +1.156800000e+002 -2.1784e+000 -9.8320e-001 +2.4480e-001
15499 0 +7.059753671e-009 +7.059753671e-009 +1.156800000e+002 +1.156800000e+002 -2.1784e+000 -9.8320e-001 +2.4480e-001
23017 0 +0.000000000e+000 +0.000000000e+000 +1.156800000e+002 +1.156800000e+002 -2.1784e+000 -9.8320e-001 +2.4480e-001
% f evaluations | g evaluations | best noise-free fitness - Fopt | noise-free fitness - Fopt (-3.710000000000e+000) | measured fitness | best measured fitness | x1 | x2...
1 0 +7.397279656e+001 +7.397279656e+001 +7.026279656e+001 +7.026279656e+001 +8.1490e-002 -4.5704e-001 +4.5856e-001
3 0 +7.237903325e+001 +7.237903325e+001 +6.866903325e+001 +6.866903325e+001 +4.9741e-001 -5.6369e-001 +7.3229e-003
4 0 +2.204483658e+001 +2.204483658e+001 +1.833483658e+001 +1.833483658e+001 +1.1937e+000 -2.2462e+000 +5.8992e-001
148 0 +2.004739706e+001 +2.004739706e+001 +1.633739706e+001 +1.633739706e+001 +2.3070e+000 -1.7613e+000 +1.1596e+000
414 0 +1.630792197e+001 +1.630792197e+001 +1.259792197e+001 +1.259792197e+001 +3.3142e+000 -1.6936e+000 +1.1298e+000
423 0 +1.458877341e+001 +1.458877341e+001 +1.087877341e+001 +1.087877341e+001 +1.0955e+000 -5.7574e-001 +1.4818e+000
820 0 +1.408725073e+001 +1.408725073e+001 +1.037725073e+001 +1.037725073e+001 +4.2035e+000 -1.2016e+000 +1.4685e+000
1021 0 +7.663048335e+000 +7.663048335e+000 +3.953048335e+000 +3.953048335e+000 +2.1045e+000 -2.3464e+000 +2.0809e+000
1207 0 +5.951400111e+000 +5.951400111e+000 +2.241400111e+000 +2.241400111e+000 +4.1033e+000 -1.6994e+000 +1.4822e+000
1591 0 +5.772627476e+000 +5.772627476e+000 +2.062627476e+000 +2.062627476e+000 +2.0384e+000 -2.3235e+000 +1.4605e+000
2827 0 +4.047684061e+000 +4.047684061e+000 +3.376840609e-001 +3.376840609e-001 +3.1074e+000 -2.3723e+000 +2.1581e+000
2992 0 +1.710205781e+000 +1.710205781e+000 -1.999794219e+000 -1.999794219e+000 +3.1340e+000 -1.7659e+000 +1.7762e+000
5096 0 +1.129877730e+000 +1.129877730e+000 -2.580122270e+000 -2.580122270e+000 +3.1827e+000 -2.3208e+000 +1.7837e+000
5630 0 +8.015706640e-001 +8.015706640e-001 -2.908429336e+000 -2.908429336e+000 +3.1511e+000 -2.2643e+000 +1.7915e+000
6542 0 +5.905811676e-001 +5.905811676e-001 -3.119418832e+000 -3.119418832e+000 +3.1683e+000 -2.3031e+000 +1.7811e+000
6658 0 +5.493690819e-001 +5.493690819e-001 -3.160630918e+000 -3.160630918e+000 +3.0856e+000 -2.2736e+000 +1.7866e+000
7115 0 +2.843908782e-001 +2.843908782e-001 -3.425609122e+000 -3.425609122e+000 +3.1112e+000 -2.2739e+000 +1.7804e+000
8133 0 +2.095422622e-001 +2.095422622e-001 -3.500457738e+000 -3.500457738e+000 +3.1158e+000 -2.3028e+000 +1.7733e+000
8359 0 +1.418007575e-001 +1.418007575e-001 -3.568199242e+000 -3.568199242e+000 +3.1210e+000 -2.3029e+000 +1.7751e+000
8434 0 +9.632498069e-002 +9.632498069e-002 -3.613675019e+000 -3.613675019e+000 +3.1306e+000 -2.3051e+000 +1.7866e+000
8447 0 +5.700676559e-002 +5.700676559e-002 -3.652993234e+000 -3.652993234e+000 +3.1223e+000 -2.2866e+000 +1.7857e+000
8537 0 +2.295483124e-002 +2.295483124e-002 -3.687045169e+000 -3.687045169e+000 +3.1147e+000 -2.2907e+000 +1.7845e+000
9651 0 +2.057253234e-002 +2.057253234e-002 -3.689427468e+000 -3.689427468e+000 +3.1235e+000 -2.2960e+000 +1.7802e+000
9874 0 +1.483399616e-002 +1.483399616e-002 -3.695166004e+000 -3.695166004e+000 +3.1147e+000 -2.2940e+000 +1.7811e+000
10061 0 +3.540445060e-003 +3.540445060e-003 -3.706459555e+000 -3.706459555e+000 +3.1195e+000 -2.2930e+000 +1.7832e+000
10220 0 +1.607080140e-003 +1.607080140e-003 -3.708392920e+000 -3.708392920e+000 +3.1186e+000 -2.2963e+000 +1.7837e+000
11040 0 +7.727477704e-004 +7.727477704e-004 -3.709227252e+000 -3.709227252e+000 +3.1194e+000 -2.2963e+000 +1.7834e+000
11239 0 +1.922364754e-004 +1.922364754e-004 -3.709807764e+000 -3.709807764e+000 +3.1203e+000 -2.2948e+000 +1.7830e+000
12113 0 +7.895895274e-005 +7.895895274e-005 -3.709921041e+000 -3.709921041e+000 +3.1204e+000 -2.2949e+000 +1.7831e+000
12790 0 +4.343655313e-005 +4.343655313e-005 -3.709956563e+000 -3.709956563e+000 +3.1197e+000 -2.2952e+000 +1.7833e+000
13064 0 +4.535519316e-006 +4.535519316e-006 -3.709995464e+000 -3.709995464e+000 +3.1199e+000 -2.2953e+000 +1.7832e+000
15383 0 +2.680467125e-006 +2.680467125e-006 -3.709997320e+000 -3.709997320e+000 +3.1201e+000 -2.2952e+000 +1.7832e+000
15461 0 +6.902489775e-007 +6.902489775e-007 -3.709999310e+000 -3.709999310e+000 +3.1200e+000 -2.2952e+000 +1.7832e+000
15649 0 +3.377315125e-007 +3.377315125e-007 -3.709999662e+000 -3.709999662e+000 +3.1200e+000 -2.2952e+000 +1.7832e+000
16259 0 +5.557329308e-008 +5.557329308e-008 -3.709999944e+000 -3.709999944e+000 +3.1200e+000 -2.2952e+000 +1.7832e+000
17103 0 +1.363210345e-008 +1.363210345e-008 -3.709999986e+000 -3.709999986e+000 +3.1200e+000 -2.2952e+000 +1.7832e+000
17994 0 +1.809614680e-009 +1.809614680e-009 -3.709999998e+000 -3.709999998e+000 +3.1200e+000 -2.2952e+000 +1.7832e+000
26472 0 +0.000000000e+000 +0.000000000e+000 -3.710000000e+000 -3.710000000e+000 +3.1200e+000 -2.2952e+000 +1.7832e+000
% f evaluations | g evaluations | best noise-free fitness - Fopt | noise-free fitness - Fopt (1.321800000000e+002) | measured fitness | best measured fitness | x1 | x2...
1 0 +1.445152411e+002 +1.445152411e+002 +2.766952411e+002 +2.766952411e+002 -6.8290e-001 -1.6885e-001 +7.9085e-003
8 0 +8.043265119e+001 +8.043265119e+001 +2.126126512e+002 +2.126126512e+002 -8.9311e-001 +5.0441e-001 +1.4926e+000
34 0 +7.914337790e+001 +7.914337790e+001 +2.113233779e+002 +2.113233779e+002 +1.2204e+000 +6.6362e-001 +1.6389e+000
82 0 +7.234762917e+001 +7.234762917e+001 +2.045276292e+002 +2.045276292e+002 -2.0005e+000 -1.2453e+000 +2.2582e+000
101 0 +5.957885344e+001 +5.957885344e+001 +1.917588534e+002 +1.917588534e+002 -9.0903e-002 +2.4957e+000 +3.0262e+000
116 0 +5.405508650e+001 +5.405508650e+001 +1.862350865e+002 +1.862350865e+002 -1.1778e+000 +6.5768e-002 +2.9003e+000
117 0 +3.029649774e+001 +3.029649774e+001 +1.624764977e+002 +1.624764977e+002 -1.7351e+000 +1.2604e+000 +3.5427e+000
121 0 +1.447088788e+001 +1.447088788e+001 +1.466508879e+002 +1.466508879e+002 -2.6977e+000 +9.0999e-001 +2.5085e+000
1069 0 +1.412231362e+001 +1.412231362e+001 +1.463023136e+002 +1.463023136e+002 -5.6921e+000 +2.5504e+000 +4.0528e+000
1072 0 +4.530477439e+000 +4.530477439e+000 +1.367104774e+002 +1.367104774e+002 -2.8152e+000 +2.0483e+000 +3.4443e+000
3688 0 +3.340562729e+000 +3.340562729e+000 +1.355205627e+002 +1.355205627e+002 -3.8353e+000 +1.4611e+000 +3.1740e+000
3937 0 +2.509514934e+000 +2.509514934e+000 +1.346895149e+002 +1.346895149e+002 -3.8354e+000 +8.4351e-001 +3.4545e+000
4565 0 +1.689220041e+000 +1.689220041e+000 +1.338692200e+002 +1.338692200e+002 -3.8169e+000 +1.4846e+000 +3.4374e+000
5509 0 +1.650149364e+000 +1.650149364e+000 +1.338301494e+002 +1.338301494e+002 -3.7501e+000 +8.5064e-001 +3.4729e+000
7392 0 +1.374341205e+000 +1.374341205e+000 +1.335543412e+002 +1.335543412e+002 -3.7205e+000 +1.4902e+000 +3.4394e+000
% f evaluations | g evaluations | best noise-free fitness - Fopt | noise-free fitness - Fopt (-3.930000000000e+001) | measured fitness | best measured fitness | x1 | x2...
1 0 +1.450865033e+002 +1.450865033e+002 +1.057865033e+002 +1.057865033e+002 +8.6943e-001 -1.2338e+000 -1.1480e+000
4 0 +7.817160752e+001 +7.817160752e+001 +3.887160752e+001 +3.887160752e+001 +1.2915e+000 -6.7504e-001 +1.4442e-002
11 0 +7.247628349e+001 +7.247628349e+001 +3.317628349e+001 +3.317628349e+001 +1.5480e+000 -1.4241e-002 +1.2211e+000
12 0 +5.171760444e+001 +5.171760444e+001 +1.241760444e+001 +1.241760444e+001 -8.9506e-001 -8.4459e-001 +1.3986e+000
15 0 +4.179275875e+001 +4.179275875e+001 +2.492758749e+000 +2.492758749e+000 +4.0354e-001 -1.5161e+000 +1.3976e+000
37 0 +3.950100300e+001 +3.950100300e+001 +2.010030002e-001 +2.010030002e-001 -2.3670e+000 -9.0834e-002 +1.3184e+000
46 0 +3.656732830e+001 +3.656732830e+001 -2.732671704e+000 -2.732671704e+000 +1.3406e+000 -5.9758e-001 +1.3951e+000
98 0 +3.586550711e+001 +3.586550711e+001 -3.434492886e+000 -3.434492886e+000 -5.7355e-001 -6.0465e-001 +8.8286e-001
114 0 +2.800274523e+001 +2.800274523e+001 -1.129725477e+001 -1.129725477e+001 -4.9585e-001 -1.8535e+000 +1.8688e+000
152 0 +1.751376527e+001 +1.751376527e+001 -2.178623473e+001 -2.178623473e+001 -2.7200e+000 -1.3276e+000 +1.9746e+000
239 0 +1.466845227e+001 +1.466845227e+001 -2.463154773e+001 -2.463154773e+001 -5.1050e-001 -1.1894e+000 +2.2463e+000
497 0 +1.179744409e+001 +1.179744409e+001 -2.750255591e+001 -2.750255591e+001 -3.5736e+000 -1.9237e+000 +1.6104e+000
970 0 +8.758557916e+000 +8.758557916e+000 -3.054144208e+001 -3.054144208e+001 -1.5340e+000 -2.0463e-001 +2.7082e+000
1131 0 +6.022300610e+000 +6.022300610e+000 -3.327769939e+001 -3.327769939e+001 -2.5131e+000 -1.7871e+000 +1.6242e+000
1424 0 +3.974474132e+000 +3.974474132e+000 -3.532552587e+001 -3.532552587e+001 -3.5005e+000 -1.7587e+000 +2.3470e+000
1500 0 +2.604183711e+000 +2.604183711e+000 -3.669581629e+001 -3.669581629e+001 -2.6245e+000 -1.8012e+000 +2.3256e+000
3537 0 +9.603384711e-001 +9.603384711e-001 -3.833966153e+001 -3.833966153e+001 -2.5121e+000 -1.1953e+000 +2.3177e+000
3576 0 +5.413935923e-001 +5.413935923e-001 -3.875860641e+001 -3.875860641e+001 -2.4994e+000 -1.2215e+000 +2.3179e+000
% f evaluations | g evaluations | best noise-free fitness - Fopt | noise-free fitness - Fopt (4.296000000000e+001) | measured fitness | best measured fitness | x1 | x2...
1 0 +8.298546986e+001 +8.298546986e+001 +1.259454699e+002 +1.259454699e+002 -9.4413e-002 -1.1119e+000 -9.5712e-001
4 0 +6.638557954e+001 +6.638557954e+001 +1.093455795e+002 +1.093455795e+002 +8.9602e-001 +1.9436e+000 -1.7120e+000
17 0 +5.962034093e+001 +5.962034093e+001 +1.025803409e+002 +1.025803409e+002 +8.3467e-001 +1.3208e+000 -1.7175e+000
22 0 +4.582676979e+001 +4.582676979e+001 +8.878676979e+001 +8.878676979e+001 +3.6925e-001 -1.6939e-001 -2.1742e+000
53 0 +4.526160464e+001 +4.526160464e+001 +8.822160464e+001 +8.822160464e+001 +1.1785e+000 -4.8280e-001 -2.5093e+000
104 0 +2.845906555e+001 +2.845906555e+001 +7.141906555e+001 +7.141906555e+001 -5.4153e-001 +1.1328e+000 -1.7543e+000
183 0 +2.606216252e+001 +2.606216252e+001 +6.902216252e+001 +6.902216252e+001 -5.3015e-001 +1.2937e+000 -2.6624e+000
247 0 +1.590809738e+001 +1.590809738e+001 +5.886809738e+001 +5.886809738e+001 +1.5653e+000 +6.8746e-001 -1.9876e+000
487 0 +1.427036615e+001 +1.427036615e+001 +5.723036615e+001 +5.723036615e+001 +1.5875e+000 +1.1509e+000 -2.6727e+000
679 0 +1.350519679e+001 +1.350519679e+001 +5.646519679e+001 +5.646519679e+001 +1.6201e+000 +1.6486e+000 -2.0347e+000
748 0 +9.144265609e+000 +9.144265609e+000 +5.210426561e+001 +5.210426561e+001 +1.6245e+000 +1.0882e+000 -3.4354e+000
1061 0 +8.550584316e+000 +8.550584316e+000 +5.151058432e+001 +5.151058432e+001 +5.4715e-001 +1.0579e+000 -2.7227e+000
1173 0 +2.501103987e+000 +2.501103987e+000 +4.546110399e+001 +4.546110399e+001 +5.7377e-001 +1.7236e+000 -2.7799e+000
2037 0 +2.393827376e+000 +2.393827376e+000 +4.535382738e+001 +4.535382738e+001 +1.4719e+000 +1.7452e+000 -2.7315e+000
3034 0 +1.843015556e+000 +1.843015556e+000 +4.480301556e+001 +4.480301556e+001 +1.5735e+000 +1.1457e+000 -2.7619e+000
3851 0 +1.647184262e+000 +1.647184262e+000 +4.460718426e+001 +4.460718426e+001 +1.4698e+000 +1.1593e+000 -2.7615e+000
4078 0 +1.152552963e+000 +1.152552963e+000 +4.411255296e+001 +4.411255296e+001 +1.4920e+000 +1.1564e+000 -2.7712e+000
% f evaluations | g evaluations | best noise-free fitness - Fopt | noise-free fitness - Fopt (2.842200000000e+002) | measured fitness | best measured fitness | x1 | x2...
1 0 +7.580473027e+001 +7.580473027e+001 +3.600247303e+002 +3.600247303e+002 +9.9715e-002 -9.4034e-002 +6.3716e-001
2 0 +3.329526013e+001 +3.329526013e+001 +3.175152601e+002 +3.175152601e+002 -5.2071e-002 -2.9916e-001 +4.4156e-001
5 0 +1.461612084e+001 +1.461612084e+001 +2.988361208e+002 +2.988361208e+002 -1.7880e+000 -2.3201e-001 -1.0448e+000
20 0 +1.192474234e+001 +1.192474234e+001 +2.961447423e+002 +2.961447423e+002 -1.1840e+000 -2.1765e-001 -1.1235e+000
512 0 +9.489833091e+000 +9.489833091e+000 +2.937098331e+002 +2.937098331e+002 -1.1373e+000 +8.2717e-001 -6.3441e-001
569 0 +5.697271203e+000 +5.697271203e+000 +2.899172712e+002 +2.899172712e+002 -2.1059e+000 -1.3913e-001 -6.4058e-001
1312 0 +4.271971270e+000 +4.271971270e+000 +2.884919713e+002 +2.884919713e+002 -1.1246e+000 -8.6267e-001 -1.3530e+000
1941 0 +1.063172156e+000 +1.063172156e+000 +2.852831722e+002 +2.852831722e+002 -2.1168e+000 -2.1449e-001 -1.3620e+000
% f evaluations | g evaluations | best noise-free fitness - Fopt | noise-free fitness - Fopt (-3.217000000000e+001) | measured fitness | best measured fitness | x1 | x2...
1 0 +9.988758726e+001 +9.988758726e+001 +6.771758726e+001 +6.771758726e+001 +4.0860e-001 -2.4138e+000 -1.4255e-002
2 0 +6.384958971e+001 +6.384958971e+001 +3.167958971e+001 +3.167958971e+001 -1.2949e+000 +5.7884e-001 +5.9361e-002
3 0 +2.306129879e+001 +2.306129879e+001 -9.108701208e+000 -9.108701208e+000 +4.4478e-001 -3.6590e-001 +8.8703e-001
23 0 +2.105714855e+001 +2.105714855e+001 -1.111285145e+001 -1.111285145e+001 -2.9108e-001 +2.3369e+000 +4.0690e-001
143 0 +1.094546881e+001 +1.094546881e+001 -2.122453119e+001 -2.122453119e+001 +1.5735e+000 +1.3813e+000 +4.2387e-001
177 0 +8.780308496e+000 +8.780308496e+000 -2.338969150e+001 -2.338969150e+001 +4.8272e-001 +1.7768e+000 -2.4344e-001
628 0 +6.851797762e+000 +6.851797762e+000 -2.531820224e+001 -2.531820224e+001 +1.4077e+000 +1.3662e+000 +1.7449e-001
634 0 +6.648308190e+000 +6.648308190e+000 -2.552169181e+001 -2.552169181e+001 +4.4332e-001 +1.2252e+000 +1.1441e-001
1154 0 +5.413480200e+000 +5.413480200e+000 -2.675651980e+001 -2.675651980e+001 +1.5590e+000 +1.3355e+000 +4.7132e-001
1243 0 +3.014818043e+000 +3.014818043e+000 -2.915518196e+001 -2.915518196e+001 +1.4232e+000 +1.3016e+000 +8.4798e-001
3675 0 +2.947875498e+000 +2.947875498e+000 -2.922212450e+001 -2.922212450e+001 +1.4135e+000 +1.2942e+000 +4.9035e-001
3798 0 +2.348453358e+000 +2.348453358e+000 -2.982154664e+001 -2.982154664e+001 +1.3741e+000 +1.8828e+000 +8.2890e-001
4036 0 +2.333215924e+000 +2.333215924e+000 -2.983678408e+001 -2.983678408e+001 +4.5656e-001 +1.8602e+000 +4.8874e-001
4549 0 +3.537232320e-001 +3.537232320e-001 -3.181627677e+001 -3.181627677e+001 +1.4779e+000 +1.8700e+000 +4.6521e-001
7741 0 +2.029352971e-001 +2.029352971e-001 -3.196706470e+001 -3.196706470e+001 +1.4315e+000 +1.8546e+000 +4.5127e-001
7916 0 +2.982940993e-002 +2.982940993e-002 -3.214017059e+001 -3.214017059e+001 +1.4383e+000 +1.8513e+000 +4.5821e-001
8280 0 +9.875831848e-003 +9.875831848e-003 -3.216012417e+001 -3.216012417e+001 +1.4421e+000 +1.8537e+000 +4.6254e-001
8722 0 +5.012204333e-003 +5.012204333e-003 -3.216498780e+001 -3.216498780e+001 +1.4490e+000 +1.8554e+000 +4.6217e-001
9153 0 +4.394680355e-003 +4.394680355e-003 -3.216560532e+001 -3.216560532e+001 +1.4443e+000 +1.8533e+000 +4.6202e-001
9424 0 +3.160733720e-003 +3.160733720e-003 -3.216683927e+001 -3.216683927e+001 +1.4435e+000 +1.8558e+000 +4.6129e-001
9684 0 +2.755500258e-003 +2.755500258e-003 -3.216724450e+001 -3.216724450e+001 +1.4478e+000 +1.8555e+000 +4.6172e-001
9765 0 +1.931757748e-003 +1.931757748e-003 -3.216806824e+001 -3.216806824e+001 +1.4452e+000 +1.8554e+000 +4.6154e-001
9938 0 +1.120908649e-003 +1.120908649e-003 -3.216887909e+001 -3.216887909e+001 +1.4463e+000 +1.8535e+000 +4.6025e-001
10183 0 +5.226409976e-004 +5.226409976e-004 -3.216947736e+001 -3.216947736e+001 +1.4468e+000 +1.8546e+000 +4.6130e-001
10757 0 +4.688459880e-004 +4.688459880e-004 -3.216953115e+001 -3.216953115e+001 +1.4453e+000 +1.8549e+000 +4.6105e-001
10783 0 +3.452650736e-004 +3.452650736e-004 -3.216965473e+001 -3.216965473e+001 +1.4471e+000 +1.8538e+000 +4.6094e-001
10990 0 +1.648154066e-004 +1.648154066e-004 -3.216983518e+001 -3.216983518e+001 +1.4461e+000 +1.8544e+000 +4.6108e-001
11150 0 +4.521551847e-005 +4.521551847e-005 -3.216995478e+001 -3.216995478e+001 +1.4466e+000 +1.8546e+000 +4.6073e-001
11217 0 +2.887644651e-005 +2.887644651e-005 -3.216997112e+001 -3.216997112e+001 +1.4463e+000 +1.8546e+000 +4.6073e-001
11612 0 +1.202989257e-005 +1.202989257e-005 -3.216998797e+001 -3.216998797e+001 +1.4462e+000 +1.8543e+000 +4.6083e-001
12364 0 +4.839619656e-006 +4.839619656e-006 -3.216999516e+001 -3.216999516e+001 +1.4463e+000 +1.8544e+000 +4.6076e-001
12501 0 +3.475799126e-006 +3.475799126e-006 -3.216999652e+001 -3.216999652e+001 +1.4465e+000 +1.8544e+000 +4.6082e-001
12694 0 +3.190063467e-006 +3.190063467e-006 -3.216999681e+001 -3.216999681e+001 +1.4463e+000 +1.8543e+000 +4.6078e-001
12704 0 +1.217613615e-006 +1.217613615e-006 -3.216999878e+001 -3.216999878e+001 +1.4465e+000 +1.8544e+000 +4.6080e-001
13060 0 +1.154562398e-006 +1.154562398e-006 -3.216999885e+001 -3.216999885e+001 +1.4463e+000 +1.8544e+000 +4.6081e-001
13569 0 +9.636631120e-007 +9.636631120e-007 -3.216999904e+001 -3.216999904e+001 +1.4464e+000 +1.8544e+000 +4.6081e-001
13630 0 +5.311152620e-007 +5.311152620e-007 -3.216999947e+001 -3.216999947e+001 +1.4464e+000 +1.8544e+000 +4.6080e-001
13777 0 +4.681550152e-007 +4.681550152e-007 -3.216999953e+001 -3.216999953e+001 +1.4464e+000 +1.8544e+000 +4.6080e-001
14122 0 +4.366488184e-007 +4.366488184e-007 -3.216999956e+001 -3.216999956e+001 +1.4464e+000 +1.8544e+000 +4.6079e-001
14337 0 +3.624803071e-007 +3.624803071e-007 -3.216999964e+001 -3.216999964e+001 +1.4464e+000 +1.8544e+000 +4.6080e-001
14393 0 +2.304454085e-007 +2.304454085e-007 -3.216999977e+001 -3.216999977e+001 +1.4464e+000 +1.8544e+000 +4.6081e-001
14399 0 +1.787337354e-007 +1.787337354e-007 -3.216999982e+001 -3.216999982e+001 +1.4464e+000 +1.8544e+000 +4.6080e-001
14778 0 +1.266145944e-008 +1.266145944e-008 -3.216999999e+001 -3.216999999e+001 +1.4464e+000 +1.8544e+000 +4.6080e-001
15873 0 +1.250263892e-009 +1.250263892e-009 -3.217000000e+001 -3.217000000e+001 +1.4464e+000 +1.8544e+000 +4.6080e-001
23761 0 +0.000000000e+000 +0.000000000e+000 -3.217000000e+001 -3.217000000e+001 +1.4464e+000 +1.8544e+000 +4.6080e-001
% f evaluations | g evaluations | best noise-free fitness - Fopt | noise-free fitness - Fopt (-5.858000000000e+001) | measured fitness | best measured fitness | x1 | x2...
1 0 +8.477262029e+001 +8.477262029e+001 +2.619262029e+001 +2.619262029e+001 +2.1649e-001 +7.8515e-001 +1.2066e+000
3 0 +4.676443139e+001 +4.676443139e+001 -1.181556861e+001 -1.181556861e+001 -2.8473e-001 -9.9205e-001 +7.3409e-001
4 0 +3.893176336e+001 +3.893176336e+001 -1.964823664e+001 -1.964823664e+001 +1.8991e+000 -1.5409e+000 +9.3175e-001
28 0 +2.555400430e+001 +2.555400430e+001 -3.302599570e+001 -3.302599570e+001 -2.8828e-001 -1.4279e+000 +3.1830e-001
128 0 +1.693124060e+001 +1.693124060e+001 -4.164875940e+001 -4.164875940e+001 +2.7227e+000 -7.6146e-001 +2.7707e-001
632 0 +1.485265601e+001 +1.485265601e+001 -4.372734399e+001 -4.372734399e+001 +1.5843e+000 -1.9038e+000 +1.9553e+000
739 0 +1.184648624e+001 +1.184648624e+001 -4.673351376e+001 -4.673351376e+001 +2.6250e+000 -3.0753e+000 -6.9205e-003
1518 0 +2.407066313e+000 +2.407066313e+000 -5.617293369e+001 -5.617293369e+001 +2.6808e+000 -2.5308e+000 +9.8812e-001
3297 0 +1.956380910e+000 +1.956380910e+000 -5.662361909e+001 -5.662361909e+001 +2.5483e+000 -3.1061e+000 +9.5624e-001
3830 0 +1.600943381e+000 +1.600943381e+000 -5.697905662e+001 -5.697905662e+001 +2.5737e+000 -2.5246e+000 +1.3102e+000
% f evaluations | g evaluations | best noise-free fitness - Fopt | noise-free fitness - Fopt (-6.049200000000e+002) | measured fitness | best measured fitness | x1 | x2...
1 0 +3.403715184e+001 +3.403715184e+001 -5.708828482e+002 -5.708828482e+002 -6.9394e-001 +7.8103e-001 +1.7306e+000
27 0 +3.145826644e+001 +3.145826644e+001 -5.734617336e+002 -5.734617336e+002 -1.3167e-002 +7.8817e-002 +1.0464e+000
39 0 +2.167717057e+001 +2.167717057e+001 -5.832428294e+002 -5.832428294e+002 -1.0772e+000 +9.8805e-001 +1.7303e+000
53 0 +1.916628327e+001 +1.916628327e+001 -5.857537167e+002 -5.857537167e+002 -1.0565e+000 +1.5987e-002 +1.0813e+000
104 0 +1.631987137e+001 +1.631987137e+001 -5.886001286e+002 -5.886001286e+002 +1.1118e-001 +4.3452e-002 +2.6919e+000
228 0 +1.250108617e+001 +1.250108617e+001 -5.924189138e+002 -5.924189138e+002 -3.1403e+000 -4.6209e-001 +1.3808e+000
419 0 +1.121837454e+001 +1.121837454e+001 -5.937016255e+002 -5.937016255e+002 -8.8559e-001 -1.4454e+000 +2.0661e+000
648 0 +1.094833330e+001 +1.094833330e+001 -5.939716667e+002 -5.939716667e+002 -8.9168e-001 -1.7042e+000 +2.7185e+000
820 0 +4.596248028e+000 +4.596248028e+000 -6.003237520e+002 -6.003237520e+002 -1.0446e+000 -9.8175e-001 +2.1203e+000
1195 0 +3.688274568e+000 +3.688274568e+000 -6.012317254e+002 -6.012317254e+002 -1.0919e+000 -1.0004e+000 +2.1132e+000
1235 0 +2.831652008e+000 +2.831652008e+000 -6.020883480e+002 -6.020883480e+002 -3.5559e-002 -1.0259e+000 +1.7647e+000
2058 0 +2.184592281e+000 +2.184592281e+000 -6.027354077e+002 -6.027354077e+002 -9.9065e-001 -1.6214e+000 +1.7713e+000
4449 0 +3.256206336e-001 +3.256206336e-001 -6.045943794e+002 -6.045943794e+002 -1.0284e+000 -1.0011e+000 +2.0704e+000
% f evaluations | g evaluations | best noise-free fitness - Fopt | noise-free fitness - Fopt (1.337000000000e+002) | measured fitness | best measured fitness | x1 | x2...
1 0 +5.480536522e+001 +5.480536522e+001 +1.885053652e+002 +1.885053652e+002 +3.5737e-002 -3.9963e-001 +7.0139e-002
4 0 +2.958703241e+001 +2.958703241e+001 +1.632870324e+002 +1.632870324e+002 +3.1249e-001 +5.5319e-001 +4.0542e-001
8 0 +2.803129805e+001 +2.803129805e+001 +1.617312981e+002 +1.617312981e+002 +1.7468e-001 -1.4987e-001 +3.8588e-001
25 0 +2.679874280e+001 +2.679874280e+001 +1.604987428e+002 +1.604987428e+002 +1.9904e-001 +2.7662e-001 -9.9097e-001
37 0 +2.161438363e+001 +2.161438363e+001 +1.553143836e+002 +1.553143836e+002 +1.5961e+000 +1.6407e+000 -6.3444e-001
43 0 +2.129106329e+001 +2.129106329e+001 +1.549910633e+002 +1.549910633e+002 -7.0283e-001 +9.3620e-001 -4.5667e-001
93 0 +2.069470492e+001 +2.069470492e+001 +1.543947049e+002 +1.543947049e+002 +4.5391e-001 -5.1260e-001 -4.2160e-001
125 0 +1.339451518e+001 +1.339451518e+001 +1.470945152e+002 +1.470945152e+002 +4.6188e-001 -1.4744e-001 +2.7227e-001
180 0 +1.293809541e+001 +1.293809541e+001 +1.466380954e+002 +1.466380954e+002 +5.3837e-001 +4.4779e-001 +2.1278e-001
280 0 +3.966129784e+000 +3.966129784e+000 +1.376661298e+002 +1.376661298e+002 +2.4816e+000 +2.8335e-001 -2.5773e-002
804 0 +2.448043252e+000 +2.448043252e+000 +1.361480433e+002 +1.361480433e+002 +2.4535e+000 +1.4891e+000 -6.9337e-001
890 0 +2.100028361e+000 +2.100028361e+000 +1.358000284e+002 +1.358000284e+002 +2.4650e+000 +9.1563e-001 -1.1307e-002
% f evaluations | g evaluations | best noise-free fitness - Fopt | noise-free fitness - Fopt (-2.098000000000e+001) | measured fitness | best measured fitness | x1 | x2...
1 0 +3.505477770e+001 +3.505477770e+001 +1.407477770e+001 +1.407477770e+001 +1.9177e-001 -9.5906e-001 +5.5800e-001
22 0 +2.286482902e+001 +2.286482902e+001 +1.884829016e+000 +1.884829016e+000 -1.4350e-001 +3.9879e-001 -7.7472e-002
27 0 +1.551667666e+001 +1.551667666e+001 -5.463323341e+000 -5.463323341e+000 +6.7453e-002 +1.3878e+000 +1.2442e+000
181 0 +1.321534705e+001 +1.321534705e+001 -7.764652954e+000 -7.764652954e+000 +1.5772e-001 +8.4430e-001 -8.5859e-002
203 0 +1.025278486e+001 +1.025278486e+001 -1.072721514e+001 -1.072721514e+001 +2.0817e+000 +3.5836e-001 +6.4014e-001
326 0 +5.115371669e+000 +5.115371669e+000 -1.586462833e+001 -1.586462833e+001 +1.9866e+000 +2.4888e+000 +5.8041e-001
384 0 +3.650679661e+000 +3.650679661e+000 -1.732932034e+001 -1.732932034e+001 +1.9947e+000 +2.4922e+000 +6.3575e-001
3027 0 +3.278492667e+000 +3.278492667e+000 -1.770150733e+001 -1.770150733e+001 +2.1412e+000 +1.8848e+000 +2.3837e-001
3531 0 +2.733015795e+000 +2.733015795e+000 -1.824698421e+001 -1.824698421e+001 +1.9580e+000 +1.9586e+000 +2.5581e-001
4190 0 +2.156709695e+000 +2.156709695e+000 -1.882329030e+001 -1.882329030e+001 +1.9827e+000 +1.9144e+000 -3.7429e-002
4348 0 +2.045892819e+000 +2.045892819e+000 -1.893410718e+001 -1.893410718e+001 +2.1154e+000 +1.9186e+000 -3.4010e-002
7588 0 +2.036199519e+000 +2.036199519e+000 -1.894380048e+001 -1.894380048e+001 +2.0509e+000 +1.3129e+000 +6.2510e-001
8404 0 +1.993391240e+000 +1.993391240e+000 -1.898660876e+001 -1.898660876e+001 +2.0573e+000 +1.3241e+000 +6.2316e-001
% f evaluations | g evaluations | best noise-free fitness - Fopt | noise-free fitness - Fopt (1.353300000000e+002) | measured fitness | best measured fitness | x1 | x2...
1 0 +3.558472681e+001 +3.558472681e+001 +1.709147268e+002 +1.709147268e+002 +1.7869e-002 -5.8694e-001 +1.4461e+000
3 0 +2.780416460e+001 +2.780416460e+001 +1.631341646e+002 +1.631341646e+002 -1.2012e+000 +1.7496e+000 +7.4029e-001
6 0 +1.335464099e+001 +1.335464099e+001 +1.486846410e+002 +1.486846410e+002 -1.4222e+000 -5.1419e-001 +1.5577e+000
7 0 +1.159023779e+001 +1.159023779e+001 +1.469202378e+002 +1.469202378e+002 +5.8751e-001 -1.0966e+000 +1.6512e+000
95 0 +1.007711405e+001 +1.007711405e+001 +1.454071140e+002 +1.454071140e+002 +5.2151e-001 -4.0378e-001 +6.5729e-001
176 0 +9.638858402e+000 +9.638858402e+000 +1.449688584e+002 +1.449688584e+002 -3.6956e-001 -6.9730e-002 +1.0140e+000
297 0 +8.753941791e+000 +8.753941791e+000 +1.440839418e+002 +1.440839418e+002 -5.0053e-001 +5.7182e-001 +1.4113e+000
367 0 +8.068418718e+000 +8.068418718e+000 +1.433984187e+002 +1.433984187e+002 -1.5111e+000 -5.3343e-001 +1.0132e+000
395 0 +6.527330716e+000 +6.527330716e+000 +1.418573307e+002 +1.418573307e+002 +5.2853e-001 -5.2416e-001 +3.1498e-001
734 0 +1.895434598e+000 +1.895434598e+000 +1.372254346e+002 +1.372254346e+002 -4.3040e-001 +6.1582e-002 +9.8341e-001
1387 0 +5.203102075e-001 +5.203102075e-001 +1.358503102e+002 +1.358503102e+002 +5.3812e-001 +4.8511e-002 +9.6804e-001
% f evaluations | g evaluations | best noise-free fitness - Fopt | noise-free fitness - Fopt (4.066000000000e+001) | measured fitness | best measured fitness | x1 | x2...
1 0 +2.646404101e+002 +2.646404101e+002 +3.053004101e+002 +3.053004101e+002 -3.5266e-003 +1.4641e+000 -9.6747e-001
2 0 +2.480328998e+002 +2.480328998e+002 +2.886928998e+002 +2.886928998e+002 +9.1237e-001 +2.0392e+000 -9.1358e-001
4 0 +1.589187296e+002 +1.589187296e+002 +1.995787296e+002 +1.995787296e+002 -6.7447e-001 +5.2632e-001 +3.9013e-001
11 0 +1.388776650e+002 +1.388776650e+002 +1.795376650e+002 +1.795376650e+002 -2.0140e+000 +3.7653e-001 +1.1545e+000
21 0 +8.579905705e+001 +8.579905705e+001 +1.264590571e+002 +1.264590571e+002 -2.9722e-001 +2.0042e+000 +2.2823e+000
98 0 +8.173021311e+001 +8.173021311e+001 +1.223902131e+002 +1.223902131e+002 +2.0122e+000 +1.2209e-001 +1.4209e+000
104 0 +7.181766118e+001 +7.181766118e+001 +1.124776612e+002 +1.124776612e+002 -3.4471e-001 +2.0258e+000 +2.8393e+000
105 0 +6.052719257e+001 +6.052719257e+001 +1.011871926e+002 +1.011871926e+002 +1.0279e+000 +1.5396e+000 +2.1087e+000
109 0 +5.538924790e+001 +5.538924790e+001 +9.604924790e+001 +9.604924790e+001 -7.2294e-001 +2.1275e-001 +2.5090e+000
124 0 +5.314294827e+001 +5.314294827e+001 +9.380294827e+001 +9.380294827e+001 -3.7589e-001 +7.5540e-001 +3.7918e+000
133 0 +5.163163852e+001 +5.163163852e+001 +9.229163852e+001 +9.229163852e+001 -1.9549e+000 -2.9117e-001 +4.1572e+000
138 0 +4.856225097e+001 +4.856225097e+001 +8.922225097e+001 +8.922225097e+001 -2.0529e+000 +4.3961e-001 +4.6545e+000
156 0 +4.377584906e+001 +4.377584906e+001 +8.443584906e+001 +8.443584906e+001 +2.8806e+000 +1.2738e+000 +2.6417e+000
169 0 +3.349957814e+001 +3.349957814e+001 +7.415957814e+001 +7.415957814e+001 +1.0241e+000 +1.0737e+000 +3.1533e+000
241 0 +3.005378333e+001 +3.005378333e+001 +7.071378333e+001 +7.071378333e+001 +4.1237e+000 +7.9641e-001 +3.5025e+000
254 0 +2.828090584e+001 +2.828090584e+001 +6.894090584e+001 +6.894090584e+001 +2.8851e+000 +2.9961e-001 +3.2423e+000
292 0 +3.068641782e+000 +3.068641782e+000 +4.372864178e+001 +4.372864178e+001 +2.9710e+000 +6.5322e-001 +4.2912e+000
1814 0 +2.661871640e+000 +2.661871640e+000 +4.332187164e+001 +4.332187164e+001 +2.9974e+000 +1.2834e+000 +3.9580e+000
3045 0 +8.951096280e-001 +8.951096280e-001 +4.155510963e+001 +4.155510963e+001 +3.1137e+000 +1.2587e+000 +3.9317e+000
6885 0 +6.720104378e-001 +6.720104378e-001 +4.133201044e+001 +4.133201044e+001 +3.0342e+000 +1.2651e+000 +3.9093e+000
6973 0 +5.180682448e-001 +5.180682448e-001 +4.117806824e+001 +4.117806824e+001 +3.0524e+000 +1.2437e+000 +3.9427e+000
8322 0 +2.049227141e-001 +2.049227141e-001 +4.086492271e+001 +4.086492271e+001 +3.0637e+000 +1.2645e+000 +3.9277e+000
8563 0 +1.893057938e-001 +1.893057938e-001 +4.084930579e+001 +4.084930579e+001 +3.0731e+000 +1.2590e+000 +3.9209e+000
8848 0 +5.060433534e-002 +5.060433534e-002 +4.071060434e+001 +4.071060434e+001 +3.0642e+000 +1.2419e+000 +3.9233e+000
8951 0 +3.768102221e-002 +3.768102221e-002 +4.069768102e+001 +4.069768102e+001 +3.0579e+000 +1.2400e+000 +3.9252e+000
9358 0 +2.841524215e-002 +2.841524215e-002 +4.068841524e+001 +4.068841524e+001 +3.0524e+000 +1.2422e+000 +3.9262e+000
9620 0 +2.530963712e-002 +2.530963712e-002 +4.068530964e+001 +4.068530964e+001 +3.0428e+000 +1.2480e+000 +3.9262e+000
9640 0 +1.919720958e-002 +1.919720958e-002 +4.067919721e+001 +4.067919721e+001 +3.0538e+000 +1.2421e+000 +3.9238e+000
9822 0 +1.340725946e-002 +1.340725946e-002 +4.067340726e+001 +4.067340726e+001 +3.0562e+000 +1.2474e+000 +3.9217e+000
10131 0 +5.282062846e-003 +5.282062846e-003 +4.066528206e+001 +4.066528206e+001 +3.0526e+000 +1.2443e+000 +3.9241e+000
10424 0 +3.979126067e-003 +3.979126067e-003 +4.066397913e+001 +4.066397913e+001 +3.0549e+000 +1.2457e+000 +3.9232e+000
10618 0 +2.690828229e-003 +2.690828229e-003 +4.066269083e+001 +4.066269083e+001 +3.0518e+000 +1.2482e+000 +3.9230e+000
10655 0 +1.276936396e-003 +1.276936396e-003 +4.066127694e+001 +4.066127694e+001 +3.0516e+000 +1.2458e+000 +3.9238e+000
10991 0 +1.182735230e-003 +1.182735230e-003 +4.066118274e+001 +4.066118274e+001 +3.0531e+000 +1.2477e+000 +3.9234e+000
11234 0 +4.547886310e-005 +4.547886310e-005 +4.066004548e+001 +4.066004548e+001 +3.0516e+000 +1.2473e+000 +3.9240e+000
12236 0 +3.345247193e-005 +3.345247193e-005 +4.066003345e+001 +4.066003345e+001 +3.0520e+000 +1.2470e+000 +3.9241e+000
13164 0 +4.181175029e-006 +4.181175029e-006 +4.066000418e+001 +4.066000418e+001 +3.0520e+000 +1.2472e+000 +3.9240e+000
14650 0 +6.061798956e-007 +6.061798956e-007 +4.066000061e+001 +4.066000061e+001 +3.0520e+000 +1.2472e+000 +3.9240e+000
14681 0 +1.493170743e-007 +1.493170743e-007 +4.066000015e+001 +4.066000015e+001 +3.0520e+000 +1.2472e+000 +3.9240e+000
15897 0 +3.823145533e-008 +3.823145533e-008 +4.066000004e+001 +4.066000004e+001 +3.0520e+000 +1.2472e+000 +3.9240e+000
16460 0 +1.820640705e-008 +1.820640705e-008 +4.066000002e+001 +4.066000002e+001 +3.0520e+000 +1.2472e+000 +3.9240e+000
16611 0 +1.099645175e-008 +1.099645175e-008 +4.066000001e+001 +4.066000001e+001 +3.0520e+000 +1.2472e+000 +3.9240e+000
17420 0 +2.263519150e-009 +2.263519150e-009 +4.066000000e+001 +4.066000000e+001 +3.0520e+000 +1.2472e+000 +3.9240e+000
24974 0 +0.000000000e+000 +0.000000000e+000 +4.066000000e+001 +4.066000000e+001 +3.0520e+000 +1.2472e+000 +3.9240e+000
