% f evaluations | g evaluations | best noise-free fitness - Fopt | noise-free fitness - Fopt (-4.620900000000e+002) | measured fitness | best measured fitness | x1 | x2...
1 0 +1.537290290e+002 +1.537290290e+002 -3.083609710e+002 -3.083609710e+002 +1.5410e+000 -1.5364e+000 +1.5032e+000 -2.0792e-001 -5.1886e-001
2 0 +1.004379489e+002 +1.004379489e+002 -3.616520511e+002 -3.616520511e+002 -3.6870e-001 -1.9981e-001 +7.2116e-001 +1.3321e+000 +5.9079e-001
6 0 +9.698541014e+001 +9.698541014e+001 -3.651045899e+002 -3.651045899e+002 -1.4189e+000 +6.1085e-001 -9.5716e-002 +4.4049e-001 +7.6607e-001
12 0 +7.967550873e+001 +7.967550873e+001 -3.824144913e+002 -3.824144913e+002 +2.7534e-001 -7.1172e-002 -1.4147e-001 +1.0577e+000 +2.5015e+000
31 0 +6.791275655e+001 +6.791275655e+001 -3.941772434e+002 -3.941772434e+002 +5.0844e-001 +1.4224e+000 -1.8713e-001 -8.2398e-001 +1.2980e+000
105 0 +4.594187228e+001 +4.594187228e+001 -4.161481277e+002 -4.161481277e+002 +7.6791e-001 +8.7421e-001 +1.0441e+000 +1.5826e+000 +3.0444e+000
230 0 +3.668613159e+001 +3.668613159e+001 -4.254038684e+002 -4.254038684e+002 -3.2465e+000 +2.9339e+000 +2.7690e+000 -2.6985e-001 +2.2335e+000
526 0 +3.269531711e+001 +3.269531711e+001 -4.293946829e+002 -4.293946829e+002 -2.0442e-001 +3.8139e+000 +2.0468e+000 +7.4180e-001 +2.0108e+000
622 0 +2.696829345e+001 +2.696829345e+001 -4.351217065e+002 -4.351217065e+002 -3.3367e+000 +3.6246e+000 +2.9342e+000 +2.9454e-001 +3.2678e+000
1597 0 +2.642338522e+001 +2.642338522e+001 -4.356666148e+002 -4.356666148e+002 -2.4612e+000 +1.0387e+000 +2.7657e+000 +1.8378e+000 +1.6068e+000
1636 0 +1.876129983e+001 +1.876129983e+001 -4.433287002e+002 -4.433287002e+002 -1.3219e+000 +9.7838e-001 +1.6174e+000 +8.1790e-001 +2.3531e+000
2067 0 +1.837035670e+001 +1.837035670e+001 -4.437196433e+002 -4.437196433e+002 -3.1443e+000 +3.0613e+000 +1.6757e+000 +6.9640e-001 +2.2631e+000
2156 0 +1.585748308e+001 +1.585748308e+001 -4.462325169e+002 -4.462325169e+002 -1.3544e+000 +3.2035e+000 +2.3000e+000 +7.4646e-001 +3.0381e+000
2536 0 +1.535432848e+001 +1.535432848e+001 -4.467356715e+002 -4.467356715e+002 -3.3616e+000 +3.0126e+000 +2.1171e+000 +7.9401e-001 +2.0262e+000
2791 0 +1.021348540e+001 +1.021348540e+001 -4.518765146e+002 -4.518765146e+002 -2.1933e+000 +3.1201e+000 +2.2456e+000 +6.6710e-001 +2.3321e+000
4141 0 +3.131442608e+000 +3.131442608e+000 -4.589585574e+002 -4.589585574e+002 -2.3160e+000 +3.1047e+000 +2.2161e+000 +7.5562e-001 +2.6480e+000
7615 0 +2.771124550e+000 +2.771124550e+000 -4.593188754e+002 -4.593188754e+002 -2.3848e+000 +3.1076e+000 +2.1992e+000 +7.3616e-001 +2.6684e+000
7878 0 +2.631527639e+000 +2.631527639e+000 -4.594584724e+002 -4.594584724e+002 -2.3527e+000 +3.1218e+000 +2.2285e+000 +7.3643e-001 +2.6354e+000
7952 0 +2.607677744e+000 +2.607677744e+000 -4.594823223e+002 -4.594823223e+002 -2.3135e+000 +3.0955e+000 +2.1959e+000 +7.3380e-001 +2.6573e+000
8109 0 +2.525318541e+000 +2.525318541e+000 -4.595646815e+002 -4.595646815e+002 -2.3641e+000 +3.0895e+000 +2.2109e+000 +7.1782e-001 +2.6695e+000
8144 0 +2.296894048e+000 +2.296894048e+000 -4.597931060e+002 -4.597931060e+002 -2.3053e+000 +3.1162e+000 +2.2144e+000 +7.2141e-001 +2.6635e+000
8506 0 +2.268571508e+000 +2.268571508e+000 -4.598214285e+002 -4.598214285e+002 -2.3255e+000 +3.1416e+000 +2.2272e+000 +7.3407e-001 +2.6709e+000
8563 0 +2.148049376e+000 +2.148049376e+000 -4.599419506e+002 -4.599419506e+002 -2.3419e+000 +3.1187e+000 +2.2195e+000 +7.3667e-001 +2.6673e+000
8888 0 +2.125218744e+000 +2.125218744e+000 -4.599647813e+002 -4.599647813e+002 -2.3206e+000 +3.1310e+000 +2.2166e+000 +7.3439e-001 +2.6657e+000
9239 0 +2.076968438e+000 +2.076968438e+000 -4.600130316e+002 -4.600130316e+002 -2.3357e+000 +3.1152e+000 +2.2129e+000 +7.3271e-001 +2.6581e+000
9501 0 +2.036715996e+000 +2.036715996e+000 -4.600532840e+002 -4.600532840e+002 -2.3497e+000 +3.1346e+000 +2.2086e+000 +7.2778e-001 +2.6555e+000
10670 0 +1.992699548e+000 +1.992699548e+000 -4.600973005e+002 -4.600973005e+002 -2.3389e+000 +3.1313e+000 +2.2136e+000 +7.2692e-001 +2.6590e+000
% f evaluations | g evaluations | best noise-free fitness - Fopt | noise-free fitness - Fopt (7.766000000000e+001) | measured fitness | best measured fitness | x1 | x2...
1 0 +1.500918938e+002 +1.500918938e+002 +2.277518938e+002 +2.277518938e+002 +5.1925e-001 -9.8266e-001 +6.0976e-001 +9.3547e-002 -1.1571e+000
6 0 +9.736656913e+001 +9.736656913e+001 +1.750265691e+002 +1.750265691e+002 +1.2439e+000 -7.7246e-001 +7.4038e-001 +9.3049e-001 -1.4549e+000
16 0 +6.798473624e+001 +6.798473624e+001 +1.456447362e+002 +1.456447362e+002 -1.6830e+000 -9.7914e-001 -6.8791e-001 +1.7422e+000 -9.5244e-001
115 0 +5.883652449e+001 +5.883652449e+001 +1.364965245e+002 +1.364965245e+002 -1.4485e+000 -2.0034e+000 -1.9404e+000 +2.0789e+000 -2.7700e+000
122 0 +3.114773624e+001 +3.114773624e+001 +1.088077362e+002 +1.088077362e+002 +7.6144e-001 -7.9274e-001 -1.1141e+000 +3.2456e+000 -2.4937e+000
603 0 +2.514423406e+001 +2.514423406e+001 +1.028042341e+002 +1.028042341e+002 +3.4593e+000 +4.4539e-001 -2.3447e+000 +3.7156e+000 -2.1644e+000
1146 0 +2.112162313e+001 +2.112162313e+001 +9.878162313e+001 +9.878162313e+001 +2.4298e+000 +4.7610e-001 -1.9566e-001 +2.8955e+000 -3.4150e+000
1568 0 +1.136010340e+001 +1.136010340e+001 +8.902010340e+001 +8.902010340e+001 +2.4469e+000 -2.1219e-001 -1.3534e+000 +2.8895e+000 -2.7437e+000
2326 0 +7.983593052e+000 +7.983593052e+000 +8.564359305e+001 +8.564359305e+001 +2.3800e+000 -8.5522e-001 -1.8000e+000 +2.4539e+000 -2.4331e+000
2596 0 +7.797530844e+000 +7.797530844e+000 +8.545753084e+001 +8.545753084e+001 +2.4345e+000 -1.6894e-001 -1.8943e+000 +2.8977e+000 -2.1518e+000
4837 0 +5.244788397e+000 +5.244788397e+000 +8.290478840e+001 +8.290478840e+001 +2.2759e+000 -8.9989e-001 -1.8838e+000 +3.3050e+000 -2.4681e+000
5613 0 +4.726600173e+000 +4.726600173e+000 +8.238660017e+001 +8.238660017e+001 +2.3095e+000 -8.0169e-001 -1.8192e+000 +3.3201e+000 -2.4437e+000
5908 0 +1.966623212e+000 +1.966623212e+000 +7.962662321e+001 +7.962662321e+001 +2.4050e+000 -8.4802e-001 -1.8219e+000 +3.3241e+000 -2.4771e+000
6244 0 +1.812161281e+000 +1.812161281e+000 +7.947216128e+001 +7.947216128e+001 +2.3304e+000 -8.6270e-001 -1.8747e+000 +3.3232e+000 -2.4672e+000
6710 0 +1.772910038e+000 +1.772910038e+000 +7.943291004e+001 +7.943291004e+001 +2.3982e+000 -8.3383e-001 -1.8287e+000 +3.3275e+000 -2.4732e+000
6851 0 +1.472854140e+000 +1.472854140e+000 +7.913285414e+001 +7.913285414e+001 +2.4001e+000 -8.5571e-001 -1.8544e+000 +3.3112e+000 -2.4757e+000
7408 0 +1.191592749e+000 +1.191592749e+000 +7.885159275e+001 +7.885159275e+001 +2.4011e+000 -8.6463e-001 -1.8447e+000 +3.3202e+000 -2.4622e+000
7446 0 +1.156761797e+000 +1.156761797e+000 +7.881676180e+001 +7.881676180e+001 +2.3867e+000 -8.4361e-001 -1.8713e+000 +3.3268e+000 -2.4697e+000
7837 0 +1.120063435e+000 +1.120063435e+000 +7.878006343e+001 +7.878006343e+001 +2.4002e+000 -8.6816e-001 -1.8599e+000 +3.3160e+000 -2.4651e+000
8024 0 +1.091841402e+000 +1.091841402e+000 +7.875184140e+001 +7.875184140e+001 +2.3834e+000 -8.5559e-001 -1.8558e+000 +3.3236e+000 -2.4657e+000
8272 0 +1.067369024e+000 +1.067369024e+000 +7.872736902e+001 +7.872736902e+001 +2.4078e+000 -8.4721e-001 -1.8608e+000 +3.3223e+000 -2.4664e+000
8338 0 +1.011949071e+000 +1.011949071e+000 +7.867194907e+001 +7.867194907e+001 +2.3951e+000 -8.5469e-001 -1.8675e+000 +3.3232e+000 -2.4667e+000
9655 0 +9.999069738e-001 +9.999069738e-001 +7.865990697e+001 +7.865990697e+001 +2.3983e+000 -8.5328e-001 -1.8654e+000 +3.3237e+000 -2.4644e+000
% f evaluations | g evaluations | best noise-free fitness - Fopt | noise-free fitness - Fopt (1.156800000000e+002) | measured fitness | best measured fitness | x1 | x2...
1 0 +2.926767834e+002 +2.926767834e+002 +4.083567834e+002 +4.083567834e+002 +1.0391e+000 +8.5903e-001 +1.0478e+000 +7.9458e-001 -6.2707e-001
4 0 +2.308039113e+002 +2.308039113e+002 +3.464839113e+002 +3.464839113e+002 +8.0317e-001 -9.2736e-002 +2.8670e+000 -5.1501e-001 -1.4626e+000
21 0 +1.797984095e+002 +1.797984095e+002 +2.954784095e+002 +2.954784095e+002 -1.8621e-001 +1.0587e+000 -4.1924e-001 +4.4482e-001 -1.2770e+000
24 0 +1.564043453e+002 +1.564043453e+002 +2.720843453e+002 +2.720843453e+002 +2.0659e-001 +1.0473e+000 -4.1825e-001 -4.4019e-002 -1.6960e+000
46 0 +1.457132930e+002 +1.457132930e+002 +2.613932930e+002 +2.613932930e+002 -1.5272e+000 -7.9706e-001 +7.4466e-001 +1.5080e+000 -1.3268e+000
83 0 +1.128478706e+002 +1.128478706e+002 +2.285278706e+002 +2.285278706e+002 +3.8221e-002 -1.4903e+000 +2.9975e-001 +4.0998e-001 -2.3171e+000
102 0 +7.221750622e+001 +7.221750622e+001 +1.878975062e+002 +1.878975062e+002 -3.0919e-001 -3.5607e-001 +8.2523e-001 +3.7163e+000 -1.9968e+000
104 0 +6.892089813e+001 +6.892089813e+001 +1.846008981e+002 +1.846008981e+002 +1.7636e+000 -1.7902e+000 +1.3125e+000 +3.9430e+000 -1.8192e+000
116 0 +4.823388720e+001 +4.823388720e+001 +1.639138872e+002 +1.639138872e+002 -2.2667e-001 -4.7317e-001 -3.9720e-001 +2.1250e+000 -4.3610e+000
1078 0 +3.651126948e+001 +3.651126948e+001 +1.521912695e+002 +1.521912695e+002 -1.5339e+000 -1.8114e+000 -1.9593e-001 +3.4542e+000 -2.9969e+000
1319 0 +3.522483690e+001 +3.522483690e+001 +1.509048369e+002 +1.509048369e+002 -3.1543e-001 -2.3331e+000 +1.8526e+000 +2.6510e+000 -3.2715e+000
1711 0 +3.380641691e+001 +3.380641691e+001 +1.494864169e+002 +1.494864169e+002 -2.6025e+000 -3.1162e-001 -3.9677e-001 +3.1258e+000 -4.5767e+000
1859 0 +3.271623075e+001 +3.271623075e+001 +1.483962308e+002 +1.483962308e+002 -2.1018e+000 -1.0980e+000 +7.4194e-001 +3.5225e+000 -4.0293e+000
1911 0 +2.997278073e+001 +2.997278073e+001 +1.456527807e+002 +1.456527807e+002 -2.1928e+000 -8.0508e-001 -4.5415e-001 +2.1676e+000 -4.5766e+000
1921 0 +2.721069379e+001 +2.721069379e+001 +1.428906938e+002 +1.428906938e+002 -2.0970e+000 -9.2523e-001 +7.8323e-001 +3.0134e+000 -4.7570e+000
1945 0 +1.992542378e+001 +1.992542378e+001 +1.356054238e+002 +1.356054238e+002 -3.1428e+000 -1.0246e+000 -1.6846e-001 +2.9997e+000 -3.9185e+000
2118 0 +1.436393985e+001 +1.436393985e+001 +1.300439399e+002 +1.300439399e+002 -3.9486e+000 -1.8108e+000 -2.3878e-001 +3.0975e+000 -3.5718e+000
2689 0 +1.150180662e+001 +1.150180662e+001 +1.271818066e+002 +1.271818066e+002 -3.0675e+000 -2.3463e+000 -3.2826e-001 +3.1026e+000 -3.2644e+000
3697 0 +1.131932479e+001 +1.131932479e+001 +1.269993248e+002 +1.269993248e+002 -2.2914e+000 -1.9162e-001 +7.9418e-001 +2.6936e+000 -3.1721e+000
4457 0 +1.116930710e+001 +1.116930710e+001 +1.268493071e+002 +1.268493071e+002 -2.2757e+000 -2.2132e-001 -3.3038e-001 +3.1315e+000 -2.9374e+000
4513 0 +6.999946693e+000 +6.999946693e+000 +1.226799467e+002 +1.226799467e+002 -2.1725e+000 -6.7712e-002 +3.0312e-001 +3.0846e+000 -3.5849e+000
5874 0 +4.406297035e+000 +4.406297035e+000 +1.200862970e+002 +1.200862970e+002 -2.2576e+000 -1.5154e-001 -3.2091e-001 +3.0812e+000 -3.2307e+000
6315 0 +3.729911926e+000 +3.729911926e+000 +1.194099119e+002 +1.194099119e+002 -2.1737e+000 -2.4139e-001 -3.6002e-001 +3.0878e+000 -3.2392e+000
7681 0 +3.375054358e+000 +3.375054358e+000 +1.190550544e+002 +1.190550544e+002 -2.1960e+000 -1.6658e-001 -3.4944e-001 +3.0978e+000 -3.2618e+000
8897 0 +3.055428779e+000 +3.055428779e+000 +1.187354288e+002 +1.187354288e+002 -2.1629e+000 -1.4891e-001 -3.4338e-001 +3.0886e+000 -3.2414e+000
10214 0 +3.008229315e+000 +3.008229315e+000 +1.186882293e+002 +1.186882293e+002 -2.1869e+000 -1.4590e-001 -3.5274e-001 +3.0895e+000 -3.2444e+000
% f evaluations | g evaluations | best noise-free fitness - Fopt | noise-free fitness - Fopt (-3.710000000000e+000) | measured fitness | best measured fitness | x1 | x2...
1 0 +3.415953179e+002 +3.415953179e+002 +3.378853179e+002 +3.378853179e+002 +1.4166e+000 +5.3969e-001 +1.1764e+000 -7.2760e-001 -1.0424e+000
2 0 +2.339199128e+002 +2.339199128e+002 +2.302099128e+002 +2.302099128e+002 +9.5862e-001 +1.2735e-001 +9.6754e-001 +3.9670e-001 -5.2551e-002
4 0 +2.056633922e+002 +2.056633922e+002 +2.019533922e+002 +2.019533922e+002 +3.3627e-001 -8.8379e-002 +1.3883e+000 +2.9867e-001 +1.1639e+000
10 0 +1.944655145e+002 +1.944655145e+002 +1.907555145e+002 +1.907555145e+002 -3.2307e-001 -1.6609e+000 -4.1710e-001 +5.7170e-001 +7.1256e-001
15 0 +1.876217146e+002 +1.876217146e+002 +1.839117146e+002 +1.839117146e+002 +1.1369e+000 +4.2657e-001 -4.8040e-001 +3.7773e-003 +9.6815e-001
26 0 +1.777657631e+002 +1.777657631e+002 +1.740557631e+002 +1.740557631e+002 +2.3282e-001 -9.1446e-001 +2.0829e-001 -8.3571e-002 +1.8611e+000
33 0 +1.468788951e+002 +1.468788951e+002 +1.431688951e+002 +1.431688951e+002 -1.6008e-001 -7.8718e-001 +6.7081e-001 +9.1623e-002 +1.7898e+000
101 0 +1.374337154e+002 +1.374337154e+002 +1.337237154e+002 +1.337237154e+002 +6.8572e-003 +6.6703e-001 -1.2056e+000 +4.2410e+000 +8.5511e-001
103 0 +1.265714118e+002 +1.265714118e+002 +1.228614118e+002 +1.228614118e+002 -1.3082e+000 -2.1904e+000 -1.7473e-001 +1.7664e+000 +1.7415e+000
118 0 +1.207082478e+002 +1.207082478e+002 +1.169982478e+002 +1.169982478e+002 +3.2853e+000 -1.0485e+000 +2.3604e+000 +1.9938e+000 +7.6922e-001
153 0 +1.023930707e+002 +1.023930707e+002 +9.868307071e+001 +9.868307071e+001 +1.7032e+000 +5.6760e-001 +6.6876e-002 +4.6600e+000 +4.0881e+000
181 0 +9.279653706e+001 +9.279653706e+001 +8.908653706e+001 +8.908653706e+001 -8.3023e-001 -6.9046e-001 +5.3311e-001 +2.3327e+000 +2.0639e+000
213 0 +9.024229664e+001 +9.024229664e+001 +8.653229664e+001 +8.653229664e+001 +6.3025e+000 -2.6664e+000 +2.2523e+000 +2.0202e+000 +3.2417e+000
216 0 +5.968553937e+001 +5.968553937e+001 +5.597553937e+001 +5.597553937e+001 -7.1447e-001 -1.9583e-001 +1.1345e+000 +5.4805e+000 +2.8775e+000
589 0 +3.102490419e+001 +3.102490419e+001 +2.731490419e+001 +2.731490419e+001 +2.9006e+000 -1.4482e+000 +2.7742e+000 +3.0131e+000 +2.4686e+000
1664 0 +1.997580158e+001 +1.997580158e+001 +1.626580158e+001 +1.626580158e+001 +4.1592e+000 -1.6464e+000 +1.7186e+000 +3.8692e+000 +3.9455e+000
2269 0 +1.811201594e+001 +1.811201594e+001 +1.440201594e+001 +1.440201594e+001 +3.2162e+000 -2.2741e+000 +6.2761e-001 +4.8146e+000 +3.4907e+000
2288 0 +1.722356117e+001 +1.722356117e+001 +1.351356117e+001 +1.351356117e+001 +1.9909e+000 -2.2387e+000 +1.8303e+000 +4.3106e+000 +3.5187e+000
2644 0 +1.310961441e+001 +1.310961441e+001 +9.399614412e+000 +9.399614412e+000 +4.0765e+000 -1.4841e+000 +2.3278e+000 +3.9988e+000 +3.5605e+000
2845 0 +1.284170182e+001 +1.284170182e+001 +9.131701819e+000 +9.131701819e+000 +3.1938e+000 -2.2057e+000 +1.3379e+000 +3.5300e+000 +3.1676e+000
3144 0 +9.585943318e+000 +9.585943318e+000 +5.875943318e+000 +5.875943318e+000 +2.1570e+000 -2.2206e+000 +1.8001e+000 +3.9460e+000 +3.4463e+000
3914 0 +8.650015929e+000 +8.650015929e+000 +4.940015929e+000 +4.940015929e+000 +4.0719e+000 -1.6873e+000 +1.1382e+000 +3.9144e+000 +3.1383e+000
5123 0 +7.033984692e+000 +7.033984692e+000 +3.323984692e+000 +3.323984692e+000 +3.1168e+000 -2.3058e+000 +1.8442e+000 +3.9848e+000 +3.4983e+000
6339 0 +4.467187381e+000 +4.467187381e+000 +7.571873809e-001 +7.571873809e-001 +3.0961e+000 -2.2500e+000 +1.1615e+000 +3.5387e+000 +3.1477e+000
8006 0 +2.857518840e+000 +2.857518840e+000 -8.524811596e-001 -8.524811596e-001 +3.0469e+000 -2.3177e+000 +1.1705e+000 +3.9026e+000 +3.1343e+000
10826 0 +2.676769218e+000 +2.676769218e+000 -1.033230782e+000 -1.033230782e+000 +3.0577e+000 -2.3348e+000 +1.1599e+000 +3.9089e+000 +3.1438e+000
11208 0 +2.617257165e+000 +2.617257165e+000 -1.092742835e+000 -1.092742835e+000 +3.1392e+000 -2.2820e+000 +1.1739e+000 +3.8760e+000 +3.1523e+000
11212 0 +2.488332512e+000 +2.488332512e+000 -1.221667488e+000 -1.221667488e+000 +3.1159e+000 -2.2772e+000 +1.1945e+000 +3.8904e+000 +3.1308e+000
11388 0 +1.707739743e+000 +1.707739743e+000 -2.002260257e+000 -2.002260257e+000 +3.1211e+000 -2.2680e+000 +1.2098e+000 +3.9263e+000 +3.1477e+000
11662 0 +1.446487734e+000 +1.446487734e+000 -2.263512266e+000 -2.263512266e+000 +3.0954e+000 -2.2743e+000 +1.2010e+000 +3.9169e+000 +3.1603e+000
11786 0 +1.243196071e+000 +1.243196071e+000 -2.466803929e+000 -2.466803929e+000 +3.1376e+000 -2.2892e+000 +1.1793e+000 +3.9082e+000 +3.1433e+000
12137 0 +1.174937340e+000 +1.174937340e+000 -2.535062660e+000 -2.535062660e+000 +3.1186e+000 -2.2861e+000 +1.1891e+000 +3.9225e+000 +3.1511e+000
12447 0 +1.144916828e+000 +1.144916828e+000 -2.565083172e+000 -2.565083172e+000 +3.1090e+000 -2.3009e+000 +1.1845e+000 +3.9152e+000 +3.1457e+000
12628 0 +1.111269373e+000 +1.111269373e+000 -2.598730627e+000 -2.598730627e+000 +3.1196e+000 -2.2777e+000 +1.1955e+000 +3.9117e+000 +3.1528e+000
12808 0 +1.077290327e+000 +1.077290327e+000 -2.632709673e+000 -2.632709673e+000 +3.1124e+000 -2.2990e+000 +1.1866e+000 +3.9080e+000 +3.1476e+000
12977 0 +1.062720532e+000 +1.062720532e+000 -2.647279468e+000 -2.647279468e+000 +3.1186e+000 -2.2904e+000 +1.1830e+000 +3.9069e+000 +3.1488e+000
13115 0 +1.009794510e+000 +1.009794510e+000 -2.700205490e+000 -2.700205490e+000 +3.1180e+000 -2.2918e+000 +1.1915e+000 +3.9115e+000 +3.1515e+000
13689 0 +9.973168946e-001 +9.973168946e-001 -2.712683105e+000 -2.712683105e+000 +3.1201e+000 -2.2962e+000 +1.1880e+000 +3.9116e+000 +3.1531e+000
% f evaluations | g evaluations | best noise-free fitness - Fopt | noise-free fitness - Fopt (1.321800000000e+002) | measured fitness | best measured fitness | x1 | x2...
1 0 +3.337698997e+002 +3.337698997e+002 +4.659498997e+002 +4.659498997e+002 +1.3526e-001 +9.4420e-001 +1.1791e+000 -1.6328e-001 +7.9774e-001
2 0 +2.680241445e+002 +2.680241445e+002 +4.002041445e+002 +4.002041445e+002 +1.4280e+000 -4.3212e-001 -2.1590e+000 -7.6538e-001 -3.3986e-001
3 0 +1.197313433e+002 +1.197313433e+002 +2.519113433e+002 +2.519113433e+002 -2.6960e-001 -1.0301e+000 +7.7822e-001 -2.4180e+000 -9.1629e-001
102 0 +6.751947299e+001 +6.751947299e+001 +1.996994730e+002 +1.996994730e+002 +1.1851e+000 +7.2720e-001 +1.0488e+000 -1.8418e+000 -1.7842e+000
199 0 +3.769045697e+001 +3.769045697e+001 +1.698704570e+002 +1.698704570e+002 -8.7033e-001 +1.4863e+000 +1.2965e+000 -1.9475e+000 -1.9001e+000
748 0 +3.657839571e+001 +3.657839571e+001 +1.687583957e+002 +1.687583957e+002 -4.2270e+000 +2.3147e-001 +4.0239e+000 -2.3872e+000 -3.1867e+000
940 0 +2.710636124e+001 +2.710636124e+001 +1.592863612e+002 +1.592863612e+002 -2.7989e+000 +6.8950e-003 +3.6092e+000 -1.9549e+000 -2.7448e+000
1423 0 +2.496900277e+001 +2.496900277e+001 +1.571490028e+002 +1.571490028e+002 -4.0213e+000 +2.1193e+000 +3.0418e+000 -1.5091e+000 -2.5117e+000
1668 0 +1.532197083e+001 +1.532197083e+001 +1.475019708e+002 +1.475019708e+002 -3.7515e+000 +1.3970e+000 +4.0376e+000 -1.5977e+000 -2.1722e+000
1907 0 +1.183330927e+001 +1.183330927e+001 +1.440133093e+002 +1.440133093e+002 -3.6305e+000 +7.6804e-001 +3.5035e+000 -1.9660e+000 -2.8362e+000
2264 0 +9.971376473e+000 +9.971376473e+000 +1.421513765e+002 +1.421513765e+002 -4.7657e+000 +2.2522e+000 +3.4213e+000 -1.0317e+000 -2.1023e+000
3341 0 +7.883415453e+000 +7.883415453e+000 +1.400634155e+002 +1.400634155e+002 -3.8555e+000 +1.4856e+000 +2.9641e+000 -2.4135e+000 -2.5064e+000
3577 0 +6.667005383e+000 +6.667005383e+000 +1.388470054e+002 +1.388470054e+002 -4.8138e+000 +2.0907e+000 +3.4356e+000 -1.9619e+000 -2.4917e+000
4029 0 +5.785909464e+000 +5.785909464e+000 +1.379659095e+002 +1.379659095e+002 -3.8538e+000 +2.3070e+000 +2.9195e+000 -1.9686e+000 -2.7862e+000
4901 0 +5.676573768e+000 +5.676573768e+000 +1.378565738e+002 +1.378565738e+002 -3.8090e+000 +1.3880e+000 +3.5139e+000 -1.9831e+000 -2.5072e+000
7653 0 +5.074032722e+000 +5.074032722e+000 +1.372540327e+002 +1.372540327e+002 -3.8308e+000 +2.3387e+000 +2.8038e+000 -1.9729e+000 -2.4699e+000
8592 0 +4.395073706e+000 +4.395073706e+000 +1.365750737e+002 +1.365750737e+002 -3.7346e+000 +2.3276e+000 +2.8384e+000 -1.9323e+000 -2.1418e+000
8801 0 +4.138053292e+000 +4.138053292e+000 +1.363180533e+002 +1.363180533e+002 -3.8167e+000 +2.2703e+000 +2.8641e+000 -1.9258e+000 -2.4944e+000
8914 0 +3.515577327e+000 +3.515577327e+000 +1.356955773e+002 +1.356955773e+002 -3.6946e+000 +2.3046e+000 +2.9098e+000 -1.9667e+000 -2.4821e+000
9599 0 +3.068508703e+000 +3.068508703e+000 +1.352485087e+002 +1.352485087e+002 -3.7989e+000 +2.3237e+000 +2.8273e+000 -1.9798e+000 -2.4851e+000
10010 0 +2.241263491e+000 +2.241263491e+000 +1.344212635e+002 +1.344212635e+002 -3.7662e+000 +2.3325e+000 +2.8581e+000 -1.9730e+000 -2.4852e+000
11664 0 +2.145296633e+000 +2.145296633e+000 +1.343252966e+002 +1.343252966e+002 -3.7551e+000 +2.3220e+000 +2.8713e+000 -1.9599e+000 -2.4986e+000
11752 0 +2.098418016e+000 +2.098418016e+000 +1.342784180e+002 +1.342784180e+002 -3.7504e+000 +2.3157e+000 +2.8562e+000 -1.9667e+000 -2.4874e+000
11910 0 +2.079580217e+000 +2.079580217e+000 +1.342595802e+002 +1.342595802e+002 -3.7599e+000 +2.3113e+000 +2.8552e+000 -1.9728e+000 -2.4911e+000
12061 0 +2.035636008e+000 +2.035636008e+000 +1.342156360e+002 +1.342156360e+002 -3.7546e+000 +2.3084e+000 +2.8591e+000 -1.9627e+000 -2.4927e+000
13512 0 +1.994619708e+000 +1.994619708e+000 +1.341746197e+002 +1.341746197e+002 -3.7663e+000 +2.3151e+000 +2.8671e+000 -1.9671e+000 -2.4920e+000
% f evaluations | g evaluations | best noise-free fitness - Fopt | noise-free fitness - Fopt (-3.930000000000e+001) | measured fitness | best measured fitness | x1 | x2...
1 0 +1.864316157e+002 +1.864316157e+002 +1.471316157e+002 +1.471316157e+002 +1.5479e+000 +3.2017e-001 -5.9723e-001 -7.3588e-001 -2.5947e-001
3 0 +1.816438141e+002 +1.816438141e+002 +1.423438141e+002 +1.423438141e+002 -1.3829e+000 -6.6976e-001 +1.0416e+000 -6.9224e-001 +1.4848e-001
5 0 +1.483379016e+002 +1.483379016e+002 +1.090379016e+002 +1.090379016e+002 -2.2884e+000 +4.2379e-001 +2.2214e-001 +2.4217e-001 -5.5372e-001
14 0 +1.419775367e+002 +1.419775367e+002 +1.026775367e+002 +1.026775367e+002 +1.2330e+000 -1.7442e+000 +5.5950e-001 +1.5337e+000 -5.2085e-001
15 0 +8.800114323e+001 +8.800114323e+001 +4.870114323e+001 +4.870114323e+001 +2.3376e+000 -1.1127e-001 +6.3378e-001 +1.9088e+000 +1.0207e+000
39 0 +8.073467136e+001 +8.073467136e+001 +4.143467136e+001 +4.143467136e+001 -4.3556e-001 -5.7747e-001 -4.7608e-001 +1.7474e+000 +1.5307e+000
119 0 +7.920194919e+001 +7.920194919e+001 +3.990194919e+001 +3.990194919e+001 +1.1940e+000 -1.3157e+000 +1.3350e+000 +2.2753e+000 +8.0287e-001
213 0 +6.143922209e+001 +6.143922209e+001 +2.213922209e+001 +2.213922209e+001 +6.0176e-001 -4.8182e-001 -5.6166e-002 +3.8889e+000 +5.3030e-001
222 0 +5.555987996e+001 +5.555987996e+001 +1.625987996e+001 +1.625987996e+001 +5.5022e-001 +6.9663e-001 +1.7481e+000 +3.0123e+000 +2.1082e+000
243 0 +3.429390497e+001 +3.429390497e+001 -5.006095026e+000 -5.006095026e+000 +5.2764e-001 -1.2135e+000 +2.1104e+000 +3.3322e+000 +9.4754e-001
723 0 +2.603409403e+001 +2.603409403e+001 -1.326590597e+001 -1.326590597e+001 -2.5663e+000 +2.8664e-001 +1.7296e+000 +2.4979e+000 +4.4524e-001
1020 0 +1.046845057e+001 +1.046845057e+001 -2.883154943e+001 -2.883154943e+001 -1.5835e+000 -4.5258e-001 +2.3047e+000 +2.8943e+000 +9.7429e-001
4106 0 +7.366010838e+000 +7.366010838e+000 -3.193398916e+001 -3.193398916e+001 -2.6297e+000 -5.8636e-001 +2.3178e+000 +2.9768e+000 +1.3999e+000
5687 0 +6.694201394e+000 +6.694201394e+000 -3.260579861e+001 -3.260579861e+001 -2.5559e+000 -4.4499e-001 +2.2430e+000 +3.3808e+000 +1.0341e+000
7599 0 +2.820569880e+000 +2.820569880e+000 -3.647943012e+001 -3.647943012e+001 -2.5498e+000 -3.9662e-001 +2.2946e+000 +3.4023e+000 +1.0063e+000
11012 0 +2.323004623e+000 +2.323004623e+000 -3.697699538e+001 -3.697699538e+001 -2.5075e+000 -3.9554e-001 +2.3424e+000 +3.3749e+000 +1.3543e+000
11456 0 +2.228210807e+000 +2.228210807e+000 -3.707178919e+001 -3.707178919e+001 -2.5529e+000 -4.0787e-001 +2.3343e+000 +3.3625e+000 +1.3774e+000
11831 0 +2.123106285e+000 +2.123106285e+000 -3.717689371e+001 -3.717689371e+001 -2.5379e+000 -4.1695e-001 +2.3381e+000 +3.3658e+000 +1.3623e+000
12293 0 +2.027277904e+000 +2.027277904e+000 -3.727272210e+001 -3.727272210e+001 -2.5404e+000 -4.0019e-001 +2.3348e+000 +3.3674e+000 +1.3607e+000
13847 0 +1.994952999e+000 +1.994952999e+000 -3.730504700e+001 -3.730504700e+001 -2.5353e+000 -3.9430e-001 +2.3303e+000 +3.3697e+000 +1.3646e+000
% f evaluations | g evaluations | best noise-free fitness - Fopt | noise-free fitness - Fopt (4.296000000000e+001) | measured fitness | best measured fitness | x1 | x2...
1 0 +1.010190241e+002 +1.010190241e+002 +1.439790241e+002 +1.439790241e+002 +2.2174e-001 -3.4060e-002 -9.7963e-001 -1.5424e+000 +5.6052e-001
7 0 +1.009595342e+002 +1.009595342e+002 +1.439195342e+002 +1.439195342e+002 -6.6737e-001 +1.2334e+000 -3.2096e-001 +4.4102e-001 -1.1110e-001
15 0 +8.978698748e+001 +8.978698748e+001 +1.327469875e+002 +1.327469875e+002 +1.2631e+000 +6.5822e-001 -8.8842e-001 +4.1769e-001 -6.7409e-002
19 0 +8.306410083e+001 +8.306410083e+001 +1.260241008e+002 +1.260241008e+002 +3.0323e-001 -2.0356e+000 -3.8840e-002 +1.2365e-001 +5.7214e-001
24 0 +5.089006963e+001 +5.089006963e+001 +9.385006963e+001 +9.385006963e+001 -4.0426e-001 +1.0442e+000 -6.5413e-001 +9.7079e-001 +1.1920e+000
109 0 +3.133934776e+001 +3.133934776e+001 +7.429934776e+001 +7.429934776e+001 -3.2378e-001 +2.4354e+000 -2.7291e+000 +1.4091e+000 +2.0079e+000
1506 0 +2.774958822e+001 +2.774958822e+001 +7.070958822e+001 +7.070958822e+001 -2.2941e-001 +3.4024e+000 -3.4676e+000 +5.1274e-001 +5.9168e-001
1904 0 +2.741061169e+001 +2.741061169e+001 +7.037061169e+001 +7.037061169e+001 +4.8726e-001 +2.3297e+000 -3.4884e+000 +6.7964e-001 +8.1282e-001
1961 0 +2.426959764e+001 +2.426959764e+001 +6.722959764e+001 +6.722959764e+001 +3.8861e-001 +2.6415e+000 -3.4794e+000 +1.5411e+000 +8.8070e-001
2968 0 +1.642264618e+001 +1.642264618e+001 +5.938264618e+001 +5.938264618e+001 +1.5288e+000 +1.0707e+000 -2.8218e+000 +5.5968e-001 +1.4924e+000
3716 0 +1.138003029e+001 +1.138003029e+001 +5.434003029e+001 +5.434003029e+001 +5.4472e-001 +2.4760e+000 -2.7639e+000 +1.5387e+000 +5.8318e-001
4540 0 +7.220591073e+000 +7.220591073e+000 +5.018059107e+001 +5.018059107e+001 +1.4453e+000 +2.5453e+000 -2.7538e+000 +1.0109e+000 +8.3893e-001
11975 0 +6.508741635e+000 +6.508741635e+000 +4.946874163e+001 +4.946874163e+001 +1.5664e+000 +2.4137e+000 -3.3623e+000 +6.3327e-001 +8.6662e-001
12616 0 +5.311917203e+000 +5.311917203e+000 +4.827191720e+001 +4.827191720e+001 +1.5809e+000 +2.4660e+000 -3.3744e+000 +9.9454e-001 +1.2450e+000
13580 0 +4.727496202e+000 +4.727496202e+000 +4.768749620e+001 +4.768749620e+001 +1.4994e+000 +2.5248e+000 -3.4208e+000 +6.3306e-001 +8.9502e-001
13843 0 +4.056740704e+000 +4.056740704e+000 +4.701674070e+001 +4.701674070e+001 +1.5589e+000 +2.5233e+000 -3.3419e+000 +6.1988e-001 +8.9871e-001
14917 0 +3.815828285e+000 +3.815828285e+000 +4.677582828e+001 +4.677582828e+001 +1.5020e+000 +2.5348e+000 -3.3693e+000 +6.2877e-001 +9.0691e-001
15147 0 +3.665460867e+000 +3.665460867e+000 +4.662546087e+001 +4.662546087e+001 +1.5127e+000 +2.5095e+000 -3.3718e+000 +6.1797e-001 +9.0324e-001
15204 0 +3.623883852e+000 +3.623883852e+000 +4.658388385e+001 +4.658388385e+001 +1.4778e+000 +2.5356e+000 -3.3840e+000 +6.0758e-001 +8.8710e-001
15368 0 +3.334407807e+000 +3.334407807e+000 +4.629440781e+001 +4.629440781e+001 +1.5211e+000 +2.5448e+000 -3.3630e+000 +6.2589e-001 +8.8712e-001
15920 0 +3.270894480e+000 +3.270894480e+000 +4.623089448e+001 +4.623089448e+001 +1.4973e+000 +2.5591e+000 -3.3556e+000 +6.2357e-001 +8.9867e-001
15970 0 +3.084431593e+000 +3.084431593e+000 +4.604443159e+001 +4.604443159e+001 +1.5045e+000 +2.5701e+000 -3.3499e+000 +6.1503e-001 +8.9064e-001
17372 0 +3.014881763e+000 +3.014881763e+000 +4.597488176e+001 +4.597488176e+001 +1.5084e+000 +2.5750e+000 -3.3681e+000 +6.1052e-001 +8.9044e-001
% f evaluations | g evaluations | best noise-free fitness - Fopt | noise-free fitness - Fopt (2.842200000000e+002) | measured fitness | best measured fitness | x1 | x2...
1 0 +1.469542961e+002 +1.469542961e+002 +4.311742961e+002 +4.311742961e+002 +1.4046e+000 -3.4091e-001 -1.2043e-002 +6.2794e-001 -1.1295e+000
2 0 +1.171885153e+002 +1.171885153e+002 +4.014085153e+002 +4.014085153e+002 +7.6245e-001 +1.6714e+000 +5.0007e-001 +4.6953e-001 +9.6122e-001
3 0 +9.641595891e+001 +9.641595891e+001 +3.806359589e+002 +3.806359589e+002 -1.0811e+000 +5.3210e-002 -2.4832e+000 +5.1246e-001 +4.5960e-001
7 0 +9.196241605e+001 +9.196241605e+001 +3.761824160e+002 +3.761824160e+002 +8.1962e-001 -5.5899e-001 -5.9229e-001 +5.2558e-001 +1.6923e+000
18 0 +8.655351547e+001 +8.655351547e+001 +3.707735155e+002 +3.707735155e+002 -1.3552e-001 -9.4883e-001 -2.7691e-001 +2.4052e-001 +4.1151e-002
25 0 +6.700802866e+001 +6.700802866e+001 +3.512280287e+002 +3.512280287e+002 -1.1041e+000 +1.2007e+000 -4.4036e-001 -8.1906e-001 +1.1929e+000
30 0 +4.911504605e+001 +4.911504605e+001 +3.333350460e+002 +3.333350460e+002 -1.0435e+000 +1.3178e+000 +3.5739e-001 +1.0469e+000 +8.8514e-001
110 0 +4.254323866e+001 +4.254323866e+001 +3.267632387e+002 +3.267632387e+002 +9.5102e-001 +6.7254e-001 +4.1370e-001 +1.7479e+000 +2.2601e+000
166 0 +3.660526126e+001 +3.660526126e+001 +3.208252613e+002 +3.208252613e+002 +1.0111e+000 -1.1617e+000 -1.5546e+000 +1.0641e+000 +1.1560e+000
214 0 +2.146990890e+001 +2.146990890e+001 +3.056899089e+002 +3.056899089e+002 -1.8612e+000 +1.4096e+000 -1.6662e+000 +2.6823e+000 +2.2703e+000
2571 0 +1.929062391e+001 +1.929062391e+001 +3.035106239e+002 +3.035106239e+002 -3.1094e+000 -1.5715e-001 -4.4764e-001 +3.3687e+000 +1.5535e+000
2768 0 +1.674502698e+001 +1.674502698e+001 +3.009650270e+002 +3.009650270e+002 -2.2272e+000 +5.5391e-001 -1.7374e+000 +1.3555e+000 +2.4563e+000
3184 0 +1.573314047e+001 +1.573314047e+001 +2.999531405e+002 +2.999531405e+002 -1.0887e+000 +4.0483e-001 -1.6102e+000 +2.1682e+000 +1.1992e+000
3324 0 +1.448971369e+001 +1.448971369e+001 +2.987097137e+002 +2.987097137e+002 -2.1202e+000 +3.9442e-001 -1.5053e+000 +2.2202e+000 +2.4621e+000
3421 0 +1.343444863e+001 +1.343444863e+001 +2.976544486e+002 +2.976544486e+002 -2.1628e+000 +6.0126e-001 -1.0450e+000 +2.3099e+000 +2.5503e+000
3514 0 +1.134614512e+001 +1.134614512e+001 +2.955661451e+002 +2.955661451e+002 -2.2274e+000 -1.8769e-001 -1.7194e+000 +2.6925e+000 +1.1557e+000
3832 0 +8.436073837e+000 +8.436073837e+000 +2.926560738e+002 +2.926560738e+002 -2.1608e+000 -2.6666e-001 -4.7264e-001 +2.2594e+000 +1.7996e+000
5109 0 +7.666275793e+000 +7.666275793e+000 +2.918862758e+002 +2.918862758e+002 -2.0786e+000 +5.4811e-001 -1.5264e+000 +2.2177e+000 +1.5329e+000
5539 0 +4.464061095e+000 +4.464061095e+000 +2.886840611e+002 +2.886840611e+002 -2.0367e+000 +5.4387e-001 -1.6541e+000 +2.2577e+000 +1.8570e+000
8735 0 +3.224825753e+000 +3.224825753e+000 +2.874448258e+002 +2.874448258e+002 -2.1070e+000 +6.1241e-001 -1.6536e+000 +1.8133e+000 +1.8519e+000
10520 0 +3.058380942e+000 +3.058380942e+000 +2.872783809e+002 +2.872783809e+002 -2.1054e+000 +6.0540e-001 -1.6451e+000 +1.8266e+000 +1.8444e+000
10601 0 +3.013121163e+000 +3.013121163e+000 +2.872331212e+002 +2.872331212e+002 -2.0945e+000 +6.0706e-001 -1.6535e+000 +1.8226e+000 +1.8415e+000
% f evaluations | g evaluations | best noise-free fitness - Fopt | noise-free fitness - Fopt (-3.217000000000e+001) | measured fitness | best measured fitness | x1 | x2...
1 0 +5.266245074e+001 +5.266245074e+001 +2.049245074e+001 +2.049245074e+001 +3.0050e-001 -5.7253e-001 +4.2423e-001 +1.0986e-001 -2.7310e+000
119 0 +5.012807386e+001 +5.012807386e+001 +1.795807386e+001 +1.795807386e+001 +6.0844e-001 -1.1505e+000 -3.3709e-002 -1.8096e-001 -2.6919e+000
121 0 +3.183158743e+001 +3.183158743e+001 -3.384125675e-001 -3.384125675e-001 +1.0167e+000 +2.5989e+000 +1.0351e+000 -5.9934e-001 -3.1071e+000
561 0 +2.704955186e+001 +2.704955186e+001 -5.120448142e+000 -5.120448142e+000 +4.0717e-001 +3.2445e+000 -7.0443e-001 +3.2600e-001 -4.4382e+000
1608 0 +2.211652598e+001 +2.211652598e+001 -1.005347402e+001 -1.005347402e+001 +2.4292e+000 +1.1717e+000 +1.1334e+000 -5.0680e-001 -3.0683e+000
1879 0 +1.948234753e+001 +1.948234753e+001 -1.268765247e+001 -1.268765247e+001 +1.4853e+000 +2.6980e+000 -2.4735e-001 -9.8020e-001 -4.3482e+000
2026 0 +1.670335034e+001 +1.670335034e+001 -1.546664966e+001 -1.546664966e+001 +4.7358e-001 +2.5487e+000 +5.1926e-002 -1.7740e-001 -3.3284e+000
2033 0 +1.049633034e+001 +1.049633034e+001 -2.167366966e+001 -2.167366966e+001 +1.4850e+000 +1.1855e+000 +9.9945e-001 -1.7153e-001 -3.7273e+000
2059 0 +8.240147284e+000 +8.240147284e+000 -2.392985272e+001 -2.392985272e+001 +4.6472e-001 +2.5083e+000 +5.0104e-001 -2.0424e-001 -3.6970e+000
3239 0 +8.078547468e+000 +8.078547468e+000 -2.409145253e+001 -2.409145253e+001 +4.3097e-001 +1.7871e+000 +1.0145e+000 +3.6277e-001 -3.6791e+000
4466 0 +7.611755886e+000 +7.611755886e+000 -2.455824411e+001 -2.455824411e+001 +4.9560e-001 +2.6831e+000 -1.0584e-001 -1.4742e-001 -3.6545e+000
5145 0 +6.195534531e+000 +6.195534531e+000 -2.597446547e+001 -2.597446547e+001 +4.2681e-001 +2.4958e+000 -9.8423e-002 -1.2754e-001 -3.6798e+000
6278 0 +5.476895179e+000 +5.476895179e+000 -2.669310482e+001 -2.669310482e+001 +4.9758e-001 +2.6792e+000 -1.1242e-001 -9.8822e-002 -3.6927e+000
6970 0 +4.767099021e+000 +4.767099021e+000 -2.740290098e+001 -2.740290098e+001 +4.3683e-001 +2.5802e+000 -1.6577e-001 -1.5448e-001 -3.6865e+000
7521 0 +4.540411922e+000 +4.540411922e+000 -2.762958808e+001 -2.762958808e+001 +5.0042e-001 +2.6802e+000 -1.5578e-001 -1.4730e-001 -3.7146e+000
7606 0 +3.915062005e+000 +3.915062005e+000 -2.825493800e+001 -2.825493800e+001 +4.1704e-001 +2.7108e+000 -1.4031e-001 -1.5462e-001 -3.7027e+000
7667 0 +3.146168786e+000 +3.146168786e+000 -2.902383121e+001 -2.902383121e+001 +4.4967e-001 +2.6569e+000 -1.3317e-001 -1.3783e-001 -3.6990e+000
8546 0 +3.058843824e+000 +3.058843824e+000 -2.911115618e+001 -2.911115618e+001 +4.4503e-001 +2.6896e+000 -1.4231e-001 -1.4129e-001 -3.6963e+000
9106 0 +3.019467408e+000 +3.019467408e+000 -2.915053259e+001 -2.915053259e+001 +4.4244e-001 +2.6875e+000 -1.3812e-001 -1.3639e-001 -3.6999e+000
% f evaluations | g evaluations | best noise-free fitness - Fopt | noise-free fitness - Fopt (-5.858000000000e+001) | measured fitness | best measured fitness | x1 | x2...
1 0 +6.632565978e+002 +6.632565978e+002 +6.046765978e+002 +6.046765978e+002 -1.2589e+000 +1.0894e+000 -4.7677e-001 +6.0507e-001 +5.5993e-001
2 0 +5.438438014e+002 +5.438438014e+002 +4.852638014e+002 +4.852638014e+002 +1.9092e+000 -1.1018e+000 -1.7185e+000 -1.0987e-001 +3.3303e-001
3 0 +2.259622338e+002 +2.259622338e+002 +1.673822338e+002 +1.673822338e+002 +1.1540e+000 -5.7267e-001 -1.2079e+000 +9.3591e-001 -1.0447e+000
10 0 +1.434744877e+002 +1.434744877e+002 +8.489448769e+001 +8.489448769e+001 +4.1234e-001 -9.0102e-001 -1.0120e-001 -6.1693e-001 -1.4340e+000
25 0 +1.401950793e+002 +1.401950793e+002 +8.161507927e+001 +8.161507927e+001 +9.2982e-002 +4.1763e-001 -8.9465e-001 +4.8744e-001 -2.1484e+000
84 0 +1.251514753e+002 +1.251514753e+002 +6.657147530e+001 +6.657147530e+001 -2.0937e+000 +8.2777e-001 +7.1298e-001 +1.8701e+000 -1.7914e+000
102 0 +7.223568740e+001 +7.223568740e+001 +1.365568740e+001 +1.365568740e+001 +9.4411e-001 -1.2501e+000 -8.1812e-001 +1.4751e+000 -2.1329e+000
124 0 +5.916046127e+001 +5.916046127e+001 +5.804612694e-001 +5.804612694e-001 +1.6400e+000 -8.3653e-001 +2.9092e+000 +3.5379e-001 -2.9315e+000
297 0 +4.750487204e+001 +4.750487204e+001 -1.107512796e+001 -1.107512796e+001 +2.1911e+000 -2.3757e+000 +5.0529e-001 +1.5671e+000 -2.8968e+000
392 0 +4.318743455e+001 +4.318743455e+001 -1.539256545e+001 -1.539256545e+001 +6.1272e-001 -2.3061e+000 +2.6020e+000 +2.3497e+000 -3.4885e+000
466 0 +4.065313465e+001 +4.065313465e+001 -1.792686535e+001 -1.792686535e+001 +1.7302e+000 -1.6188e+000 +1.5140e+000 +3.5432e-001 -3.4853e+000
721 0 +3.533050800e+001 +3.533050800e+001 -2.324949200e+001 -2.324949200e+001 +1.5017e+000 -2.3733e+000 +3.9379e-001 +7.1933e-001 -4.5835e+000
770 0 +3.010873400e+001 +3.010873400e+001 -2.847126600e+001 -2.847126600e+001 -2.4342e-001 -9.2830e-001 +4.2555e-001 +1.4547e+000 -2.9016e+000
996 0 +2.792304004e+001 +2.792304004e+001 -3.065695996e+001 -3.065695996e+001 +1.5449e+000 -4.7297e+000 +2.0072e+000 +6.8341e-001 -3.2611e+000
1522 0 +2.172283940e+001 +2.172283940e+001 -3.685716060e+001 -3.685716060e+001 +3.6565e+000 -2.5307e+000 +5.6930e-001 +1.8788e+000 -4.2341e+000
2150 0 +1.634468797e+001 +1.634468797e+001 -4.223531203e+001 -4.223531203e+001 +1.5552e+000 -3.0996e+000 +1.0409e+000 +1.8825e+000 -3.1996e+000
2941 0 +1.595176483e+001 +1.595176483e+001 -4.262823517e+001 -4.262823517e+001 +2.5090e+000 -1.8169e+000 +1.4834e+000 +2.2500e+000 -3.1895e+000
3023 0 +1.479015278e+001 +1.479015278e+001 -4.378984722e+001 -4.378984722e+001 +2.4411e+000 -2.5222e+000 +1.4859e+000 +1.8038e+000 -3.6279e+000
3184 0 +1.086639169e+001 +1.086639169e+001 -4.771360831e+001 -4.771360831e+001 +2.5081e+000 -2.5270e+000 +3.6971e-001 +1.7732e+000 -3.6135e+000
3839 0 +1.069022745e+001 +1.069022745e+001 -4.788977255e+001 -4.788977255e+001 +2.4918e+000 -2.5226e+000 +1.0682e+000 +1.8380e+000 -3.1755e+000
4255 0 +9.530539924e+000 +9.530539924e+000 -4.904946008e+001 -4.904946008e+001 +2.5454e+000 -2.4767e+000 +3.1112e-001 +1.5202e+000 -3.2069e+000
4999 0 +9.153436394e+000 +9.153436394e+000 -4.942656361e+001 -4.942656361e+001 +2.6770e+000 -2.4752e+000 +4.7792e-001 +2.3437e+000 -3.1805e+000
5298 0 +7.529417313e+000 +7.529417313e+000 -5.105058269e+001 -5.105058269e+001 +2.5575e+000 -2.5684e+000 +1.0489e+000 +2.2959e+000 -3.5939e+000
5576 0 +6.684719438e+000 +6.684719438e+000 -5.189528056e+001 -5.189528056e+001 +2.6591e+000 -2.5071e+000 +9.3472e-001 +1.5009e+000 -3.2638e+000
5884 0 +6.369118253e+000 +6.369118253e+000 -5.221088175e+001 -5.221088175e+001 +2.4967e+000 -2.5284e+000 +9.5020e-001 +1.9279e+000 -3.2478e+000
5960 0 +5.155712161e+000 +5.155712161e+000 -5.342428784e+001 -5.342428784e+001 +2.5007e+000 -2.4489e+000 +9.6652e-001 +1.8421e+000 -3.1874e+000
6246 0 +2.053549510e+000 +2.053549510e+000 -5.652645049e+001 -5.652645049e+001 +2.6308e+000 -2.4642e+000 +9.5842e-001 +1.8665e+000 -3.2226e+000
8183 0 +1.758145226e+000 +1.758145226e+000 -5.682185477e+001 -5.682185477e+001 +2.5896e+000 -2.5227e+000 +9.8725e-001 +1.8438e+000 -3.2280e+000
8424 0 +1.550169174e+000 +1.550169174e+000 -5.702983083e+001 -5.702983083e+001 +2.5745e+000 -2.4919e+000 +9.9214e-001 +1.8798e+000 -3.2368e+000
8742 0 +1.339803968e+000 +1.339803968e+000 -5.724019603e+001 -5.724019603e+001 +2.5621e+000 -2.5114e+000 +9.8964e-001 +1.8692e+000 -3.2212e+000
8909 0 +1.249388642e+000 +1.249388642e+000 -5.733061136e+001 -5.733061136e+001 +2.6195e+000 -2.4982e+000 +9.7134e-001 +1.8734e+000 -3.2244e+000
9112 0 +1.169713335e+000 +1.169713335e+000 -5.741028667e+001 -5.741028667e+001 +2.6087e+000 -2.5206e+000 +9.7175e-001 +1.8683e+000 -3.2180e+000
9330 0 +1.093608421e+000 +1.093608421e+000 -5.748639158e+001 -5.748639158e+001 +2.5743e+000 -2.5151e+000 +9.7884e-001 +1.8638e+000 -3.2276e+000
9796 0 +1.024338269e+000 +1.024338269e+000 -5.755566173e+001 -5.755566173e+001 +2.5854e+000 -2.5075e+000 +9.6879e-001 +1.8648e+000 -3.2231e+000
9842 0 +9.993188848e-001 +9.993188848e-001 -5.758068112e+001 -5.758068112e+001 +2.5895e+000 -2.5059e+000 +9.7321e-001 +1.8647e+000 -3.2280e+000
% f evaluations | g evaluations | best noise-free fitness - Fopt | noise-free fitness - Fopt (-6.049200000000e+002) | measured fitness | best measured fitness | x1 | x2...
1 0 +1.001720677e+002 +1.001720677e+002 -5.047479323e+002 -5.047479323e+002 -1.5465e+000 -1.3867e+000 +7.4544e-002 +3.5109e-001 +6.2105e-001
2 0 +9.645794486e+001 +9.645794486e+001 -5.084620551e+002 -5.084620551e+002 +1.6789e+000 -9.8237e-001 +2.9556e-001 -2.0647e-001 -1.1237e+000
4 0 +9.099667477e+001 +9.099667477e+001 -5.139233252e+002 -5.139233252e+002 +1.2265e+000 -4.0731e-001 -1.3919e+000 +1.6876e+000 +7.9508e-001
14 0 +5.369505341e+001 +5.369505341e+001 -5.512249466e+002 -5.512249466e+002 +3.3980e-002 +9.5965e-001 +9.4543e-001 +2.5119e-001 +3.1832e-001
15 0 +4.917899305e+001 +4.917899305e+001 -5.557410069e+002 -5.557410069e+002 +1.5489e+000 -4.3569e-001 +9.1891e-001 +9.7140e-001 +1.0180e+000
18 0 +4.594653700e+001 +4.594653700e+001 -5.589734630e+002 -5.589734630e+002 -3.7755e-001 -6.8251e-002 +9.4044e-001 +9.2882e-001 +7.4221e-001
45 0 +3.568377984e+001 +3.568377984e+001 -5.692362202e+002 -5.692362202e+002 -1.9781e+000 -9.1729e-001 +4.2267e-001 +1.0219e+000 -2.7985e-002
272 0 +3.021542240e+001 +3.021542240e+001 -5.747045776e+002 -5.747045776e+002 +1.0235e+000 -4.2729e-001 +2.8560e+000 +2.3400e+000 +1.0633e-001
675 0 +2.707678854e+001 +2.707678854e+001 -5.778432115e+002 -5.778432115e+002 -1.8495e+000 -1.8714e+000 +2.8361e+000 +2.3620e+000 +1.0339e+000
835 0 +2.532426529e+001 +2.532426529e+001 -5.795957347e+002 -5.795957347e+002 -1.7990e+000 -1.0163e+000 +1.5613e+000 +2.2383e+000 +5.8476e-002
1333 0 +2.456235524e+001 +2.456235524e+001 -5.803576448e+002 -5.803576448e+002 -9.6580e-001 -1.6458e+000 +2.8094e+000 +1.0180e+000 +7.0075e-001
1845 0 +2.275580038e+001 +2.275580038e+001 -5.821641996e+002 -5.821641996e+002 -2.7529e+000 -1.1041e-001 +1.5244e+000 +1.5421e+000 +4.1649e-001
2227 0 +2.030110462e+001 +2.030110462e+001 -5.846188954e+002 -5.846188954e+002 -1.1146e+000 -1.1253e+000 +1.3616e+000 +1.9011e+000 +1.0950e-001
2293 0 +1.956241289e+001 +1.956241289e+001 -5.853575871e+002 -5.853575871e+002 -1.1715e+000 -2.8016e-001 +1.4342e+000 +2.3150e+000 -3.6612e-001
2448 0 +1.810956365e+001 +1.810956365e+001 -5.868104364e+002 -5.868104364e+002 -1.1158e+000 -3.8535e-001 +1.5548e+000 +9.8584e-001 +1.2404e-002
3692 0 +1.714940857e+001 +1.714940857e+001 -5.877705914e+002 -5.877705914e+002 -1.8991e+000 -1.8623e+000 +9.6552e-001 +1.9321e+000 -3.0592e-001
4429 0 +1.288187943e+001 +1.288187943e+001 -5.920381206e+002 -5.920381206e+002 -2.1061e+000 -1.0668e+000 +2.0964e+000 +2.3096e+000 +7.5741e-001
4589 0 +7.986198699e+000 +7.986198699e+000 -5.969338013e+002 -5.969338013e+002 -1.0614e+000 -9.4543e-001 +2.5949e+000 +1.5079e+000 +7.6336e-001
6047 0 +7.801392554e+000 +7.801392554e+000 -5.971186074e+002 -5.971186074e+002 -1.0963e+000 -1.0704e+000 +1.5264e+000 +1.5031e+000 +7.6175e-001
6778 0 +6.830839208e+000 +6.830839208e+000 -5.980891608e+002 -5.980891608e+002 -1.9229e+000 -1.6791e-001 +2.0511e+000 +1.9206e+000 +6.9104e-002
7740 0 +5.517392056e+000 +5.517392056e+000 -5.994026079e+002 -5.994026079e+002 -9.7408e-001 -1.6516e-001 +2.0572e+000 +1.9368e+000 +3.9818e-001
8222 0 +5.143349066e+000 +5.143349066e+000 -5.997766509e+002 -5.997766509e+002 -9.9382e-001 -2.4542e-001 +2.0710e+000 +1.8420e+000 +3.8800e-001
9431 0 +4.251705135e+000 +4.251705135e+000 -6.006682949e+002 -6.006682949e+002 -9.7380e-001 -3.5432e-001 +2.0363e+000 +1.8649e+000 +3.7275e-001
9477 0 +3.115263295e+000 +3.115263295e+000 -6.018047367e+002 -6.018047367e+002 -9.6167e-001 -2.4894e-001 +2.0533e+000 +1.8965e+000 +7.3471e-001
10696 0 +2.924873329e+000 +2.924873329e+000 -6.019951267e+002 -6.019951267e+002 -1.0300e+000 -1.7605e-001 +2.0879e+000 +1.8988e+000 +7.5189e-001
11237 0 +2.738003123e+000 +2.738003123e+000 -6.021819969e+002 -6.021819969e+002 -9.6876e-001 -1.9990e-001 +2.0518e+000 +1.8943e+000 +7.0568e-001
12059 0 +2.306766310e+000 +2.306766310e+000 -6.026132337e+002 -6.026132337e+002 -9.8789e-001 -1.8384e-001 +2.0554e+000 +1.8957e+000 +7.3010e-001
12289 0 +2.257250666e+000 +2.257250666e+000 -6.026627493e+002 -6.026627493e+002 -1.0163e+000 -1.7962e-001 +2.0582e+000 +1.8926e+000 +7.2918e-001
12604 0 +2.230398169e+000 +2.230398169e+000 -6.026896018e+002 -6.026896018e+002 -9.7744e-001 -1.8744e-001 +2.0695e+000 +1.8848e+000 +7.0880e-001
12709 0 +2.152284515e+000 +2.152284515e+000 -6.027677155e+002 -6.027677155e+002 -9.9378e-001 -1.9263e-001 +2.0727e+000 +1.8866e+000 +7.0817e-001
12822 0 +2.117221162e+000 +2.117221162e+000 -6.028027788e+002 -6.028027788e+002 -9.9325e-001 -1.8781e-001 +2.0601e+000 +1.8880e+000 +7.2231e-001
13008 0 +2.027597453e+000 +2.027597453e+000 -6.028924025e+002 -6.028924025e+002 -1.0061e+000 -1.7823e-001 +2.0686e+000 +1.8883e+000 +7.2244e-001
13744 0 +1.994726636e+000 +1.994726636e+000 -6.029252734e+002 -6.029252734e+002 -1.0006e+000 -1.8278e-001 +2.0744e+000 +1.8880e+000 +7.2095e-001
% f evaluations | g evaluations | best noise-free fitness - Fopt | noise-free fitness - Fopt (1.337000000000e+002) | measured fitness | best measured fitness | x1 | x2...
1 0 +9.383396441e+002 +9.383396441e+002 +1.072039644e+003 +1.072039644e+003 +3.3714e-001 +2.4777e-001 +8.8071e-001 +1.0339e+000 +1.1268e+000
2 0 +4.424570627e+002 +4.424570627e+002 +5.761570627e+002 +5.761570627e+002 -3.9492e-001 -1.3533e+000 -9.3375e-001 -1.0226e+000 -2.6936e-002
3 0 +2.592062452e+002 +2.592062452e+002 +3.929062452e+002 +3.929062452e+002 -1.0877e+000 -1.8077e+000 -2.6594e+000 -1.5892e+000 -1.4214e+000
4 0 +2.549543532e+002 +2.549543532e+002 +3.886543532e+002 +3.886543532e+002 -1.1885e-001 +3.2394e-001 -6.7754e-001 -1.0770e+000 -1.1331e+000
17 0 +1.378072604e+002 +1.378072604e+002 +2.715072604e+002 +2.715072604e+002 -1.1366e-001 -5.4808e-001 +1.5789e-001 -8.7591e-001 -1.9320e+000
27 0 +1.070925491e+002 +1.070925491e+002 +2.407925491e+002 +2.407925491e+002 -8.3924e-001 +1.2542e+000 -1.1051e+000 -1.0303e+000 -2.9800e+000
112 0 +9.402967893e+001 +9.402967893e+001 +2.277296789e+002 +2.277296789e+002 -2.0598e+000 -1.2654e+000 -8.1508e-001 +2.2718e+000 -4.5421e+000
116 0 +5.045144666e+001 +5.045144666e+001 +1.841514467e+002 +1.841514467e+002 +1.3985e+000 -2.3767e-002 +4.9190e-001 +1.3700e+000 -3.3621e+000
249 0 +4.189918238e+001 +4.189918238e+001 +1.755991824e+002 +1.755991824e+002 -1.0682e+000 +9.1490e-001 +1.9231e-001 +1.9774e+000 -3.0539e+000
535 0 +3.328814502e+001 +3.328814502e+001 +1.669881450e+002 +1.669881450e+002 +4.2593e-001 +2.3156e+000 +1.6058e+000 +2.3525e+000 -3.7105e+000
1282 0 +3.165790904e+001 +3.165790904e+001 +1.653579090e+002 +1.653579090e+002 +1.6510e+000 +1.0363e+000 -9.4508e-001 +1.3585e+000 -2.9773e+000
1515 0 +3.047886750e+001 +3.047886750e+001 +1.641788675e+002 +1.641788675e+002 +1.6131e+000 +1.7272e+000 +1.0454e-001 +9.8279e-001 -4.0437e+000
1722 0 +2.710815097e+001 +2.710815097e+001 +1.608081510e+002 +1.608081510e+002 +5.7368e-001 +2.8326e-001 -3.6750e-001 +1.9613e+000 -3.2175e+000
1994 0 +1.983920939e+001 +1.983920939e+001 +1.535392094e+002 +1.535392094e+002 +2.4164e+000 +7.7272e-001 -8.2053e-001 +1.9202e+000 -3.3552e+000
2078 0 +1.494432223e+001 +1.494432223e+001 +1.486443222e+002 +1.486443222e+002 +3.4717e+000 +2.4630e-001 +2.2201e-001 +2.3930e+000 -3.7354e+000
2931 0 +1.265467196e+001 +1.265467196e+001 +1.463546720e+002 +1.463546720e+002 +2.2989e+000 +1.0295e+000 -3.5947e-001 +1.9063e+000 -3.3893e+000
2940 0 +6.606090040e+000 +6.606090040e+000 +1.403060900e+002 +1.403060900e+002 +2.4578e+000 +1.8596e+000 -3.2484e-001 +1.9468e+000 -3.6715e+000
5111 0 +3.708987496e+000 +3.708987496e+000 +1.374089875e+002 +1.374089875e+002 +2.5132e+000 +1.0223e+000 -9.5835e-001 +1.5190e+000 -3.6830e+000
5563 0 +1.393402407e+000 +1.393402407e+000 +1.350934024e+002 +1.350934024e+002 +2.4642e+000 +1.7521e+000 -3.6529e-001 +1.9105e+000 -3.6823e+000
8364 0 +7.745934146e-001 +7.745934146e-001 +1.344745934e+002 +1.344745934e+002 +2.4721e+000 +9.7428e-001 -3.9919e-001 +1.9281e+000 -3.6985e+000
8933 0 +2.489519905e-001 +2.489519905e-001 +1.339489520e+002 +1.339489520e+002 +2.4987e+000 +9.4996e-001 -3.6871e-001 +1.9095e+000 -3.6838e+000
9531 0 +1.941892663e-001 +1.941892663e-001 +1.338941893e+002 +1.338941893e+002 +2.4849e+000 +9.5929e-001 -3.6554e-001 +1.9124e+000 -3.6813e+000
9835 0 +1.066740691e-001 +1.066740691e-001 +1.338066741e+002 +1.338066741e+002 +2.4772e+000 +9.4346e-001 -3.8851e-001 +1.9131e+000 -3.6874e+000
9950 0 +3.275234721e-002 +3.275234721e-002 +1.337327523e+002 +1.337327523e+002 +2.4736e+000 +9.6020e-001 -3.7275e-001 +1.9155e+000 -3.6887e+000
10268 0 +2.627612442e-002 +2.627612442e-002 +1.337262761e+002 +1.337262761e+002 +2.4788e+000 +9.5569e-001 -3.8251e-001 +1.9179e+000 -3.6891e+000
10468 0 +2.445477324e-002 +2.445477324e-002 +1.337244548e+002 +1.337244548e+002 +2.4790e+000 +9.4984e-001 -3.7596e-001 +1.9180e+000 -3.6886e+000
10616 0 +2.182131887e-002 +2.182131887e-002 +1.337218213e+002 +1.337218213e+002 +2.4699e+000 +9.5225e-001 -3.7629e-001 +1.9163e+000 -3.6896e+000
10757 0 +1.710887279e-002 +1.710887279e-002 +1.337171089e+002 +1.337171089e+002 +2.4712e+000 +9.5321e-001 -3.7897e-001 +1.9128e+000 -3.6870e+000
10896 0 +1.416342184e-002 +1.416342184e-002 +1.337141634e+002 +1.337141634e+002 +2.4793e+000 +9.5678e-001 -3.7789e-001 +1.9137e+000 -3.6860e+000
11051 0 +1.252603306e-002 +1.252603306e-002 +1.337125260e+002 +1.337125260e+002 +2.4733e+000 +9.5872e-001 -3.7650e-001 +1.9156e+000 -3.6882e+000
11106 0 +4.135855374e-003 +4.135855374e-003 +1.337041359e+002 +1.337041359e+002 +2.4747e+000 +9.5243e-001 -3.7832e-001 +1.9170e+000 -3.6882e+000
11501 0 +3.297533283e-003 +3.297533283e-003 +1.337032975e+002 +1.337032975e+002 +2.4750e+000 +9.5481e-001 -3.7694e-001 +1.9171e+000 -3.6866e+000
11653 0 +2.458689054e-003 +2.458689054e-003 +1.337024587e+002 +1.337024587e+002 +2.4748e+000 +9.5210e-001 -3.7842e-001 +1.9168e+000 -3.6870e+000
11923 0 +2.286298935e-003 +2.286298935e-003 +1.337022863e+002 +1.337022863e+002 +2.4743e+000 +9.5523e-001 -3.7831e-001 +1.9174e+000 -3.6875e+000
11981 0 +8.057374269e-004 +8.057374269e-004 +1.337008057e+002 +1.337008057e+002 +2.4756e+000 +9.5433e-001 -3.7863e-001 +1.9162e+000 -3.6878e+000
12088 0 +5.930555275e-004 +5.930555275e-004 +1.337005931e+002 +1.337005931e+002 +2.4749e+000 +9.5522e-001 -3.7839e-001 +1.9155e+000 -3.6873e+000
12254 0 +3.723791787e-004 +3.723791787e-004 +1.337003724e+002 +1.337003724e+002 +2.4755e+000 +9.5460e-001 -3.7831e-001 +1.9165e+000 -3.6873e+000
12287 0 +3.306956259e-004 +3.306956259e-004 +1.337003307e+002 +1.337003307e+002 +2.4751e+000 +9.5346e-001 -3.7816e-001 +1.9161e+000 -3.6872e+000
13131 0 +2.443639654e-004 +2.443639654e-004 +1.337002444e+002 +1.337002444e+002 +2.4756e+000 +9.5481e-001 -3.7795e-001 +1.9161e+000 -3.6871e+000
13162 0 +1.497612846e-004 +1.497612846e-004 +1.337001498e+002 +1.337001498e+002 +2.4745e+000 +9.5434e-001 -3.7856e-001 +1.9162e+000 -3.6872e+000
13605 0 +8.797484048e-005 +8.797484048e-005 +1.337000880e+002 +1.337000880e+002 +2.4756e+000 +9.5458e-001 -3.7828e-001 +1.9161e+000 -3.6871e+000
13984 0 +8.589750831e-005 +8.589750831e-005 +1.337000859e+002 +1.337000859e+002 +2.4756e+000 +9.5419e-001 -3.7833e-001 +1.9160e+000 -3.6871e+000
14135 0 +7.501248365e-005 +7.501248365e-005 +1.337000750e+002 +1.337000750e+002 +2.4752e+000 +9.5434e-001 -3.7847e-001 +1.9162e+000 -3.6873e+000
14398 0 +4.455903942e-005 +4.455903942e-005 +1.337000446e+002 +1.337000446e+002 +2.4753e+000 +9.5448e-001 -3.7822e-001 +1.9160e+000 -3.6871e+000
14707 0 +2.727295046e-005 +2.727295046e-005 +1.337000273e+002 +1.337000273e+002 +2.4749e+000 +9.5433e-001 -3.7833e-001 +1.9160e+000 -3.6871e+000
14869 0 +2.072347729e-005 +2.072347729e-005 +1.337000207e+002 +1.337000207e+002 +2.4750e+000 +9.5458e-001 -3.7837e-001 +1.9160e+000 -3.6872e+000
14974 0 +1.072165736e-005 +1.072165736e-005 +1.337000107e+002 +1.337000107e+002 +2.4751e+000 +9.5434e-001 -3.7845e-001 +1.9160e+000 -3.6872e+000
15077 0 +3.575694763e-006 +3.575694763e-006 +1.337000036e+002 +1.337000036e+002 +2.4752e+000 +9.5442e-001 -3.7838e-001 +1.9161e+000 -3.6872e+000
15929 0 +2.841465630e-006 +2.841465630e-006 +1.337000028e+002 +1.337000028e+002 +2.4753e+000 +9.5440e-001 -3.7835e-001 +1.9160e+000 -3.6872e+000
16214 0 +1.392174568e-006 +1.392174568e-006 +1.337000014e+002 +1.337000014e+002 +2.4752e+000 +9.5437e-001 -3.7839e-001 +1.9160e+000 -3.6872e+000
16774 0 +8.637444751e-007 +8.637444751e-007 +1.337000009e+002 +1.337000009e+002 +2.4752e+000 +9.5440e-001 -3.7840e-001 +1.9160e+000 -3.6872e+000
16870 0 +4.670889666e-007 +4.670889666e-007 +1.337000005e+002 +1.337000005e+002 +2.4752e+000 +9.5437e-001 -3.7839e-001 +1.9160e+000 -3.6872e+000
17557 0 +1.077370371e-007 +1.077370371e-007 +1.337000001e+002 +1.337000001e+002 +2.4752e+000 +9.5440e-001 -3.7841e-001 +1.9160e+000 -3.6872e+000
18425 0 +8.648672178e-008 +8.648672178e-008 +1.337000001e+002 +1.337000001e+002 +2.4752e+000 +9.5441e-001 -3.7840e-001 +1.9160e+000 -3.6872e+000
18632 0 +4.555860755e-008 +4.555860755e-008 +1.337000000e+002 +1.337000000e+002 +2.4752e+000 +9.5440e-001 -3.7840e-001 +1.9160e+000 -3.6872e+000
18959 0 +2.439801960e-008 +2.439801960e-008 +1.337000000e+002 +1.337000000e+002 +2.4752e+000 +9.5441e-001 -3.7840e-001 +1.9160e+000 -3.6872e+000
19510 0 +1.906619218e-008 +1.906619218e-008 +1.337000000e+002 +1.337000000e+002 +2.4752e+000 +9.5440e-001 -3.7840e-001 +1.9160e+000 -3.6872e+000
19607 0 +1.241849645e-008 +1.241849645e-008 +1.337000000e+002 +1.337000000e+002 +2.4752e+000 +9.5441e-001 -3.7840e-001 +1.9160e+000 -3.6872e+000
19685 0 +1.164357855e-008 +1.164357855e-008 +1.337000000e+002 +1.337000000e+002 +2.4752e+000 +9.5440e-001 -3.7840e-001 +1.9160e+000 -3.6872e+000
19789 0 +7.031587757e-009 +7.031587757e-009 +1.337000000e+002 +1.337000000e+002 +2.4752e+000 +9.5440e-001 -3.7840e-001 +1.9160e+000 -3.6872e+000
30373 0 +0.000000000e+000 +0.000000000e+000 +1.337000000e+002 +1.337000000e+002 +2.4752e+000 +9.5440e-001 -3.7840e-001 +1.9160e+000 -3.6872e+000
% f evaluations | g evaluations | best noise-free fitness - Fopt | noise-free fitness - Fopt (-2.098000000000e+001) | measured fitness | best measured fitness | x1 | x2...
1 0 +2.826954163e+002 +2.826954163e+002 +2.617154163e+002 +2.617154163e+002 -1.4776e+000 -8.6409e-001 +1.5880e-001 -1.4761e+000 -1.4281e+000
2 0 +1.817980445e+002 +1.817980445e+002 +1.608180445e+002 +1.608180445e+002 +1.0010e+000 +2.5229e-002 +9.2323e-001 -1.0945e+000 -1.0410e+000
3 0 +1.258813440e+002 +1.258813440e+002 +1.049013440e+002 +1.049013440e+002 +2.6160e+000 +2.1872e-001 -1.2659e+000 -1.6843e+000 +8.9922e-001
5 0 +5.679799464e+001 +5.679799464e+001 +3.581799464e+001 +3.581799464e+001 +1.8211e-001 +1.0675e+000 -1.3889e-001 +5.3445e-001 +1.0314e+000
112 0 +5.520473369e+001 +5.520473369e+001 +3.422473369e+001 +3.422473369e+001 -8.4359e-001 +3.5328e+000 -1.0142e+000 +7.8120e-001 +2.5434e+000
134 0 +4.980767796e+001 +4.980767796e+001 +2.882767796e+001 +2.882767796e+001 -9.3150e-001 +1.3490e+000 +7.7883e-001 +1.4506e+000 +1.8292e+000
154 0 +4.804602320e+001 +4.804602320e+001 +2.706602320e+001 +2.706602320e+001 +3.3178e-001 +7.5123e-001 +2.3329e-001 -9.0545e-002 +1.9237e+000
453 0 +1.707471660e+001 +1.707471660e+001 -3.905283404e+000 -3.905283404e+000 +1.3309e-001 +2.5732e+000 -3.4697e-001 +3.4592e-001 +3.2335e+000
1645 0 +1.405013718e+001 +1.405013718e+001 -6.929862820e+000 -6.929862820e+000 +2.1262e+000 +3.6303e+000 +2.7806e-001 +1.7023e-002 +2.8322e+000
1959 0 +1.314681566e+001 +1.314681566e+001 -7.833184340e+000 -7.833184340e+000 +1.9058e+000 +1.1608e+000 +8.3566e-001 +4.5750e-001 +2.8612e+000
2295 0 +1.234440208e+001 +1.234440208e+001 -8.635597919e+000 -8.635597919e+000 +9.9248e-001 +1.1760e+000 +2.0474e-001 -6.4911e-002 +2.1583e+000
3638 0 +1.179166608e+001 +1.179166608e+001 -9.188333925e+000 -9.188333925e+000 +2.0079e+000 +2.4871e+000 -2.6325e-001 +3.8947e-001 +2.8240e+000
4109 0 +9.562066406e+000 +9.562066406e+000 -1.141793359e+001 -1.141793359e+001 +1.1556e+000 +2.6051e+000 +3.1889e-001 +8.5499e-001 +2.4724e+000
5274 0 +9.041396417e+000 +9.041396417e+000 -1.193860358e+001 -1.193860358e+001 +2.0749e+000 +2.6323e+000 +2.1241e-001 +3.6731e-001 +2.9203e+000
5683 0 +8.603454944e+000 +8.603454944e+000 -1.237654506e+001 -1.237654506e+001 +2.0046e+000 +3.3220e+000 +2.2166e-001 -1.1621e-002 +2.8503e+000
6925 0 +8.484462593e+000 +8.484462593e+000 -1.249553741e+001 -1.249553741e+001 +1.9865e+000 +2.6600e+000 +2.2229e-001 +4.5709e-001 +2.4661e+000
7028 0 +7.967038823e+000 +7.967038823e+000 -1.301296118e+001 -1.301296118e+001 +2.0453e+000 +3.3034e+000 +2.8043e-001 -9.3974e-003 +2.5285e+000
7183 0 +5.322901672e+000 +5.322901672e+000 -1.565709833e+001 -1.565709833e+001 +2.0695e+000 +2.7851e+000 +2.1241e-001 -3.1675e-002 +2.8651e+000
7824 0 +4.917122735e+000 +4.917122735e+000 -1.606287726e+001 -1.606287726e+001 +2.0548e+000 +2.6606e+000 +3.3424e-001 +4.2218e-001 +2.4845e+000
8016 0 +4.621661326e+000 +4.621661326e+000 -1.635833867e+001 -1.635833867e+001 +2.0678e+000 +2.5959e+000 +2.8767e-001 +4.0146e-001 +2.5286e+000
8090 0 +4.006771995e+000 +4.006771995e+000 -1.697322800e+001 -1.697322800e+001 +2.1281e+000 +2.7950e+000 +2.1853e-001 +3.7764e-001 +2.4888e+000
8169 0 +2.965098043e+000 +2.965098043e+000 -1.801490196e+001 -1.801490196e+001 +2.0888e+000 +2.7861e+000 +2.3573e-001 +4.1744e-001 +2.4900e+000
8795 0 +2.608080984e+000 +2.608080984e+000 -1.837191902e+001 -1.837191902e+001 +2.0448e+000 +2.7497e+000 +2.8246e-001 +4.1784e-001 +2.4740e+000
8878 0 +2.487758258e+000 +2.487758258e+000 -1.849224174e+001 -1.849224174e+001 +2.0449e+000 +2.6211e+000 +2.7770e-001 +3.8241e-001 +2.4772e+000
8903 0 +1.965265079e+000 +1.965265079e+000 -1.901473492e+001 -1.901473492e+001 +2.0577e+000 +2.7197e+000 +2.8112e-001 +4.0880e-001 +2.4997e+000
9250 0 +1.658880554e+000 +1.658880554e+000 -1.932111945e+001 -1.932111945e+001 +2.0369e+000 +2.7360e+000 +2.5786e-001 +3.7418e-001 +2.5045e+000
9863 0 +1.609353009e+000 +1.609353009e+000 -1.937064699e+001 -1.937064699e+001 +2.0455e+000 +2.7234e+000 +2.4942e-001 +3.8821e-001 +2.5036e+000
9880 0 +1.392090933e+000 +1.392090933e+000 -1.958790907e+001 -1.958790907e+001 +2.0432e+000 +2.7191e+000 +2.7632e-001 +3.8479e-001 +2.4972e+000
10213 0 +1.356040003e+000 +1.356040003e+000 -1.962396000e+001 -1.962396000e+001 +2.0597e+000 +2.7276e+000 +2.5071e-001 +3.7833e-001 +2.4975e+000
10273 0 +1.235129289e+000 +1.235129289e+000 -1.974487071e+001 -1.974487071e+001 +2.0732e+000 +2.7368e+000 +2.7669e-001 +3.8684e-001 +2.4971e+000
10538 0 +1.146817444e+000 +1.146817444e+000 -1.983318256e+001 -1.983318256e+001 +2.0616e+000 +2.7288e+000 +2.7214e-001 +3.8498e-001 +2.4876e+000
11031 0 +1.050910588e+000 +1.050910588e+000 -1.992908941e+001 -1.992908941e+001 +2.0592e+000 +2.7399e+000 +2.5665e-001 +3.8566e-001 +2.4911e+000
11452 0 +1.036757869e+000 +1.036757869e+000 -1.994324213e+001 -1.994324213e+001 +2.0626e+000 +2.7482e+000 +2.6516e-001 +3.8391e-001 +2.4867e+000
11996 0 +1.009558067e+000 +1.009558067e+000 -1.997044193e+001 -1.997044193e+001 +2.0592e+000 +2.7531e+000 +2.6337e-001 +3.8358e-001 +2.4891e+000
13182 0 +9.974482371e-001 +9.974482371e-001 -1.998255176e+001 -1.998255176e+001 +2.0601e+000 +2.7522e+000 +2.6337e-001 +3.8541e-001 +2.4900e+000
% f evaluations | g evaluations | best noise-free fitness - Fopt | noise-free fitness - Fopt (1.353300000000e+002) | measured fitness | best measured fitness | x1 | x2...
1 0 +1.328969782e+002 +1.328969782e+002 +2.682269782e+002 +2.682269782e+002 -1.7019e+000 +3.7242e-001 -1.1976e+000 -1.8466e+000 +1.0888e+000
2 0 +9.818193552e+001 +9.818193552e+001 +2.335119355e+002 +2.335119355e+002 -6.3705e-001 +8.8870e-001 -5.6643e-001 -2.4861e+000 +5.6350e-001
79 0 +7.985300390e+001 +7.985300390e+001 +2.151830039e+002 +2.151830039e+002 -1.0614e+000 -5.8694e-001 +4.0007e-001 -1.7249e+000 +1.5187e+000
107 0 +7.581586257e+001 +7.581586257e+001 +2.111458626e+002 +2.111458626e+002 +9.2420e-001 +1.3476e+000 -1.5156e+000 -1.7692e+000 +2.4214e+000
109 0 +5.132726816e+001 +5.132726816e+001 +1.866572682e+002 +1.866572682e+002 -1.3512e+000 +1.6580e-001 -4.9087e-001 -2.4193e+000 +3.4477e+000
161 0 +4.936915598e+001 +4.936915598e+001 +1.846991560e+002 +1.846991560e+002 -3.4700e-001 +2.5368e-001 -5.1298e-001 -2.7541e+000 +2.5310e+000
269 0 +4.699595563e+001 +4.699595563e+001 +1.823259556e+002 +1.823259556e+002 +7.0974e-001 -8.6370e-001 +1.3199e+000 -3.4790e+000 +3.9888e+000
275 0 +3.597158742e+001 +3.597158742e+001 +1.713015874e+002 +1.713015874e+002 -1.4022e+000 -6.4899e-001 +9.5779e-001 -3.5793e+000 +3.6370e+000
528 0 +2.695249572e+001 +2.695249572e+001 +1.622824957e+002 +1.622824957e+002 -4.9807e-001 -5.1557e-001 +1.9883e+000 -3.0397e+000 +3.5536e+000
2072 0 +4.083537678e+000 +4.083537678e+000 +1.394135377e+002 +1.394135377e+002 +4.8262e-001 +8.8926e-003 +4.0401e-001 -3.0420e+000 +2.8630e+000
11682 0 +3.472707221e+000 +3.472707221e+000 +1.388027072e+002 +1.388027072e+002 +5.8337e-001 +8.2154e-001 +4.0313e-001 -2.5998e+000 +3.1913e+000
13885 0 +2.923214276e+000 +2.923214276e+000 +1.382532143e+002 +1.382532143e+002 +5.7646e-001 +7.4524e-001 +1.0040e+000 -2.6283e+000 +3.1924e+000
13995 0 +2.692732285e+000 +2.692732285e+000 +1.380227323e+002 +1.380227323e+002 +5.5057e-001 +7.7492e-001 +9.4701e-001 -2.6069e+000 +3.1884e+000
14407 0 +2.601786952e+000 +2.601786952e+000 +1.379317870e+002 +1.379317870e+002 +4.5960e-001 +8.4342e-001 +9.8579e-001 -2.6333e+000 +3.1651e+000
14713 0 +2.283155330e+000 +2.283155330e+000 +1.376131553e+002 +1.376131553e+002 +5.7365e-001 +8.5943e-001 +1.0003e+000 -2.6424e+000 +3.1901e+000
14820 0 +1.927199388e+000 +1.927199388e+000 +1.372571994e+002 +1.372571994e+002 +5.9205e-001 +8.6261e-001 +9.8417e-001 -2.6180e+000 +3.1907e+000
14880 0 +1.760969922e+000 +1.760969922e+000 +1.370909699e+002 +1.370909699e+002 +5.4683e-001 +8.1314e-001 +1.0014e+000 -2.6324e+000 +3.1775e+000
15605 0 +1.536183790e+000 +1.536183790e+000 +1.368661838e+002 +1.368661838e+002 +5.4480e-001 +8.1805e-001 +9.7313e-001 -2.6277e+000 +3.1642e+000
16000 0 +1.454682926e+000 +1.454682926e+000 +1.367846829e+002 +1.367846829e+002 +5.7880e-001 +8.4715e-001 +9.7379e-001 -2.6078e+000 +3.1806e+000
16068 0 +1.218825097e+000 +1.218825097e+000 +1.365488251e+002 +1.365488251e+002 +5.4847e-001 +8.3259e-001 +9.6721e-001 -2.6265e+000 +3.1814e+000
16533 0 +1.186729070e+000 +1.186729070e+000 +1.365167291e+002 +1.365167291e+002 +5.5752e-001 +8.3111e-001 +9.6797e-001 -2.6243e+000 +3.1754e+000
16760 0 +1.146708749e+000 +1.146708749e+000 +1.364767087e+002 +1.364767087e+002 +5.6069e-001 +8.5294e-001 +9.6847e-001 -2.6307e+000 +3.1757e+000
16962 0 +1.029509415e+000 +1.029509415e+000 +1.363595094e+002 +1.363595094e+002 +5.4604e-001 +8.5428e-001 +9.7713e-001 -2.6197e+000 +3.1725e+000
18081 0 +1.015088653e+000 +1.015088653e+000 +1.363450887e+002 +1.363450887e+002 +5.4615e-001 +8.5379e-001 +9.8208e-001 -2.6238e+000 +3.1752e+000
18943 0 +9.981693187e-001 +9.981693187e-001 +1.363281693e+002 +1.363281693e+002 +5.4396e-001 +8.5511e-001 +9.7594e-001 -2.6234e+000 +3.1769e+000
% f evaluations | g evaluations | best noise-free fitness - Fopt | noise-free fitness - Fopt (4.066000000000e+001) | measured fitness | best measured fitness | x1 | x2...
1 0 +1.371618433e+002 +1.371618433e+002 +1.778218433e+002 +1.778218433e+002 -8.8820e-001 +1.4870e-001 +3.8447e-002 -5.8520e-001 +9.8154e-001
7 0 +1.344144793e+002 +1.344144793e+002 +1.750744793e+002 +1.750744793e+002 -8.3320e-001 -2.1908e-001 -1.4592e+000 -1.8019e+000 +7.6881e-001
34 0 +1.249292762e+002 +1.249292762e+002 +1.655892762e+002 +1.655892762e+002 -2.2149e-001 -6.2507e-002 -6.6492e-001 -9.3994e-001 +1.0197e+000
58 0 +1.122408256e+002 +1.122408256e+002 +1.529008256e+002 +1.529008256e+002 -2.7160e-001 +1.1805e+000 +4.2008e-001 -1.7999e+000 -3.9967e-002
89 0 +8.196074518e+001 +8.196074518e+001 +1.226207452e+002 +1.226207452e+002 -9.3752e-002 +1.2603e+000 +4.1478e-001 -1.9557e+000 +1.0172e+000
119 0 +5.650021537e+001 +5.650021537e+001 +9.716021537e+001 +9.716021537e+001 +1.4067e-001 +1.8921e+000 +2.5583e+000 -2.1641e+000 +2.1642e+000
228 0 +3.315138563e+001 +3.315138563e+001 +7.381138563e+001 +7.381138563e+001 +2.1904e+000 -9.8745e-001 +2.4731e+000 -2.7070e+000 +1.7712e+000
1299 0 +2.801421881e+001 +2.801421881e+001 +6.867421881e+001 +6.867421881e+001 +1.8503e+000 +2.0472e+000 +4.4694e+000 -3.9108e+000 +2.1091e+000
1710 0 +2.594715598e+001 +2.594715598e+001 +6.660715598e+001 +6.660715598e+001 +7.8441e-001 +1.2286e+000 +3.9778e+000 -1.8327e+000 +1.4024e+000
2105 0 +2.087011180e+001 +2.087011180e+001 +6.153011180e+001 +6.153011180e+001 +2.9606e+000 +3.8991e-001 +3.7865e+000 -2.7467e+000 +2.3460e+000
2228 0 +1.964117069e+001 +1.964117069e+001 +6.030117069e+001 +6.030117069e+001 +3.1993e+000 +1.8555e+000 +2.8656e+000 -2.2193e+000 +2.4122e+000
2247 0 +1.710064757e+001 +1.710064757e+001 +5.776064757e+001 +5.776064757e+001 +2.0699e+000 +1.2666e+000 +3.3615e+000 -3.0449e+000 +7.5760e-001
2546 0 +1.435063532e+001 +1.435063532e+001 +5.501063532e+001 +5.501063532e+001 +3.2019e+000 +1.9326e+000 +3.9899e+000 -2.7505e+000 +1.7738e+000
3083 0 +1.216382503e+001 +1.216382503e+001 +5.282382503e+001 +5.282382503e+001 +2.9769e+000 +1.1716e+000 +3.4490e+000 -2.7049e+000 +1.0624e+000
3956 0 +3.753308591e+000 +3.753308591e+000 +4.441330859e+001 +4.441330859e+001 +3.1541e+000 +2.0469e+000 +3.9381e+000 -2.7011e+000 +1.7373e+000
7276 0 +2.409888138e+000 +2.409888138e+000 +4.306988814e+001 +4.306988814e+001 +3.0726e+000 +2.1199e+000 +3.9513e+000 -2.6887e+000 +1.7190e+000
7448 0 +2.205415508e+000 +2.205415508e+000 +4.286541551e+001 +4.286541551e+001 +3.0366e+000 +2.0319e+000 +3.9643e+000 -2.6963e+000 +1.7246e+000
7836 0 +1.804342930e+000 +1.804342930e+000 +4.246434293e+001 +4.246434293e+001 +3.0268e+000 +2.0050e+000 +3.9131e+000 -2.7048e+000 +1.7251e+000
7953 0 +1.387504123e+000 +1.387504123e+000 +4.204750412e+001 +4.204750412e+001 +3.0262e+000 +2.0657e+000 +3.9345e+000 -2.7033e+000 +1.7366e+000
8323 0 +1.266521901e+000 +1.266521901e+000 +4.192652190e+001 +4.192652190e+001 +3.0448e+000 +2.0600e+000 +3.9214e+000 -2.6864e+000 +1.7291e+000
8366 0 +1.198324892e+000 +1.198324892e+000 +4.185832489e+001 +4.185832489e+001 +3.0674e+000 +2.0736e+000 +3.9227e+000 -2.6991e+000 +1.7366e+000
8976 0 +1.125085457e+000 +1.125085457e+000 +4.178508546e+001 +4.178508546e+001 +3.0360e+000 +2.0836e+000 +3.9235e+000 -2.6947e+000 +1.7320e+000
9366 0 +1.076872408e+000 +1.076872408e+000 +4.173687241e+001 +4.173687241e+001 +3.0474e+000 +2.0833e+000 +3.9224e+000 -2.6972e+000 +1.7336e+000
9629 0 +1.062955572e+000 +1.062955572e+000 +4.172295557e+001 +4.172295557e+001 +3.0687e+000 +2.0754e+000 +3.9230e+000 -2.6993e+000 +1.7302e+000
9761 0 +1.028355003e+000 +1.028355003e+000 +4.168835500e+001 +4.168835500e+001 +3.0509e+000 +2.0827e+000 +3.9277e+000 -2.6968e+000 +1.7297e+000
10001 0 +1.019091322e+000 +1.019091322e+000 +4.167909132e+001 +4.167909132e+001 +3.0447e+000 +2.0738e+000 +3.9231e+000 -2.6969e+000 +1.7264e+000
11037 0 +9.972244975e-001 +9.972244975e-001 +4.165722450e+001 +4.165722450e+001 +3.0529e+000 +2.0791e+000 +3.9244e+000 -2.7002e+000 +1.7282e+000
