% function evaluation | noise-free fitness - Fopt (3.590000000000e+01) | best noise-free fitness - Fopt | measured fitness | best measured fitness | x1 | x2...
1 +1.109775280e+06 +1.109775280e+06 +1.109811180e+06 +1.109811180e+06 -4.9138e+00 +4.7746e+00 -3.3219e+00 -3.1818e+00 +4.8558e+00 +7.0201e-01 -1.3682e+00 -1.1533e+00 -4.0023e+00 -2.1512e+00
12 +8.561539812e+05 +8.561539812e+05 +8.561898812e+05 +8.561898812e+05 -4.2719e+00 +5.1271e+00 -2.3219e+00 -3.0498e+00 +4.3623e+00 +3.8508e-01 -1.8298e+00 -1.3759e+00 -3.8632e+00 -1.5005e+00
23 +2.947588695e+02 +2.947588695e+02 +3.306588695e+02 +3.306588695e+02 +1.5050e+00 +8.2994e+00 +6.6781e+00 -1.8619e+00 -7.8854e-02 -2.4673e+00 -5.9837e+00 -3.3796e+00 -2.6114e+00 +4.3561e+00
56 +2.229474826e+02 +2.229474826e+02 +2.588474826e+02 +2.588474826e+02 +1.3756e+00 +7.9631e+00 +5.9498e+00 -1.7329e+00 +1.2340e-01 -2.3964e+00 -5.7615e+00 -3.3827e+00 -2.7815e+00 +3.7876e+00
100 +7.228208197e+01 +7.228208197e+01 +1.081820820e+02 +1.081820820e+02 +6.6230e-01 +6.1042e+00 +1.9295e+00 -1.0159e+00 +1.2379e+00 -2.0042e+00 -4.5335e+00 -3.4010e+00 -3.7181e+00 +6.4974e-01
331 +6.288813190e+01 +6.288813190e+01 +9.878813190e+01 +9.878813190e+01 +8.0279e-01 +5.8501e+00 +1.8059e+00 -5.9342e-01 +1.1054e+00 -2.0320e+00 -4.4280e+00 -3.5633e+00 -3.6033e+00 +4.7453e-01
518 +3.932336122e+01 +3.932336122e+01 +7.522336122e+01 +7.522336122e+01 +1.3388e+00 +4.7537e+00 +1.9244e+00 +9.5286e-01 +6.8871e-01 -1.9073e+00 -4.0041e+00 -3.8060e+00 -3.1465e+00 +1.7061e-01
672 +2.350536703e+01 +2.350536703e+01 +5.940536703e+01 +5.940536703e+01 +1.8108e+00 +3.5201e+00 +2.2477e+00 +2.4877e+00 +3.8606e-01 -2.2034e+00 -3.3866e+00 -3.4648e+00 -2.8495e+00 -3.3468e-01
826 +1.544394897e+01 +1.544394897e+01 +5.134394897e+01 +5.134394897e+01 +2.0593e+00 +2.9383e+00 +2.3257e+00 +2.8980e+00 +3.0401e-01 -2.4690e+00 -3.1942e+00 -3.2082e+00 -2.9270e+00 -7.2087e-01
892 +9.219179108e+00 +9.219179108e+00 +4.511917911e+01 +4.511917911e+01 +2.4481e+00 +2.3931e+00 +2.3633e+00 +3.1786e+00 +2.1111e-01 -2.7492e+00 -3.0620e+00 -2.8502e+00 -3.0768e+00 -1.2523e+00
1167 +4.908513381e+00 +4.908513381e+00 +4.080851338e+01 +4.080851338e+01 +2.6362e+00 +1.8982e+00 +2.4558e+00 +3.3038e+00 -1.7018e-01 -2.9601e+00 -2.9699e+00 -2.4725e+00 -3.0825e+00 -1.7735e+00
1233 +3.213923327e+00 +3.213923327e+00 +3.911392333e+01 +3.911392333e+01 +2.6661e+00 +1.6366e+00 +2.5224e+00 +3.3159e+00 -4.8639e-01 -3.0493e+00 -2.9299e+00 -2.2489e+00 -3.0341e+00 -2.0668e+00
1255 +2.355469958e+00 +2.355469958e+00 +3.825546996e+01 +3.825546996e+01 +2.6840e+00 +1.4857e+00 +2.5612e+00 +3.3216e+00 -6.7058e-01 -3.1010e+00 -2.9075e+00 -2.1189e+00 -3.0062e+00 -2.2373e+00
1266 +1.285681745e+00 +1.285681745e+00 +3.718568175e+01 +3.718568175e+01 +2.7183e+00 +1.2003e+00 +2.6349e+00 +3.3318e+00 -1.0205e+00 -3.1989e+00 -2.8654e+00 -1.8724e+00 -2.9535e+00 -2.5613e+00
1486 +9.438640364e-01 +9.438640364e-01 +3.684386404e+01 +3.684386404e+01 +2.7022e+00 +1.1932e+00 +2.6478e+00 +3.3662e+00 -1.0382e+00 -3.1751e+00 -2.8394e+00 -1.8771e+00 -2.9799e+00 -2.6030e+00
1728 +6.290175212e-01 +6.290175212e-01 +3.652901752e+01 +3.652901752e+01 +2.6854e+00 +1.1857e+00 +2.6543e+00 +3.4524e+00 -1.1206e+00 -3.1135e+00 -2.7210e+00 -1.8859e+00 -3.0872e+00 -2.6637e+00
2091 +3.823188929e-01 +3.823188929e-01 +3.628231889e+01 +3.628231889e+01 +2.7096e+00 +1.1982e+00 +2.6915e+00 +3.4947e+00 -1.2147e+00 -3.0779e+00 -2.5988e+00 -1.9588e+00 -3.1810e+00 -2.7351e+00
2113 +2.491414301e-01 +2.491414301e-01 +3.614914143e+01 +3.614914143e+01 +2.7359e+00 +1.1361e+00 +2.7073e+00 +3.4413e+00 -1.3040e+00 -3.0955e+00 -2.5217e+00 -1.9756e+00 -3.1589e+00 -2.8373e+00
2322 +2.278181072e-02 +2.278181072e-02 +3.592278181e+01 +3.592278181e+01 +2.7629e+00 +1.1507e+00 +2.6064e+00 +3.3700e+00 -1.4198e+00 -3.0882e+00 -2.5214e+00 -2.1496e+00 -3.1796e+00 -2.8751e+00
2531 +1.228557801e-02 +1.228557801e-02 +3.591228558e+01 +3.591228558e+01 +2.7650e+00 +1.1398e+00 +2.5981e+00 +3.3852e+00 -1.4309e+00 -3.0898e+00 -2.5319e+00 -2.1421e+00 -3.1775e+00 -2.8852e+00
2553 +8.812957682e-03 +8.812957682e-03 +3.590881296e+01 +3.590881296e+01 +2.7655e+00 +1.1348e+00 +2.5961e+00 +3.3926e+00 -1.4340e+00 -3.0907e+00 -2.5363e+00 -2.1363e+00 -3.1763e+00 -2.8891e+00
2564 +5.031968527e-03 +5.031968527e-03 +3.590503197e+01 +3.590503197e+01 +2.7663e+00 +1.1277e+00 +2.5932e+00 +3.4033e+00 -1.4384e+00 -3.0918e+00 -2.5425e+00 -2.1281e+00 -3.1745e+00 -2.8946e+00
2784 +3.453597317e-03 +3.453597317e-03 +3.590345360e+01 +3.590345360e+01 +2.7684e+00 +1.1236e+00 +2.5920e+00 +3.4110e+00 -1.4368e+00 -3.0930e+00 -2.5455e+00 -2.1232e+00 -3.1714e+00 -2.8979e+00
2795 +2.074262077e-03 +2.074262077e-03 +3.590207426e+01 +3.590207426e+01 +2.7712e+00 +1.1213e+00 +2.5919e+00 +3.4167e+00 -1.4320e+00 -3.0940e+00 -2.5464e+00 -2.1203e+00 -3.1676e+00 -2.8998e+00
2828 +1.485290699e-03 +1.485290699e-03 +3.590148529e+01 +3.590148529e+01 +2.7724e+00 +1.1203e+00 +2.5919e+00 +3.4192e+00 -1.4300e+00 -3.0944e+00 -2.5469e+00 -2.1191e+00 -3.1660e+00 -2.9006e+00
2938 +9.479052762e-04 +9.479052762e-04 +3.590094791e+01 +3.590094791e+01 +2.7754e+00 +1.1185e+00 +2.5912e+00 +3.4240e+00 -1.4263e+00 -3.0953e+00 -2.5469e+00 -2.1168e+00 -3.1632e+00 -2.9016e+00
2982 +6.235376577e-04 +6.235376577e-04 +3.590062354e+01 +3.590062354e+01 +2.7773e+00 +1.1174e+00 +2.5908e+00 +3.4269e+00 -1.4242e+00 -3.0959e+00 -2.5468e+00 -2.1153e+00 -3.1615e+00 -2.9021e+00
3345 +3.921639064e-04 +3.921639064e-04 +3.590039216e+01 +3.590039216e+01 +2.7787e+00 +1.1177e+00 +2.5892e+00 +3.4277e+00 -1.4247e+00 -3.0962e+00 -2.5470e+00 -2.1158e+00 -3.1611e+00 -2.9035e+00
3829 +2.299906565e-04 +2.299906565e-04 +3.590022999e+01 +3.590022999e+01 +2.7805e+00 +1.1168e+00 +2.5886e+00 +3.4281e+00 -1.4248e+00 -3.0961e+00 -2.5473e+00 -2.1157e+00 -3.1613e+00 -2.9041e+00
3917 +1.258710817e-04 +1.258710817e-04 +3.590012587e+01 +3.590012587e+01 +2.7814e+00 +1.1160e+00 +2.5885e+00 +3.4276e+00 -1.4256e+00 -3.0961e+00 -2.5476e+00 -2.1163e+00 -3.1621e+00 -2.9044e+00
3928 +7.789197448e-05 +7.789197448e-05 +3.590007789e+01 +3.590007789e+01 +2.7820e+00 +1.1154e+00 +2.5884e+00 +3.4273e+00 -1.4262e+00 -3.0962e+00 -2.5478e+00 -2.1167e+00 -3.1627e+00 -2.9046e+00
4093 +6.137808769e-05 +6.137808769e-05 +3.590006138e+01 +3.590006138e+01 +2.7824e+00 +1.1149e+00 +2.5882e+00 +3.4271e+00 -1.4267e+00 -3.0962e+00 -2.5480e+00 -2.1170e+00 -3.1632e+00 -2.9048e+00
4170 +3.596529812e-05 +3.596529812e-05 +3.590003597e+01 +3.590003597e+01 +2.7822e+00 +1.1145e+00 +2.5878e+00 +3.4274e+00 -1.4268e+00 -3.0961e+00 -2.5481e+00 -2.1170e+00 -3.1633e+00 -2.9048e+00
4390 +2.495199414e-05 +2.495199414e-05 +3.590002495e+01 +3.590002495e+01 +2.7820e+00 +1.1144e+00 +2.5876e+00 +3.4275e+00 -1.4267e+00 -3.0960e+00 -2.5481e+00 -2.1171e+00 -3.1634e+00 -2.9048e+00
4522 +1.337518649e-05 +1.337518649e-05 +3.590001338e+01 +3.590001338e+01 +2.7818e+00 +1.1143e+00 +2.5874e+00 +3.4276e+00 -1.4265e+00 -3.0959e+00 -2.5480e+00 -2.1172e+00 -3.1634e+00 -2.9047e+00
4544 +8.457513530e-06 +8.457513530e-06 +3.590000846e+01 +3.590000846e+01 +2.7816e+00 +1.1142e+00 +2.5872e+00 +3.4276e+00 -1.4264e+00 -3.0959e+00 -2.5480e+00 -2.1173e+00 -3.1634e+00 -2.9046e+00
4863 +5.893621115e-06 +5.893621115e-06 +3.590000589e+01 +3.590000589e+01 +2.7815e+00 +1.1141e+00 +2.5871e+00 +3.4276e+00 -1.4265e+00 -3.0958e+00 -2.5480e+00 -2.1175e+00 -3.1635e+00 -2.9046e+00
5215 +3.908745121e-06 +3.908745121e-06 +3.590000391e+01 +3.590000391e+01 +2.7815e+00 +1.1140e+00 +2.5871e+00 +3.4276e+00 -1.4265e+00 -3.0959e+00 -2.5481e+00 -2.1176e+00 -3.1635e+00 -2.9046e+00
5479 +2.289516281e-06 +2.289516281e-06 +3.590000229e+01 +3.590000229e+01 +2.7814e+00 +1.1139e+00 +2.5872e+00 +3.4277e+00 -1.4265e+00 -3.0959e+00 -2.5481e+00 -2.1177e+00 -3.1634e+00 -2.9047e+00
5655 +1.079806999e-06 +1.079806999e-06 +3.590000108e+01 +3.590000108e+01 +2.7814e+00 +1.1138e+00 +2.5872e+00 +3.4278e+00 -1.4264e+00 -3.0960e+00 -2.5480e+00 -2.1177e+00 -3.1633e+00 -2.9047e+00
5666 +8.906276747e-07 +8.906276747e-07 +3.590000089e+01 +3.590000089e+01 +2.7814e+00 +1.1137e+00 +2.5872e+00 +3.4279e+00 -1.4264e+00 -3.0960e+00 -2.5480e+00 -2.1177e+00 -3.1633e+00 -2.9047e+00
63680 +4.865576244e-07 +4.865576244e-07 +3.590000049e+01 +3.590000049e+01 +2.7816e+00 +1.1137e+00 +2.5872e+00 +3.4280e+00 -1.4262e+00 -3.0960e+00 -2.5480e+00 -2.1177e+00 -3.1632e+00 -2.9047e+00
63779 +3.223720739e-07 +3.223720739e-07 +3.590000032e+01 +3.590000032e+01 +2.7816e+00 +1.1137e+00 +2.5872e+00 +3.4280e+00 -1.4263e+00 -3.0960e+00 -2.5480e+00 -2.1176e+00 -3.1632e+00 -2.9047e+00
63812 +2.019164853e-07 +2.019164853e-07 +3.590000020e+01 +3.590000020e+01 +2.7816e+00 +1.1137e+00 +2.5872e+00 +3.4280e+00 -1.4263e+00 -3.0960e+00 -2.5480e+00 -2.1176e+00 -3.1632e+00 -2.9047e+00
246962 +1.573108150e-07 +1.573108150e-07 +3.590000016e+01 +3.590000016e+01 +2.7816e+00 +1.1137e+00 +2.5872e+00 +3.4280e+00 -1.4263e+00 -3.0960e+00 -2.5480e+00 -2.1176e+00 -3.1632e+00 -2.9047e+00
247248 +9.995400774e-08 +9.995400774e-08 +3.590000010e+01 +3.590000010e+01 +2.7816e+00 +1.1136e+00 +2.5872e+00 +3.4280e+00 -1.4264e+00 -3.0960e+00 -2.5480e+00 -2.1176e+00 -3.1632e+00 -2.9047e+00
498081 +6.298979116e-08 +6.298979116e-08 +3.590000006e+01 +3.590000006e+01 +2.7816e+00 +1.1136e+00 +2.5872e+00 +3.4280e+00 -1.4264e+00 -3.0960e+00 -2.5480e+00 -2.1176e+00 -3.1632e+00 -2.9048e+00
% function evaluation | noise-free fitness - Fopt (3.137000000000e+01) | best noise-free fitness - Fopt | measured fitness | best measured fitness | x1 | x2...
1 +5.507520659e+05 +5.507520659e+05 +5.507834359e+05 +5.507834359e+05 -3.6223e+00 -4.8642e+00 -1.8306e+00 -2.3535e+00 +1.7809e+00 +4.8408e+00 -3.3138e+00 +2.7573e+00 +1.0009e+00 -2.1486e+00
12 +3.319887688e+05 +3.319887688e+05 +3.320201388e+05 +3.320201388e+05 -2.9976e+00 -3.8642e+00 -2.3002e+00 -2.3630e+00 +1.4220e+00 +4.1694e+00 -2.7614e+00 +2.8623e+00 +1.2741e+00 -1.6014e+00
23 +8.412444172e+04 +8.412444172e+04 +8.415581172e+04 +8.415581172e+04 -9.4506e-01 -9.1629e-01 -2.4476e+00 -2.0410e+00 +1.9128e-01 +2.3327e+00 -1.9447e+00 +3.5084e+00 +1.0063e+00 -3.7636e-01
34 +6.218513168e+04 +6.218513168e+04 +6.221650168e+04 +6.221650168e+04 +1.7528e+01 +2.5615e+01 -3.7745e+00 +8.5712e-01 -1.0885e+01 -1.4197e+01 +5.4054e+00 +9.3233e+00 -1.4040e+00 +1.0649e+01
45 +1.821649311e+04 +1.821649311e+04 +1.824786311e+04 +1.824786311e+04 +1.7428e+01 +2.5112e+01 -4.0006e+00 +8.6541e-01 -1.1356e+01 -1.4248e+01 +5.1557e+00 +9.7192e+00 -9.4322e-01 +1.0254e+01
56 +1.787348390e+03 +1.787348390e+03 +1.818718390e+03 +1.818718390e+03 +1.6907e+01 +2.2627e+01 -5.0908e+00 +9.0164e-01 -1.3606e+01 -1.4462e+01 +3.9335e+00 +1.1620e+01 +1.2866e+00 +8.3263e+00
89 +1.178729807e+03 +1.178729807e+03 +1.210099807e+03 +1.210099807e+03 +1.4153e+01 +1.8486e+01 -4.9605e+00 +6.0949e-01 -1.2045e+01 -1.2085e+01 +2.6278e+00 +1.0814e+01 +1.7554e+00 +6.6019e+00
100 +5.690083051e+02 +5.690083051e+02 +6.003783051e+02 +6.003783051e+02 +8.8419e+00 +1.0500e+01 -4.7080e+00 +4.6035e-02 -9.0317e+00 -7.5013e+00 +1.0978e-01 +9.2578e+00 +2.6577e+00 +3.2771e+00
122 +2.236282816e+02 +2.236282816e+02 +2.549982816e+02 +2.549982816e+02 +4.0615e+00 +3.3130e+00 -4.4808e+00 -4.6108e-01 -6.3198e+00 -3.3756e+00 -2.1564e+00 +7.8572e+00 +3.4697e+00 +2.8479e-01
254 +1.367467440e+02 +1.367467440e+02 +1.681167440e+02 +1.681167440e+02 +2.7091e+00 +1.9917e+00 -3.8571e+00 -5.5903e-01 -4.6999e+00 -2.0445e+00 -2.6226e+00 +6.6684e+00 +2.8312e+00 +9.0370e-03
353 +4.867760324e+01 +4.867760324e+01 +8.004760324e+01 +8.004760324e+01 +1.2493e+00 +1.6680e+00 -2.6047e+00 -5.8099e-01 -2.0279e+00 -4.7129e-01 -2.7782e+00 +4.5536e+00 +1.2373e+00 +5.6296e-01
584 +3.778682933e+01 +3.778682933e+01 +6.915682933e+01 +6.915682933e+01 +9.3094e-01 +1.8267e+00 -2.5902e+00 -2.4716e-01 -1.3906e+00 -3.8898e-01 -2.7485e+00 +3.9691e+00 +6.3775e-01 +7.7396e-01
804 +2.468324516e+01 +2.468324516e+01 +5.605324516e+01 +5.605324516e+01 +6.6754e-01 +1.8103e+00 -2.9641e+00 +2.5924e-01 -1.3096e+00 -6.1092e-01 -2.8536e+00 +3.8160e+00 +4.3437e-01 +7.6741e-01
859 +1.560716423e+01 +1.560716423e+01 +4.697716423e+01 +4.697716423e+01 +1.4504e-01 +1.7814e+00 -3.6834e+00 +1.2248e+00 -1.2035e+00 -1.0336e+00 -3.0685e+00 +3.5704e+00 +1.1413e-01 +7.6478e-01
1200 +7.361838897e+00 +7.361838897e+00 +3.873183890e+01 +3.873183890e+01 -1.9209e-01 +1.9028e+00 -3.7160e+00 +2.2341e+00 -1.4860e+00 -6.6973e-01 -3.3791e+00 +3.2185e+00 +2.7652e-01 +4.9995e-01
1387 +5.733257629e+00 +5.733257629e+00 +3.710325763e+01 +3.710325763e+01 -2.3800e-01 +1.9655e+00 -3.6322e+00 +2.5192e+00 -1.6311e+00 -4.5100e-01 -3.4801e+00 +3.0833e+00 +4.3214e-01 +3.8072e-01
1541 +2.882577988e+00 +2.882577988e+00 +3.425257799e+01 +3.425257799e+01 -2.9239e-01 +2.1277e+00 -3.6909e+00 +3.0672e+00 -1.9728e+00 -2.5555e-01 -3.5982e+00 +2.7031e+00 +5.7253e-01 +2.3779e-01
1585 +2.375990303e+00 +2.375990303e+00 +3.374599030e+01 +3.374599030e+01 -3.2186e-01 +2.2107e+00 -3.7289e+00 +3.3488e+00 -2.1440e+00 -1.6626e-01 -3.6577e+00 +2.5100e+00 +6.3655e-01 +1.6831e-01
1959 +1.422881840e+00 +1.422881840e+00 +3.279288184e+01 +3.279288184e+01 -3.1823e-01 +2.2620e+00 -3.7949e+00 +3.7509e+00 -2.3823e+00 +1.0452e-01 -3.6719e+00 +2.1633e+00 +6.9000e-01 +3.8228e-02
2102 +9.776004457e-01 +9.776004457e-01 +3.234760045e+01 +3.234760045e+01 -3.1091e-01 +2.1748e+00 -3.8759e+00 +3.7852e+00 -2.3400e+00 +1.7450e-01 -3.6117e+00 +2.0678e+00 +5.8423e-01 +3.0122e-02
2575 +6.301547115e-01 +6.301547115e-01 +3.200015471e+01 +3.200015471e+01 -3.1807e-01 +2.0954e+00 -3.9211e+00 +3.7427e+00 -2.2589e+00 +2.0523e-01 -3.5399e+00 +2.0254e+00 +4.8207e-01 +1.2455e-02
2608 +3.395703031e-01 +3.395703031e-01 +3.170957030e+01 +3.170957030e+01 -2.8945e-01 +2.0317e+00 -3.9496e+00 +3.6909e+00 -2.1438e+00 +2.1848e-01 -3.4646e+00 +1.9969e+00 +4.1522e-01 -2.6246e-02
2784 +2.506059925e-01 +2.506059925e-01 +3.162060599e+01 +3.162060599e+01 -2.7271e-01 +1.9944e+00 -3.9662e+00 +3.6607e+00 -2.0764e+00 +2.2624e-01 -3.4206e+00 +1.9803e+00 +3.7612e-01 -4.8906e-02
2883 +1.533274315e-01 +1.533274315e-01 +3.152332743e+01 +3.152332743e+01 -2.4915e-01 +1.9798e+00 -3.9453e+00 +3.6609e+00 -2.0159e+00 +2.3029e-01 -3.4208e+00 +1.9900e+00 +3.6538e-01 -7.3988e-02
2927 +8.968758313e-02 +8.968758313e-02 +3.145968758e+01 +3.145968758e+01 -2.2622e-01 +1.9658e+00 -3.9245e+00 +3.6616e+00 -1.9573e+00 +2.3418e-01 -3.4215e+00 +1.9998e+00 +3.5531e-01 -9.8363e-02
3125 +6.245575898e-02 +6.245575898e-02 +3.143245576e+01 +3.143245576e+01 -2.1239e-01 +1.9573e+00 -3.9025e+00 +3.6736e+00 -1.9182e+00 +2.3881e-01 -3.4381e+00 +2.0136e+00 +3.5937e-01 -1.2147e-01
3554 +3.896977972e-02 +3.896977972e-02 +3.140896978e+01 +3.140896978e+01 -2.1473e-01 +1.9551e+00 -3.8851e+00 +3.7100e+00 -1.9045e+00 +2.5149e-01 -3.4779e+00 +2.0246e+00 +3.7533e-01 -1.3714e-01
3873 +2.507913999e-02 +2.507913999e-02 +3.139507914e+01 +3.139507914e+01 -2.2274e-01 +1.9517e+00 -3.8952e+00 +3.7223e+00 -1.9183e+00 +2.5880e-01 -3.4843e+00 +2.0141e+00 +3.7107e-01 -1.3289e-01
4038 +1.469785296e-02 +1.469785296e-02 +3.138469785e+01 +3.138469785e+01 -2.3635e-01 +1.9378e+00 -3.8952e+00 +3.7269e+00 -1.9310e+00 +2.6310e-01 -3.4771e+00 +2.0024e+00 +3.6444e-01 -1.2653e-01
4049 +9.392684892e-03 +9.392684892e-03 +3.137939268e+01 +3.137939268e+01 -2.4418e-01 +1.9291e+00 -3.8880e+00 +3.7344e+00 -1.9324e+00 +2.6447e-01 -3.4798e+00 +2.0023e+00 +3.6569e-01 -1.2437e-01
4324 +4.298376864e-03 +4.298376864e-03 +3.137429838e+01 +3.137429838e+01 -2.5775e-01 +1.9140e+00 -3.8829e+00 +3.7308e+00 -1.9335e+00 +2.6622e-01 -3.4696e+00 +1.9958e+00 +3.5729e-01 -1.2034e-01
4335 +2.593400042e-03 +2.593400042e-03 +3.137259340e+01 +3.137259340e+01 -2.6372e-01 +1.9071e+00 -3.8801e+00 +3.7258e+00 -1.9311e+00 +2.6632e-01 -3.4630e+00 +1.9936e+00 +3.5224e-01 -1.1910e-01
4489 +2.470356525e-03 +2.470356525e-03 +3.137247036e+01 +3.137247036e+01 -2.6438e-01 +1.9059e+00 -3.8791e+00 +3.7255e+00 -1.9297e+00 +2.6630e-01 -3.4629e+00 +1.9934e+00 +3.5204e-01 -1.1922e-01
4819 +1.506739016e-03 +1.506739016e-03 +3.137150674e+01 +3.137150674e+01 -2.6601e-01 +1.9024e+00 -3.8767e+00 +3.7243e+00 -1.9250e+00 +2.6639e-01 -3.4629e+00 +1.9916e+00 +3.5163e-01 -1.2005e-01
4896 +9.480037830e-04 +9.480037830e-04 +3.137094800e+01 +3.137094800e+01 -2.6760e-01 +1.9006e+00 -3.8766e+00 +3.7247e+00 -1.9242e+00 +2.6674e-01 -3.4654e+00 +1.9893e+00 +3.5267e-01 -1.2118e-01
5292 +6.152755143e-04 +6.152755143e-04 +3.137061528e+01 +3.137061528e+01 -2.6809e-01 +1.9002e+00 -3.8781e+00 +3.7248e+00 -1.9242e+00 +2.6713e-01 -3.4659e+00 +1.9876e+00 +3.5265e-01 -1.2221e-01
5391 +2.672622519e-04 +2.672622519e-04 +3.137026726e+01 +3.137026726e+01 -2.6873e-01 +1.8992e+00 -3.8821e+00 +3.7224e+00 -1.9229e+00 +2.6834e-01 -3.4661e+00 +1.9849e+00 +3.5188e-01 -1.2512e-01
5589 +2.498178121e-04 +2.498178121e-04 +3.137024982e+01 +3.137024982e+01 -2.6866e-01 +1.8989e+00 -3.8827e+00 +3.7214e+00 -1.9223e+00 +2.6890e-01 -3.4659e+00 +1.9852e+00 +3.5168e-01 -1.2531e-01
5853 +1.554235085e-04 +1.554235085e-04 +3.137015542e+01 +3.137015542e+01 -2.6936e-01 +1.8982e+00 -3.8843e+00 +3.7202e+00 -1.9213e+00 +2.7043e-01 -3.4662e+00 +1.9853e+00 +3.5153e-01 -1.2591e-01
6238 +8.799008348e-05 +8.799008348e-05 +3.137008799e+01 +3.137008799e+01 -2.7047e-01 +1.8979e+00 -3.8847e+00 +3.7212e+00 -1.9215e+00 +2.7074e-01 -3.4669e+00 +1.9846e+00 +3.5185e-01 -1.2656e-01
6425 +5.954541891e-05 +5.954541891e-05 +3.137005955e+01 +3.137005955e+01 -2.7085e-01 +1.8977e+00 -3.8843e+00 +3.7219e+00 -1.9216e+00 +2.7064e-01 -3.4670e+00 +1.9846e+00 +3.5201e-01 -1.2671e-01
6645 +3.958964473e-05 +3.958964473e-05 +3.137003959e+01 +3.137003959e+01 -2.7109e-01 +1.8974e+00 -3.8844e+00 +3.7217e+00 -1.9211e+00 +2.7132e-01 -3.4670e+00 +1.9852e+00 +3.5188e-01 -1.2680e-01
6678 +2.459935976e-05 +2.459935976e-05 +3.137002460e+01 +3.137002460e+01 -2.7140e-01 +1.8972e+00 -3.8842e+00 +3.7223e+00 -1.9210e+00 +2.7143e-01 -3.4669e+00 +1.9854e+00 +3.5181e-01 -1.2697e-01
6843 +1.584583542e-05 +1.584583542e-05 +3.137001585e+01 +3.137001585e+01 -2.7158e-01 +1.8971e+00 -3.8841e+00 +3.7226e+00 -1.9210e+00 +2.7138e-01 -3.4668e+00 +1.9854e+00 +3.5177e-01 -1.2705e-01
7074 +9.648294061e-06 +9.648294061e-06 +3.137000965e+01 +3.137000965e+01 -2.7174e-01 +1.8971e+00 -3.8840e+00 +3.7230e+00 -1.9211e+00 +2.7117e-01 -3.4666e+00 +1.9853e+00 +3.5175e-01 -1.2714e-01
7459 +4.313627112e-06 +4.313627112e-06 +3.137000431e+01 +3.137000431e+01 -2.7187e-01 +1.8970e+00 -3.8839e+00 +3.7233e+00 -1.9210e+00 +2.7091e-01 -3.4663e+00 +1.9850e+00 +3.5156e-01 -1.2718e-01
7481 +3.435784127e-06 +3.435784127e-06 +3.137000344e+01 +3.137000344e+01 -2.7187e-01 +1.8970e+00 -3.8839e+00 +3.7232e+00 -1.9210e+00 +2.7091e-01 -3.4663e+00 +1.9849e+00 +3.5149e-01 -1.2717e-01
17051 +2.481387796e-06 +2.481387796e-06 +3.137000248e+01 +3.137000248e+01 -2.7183e-01 +1.8968e+00 -3.8839e+00 +3.7230e+00 -1.9209e+00 +2.7122e-01 -3.4665e+00 +1.9851e+00 +3.5130e-01 -1.2708e-01
17161 +1.574457084e-06 +1.574457084e-06 +3.137000157e+01 +3.137000157e+01 -2.7188e-01 +1.8968e+00 -3.8839e+00 +3.7230e+00 -1.9209e+00 +2.7116e-01 -3.4664e+00 +1.9850e+00 +3.5128e-01 -1.2717e-01
17381 +9.067144688e-07 +9.067144688e-07 +3.137000091e+01 +3.137000091e+01 -2.7194e-01 +1.8968e+00 -3.8839e+00 +3.7231e+00 -1.9208e+00 +2.7111e-01 -3.4664e+00 +1.9850e+00 +3.5127e-01 -1.2722e-01
17867 +6.307360430e-07 +6.307360430e-07 +3.137000063e+01 +3.137000063e+01 -2.7197e-01 +1.8968e+00 -3.8839e+00 +3.7231e+00 -1.9208e+00 +2.7110e-01 -3.4663e+00 +1.9849e+00 +3.5126e-01 -1.2715e-01
18008 +3.937562489e-07 +3.937562489e-07 +3.137000039e+01 +3.137000039e+01 -2.7199e-01 +1.8968e+00 -3.8839e+00 +3.7232e+00 -1.9208e+00 +2.7110e-01 -3.4663e+00 +1.9849e+00 +3.5125e-01 -1.2714e-01
47873 +2.331299456e-07 +2.331299456e-07 +3.137000023e+01 +3.137000023e+01 -2.7197e-01 +1.8968e+00 -3.8840e+00 +3.7231e+00 -1.9208e+00 +2.7115e-01 -3.4664e+00 +1.9849e+00 +3.5123e-01 -1.2714e-01
48280 +1.124797784e-07 +1.124797784e-07 +3.137000011e+01 +3.137000011e+01 -2.7196e-01 +1.8968e+00 -3.8840e+00 +3.7232e+00 -1.9208e+00 +2.7119e-01 -3.4664e+00 +1.9849e+00 +3.5122e-01 -1.2717e-01
48357 +9.998472095e-08 +9.998472095e-08 +3.137000010e+01 +3.137000010e+01 -2.7196e-01 +1.8968e+00 -3.8840e+00 +3.7232e+00 -1.9208e+00 +2.7120e-01 -3.4664e+00 +1.9848e+00 +3.5121e-01 -1.2718e-01
486190 +5.298275241e-08 +5.298275241e-08 +3.137000005e+01 +3.137000005e+01 -2.7199e-01 +1.8968e+00 -3.8840e+00 +3.7232e+00 -1.9208e+00 +2.7118e-01 -3.4664e+00 +1.9848e+00 +3.5121e-01 -1.2718e-01
486300 +3.782764679e-08 +3.782764679e-08 +3.137000004e+01 +3.137000004e+01 -2.7199e-01 +1.8968e+00 -3.8840e+00 +3.7232e+00 -1.9208e+00 +2.7118e-01 -3.4664e+00 +1.9848e+00 +3.5121e-01 -1.2719e-01
% function evaluation | noise-free fitness - Fopt (-1.000000000000e+03) | best noise-free fitness - Fopt | measured fitness | best measured fitness | x1 | x2...
1 +5.828188800e+05 +5.828188800e+05 +5.818188800e+05 +5.818188800e+05 +1.9967e+00 -3.1877e+00 -4.8799e+00 -1.7783e+00 +7.0132e-01 +2.4383e+00 +2.6004e-01 -7.4796e-01 +8.5456e-01 +4.9784e+00
12 +3.655903492e+05 +3.655903492e+05 +3.645903492e+05 +3.645903492e+05 +1.4300e+00 -3.2507e+00 -4.2401e+00 -1.1458e+00 -2.9868e-01 +1.9423e+00 +6.2104e-01 -1.3298e+00 +5.7151e-01 +5.2971e+00
23 +2.316277876e+05 +2.316277876e+05 +2.306277876e+05 +2.306277876e+05 +8.6338e-01 -3.3137e+00 -3.6002e+00 -5.1339e-01 -1.2987e+00 +1.4463e+00 +9.8204e-01 -1.9117e+00 +2.8846e-01 +5.6157e+00
34 +3.595414976e+04 +3.595414976e+04 +3.495414976e+04 +3.495414976e+04 -4.2364e+00 -3.8809e+00 +2.1587e+00 +5.1787e+00 -1.0299e+01 -3.0175e+00 +4.2310e+00 -7.1483e+00 -2.2590e+00 +8.4835e+00
45 +1.143587897e+03 +1.143587897e+03 +1.435878974e+02 +1.435878974e+02 -7.6245e+00 -3.5027e+00 +4.4223e+00 +3.4199e+00 -8.6775e+00 -1.0612e+00 +7.0434e+00 -6.6005e+00 -4.4315e+00 +1.1665e+01
56 +8.156083148e+02 +8.156083148e+02 -1.843916852e+02 -1.843916852e+02 -7.5111e+00 -3.2251e+00 +4.6709e+00 +3.8233e+00 -8.8169e+00 -1.0423e+00 +7.5722e+00 -6.5698e+00 -4.0139e+00 +1.1645e+01
89 +4.979722423e+02 +4.979722423e+02 -5.020277577e+02 -5.020277577e+02 -5.4659e+00 -2.8278e+00 +3.4087e+00 +3.3429e+00 -6.8696e+00 -4.2185e-01 +5.9032e+00 -5.9136e+00 -3.1213e+00 +1.0132e+01
122 +2.447318498e+02 +2.447318498e+02 -7.552681502e+02 -7.552681502e+02 -3.1644e+00 -2.3808e+00 +1.9885e+00 +2.8022e+00 -4.6783e+00 +2.7630e-01 +4.0250e+00 -5.1752e+00 -2.1168e+00 +8.4286e+00
309 +1.194965691e+02 +1.194965691e+02 -8.805034309e+02 -8.805034309e+02 -9.0489e-01 -2.1041e+00 +1.1563e+00 +2.3285e+00 -2.9492e+00 +8.1954e-01 +2.3319e+00 -4.9144e+00 -1.4052e+00 +6.9076e+00
397 +9.059376798e+01 +9.059376798e+01 -9.094062320e+02 -9.094062320e+02 -1.4572e-01 -2.0162e+00 +1.2166e+00 +2.2574e+00 -2.2612e+00 +8.3309e-01 +1.6931e+00 -5.0947e+00 -1.0332e+00 +6.3782e+00
518 +5.618548526e+01 +5.618548526e+01 -9.438145147e+02 -9.438145147e+02 +7.4540e-01 -1.9351e+00 +1.4764e+00 +2.1236e+00 -1.4033e+00 +6.9950e-01 +8.1330e-01 -5.2507e+00 -4.3162e-01 +5.7076e+00
694 +2.749958682e+01 +2.749958682e+01 -9.725004132e+02 -9.725004132e+02 +3.9743e-01 -1.8043e+00 +2.6914e+00 +2.4515e+00 -1.1057e+00 +1.3518e-01 -1.8288e-02 -5.4333e+00 -2.3390e-02 +4.8192e+00
837 +2.434526089e+01 +2.434526089e+01 -9.756547391e+02 -9.756547391e+02 +3.4108e-01 -1.9513e+00 +2.8254e+00 +2.5696e+00 -1.0729e+00 +7.3615e-02 -9.6245e-02 -5.3995e+00 -1.1487e-02 +4.6410e+00
870 +1.279006498e+01 +1.279006498e+01 -9.872099350e+02 -9.872099350e+02 +6.4450e-02 -2.8204e+00 +3.4919e+00 +3.2344e+00 -8.9597e-01 -2.3374e-01 -4.8167e-01 -5.1786e+00 +1.5961e-02 +3.6896e+00
1178 +6.687344045e+00 +6.687344045e+00 -9.933126560e+02 -9.933126560e+02 +7.4397e-02 -3.3269e+00 +3.6500e+00 +3.5224e+00 -9.3045e-01 -4.3217e-01 -5.9980e-01 -4.7521e+00 -4.0778e-01 +2.6366e+00
1200 +5.855804679e+00 +5.855804679e+00 -9.941441953e+02 -9.941441953e+02 +1.0521e-01 -3.3842e+00 +3.6279e+00 +3.5377e+00 -9.5821e-01 -4.5797e-01 -5.9466e-01 -4.6523e+00 -5.3195e-01 +2.4312e+00
1365 +2.900792382e+00 +2.900792382e+00 -9.970992076e+02 -9.970992076e+02 +2.3261e-01 -3.4498e+00 +3.5670e+00 +3.4654e+00 -1.0399e+00 -3.4437e-01 -4.8179e-01 -4.3047e+00 -9.7696e-01 +1.8857e+00
1651 +2.501633368e+00 +2.501633368e+00 -9.974983666e+02 -9.974983666e+02 +2.9972e-01 -3.4484e+00 +3.5084e+00 +3.4300e+00 -1.0820e+00 -2.6916e-01 -4.5865e-01 -4.1734e+00 -1.1406e+00 +1.7062e+00
1849 +1.510390552e+00 +1.510390552e+00 -9.984896094e+02 -9.984896094e+02 +3.3556e-01 -3.4068e+00 +3.3971e+00 +3.4392e+00 -9.6165e-01 -2.4252e-01 -5.0119e-01 -4.1450e+00 -1.1388e+00 +1.6504e+00
2135 +4.069133954e-01 +4.069133954e-01 -9.995930866e+02 -9.995930866e+02 -2.6132e-02 -3.3181e+00 +3.1185e+00 +3.6666e+00 -8.8061e-01 -1.4147e-01 -6.8235e-01 -3.8554e+00 -1.2101e+00 +1.4626e+00
2289 +3.912580042e-01 +3.912580042e-01 -9.996087420e+02 -9.996087420e+02 -3.8154e-02 -3.3138e+00 +3.1063e+00 +3.6715e+00 -8.7925e-01 -1.3993e-01 -6.8577e-01 -3.8475e+00 -1.2128e+00 +1.4567e+00
2542 +2.357655669e-01 +2.357655669e-01 -9.997642344e+02 -9.997642344e+02 -1.6846e-01 -3.2753e+00 +2.9620e+00 +3.7083e+00 -8.6233e-01 -1.0950e-01 -7.1819e-01 -3.7836e+00 -1.2329e+00 +1.3752e+00
2608 +1.543819345e-01 +1.543819345e-01 -9.998456181e+02 -9.998456181e+02 -1.6555e-01 -3.2843e+00 +2.9289e+00 +3.6759e+00 -8.5057e-01 -9.0791e-02 -7.0700e-01 -3.8267e+00 -1.2132e+00 +1.3455e+00
2641 +8.547122582e-02 +8.547122582e-02 -9.999145288e+02 -9.999145288e+02 -1.6113e-01 -3.2991e+00 +2.8751e+00 +3.6232e+00 -8.3074e-01 -6.0788e-02 -6.8865e-01 -3.8979e+00 -1.1801e+00 +1.2973e+00
2938 +6.145344926e-02 +6.145344926e-02 -9.999385466e+02 -9.999385466e+02 -1.5969e-01 -3.3083e+00 +2.8513e+00 +3.5964e+00 -8.2177e-01 -4.9318e-02 -6.8427e-01 -3.9290e+00 -1.1639e+00 +1.2715e+00
3103 +3.685369999e-02 +3.685369999e-02 -9.999631463e+02 -9.999631463e+02 -1.6032e-01 -3.3206e+00 +2.8450e+00 +3.5759e+00 -8.2095e-01 -5.1884e-02 -6.9875e-01 -3.9325e+00 -1.1567e+00 +1.2453e+00
3147 +2.500639334e-02 +2.500639334e-02 -9.999749936e+02 -9.999749936e+02 -1.6344e-01 -3.3237e+00 +2.8480e+00 +3.5756e+00 -8.2340e-01 -5.7012e-02 -7.0925e-01 -3.9237e+00 -1.1610e+00 +1.2384e+00
3191 +1.560468597e-02 +1.560468597e-02 -9.999843953e+02 -9.999843953e+02 -1.6852e-01 -3.3289e+00 +2.8528e+00 +3.5749e+00 -8.2735e-01 -6.5340e-02 -7.2648e-01 -3.9095e+00 -1.1679e+00 +1.2267e+00
3400 +8.980018149e-03 +8.980018149e-03 -9.999910200e+02 -9.999910200e+02 -1.7339e-01 -3.3317e+00 +2.8528e+00 +3.5731e+00 -8.3207e-01 -6.9528e-02 -7.4361e-01 -3.8995e+00 -1.1725e+00 +1.2185e+00
3444 +5.467076683e-03 +5.467076683e-03 -9.999945329e+02 -9.999945329e+02 -1.7767e-01 -3.3326e+00 +2.8494e+00 +3.5707e+00 -8.3694e-01 -7.0239e-02 -7.5914e-01 -3.8934e+00 -1.1750e+00 +1.2134e+00
3675 +3.058994031e-03 +3.058994031e-03 -9.999969410e+02 -9.999969410e+02 -1.8102e-01 -3.3319e+00 +2.8403e+00 +3.5655e+00 -8.4001e-01 -6.9744e-02 -7.6928e-01 -3.8933e+00 -1.1770e+00 +1.2075e+00
3862 +2.504916534e-03 +2.504916534e-03 -9.999974951e+02 -9.999974951e+02 -1.8227e-01 -3.3315e+00 +2.8366e+00 +3.5636e+00 -8.4108e-01 -6.9539e-02 -7.7275e-01 -3.8934e+00 -1.1779e+00 +1.2053e+00
4170 +1.536775198e-03 +1.536775198e-03 -9.999984632e+02 -9.999984632e+02 -1.8372e-01 -3.3302e+00 +2.8331e+00 +3.5656e+00 -8.4054e-01 -6.7734e-02 -7.7164e-01 -3.8948e+00 -1.1798e+00 +1.2033e+00
4203 +6.081135411e-04 +6.081135411e-04 -9.999993919e+02 -9.999993919e+02 -1.8642e-01 -3.3283e+00 +2.8271e+00 +3.5688e+00 -8.3995e-01 -6.4160e-02 -7.6900e-01 -3.8980e+00 -1.1830e+00 +1.1998e+00
4687 +3.556990157e-04 +3.556990157e-04 -9.999996443e+02 -9.999996443e+02 -1.8723e-01 -3.3280e+00 +2.8241e+00 +3.5694e+00 -8.4038e-01 -6.2525e-02 -7.6841e-01 -3.9007e+00 -1.1839e+00 +1.1969e+00
4896 +2.338021255e-04 +2.338021255e-04 -9.999997662e+02 -9.999997662e+02 -1.8693e-01 -3.3286e+00 +2.8237e+00 +3.5688e+00 -8.4095e-01 -6.2647e-02 -7.6908e-01 -3.9015e+00 -1.1831e+00 +1.1952e+00
5061 +1.481711201e-04 +1.481711201e-04 -9.999998518e+02 -9.999998518e+02 -1.8652e-01 -3.3294e+00 +2.8236e+00 +3.5685e+00 -8.4106e-01 -6.2507e-02 -7.6908e-01 -3.9019e+00 -1.1825e+00 +1.1940e+00
5105 +9.893356241e-05 +9.893356241e-05 -9.999999011e+02 -9.999999011e+02 -1.8599e-01 -3.3302e+00 +2.8240e+00 +3.5680e+00 -8.4084e-01 -6.1866e-02 -7.6860e-01 -3.9020e+00 -1.1820e+00 +1.1930e+00
5347 +4.558280148e-05 +4.558280148e-05 -9.999999544e+02 -9.999999544e+02 -1.8571e-01 -3.3304e+00 +2.8246e+00 +3.5684e+00 -8.4042e-01 -6.1140e-02 -7.6824e-01 -3.9007e+00 -1.1826e+00 +1.1919e+00
5501 +3.010761191e-05 +3.010761191e-05 -9.999999699e+02 -9.999999699e+02 -1.8590e-01 -3.3302e+00 +2.8248e+00 +3.5688e+00 -8.4018e-01 -6.1237e-02 -7.6842e-01 -3.9000e+00 -1.1830e+00 +1.1918e+00
5842 +2.289752160e-05 +2.289752160e-05 -9.999999771e+02 -9.999999771e+02 -1.8582e-01 -3.3305e+00 +2.8248e+00 +3.5686e+00 -8.4012e-01 -6.1249e-02 -7.6853e-01 -3.9001e+00 -1.1827e+00 +1.1914e+00
5864 +1.508775358e-05 +1.508775358e-05 -9.999999849e+02 -9.999999849e+02 -1.8592e-01 -3.3305e+00 +2.8249e+00 +3.5688e+00 -8.3991e-01 -6.1339e-02 -7.6872e-01 -3.8997e+00 -1.1829e+00 +1.1911e+00
6029 +9.265237281e-06 +9.265237281e-06 -9.999999907e+02 -9.999999907e+02 -1.8599e-01 -3.3305e+00 +2.8248e+00 +3.5689e+00 -8.3985e-01 -6.1438e-02 -7.6889e-01 -3.8995e+00 -1.1829e+00 +1.1909e+00
6106 +5.957344683e-06 +5.957344683e-06 -9.999999940e+02 -9.999999940e+02 -1.8606e-01 -3.3304e+00 +2.8246e+00 +3.5689e+00 -8.3991e-01 -6.1573e-02 -7.6911e-01 -3.8995e+00 -1.1829e+00 +1.1907e+00
6557 +3.673786182e-06 +3.673786182e-06 -9.999999963e+02 -9.999999963e+02 -1.8614e-01 -3.3304e+00 +2.8244e+00 +3.5689e+00 -8.3991e-01 -6.1661e-02 -7.6926e-01 -3.8994e+00 -1.1830e+00 +1.1906e+00
6788 +1.947282954e-06 +1.947282954e-06 -9.999999981e+02 -9.999999981e+02 -1.8625e-01 -3.3304e+00 +2.8242e+00 +3.5690e+00 -8.3992e-01 -6.1650e-02 -7.6934e-01 -3.8994e+00 -1.1830e+00 +1.1906e+00
6832 +1.557843575e-06 +1.557843575e-06 -9.999999984e+02 -9.999999984e+02 -1.8633e-01 -3.3304e+00 +2.8241e+00 +3.5690e+00 -8.3993e-01 -6.1633e-02 -7.6939e-01 -3.8993e+00 -1.1831e+00 +1.1905e+00
28425 +9.530202760e-07 +9.530202760e-07 -9.999999990e+02 -9.999999990e+02 -1.8630e-01 -3.3304e+00 +2.8241e+00 +3.5688e+00 -8.3999e-01 -6.1654e-02 -7.6956e-01 -3.8994e+00 -1.1830e+00 +1.1906e+00
72139 +5.989771807e-07 +5.989771807e-07 -9.999999994e+02 -9.999999994e+02 -1.8630e-01 -3.3304e+00 +2.8241e+00 +3.5688e+00 -8.4000e-01 -6.1627e-02 -7.6951e-01 -3.8993e+00 -1.1832e+00 +1.1906e+00
72172 +3.629281764e-07 +3.629281764e-07 -9.999999996e+02 -9.999999996e+02 -1.8636e-01 -3.3304e+00 +2.8241e+00 +3.5688e+00 -8.3999e-01 -6.1632e-02 -7.6954e-01 -3.8992e+00 -1.1832e+00 +1.1905e+00
72205 +2.428491825e-07 +2.428491825e-07 -9.999999998e+02 -9.999999998e+02 -1.8640e-01 -3.3304e+00 +2.8240e+00 +3.5688e+00 -8.3999e-01 -6.1635e-02 -7.6956e-01 -3.8992e+00 -1.1832e+00 +1.1905e+00
82930 +1.563757905e-07 +1.563757905e-07 -9.999999998e+02 -9.999999998e+02 -1.8640e-01 -3.3304e+00 +2.8240e+00 +3.5688e+00 -8.3997e-01 -6.1607e-02 -7.6956e-01 -3.8992e+00 -1.1832e+00 +1.1905e+00
122090 +8.678921404e-08 +8.678921404e-08 -9.999999999e+02 -9.999999999e+02 -1.8640e-01 -3.3304e+00 +2.8240e+00 +3.5688e+00 -8.4001e-01 -6.1630e-02 -7.6958e-01 -3.8992e+00 -1.1832e+00 +1.1904e+00
122112 +5.637434697e-08 +5.637434697e-08 -9.999999999e+02 -9.999999999e+02 -1.8641e-01 -3.3304e+00 +2.8240e+00 +3.5688e+00 -8.4001e-01 -6.1620e-02 -7.6959e-01 -3.8992e+00 -1.1832e+00 +1.1904e+00
192314 +3.901118362e-08 +3.901118362e-08 -1.000000000e+03 -1.000000000e+03 -1.8639e-01 -3.3304e+00 +2.8240e+00 +3.5688e+00 -8.4000e-01 -6.1623e-02 -7.6959e-01 -3.8992e+00 -1.1832e+00 +1.1904e+00
765249 +2.421927547e-08 +2.421927547e-08 -1.000000000e+03 -1.000000000e+03 -1.8641e-01 -3.3304e+00 +2.8240e+00 +3.5688e+00 -8.4001e-01 -6.1596e-02 -7.6959e-01 -3.8992e+00 -1.1832e+00 +1.1904e+00
765293 +1.549403805e-08 +1.549403805e-08 -1.000000000e+03 -1.000000000e+03 -1.8641e-01 -3.3304e+00 +2.8240e+00 +3.5688e+00 -8.4001e-01 -6.1595e-02 -7.6959e-01 -3.8992e+00 -1.1832e+00 +1.1904e+00
% function evaluation | noise-free fitness - Fopt (1.319200000000e+02) | best noise-free fitness - Fopt | measured fitness | best measured fitness | x1 | x2...
1 +9.088932439e+05 +9.088932439e+05 +9.090251639e+05 +9.090251639e+05 -4.0077e-01 -3.5317e+00 +2.0328e+00 -3.3040e-01 -3.2855e+00 +1.5983e+00 +1.1144e+00 -6.2421e-01 -3.9194e+00 +4.7115e+00
12 +5.837416032e+05 +5.837416032e+05 +5.838735232e+05 +5.838735232e+05 -5.5357e-01 -3.2087e+00 +1.0328e+00 -6.1310e-02 -3.6012e+00 +1.7627e+00 +2.9725e-01 +6.4826e-02 -3.7602e+00 +4.2685e+00
45 +2.341747748e+05 +2.341747748e+05 +2.343066948e+05 +2.343066948e+05 -9.8664e-01 -2.2921e+00 -9.6845e-01 +5.7995e-01 -4.2121e+00 +1.9967e+00 -1.5778e+00 +1.5127e+00 -3.2807e+00 +3.4288e+00
56 +8.928902730e+04 +8.928902730e+04 +8.942094730e+04 +8.942094730e+04 -1.3544e+00 -1.5139e+00 -2.6644e+00 +1.1239e+00 -4.7297e+00 +2.1946e+00 -3.1680e+00 +2.7402e+00 -2.8734e+00 +2.7175e+00
78 +3.068922484e+04 +3.068922484e+04 +3.082114484e+04 +3.082114484e+04 -2.4697e+00 +8.4649e-01 -7.8084e+00 +2.7738e+00 -6.2997e+00 +2.7946e+00 -7.9914e+00 +6.4632e+00 -1.6382e+00 +5.6008e-01
89 +2.104518769e+04 +2.104518769e+04 +2.117710769e+04 +2.117710769e+04 -2.4573e+00 +7.2316e-01 -7.4046e+00 +2.7649e+00 -6.0968e+00 +2.6503e+00 -7.6814e+00 +6.1936e+00 -1.7058e+00 +6.2605e-01
100 +2.733573871e+03 +2.733573871e+03 +2.865493871e+03 +2.865493871e+03 -2.6215e+00 +4.7691e-01 -6.2121e+00 +2.9997e+00 -5.3003e+00 +2.0117e+00 -6.9449e+00 +5.3925e+00 -1.8502e+00 +6.4740e-01
122 +3.897534177e+02 +3.897534177e+02 +5.216734177e+02 +5.216734177e+02 -2.8346e+00 +5.8832e-01 -6.1657e+00 +3.2769e+00 -5.0667e+00 +1.7687e+00 -7.1003e+00 +5.3557e+00 -1.7991e+00 +4.7059e-01
133 +1.514242454e+02 +1.514242454e+02 +2.833442454e+02 +2.833442454e+02 -2.8791e+00 +7.0782e-01 -6.4309e+00 +3.3443e+00 -5.1666e+00 +1.8137e+00 -7.3283e+00 +5.5542e+00 -1.7386e+00 +3.7904e-01
364 +9.301248729e+01 +9.301248729e+01 +2.249324873e+02 +2.249324873e+02 -2.8913e+00 +5.0727e-01 -5.2744e+00 +3.0812e+00 -4.8579e+00 +1.5571e+00 -6.0524e+00 +4.8420e+00 -1.9552e+00 +1.2559e+00
408 +6.039376554e+01 +6.039376554e+01 +1.923137655e+02 +1.923137655e+02 -2.9203e+00 +3.9706e-01 -4.4929e+00 +2.9150e+00 -4.6504e+00 +1.3720e+00 -5.1782e+00 +4.3706e+00 -2.0964e+00 +1.8733e+00
837 +3.156676391e+01 +3.156676391e+01 +1.634867639e+02 +1.634867639e+02 -3.6860e+00 +1.0619e+00 -3.7885e+00 +1.9757e+00 -4.4408e+00 +1.6950e+00 -4.3379e+00 +3.7975e+00 -1.3492e+00 +2.9594e+00
1101 +2.461221924e+01 +2.461221924e+01 +1.565322192e+02 +1.565322192e+02 -3.9131e+00 +1.1268e+00 -3.5538e+00 +1.6613e+00 -4.2165e+00 +1.7624e+00 -4.1488e+00 +3.7017e+00 -1.2149e+00 +2.9681e+00
1332 +1.510702020e+01 +1.510702020e+01 +1.470270202e+02 +1.470270202e+02 -4.4956e+00 +1.2151e+00 -3.0485e+00 +9.0858e-01 -3.4170e+00 +1.8727e+00 -3.8499e+00 +3.5697e+00 -1.0022e+00 +2.6612e+00
1530 +7.445652131e+00 +7.445652131e+00 +1.393656521e+02 +1.393656521e+02 -5.1642e+00 +1.5891e+00 -3.5899e+00 +1.1185e-01 -2.5883e+00 +2.3284e+00 -3.7640e+00 +3.7794e+00 -8.0986e-01 +2.3066e+00
1640 +6.094598385e+00 +6.094598385e+00 +1.380145984e+02 +1.380145984e+02 -5.1785e+00 +1.6219e+00 -3.7077e+00 +1.1230e-02 -2.4146e+00 +2.3841e+00 -3.5839e+00 +3.7813e+00 -8.9551e-01 +2.3748e+00
1970 +3.846115884e+00 +3.846115884e+00 +1.357661159e+02 +1.357661159e+02 -5.0303e+00 +1.4936e+00 -3.6843e+00 +2.8002e-02 -2.2224e+00 +2.3256e+00 -3.3543e+00 +3.7295e+00 -1.1302e+00 +2.4173e+00
2454 +2.484138580e+00 +2.484138580e+00 +1.344041386e+02 +1.344041386e+02 -4.9880e+00 +1.6513e+00 -3.8302e+00 +6.9808e-02 -1.9205e+00 +2.2555e+00 -3.2098e+00 +3.8073e+00 -1.2972e+00 +2.5540e+00
2872 +1.408511384e+00 +1.408511384e+00 +1.333285114e+02 +1.333285114e+02 -4.7928e+00 +1.8728e+00 -3.8417e+00 +1.4664e-02 -1.7343e+00 +2.3084e+00 -3.2288e+00 +3.8084e+00 -1.2539e+00 +2.7346e+00
3169 +8.105883253e-01 +8.105883253e-01 +1.327305883e+02 +1.327305883e+02 -4.6103e+00 +1.9427e+00 -3.7560e+00 -2.5775e-01 -1.6026e+00 +2.5278e+00 -3.2633e+00 +3.7311e+00 -1.1427e+00 +2.7617e+00
3796 +6.295602234e-01 +6.295602234e-01 +1.325495602e+02 +1.325495602e+02 -4.3831e+00 +2.0814e+00 -3.7365e+00 -2.7092e-01 -1.5676e+00 +2.5611e+00 -3.3050e+00 +3.7072e+00 -1.1763e+00 +2.9057e+00
3851 +3.815846130e-01 +3.815846130e-01 +1.323015846e+02 +1.323015846e+02 -4.2662e+00 +2.0095e+00 -3.6921e+00 -3.1510e-01 -1.6236e+00 +2.5847e+00 -3.3445e+00 +3.6824e+00 -1.2639e+00 +2.8517e+00
4203 +2.487592779e-01 +2.487592779e-01 +1.321687593e+02 +1.321687593e+02 -4.0244e+00 +1.9860e+00 -3.6441e+00 -3.7419e-01 -1.6454e+00 +2.6373e+00 -3.3685e+00 +3.6322e+00 -1.3649e+00 +2.8823e+00
4434 +1.554536744e-01 +1.554536744e-01 +1.320754537e+02 +1.320754537e+02 -4.0291e+00 +1.9581e+00 -3.6595e+00 -3.8454e-01 -1.6069e+00 +2.6515e+00 -3.3047e+00 +3.6159e+00 -1.3496e+00 +2.9023e+00
5017 +9.859058421e-02 +9.859058421e-02 +1.320185906e+02 +1.320185906e+02 -4.0397e+00 +1.9437e+00 -3.6737e+00 -3.7168e-01 -1.5920e+00 +2.6375e+00 -3.2879e+00 +3.6254e+00 -1.3676e+00 +2.8974e+00
5611 +5.249117889e-02 +5.249117889e-02 +1.319724912e+02 +1.319724912e+02 -4.0432e+00 +1.9188e+00 -3.7111e+00 -3.6973e-01 -1.5466e+00 +2.6255e+00 -3.2530e+00 +3.6500e+00 -1.4024e+00 +2.8983e+00
5875 +3.680196843e-02 +3.680196843e-02 +1.319568020e+02 +1.319568020e+02 -4.0132e+00 +1.9315e+00 -3.7148e+00 -4.0651e-01 -1.5364e+00 +2.6530e+00 -3.2629e+00 +3.6527e+00 -1.3936e+00 +2.9136e+00
6304 +2.492920870e-02 +2.492920870e-02 +1.319449292e+02 +1.319449292e+02 -3.9885e+00 +1.9286e+00 -3.7112e+00 -4.2413e-01 -1.5321e+00 +2.6610e+00 -3.2650e+00 +3.6547e+00 -1.3997e+00 +2.9245e+00
6744 +1.377139707e-02 +1.377139707e-02 +1.319337714e+02 +1.319337714e+02 -3.9875e+00 +1.9149e+00 -3.7066e+00 -4.3432e-01 -1.5176e+00 +2.6476e+00 -3.2606e+00 +3.6662e+00 -1.4105e+00 +2.9353e+00
6843 +9.906200079e-03 +9.906200079e-03 +1.319299062e+02 +1.319299062e+02 -3.9884e+00 +1.9109e+00 -3.7040e+00 -4.4046e-01 -1.5125e+00 +2.6416e+00 -3.2606e+00 +3.6707e+00 -1.4137e+00 +2.9410e+00
7041 +4.824443381e-03 +4.824443381e-03 +1.319248244e+02 +1.319248244e+02 -3.9921e+00 +1.9113e+00 -3.6968e+00 -4.5794e-01 -1.5060e+00 +2.6363e+00 -3.2663e+00 +3.6753e+00 -1.4092e+00 +2.9525e+00
7294 +3.257111896e-03 +3.257111896e-03 +1.319232571e+02 +1.319232571e+02 -3.9889e+00 +1.9145e+00 -3.6968e+00 -4.6490e-01 -1.5050e+00 +2.6413e+00 -3.2691e+00 +3.6725e+00 -1.4049e+00 +2.9577e+00
7558 +2.451885648e-03 +2.451885648e-03 +1.319224519e+02 +1.319224519e+02 -3.9869e+00 +1.9206e+00 -3.6998e+00 -4.6971e-01 -1.5083e+00 +2.6480e+00 -3.2726e+00 +3.6632e+00 -1.3994e+00 +2.9636e+00
7778 +9.838051106e-04 +9.838051106e-04 +1.319209838e+02 +1.319209838e+02 -3.9857e+00 +1.9159e+00 -3.7012e+00 -4.7018e-01 -1.5025e+00 +2.6446e+00 -3.2691e+00 +3.6668e+00 -1.4037e+00 +2.9659e+00
7943 +5.176105860e-04 +5.176105860e-04 +1.319205176e+02 +1.319205176e+02 -3.9846e+00 +1.9128e+00 -3.7019e+00 -4.6703e-01 -1.5027e+00 +2.6435e+00 -3.2657e+00 +3.6646e+00 -1.4075e+00 +2.9667e+00
8273 +3.930909847e-04 +3.930909847e-04 +1.319203931e+02 +1.319203931e+02 -3.9840e+00 +1.9119e+00 -3.7022e+00 -4.6623e-01 -1.5027e+00 +2.6434e+00 -3.2647e+00 +3.6634e+00 -1.4086e+00 +2.9675e+00
8735 +2.087755385e-04 +2.087755385e-04 +1.319202088e+02 +1.319202088e+02 -3.9838e+00 +1.9120e+00 -3.7006e+00 -4.6843e-01 -1.5018e+00 +2.6443e+00 -3.2655e+00 +3.6630e+00 -1.4074e+00 +2.9695e+00
8922 +1.397926090e-04 +1.397926090e-04 +1.319201398e+02 +1.319201398e+02 -3.9837e+00 +1.9113e+00 -3.7000e+00 -4.6816e-01 -1.5014e+00 +2.6442e+00 -3.2651e+00 +3.6632e+00 -1.4080e+00 +2.9696e+00
9604 +7.059054786e-05 +7.059054786e-05 +1.319200706e+02 +1.319200706e+02 -3.9831e+00 +1.9105e+00 -3.6993e+00 -4.6713e-01 -1.5005e+00 +2.6450e+00 -3.2647e+00 +3.6633e+00 -1.4085e+00 +2.9696e+00
9615 +5.410445834e-05 +5.410445834e-05 +1.319200541e+02 +1.319200541e+02 -3.9828e+00 +1.9104e+00 -3.6991e+00 -4.6680e-01 -1.5001e+00 +2.6457e+00 -3.2648e+00 +3.6633e+00 -1.4084e+00 +2.9697e+00
9956 +3.968038919e-05 +3.968038919e-05 +1.319200397e+02 +1.319200397e+02 -3.9827e+00 +1.9104e+00 -3.6991e+00 -4.6678e-01 -1.5000e+00 +2.6458e+00 -3.2649e+00 +3.6633e+00 -1.4084e+00 +2.9699e+00
10000 +2.452542392e-05 +2.452542392e-05 +1.319200245e+02 +1.319200245e+02 -3.9825e+00 +1.9104e+00 -3.6992e+00 -4.6686e-01 -1.5000e+00 +2.6461e+00 -3.2653e+00 +3.6631e+00 -1.4085e+00 +2.9704e+00
10253 +1.579740103e-05 +1.579740103e-05 +1.319200158e+02 +1.319200158e+02 -3.9824e+00 +1.9105e+00 -3.6992e+00 -4.6697e-01 -1.4999e+00 +2.6463e+00 -3.2655e+00 +3.6631e+00 -1.4085e+00 +2.9707e+00
17678 +8.621672237e-06 +8.621672237e-06 +1.319200086e+02 +1.319200086e+02 -3.9831e+00 +1.9105e+00 -3.6993e+00 -4.6688e-01 -1.4996e+00 +2.6469e+00 -3.2656e+00 +3.6635e+00 -1.4089e+00 +2.9709e+00
17865 +6.164495829e-06 +6.164495829e-06 +1.319200062e+02 +1.319200062e+02 -3.9829e+00 +1.9104e+00 -3.6992e+00 -4.6724e-01 -1.4996e+00 +2.6469e+00 -3.2656e+00 +3.6633e+00 -1.4089e+00 +2.9709e+00
17964 +2.908238542e-06 +2.908238542e-06 +1.319200029e+02 +1.319200029e+02 -3.9828e+00 +1.9104e+00 -3.6992e+00 -4.6712e-01 -1.4994e+00 +2.6471e+00 -3.2656e+00 +3.6634e+00 -1.4088e+00 +2.9710e+00
17997 +2.493693358e-06 +2.493693358e-06 +1.319200025e+02 +1.319200025e+02 -3.9828e+00 +1.9104e+00 -3.6991e+00 -4.6710e-01 -1.4994e+00 +2.6472e+00 -3.2656e+00 +3.6634e+00 -1.4088e+00 +2.9710e+00
18371 +1.567298199e-06 +1.567298199e-06 +1.319200016e+02 +1.319200016e+02 -3.9826e+00 +1.9104e+00 -3.6992e+00 -4.6713e-01 -1.4993e+00 +2.6472e+00 -3.2656e+00 +3.6633e+00 -1.4087e+00 +2.9711e+00
25884 +9.742227292e-07 +9.742227292e-07 +1.319200010e+02 +1.319200010e+02 -3.9825e+00 +1.9105e+00 -3.6991e+00 -4.6705e-01 -1.4993e+00 +2.6472e+00 -3.2657e+00 +3.6632e+00 -1.4088e+00 +2.9711e+00
26677 +6.262454519e-07 +6.262454519e-07 +1.319200006e+02 +1.319200006e+02 -3.9824e+00 +1.9105e+00 -3.6992e+00 -4.6710e-01 -1.4993e+00 +2.6472e+00 -3.2657e+00 +3.6632e+00 -1.4089e+00 +2.9712e+00
144365 +3.338413990e-07 +3.338413990e-07 +1.319200003e+02 +1.319200003e+02 -3.9825e+00 +1.9105e+00 -3.6992e+00 -4.6723e-01 -1.4993e+00 +2.6471e+00 -3.2656e+00 +3.6632e+00 -1.4087e+00 +2.9711e+00
144497 +2.091881299e-07 +2.091881299e-07 +1.319200002e+02 +1.319200002e+02 -3.9825e+00 +1.9104e+00 -3.6992e+00 -4.6722e-01 -1.4992e+00 +2.6471e+00 -3.2656e+00 +3.6632e+00 -1.4087e+00 +2.9711e+00
144728 +1.391647118e-07 +1.391647118e-07 +1.319200001e+02 +1.319200001e+02 -3.9824e+00 +1.9104e+00 -3.6992e+00 -4.6722e-01 -1.4992e+00 +2.6472e+00 -3.2656e+00 +3.6632e+00 -1.4088e+00 +2.9712e+00
144816 +9.941499002e-08 +9.941499002e-08 +1.319200001e+02 +1.319200001e+02 -3.9824e+00 +1.9104e+00 -3.6992e+00 -4.6722e-01 -1.4992e+00 +2.6472e+00 -3.2656e+00 +3.6632e+00 -1.4088e+00 +2.9712e+00
431102 +6.295590538e-08 +6.295590538e-08 +1.319200001e+02 +1.319200001e+02 -3.9824e+00 +1.9104e+00 -3.6992e+00 -4.6715e-01 -1.4992e+00 +2.6472e+00 -3.2656e+00 +3.6632e+00 -1.4088e+00 +2.9712e+00
% function evaluation | noise-free fitness - Fopt (5.908400000000e+02) | best noise-free fitness - Fopt | measured fitness | best measured fitness | x1 | x2...
1 +4.484369967e+02 +4.484369967e+02 +1.039276997e+03 +1.039276997e+03 -4.8203e+00 +1.4387e+00 +1.8923e+00 +1.3549e+00 -2.9602e+00 -4.2430e+00 +2.8167e+00 +3.8057e+00 -4.4746e+00 -1.2722e+00
12 +3.860939329e+02 +3.860939329e+02 +9.769339329e+02 +9.769339329e+02 -4.1379e+00 +1.0964e+00 +1.4588e+00 +1.4865e+00 -3.1209e+00 -3.2430e+00 +2.5046e+00 +3.0950e+00 -4.1927e+00 -1.5506e+00
23 +2.220214216e+02 +2.220214216e+02 +8.128614216e+02 +8.128614216e+02 -3.2451e+00 +6.0371e-01 +9.1872e-01 +1.5752e+00 -3.2875e+00 -2.0236e+00 +2.0666e+00 +2.1197e+00 -3.6565e+00 -1.8979e+00
111 +1.199865409e+02 +1.199865409e+02 +7.108265409e+02 +7.108265409e+02 -2.2993e+00 +1.0955e-01 +2.7566e-01 +1.2203e+00 -3.4797e+00 -7.3227e-01 +1.4051e+00 +6.6944e-01 -2.4646e+00 -2.1910e+00
430 +7.084652945e+01 +7.084652945e+01 +6.616865294e+02 +6.616865294e+02 -1.6100e+00 -5.3028e-01 -1.9160e-01 +1.2636e+00 -3.6979e+00 +6.3832e-02 +1.4563e+00 -5.2139e-01 -1.0282e+00 -2.0978e+00
540 +6.123942330e+01 +6.123942330e+01 +6.520794233e+02 +6.520794233e+02 -1.4137e+00 -7.1142e-01 -4.2332e-01 +1.2359e+00 -3.6672e+00 +2.2303e-01 +1.5119e+00 -7.0674e-01 -5.8176e-01 -2.1035e+00
672 +2.384490515e+01 +2.384490515e+01 +6.146849051e+02 +6.146849051e+02 -1.8281e-01 -1.4911e+00 -1.6745e+00 +5.0273e-01 -3.1236e+00 +5.1780e-01 +2.0877e+00 -6.6538e-01 +1.5305e+00 -2.7333e+00
1024 +1.549481690e+01 +1.549481690e+01 +6.063348169e+02 +6.063348169e+02 +6.2309e-01 -2.1026e+00 -2.5142e+00 -1.3819e-01 -2.2848e+00 +6.2873e-01 +2.4007e+00 -6.0849e-01 +2.5891e+00 -2.6816e+00
1079 +6.111854184e+00 +6.111854184e+00 +5.969518542e+02 +5.969518542e+02 +1.1194e+00 -2.7866e+00 -3.2339e+00 -7.9600e-01 -1.2515e+00 +6.4183e-01 +2.6080e+00 -6.4714e-01 +3.0219e+00 -2.2401e+00
1090 +2.366993688e+00 +2.366993688e+00 +5.932069937e+02 +5.932069937e+02 +1.3681e+00 -3.1388e+00 -3.5998e+00 -1.1371e+00 -7.1515e-01 +6.5925e-01 +2.7203e+00 -6.6656e-01 +3.2446e+00 -2.0146e+00
1310 +7.537413013e-01 +7.537413013e-01 +5.915937413e+02 +5.915937413e+02 +1.3556e+00 -3.2489e+00 -3.6570e+00 -1.2676e+00 -5.1742e-01 +7.8139e-01 +2.8208e+00 -6.6948e-01 +3.3033e+00 -1.9767e+00
1563 +5.801652816e-01 +5.801652816e-01 +5.914201653e+02 +5.914201653e+02 +1.3567e+00 -3.2831e+00 -3.6202e+00 -1.2910e+00 -4.3426e-01 +8.2427e-01 +2.7639e+00 -6.9825e-01 +3.2624e+00 -1.9644e+00
1596 +3.978001789e-01 +3.978001789e-01 +5.912378002e+02 +5.912378002e+02 +1.3674e+00 -3.2864e+00 -3.5842e+00 -1.2805e+00 -4.1122e-01 +8.2431e-01 +2.6943e+00 -7.1983e-01 +3.2199e+00 -1.9592e+00
1673 +2.431628909e-01 +2.431628909e-01 +5.910831629e+02 +5.910831629e+02 +1.3824e+00 -3.2911e+00 -3.5336e+00 -1.2658e+00 -3.7887e-01 +8.2437e-01 +2.5966e+00 -7.5010e-01 +3.1602e+00 -1.9520e+00
1816 +1.323278662e-01 +1.323278662e-01 +5.909723279e+02 +5.909723279e+02 +1.3975e+00 -3.2790e+00 -3.5052e+00 -1.2405e+00 -3.2345e-01 +8.1565e-01 +2.4811e+00 -7.7594e-01 +3.0914e+00 -1.9619e+00
2047 +6.376219523e-02 +6.376219523e-02 +5.909037622e+02 +5.909037622e+02 +1.4090e+00 -3.2953e+00 -3.4969e+00 -1.2050e+00 -3.0046e-01 +8.1047e-01 +2.4503e+00 -7.8028e-01 +3.0484e+00 -1.9699e+00
2069 +4.312530150e-02 +4.312530150e-02 +5.908831253e+02 +5.908831253e+02 +1.4123e+00 -3.3030e+00 -3.4956e+00 -1.1931e+00 -2.9629e-01 +8.0926e-01 +2.4480e+00 -7.7989e-01 +3.0372e+00 -1.9720e+00
2091 +3.672819111e-02 +3.672819111e-02 +5.908767282e+02 +5.908767282e+02 +1.4147e+00 -3.3086e+00 -3.4948e+00 -1.1844e+00 -2.9320e-01 +8.0836e-01 +2.4463e+00 -7.7960e-01 +3.0290e+00 -1.9735e+00
2124 +2.307266238e-02 +2.307266238e-02 +5.908630727e+02 +5.908630727e+02 +1.4179e+00 -3.3161e+00 -3.4936e+00 -1.1728e+00 -2.8912e-01 +8.0718e-01 +2.4441e+00 -7.7923e-01 +3.0181e+00 -1.9756e+00
2157 +1.376963467e-02 +1.376963467e-02 +5.908537696e+02 +5.908537696e+02 +1.4216e+00 -3.3248e+00 -3.4922e+00 -1.1594e+00 -2.8440e-01 +8.0581e-01 +2.4415e+00 -7.7879e-01 +3.0054e+00 -1.9780e+00
2179 +9.423519542e-03 +9.423519542e-03 +5.908494235e+02 +5.908494235e+02 +1.4235e+00 -3.3292e+00 -3.4915e+00 -1.1526e+00 -2.8199e-01 +8.0511e-01 +2.4402e+00 -7.7856e-01 +2.9990e+00 -1.9792e+00
2267 +6.207575776e-03 +6.207575776e-03 +5.908462076e+02 +5.908462076e+02 +1.4277e+00 -3.3389e+00 -3.4900e+00 -1.1376e+00 -2.7672e-01 +8.0358e-01 +2.4373e+00 -7.7807e-01 +2.9849e+00 -1.9818e+00
2487 +1.501730511e-03 +1.501730511e-03 +5.908415017e+02 +5.908415017e+02 +1.4319e+00 -3.3331e+00 -3.4948e+00 -1.1481e+00 -2.8961e-01 +8.0806e-01 +2.4331e+00 -7.7588e-01 +2.9773e+00 -1.9802e+00
2751 +9.838393494e-04 +9.838393494e-04 +5.908409838e+02 +5.908409838e+02 +1.4340e+00 -3.3333e+00 -3.4960e+00 -1.1484e+00 -2.9246e-01 +8.0908e-01 +2.4313e+00 -7.7516e-01 +2.9723e+00 -1.9802e+00
3048 +6.047358554e-04 +6.047358554e-04 +5.908406047e+02 +5.908406047e+02 +1.4381e+00 -3.3331e+00 -3.4960e+00 -1.1495e+00 -2.9140e-01 +8.0747e-01 +2.4307e+00 -7.7715e-01 +2.9718e+00 -1.9791e+00
3136 +3.196661712e-04 +3.196661712e-04 +5.908403197e+02 +5.908403197e+02 +1.4402e+00 -3.3328e+00 -3.4960e+00 -1.1500e+00 -2.9110e-01 +8.0647e-01 +2.4305e+00 -7.7815e-01 +2.9716e+00 -1.9786e+00
3323 +2.368085050e-04 +2.368085050e-04 +5.908402368e+02 +5.908402368e+02 +1.4420e+00 -3.3329e+00 -3.4962e+00 -1.1504e+00 -2.9075e-01 +8.0560e-01 +2.4301e+00 -7.7900e-01 +2.9715e+00 -1.9780e+00
3334 +1.064720955e-04 +1.064720955e-04 +5.908401065e+02 +5.908401065e+02 +1.4432e+00 -3.3339e+00 -3.4969e+00 -1.1509e+00 -2.9040e-01 +8.0483e-01 +2.4297e+00 -7.7938e-01 +2.9720e+00 -1.9774e+00
3367 +9.647526963e-05 +9.647526963e-05 +5.908400965e+02 +5.908400965e+02 +1.4433e+00 -3.3340e+00 -3.4970e+00 -1.1510e+00 -2.9037e-01 +8.0476e-01 +2.4296e+00 -7.7942e-01 +2.9720e+00 -1.9773e+00
3455 +2.945101585e-05 +2.945101585e-05 +5.908400295e+02 +5.908400295e+02 +1.4446e+00 -3.3352e+00 -3.4977e+00 -1.1516e+00 -2.8999e-01 +8.0389e-01 +2.4292e+00 -7.7979e-01 +2.9725e+00 -1.9766e+00
3466 +1.600041207e-05 +1.600041207e-05 +5.908400160e+02 +5.908400160e+02 +1.4447e+00 -3.3354e+00 -3.4978e+00 -1.1516e+00 -2.8996e-01 +8.0378e-01 +2.4291e+00 -7.7983e-01 +2.9726e+00 -1.9766e+00
3499 +1.471297492e-05 +1.471297492e-05 +5.908400147e+02 +5.908400147e+02 +1.4448e+00 -3.3354e+00 -3.4979e+00 -1.1517e+00 -2.8994e-01 +8.0373e-01 +2.4291e+00 -7.7985e-01 +2.9726e+00 -1.9765e+00
3609 +9.040395071e-06 +9.040395071e-06 +5.908400090e+02 +5.908400090e+02 +1.4449e+00 -3.3356e+00 -3.4980e+00 -1.1517e+00 -2.8990e-01 +8.0363e-01 +2.4291e+00 -7.7989e-01 +2.9727e+00 -1.9764e+00
3664 +6.045962778e-06 +6.045962778e-06 +5.908400060e+02 +5.908400060e+02 +1.4451e+00 -3.3357e+00 -3.4980e+00 -1.1518e+00 -2.8985e-01 +8.0353e-01 +2.4290e+00 -7.7993e-01 +2.9727e+00 -1.9763e+00
3774 +3.174414815e-06 +3.174414815e-06 +5.908400032e+02 +5.908400032e+02 +1.4452e+00 -3.3358e+00 -3.4981e+00 -1.1519e+00 -2.8977e-01 +8.0340e-01 +2.4289e+00 -7.7997e-01 +2.9727e+00 -1.9762e+00
3785 +2.155730158e-06 +2.155730158e-06 +5.908400022e+02 +5.908400022e+02 +1.4453e+00 -3.3359e+00 -3.4982e+00 -1.1519e+00 -2.8975e-01 +8.0338e-01 +2.4289e+00 -7.7998e-01 +2.9727e+00 -1.9762e+00
3950 +7.070273114e-07 +7.070273114e-07 +5.908400007e+02 +5.908400007e+02 +1.4454e+00 -3.3359e+00 -3.4983e+00 -1.1519e+00 -2.8965e-01 +8.0326e-01 +2.4289e+00 -7.8000e-01 +2.9728e+00 -1.9760e+00
3972 +2.826711807e-07 +2.826711807e-07 +5.908400003e+02 +5.908400003e+02 +1.4455e+00 -3.3360e+00 -3.4984e+00 -1.1520e+00 -2.8959e-01 +8.0318e-01 +2.4288e+00 -7.8000e-01 +2.9728e+00 -1.9760e+00
4038 +2.502151801e-07 +2.502151801e-07 +5.908400003e+02 +5.908400003e+02 +1.4456e+00 -3.3360e+00 -3.4984e+00 -1.1520e+00 -2.8957e-01 +8.0315e-01 +2.4288e+00 -7.8000e-01 +2.9728e+00 -1.9760e+00
4258 +1.394140554e-07 +1.394140554e-07 +5.908400001e+02 +5.908400001e+02 +1.4456e+00 -3.3360e+00 -3.4984e+00 -1.1520e+00 -2.8957e-01 +8.0316e-01 +2.4288e+00 -7.8001e-01 +2.9728e+00 -1.9760e+00
4555 +9.999314443e-08 +9.999314443e-08 +5.908400001e+02 +5.908400001e+02 +1.4456e+00 -3.3360e+00 -3.4984e+00 -1.1520e+00 -2.8957e-01 +8.0317e-01 +2.4288e+00 -7.8001e-01 +2.9728e+00 -1.9760e+00
4742 +4.840569545e-08 +4.840569545e-08 +5.908400000e+02 +5.908400000e+02 +1.4456e+00 -3.3360e+00 -3.4984e+00 -1.1520e+00 -2.8959e-01 +8.0318e-01 +2.4288e+00 -7.8001e-01 +2.9728e+00 -1.9760e+00
4863 +3.881154953e-08 +3.881154953e-08 +5.908400000e+02 +5.908400000e+02 +1.4456e+00 -3.3360e+00 -3.4984e+00 -1.1520e+00 -2.8959e-01 +8.0318e-01 +2.4288e+00 -7.8001e-01 +2.9728e+00 -1.9760e+00
5006 +2.288663836e-08 +2.288663836e-08 +5.908400000e+02 +5.908400000e+02 +1.4456e+00 -3.3360e+00 -3.4984e+00 -1.1520e+00 -2.8960e-01 +8.0319e-01 +2.4288e+00 -7.8000e-01 +2.9728e+00 -1.9760e+00
% function evaluation | noise-free fitness - Fopt (1.319200000000e+02) | best noise-free fitness - Fopt | measured fitness | best measured fitness | x1 | x2...
1 +1.774804348e+06 +1.774804348e+06 +1.774936268e+06 +1.774936268e+06 +2.7495e+00 -7.7759e-01 +2.2816e+00 -1.0225e+00 +2.7354e+00 +7.4365e-01 -1.2564e+00 -4.4913e+00 -2.3277e+00 -4.9813e-01
12 +1.196947909e+06 +1.196947909e+06 +1.197079829e+06 +1.197079829e+06 +2.5222e+00 -4.4558e-01 +1.2816e+00 -1.1069e+00 +1.7817e+00 +9.8220e-01 -1.0902e+00 -3.6177e+00 -2.3380e+00 -3.5849e-01
23 +2.044650391e+05 +2.044650391e+05 +2.045969591e+05 +2.045969591e+05 +1.0796e+00 +1.1835e+00 -2.5470e+00 -1.9136e+00 -2.5241e+00 +2.2284e+00 -1.1411e+00 +1.5569e+00 -2.0752e+00 -2.3793e-02
34 +8.896104571e+04 +8.896104571e+04 +8.909296571e+04 +8.909296571e+04 -4.4781e-01 +2.2266e+00 -3.2810e+00 -1.4830e+00 -3.0085e+00 +1.8748e+00 -2.0574e+00 +2.8600e+00 -1.7539e+00 +4.4145e-01
56 +2.154932876e+02 +2.154932876e+02 +3.474132876e+02 +3.474132876e+02 -6.5901e+00 +5.5715e+00 -5.6476e+00 +7.0180e-01 -3.7185e+00 +4.5655e-03 -5.4249e+00 +6.1931e+00 -8.7226e-01 +2.3424e+00
78 +9.516248040e+01 +9.516248040e+01 +2.270824804e+02 +2.270824804e+02 -6.5396e+00 +5.5576e+00 -5.5614e+00 +7.1332e-01 -3.7795e+00 +5.0698e-02 -5.4089e+00 +6.1342e+00 -8.9098e-01 +2.3177e+00
122 +6.032388997e+01 +6.032388997e+01 +1.922438900e+02 +1.922438900e+02 -5.3061e+00 +4.9590e+00 -4.2058e+00 +6.1252e-01 -4.3231e+00 +8.3080e-01 -4.8255e+00 +5.0099e+00 -1.2113e+00 +1.8386e+00
276 +3.483645117e+01 +3.483645117e+01 +1.667564512e+02 +1.667564512e+02 -4.5063e+00 +4.1557e+00 -4.2060e+00 +1.0650e-01 -3.5278e+00 +1.1402e+00 -4.2311e+00 +4.5010e+00 -1.3693e+00 +1.6743e+00
441 +2.509072233e+01 +2.509072233e+01 +1.570107223e+02 +1.570107223e+02 -4.4446e+00 +3.8222e+00 -4.7795e+00 -2.2016e-01 -2.7165e+00 +1.0361e+00 -4.0441e+00 +4.6046e+00 -1.3490e+00 +1.7574e+00
760 +1.334764014e+01 +1.334764014e+01 +1.452676401e+02 +1.452676401e+02 -3.8664e+00 +3.2028e+00 -4.4414e+00 -4.7943e-01 -2.2530e+00 +1.4211e+00 -3.6645e+00 +3.9714e+00 -1.4880e+00 +1.6412e+00
1013 +9.666621045e+00 +9.666621045e+00 +1.415866210e+02 +1.415866210e+02 -3.7026e+00 +2.9260e+00 -4.2617e+00 -5.5614e-01 -1.9983e+00 +1.6117e+00 -3.5531e+00 +3.6431e+00 -1.5366e+00 +1.6379e+00
1244 +5.562099576e+00 +5.562099576e+00 +1.374820996e+02 +1.374820996e+02 -3.9066e+00 +2.7948e+00 -4.0973e+00 -6.0504e-01 -1.8741e+00 +1.8382e+00 -3.4554e+00 +3.5273e+00 -1.5072e+00 +1.9901e+00
1376 +3.818136691e+00 +3.818136691e+00 +1.357381367e+02 +1.357381367e+02 -4.0299e+00 +2.6976e+00 -3.9862e+00 -6.3512e-01 -1.8284e+00 +1.9410e+00 -3.4290e+00 +3.5002e+00 -1.4670e+00 +2.1810e+00
1585 +2.196799754e+00 +2.196799754e+00 +1.341167998e+02 +1.341167998e+02 -4.1684e+00 +2.4786e+00 -3.8413e+00 -6.1888e-01 -1.7743e+00 +2.0949e+00 -3.4101e+00 +3.4958e+00 -1.3702e+00 +2.4725e+00
1607 +7.680185727e-01 +7.680185727e-01 +1.326880186e+02 +1.326880186e+02 -4.2029e+00 +2.0540e+00 -3.7820e+00 -4.3557e-01 -1.7369e+00 +2.2990e+00 -3.4264e+00 +3.5662e+00 -1.1976e+00 +2.8005e+00
1937 +6.305859467e-01 +6.305859467e-01 +1.325505859e+02 +1.325505859e+02 -4.1974e+00 +1.8846e+00 -3.7508e+00 -3.6344e-01 -1.7024e+00 +2.3802e+00 -3.3910e+00 +3.5998e+00 -1.1541e+00 +2.9065e+00
2168 +3.918088639e-01 +3.918088639e-01 +1.323118089e+02 +1.323118089e+02 -4.1641e+00 +1.8503e+00 -3.7321e+00 -3.5572e-01 -1.6556e+00 +2.4038e+00 -3.3210e+00 +3.6172e+00 -1.2003e+00 +2.8986e+00
2509 +2.469172151e-01 +2.469172151e-01 +1.321669172e+02 +1.321669172e+02 -4.1241e+00 +1.9034e+00 -3.7191e+00 -3.8394e-01 -1.6037e+00 +2.4113e+00 -3.2254e+00 +3.6327e+00 -1.3213e+00 +2.8404e+00
2861 +1.534242531e-01 +1.534242531e-01 +1.320734243e+02 +1.320734243e+02 -4.1094e+00 +1.8843e+00 -3.7005e+00 -3.6218e-01 -1.5784e+00 +2.4753e+00 -3.2234e+00 +3.6605e+00 -1.3698e+00 +2.8731e+00
3191 +9.275585194e-02 +9.275585194e-02 +1.320127559e+02 +1.320127559e+02 -4.1122e+00 +1.8549e+00 -3.6913e+00 -3.3236e-01 -1.5660e+00 +2.5625e+00 -3.2817e+00 +3.6903e+00 -1.3803e+00 +2.9486e+00
3840 +5.028626408e-02 +5.028626408e-02 +1.319702863e+02 +1.319702863e+02 -4.0944e+00 +1.9267e+00 -3.6948e+00 -3.6565e-01 -1.5403e+00 +2.6293e+00 -3.2815e+00 +3.6836e+00 -1.4349e+00 +2.9444e+00
4016 +3.889412970e-02 +3.889412970e-02 +1.319588941e+02 +1.319588941e+02 -4.0672e+00 +1.9210e+00 -3.6916e+00 -3.8932e-01 -1.5319e+00 +2.6348e+00 -3.2734e+00 +3.6700e+00 -1.4282e+00 +2.9462e+00
4093 +2.196298261e-02 +2.196298261e-02 +1.319419630e+02 +1.319419630e+02 -4.0483e+00 +1.9207e+00 -3.6889e+00 -4.0635e-01 -1.5246e+00 +2.6328e+00 -3.2605e+00 +3.6590e+00 -1.4214e+00 +2.9381e+00
4192 +1.581235765e-02 +1.581235765e-02 +1.319358124e+02 +1.319358124e+02 -4.0359e+00 +1.9159e+00 -3.6879e+00 -4.1698e-01 -1.5219e+00 +2.6388e+00 -3.2618e+00 +3.6537e+00 -1.4194e+00 +2.9451e+00
4676 +8.671599080e-03 +8.671599080e-03 +1.319286716e+02 +1.319286716e+02 -4.0116e+00 +1.9146e+00 -3.6909e+00 -4.3636e-01 -1.5188e+00 +2.6507e+00 -3.2739e+00 +3.6562e+00 -1.4194e+00 +2.9627e+00
4698 +4.660776359e-03 +4.660776359e-03 +1.319246608e+02 +1.319246608e+02 -3.9999e+00 +1.9180e+00 -3.6926e+00 -4.4571e-01 -1.5163e+00 +2.6515e+00 -3.2744e+00 +3.6584e+00 -1.4184e+00 +2.9639e+00
4753 +3.900267504e-03 +3.900267504e-03 +1.319239003e+02 +1.319239003e+02 -3.9919e+00 +1.9204e+00 -3.6938e+00 -4.5211e-01 -1.5146e+00 +2.6522e+00 -3.2747e+00 +3.6599e+00 -1.4177e+00 +2.9646e+00
5127 +2.507889161e-03 +2.507889161e-03 +1.319225079e+02 +1.319225079e+02 -3.9823e+00 +1.9210e+00 -3.6939e+00 -4.6019e-01 -1.5113e+00 +2.6534e+00 -3.2735e+00 +3.6592e+00 -1.4165e+00 +2.9655e+00
5776 +1.536043236e-03 +1.536043236e-03 +1.319215360e+02 +1.319215360e+02 -3.9827e+00 +1.9150e+00 -3.6941e+00 -4.6248e-01 -1.5089e+00 +2.6505e+00 -3.2726e+00 +3.6615e+00 -1.4125e+00 +2.9671e+00
6095 +9.387574987e-04 +9.387574987e-04 +1.319209388e+02 +1.319209388e+02 -3.9826e+00 +1.9109e+00 -3.6956e+00 -4.6340e-01 -1.5058e+00 +2.6482e+00 -3.2714e+00 +3.6644e+00 -1.4098e+00 +2.9689e+00
6128 +5.293422531e-04 +5.293422531e-04 +1.319205293e+02 +1.319205293e+02 -3.9817e+00 +1.9127e+00 -3.6963e+00 -4.6352e-01 -1.5037e+00 +2.6486e+00 -3.2701e+00 +3.6635e+00 -1.4108e+00 +2.9693e+00
6381 +3.741055869e-04 +3.741055869e-04 +1.319203741e+02 +1.319203741e+02 -3.9813e+00 +1.9128e+00 -3.6971e+00 -4.6415e-01 -1.5022e+00 +2.6478e+00 -3.2693e+00 +3.6637e+00 -1.4104e+00 +2.9698e+00
6689 +2.403494607e-04 +2.403494607e-04 +1.319202403e+02 +1.319202403e+02 -3.9811e+00 +1.9117e+00 -3.6991e+00 -4.6612e-01 -1.4999e+00 +2.6452e+00 -3.2683e+00 +3.6651e+00 -1.4086e+00 +2.9707e+00
6821 +1.281308935e-04 +1.281308935e-04 +1.319201281e+02 +1.319201281e+02 -3.9818e+00 +1.9113e+00 -3.6992e+00 -4.6621e-01 -1.4996e+00 +2.6455e+00 -3.2674e+00 +3.6646e+00 -1.4089e+00 +2.9706e+00
6843 +8.219056366e-05 +8.219056366e-05 +1.319200822e+02 +1.319200822e+02 -3.9823e+00 +1.9111e+00 -3.6992e+00 -4.6622e-01 -1.4995e+00 +2.6458e+00 -3.2670e+00 +3.6643e+00 -1.4091e+00 +2.9706e+00
6953 +6.005768549e-05 +6.005768549e-05 +1.319200601e+02 +1.319200601e+02 -3.9826e+00 +1.9109e+00 -3.6992e+00 -4.6622e-01 -1.4994e+00 +2.6459e+00 -3.2666e+00 +3.6641e+00 -1.4093e+00 +2.9706e+00
7195 +3.908151399e-05 +3.908151399e-05 +1.319200391e+02 +1.319200391e+02 -3.9828e+00 +1.9110e+00 -3.6992e+00 -4.6631e-01 -1.4994e+00 +2.6464e+00 -3.2664e+00 +3.6637e+00 -1.4094e+00 +2.9705e+00
7668 +2.066707864e-05 +2.066707864e-05 +1.319200207e+02 +1.319200207e+02 -3.9829e+00 +1.9110e+00 -3.6993e+00 -4.6671e-01 -1.4993e+00 +2.6467e+00 -3.2661e+00 +3.6636e+00 -1.4094e+00 +2.9707e+00
7921 +1.583891643e-05 +1.583891643e-05 +1.319200158e+02 +1.319200158e+02 -3.9828e+00 +1.9110e+00 -3.6993e+00 -4.6687e-01 -1.4993e+00 +2.6467e+00 -3.2661e+00 +3.6636e+00 -1.4093e+00 +2.9708e+00
7943 +9.965268788e-06 +9.965268788e-06 +1.319200100e+02 +1.319200100e+02 -3.9825e+00 +1.9109e+00 -3.6993e+00 -4.6711e-01 -1.4993e+00 +2.6469e+00 -3.2661e+00 +3.6636e+00 -1.4091e+00 +2.9710e+00
8251 +6.307329755e-06 +6.307329755e-06 +1.319200063e+02 +1.319200063e+02 -3.9824e+00 +1.9107e+00 -3.6993e+00 -4.6728e-01 -1.4994e+00 +2.6470e+00 -3.2660e+00 +3.6635e+00 -1.4089e+00 +2.9711e+00
8372 +3.821907057e-06 +3.821907057e-06 +1.319200038e+02 +1.319200038e+02 -3.9825e+00 +1.9106e+00 -3.6993e+00 -4.6728e-01 -1.4994e+00 +2.6470e+00 -3.2658e+00 +3.6634e+00 -1.4088e+00 +2.9711e+00
8405 +1.734625727e-06 +1.734625727e-06 +1.319200017e+02 +1.319200017e+02 -3.9826e+00 +1.9105e+00 -3.6993e+00 -4.6727e-01 -1.4994e+00 +2.6470e+00 -3.2656e+00 +3.6633e+00 -1.4087e+00 +2.9711e+00
25136 +1.563986729e-06 +1.563986729e-06 +1.319200016e+02 +1.319200016e+02 -3.9825e+00 +1.9106e+00 -3.6993e+00 -4.6711e-01 -1.4992e+00 +2.6472e+00 -3.2657e+00 +3.6634e+00 -1.4088e+00 +2.9711e+00
25290 +9.775065450e-07 +9.775065450e-07 +1.319200010e+02 +1.319200010e+02 -3.9824e+00 +1.9105e+00 -3.6993e+00 -4.6716e-01 -1.4992e+00 +2.6472e+00 -3.2657e+00 +3.6633e+00 -1.4087e+00 +2.9710e+00
25389 +5.181342431e-07 +5.181342431e-07 +1.319200005e+02 +1.319200005e+02 -3.9825e+00 +1.9105e+00 -3.6992e+00 -4.6709e-01 -1.4992e+00 +2.6471e+00 -3.2656e+00 +3.6633e+00 -1.4088e+00 +2.9711e+00
25455 +3.910465693e-07 +3.910465693e-07 +1.319200004e+02 +1.319200004e+02 -3.9825e+00 +1.9104e+00 -3.6992e+00 -4.6711e-01 -1.4992e+00 +2.6471e+00 -3.2656e+00 +3.6632e+00 -1.4088e+00 +2.9711e+00
40305 +2.493655700e-07 +2.493655700e-07 +1.319200002e+02 +1.319200002e+02 -3.9824e+00 +1.9104e+00 -3.6992e+00 -4.6713e-01 -1.4992e+00 +2.6472e+00 -3.2656e+00 +3.6632e+00 -1.4088e+00 +2.9712e+00
75087 +1.017398858e-07 +1.017398858e-07 +1.319200001e+02 +1.319200001e+02 -3.9824e+00 +1.9104e+00 -3.6992e+00 -4.6719e-01 -1.4992e+00 +2.6472e+00 -3.2656e+00 +3.6632e+00 -1.4088e+00 +2.9712e+00
75106 +9.997793882e-08 +9.997793882e-08 +1.319200001e+02 +1.319200001e+02 -3.9824e+00 +1.9104e+00 -3.6992e+00 -4.6719e-01 -1.4992e+00 +2.6472e+00 -3.2656e+00 +3.6632e+00 -1.4088e+00 +2.9712e+00
864887 +6.019271837e-08 +6.019271837e-08 +1.319200001e+02 +1.319200001e+02 -3.9824e+00 +1.9104e+00 -3.6992e+00 -4.6716e-01 -1.4992e+00 +2.6472e+00 -3.2656e+00 +3.6632e+00 -1.4088e+00 +2.9712e+00
865118 +3.190692155e-08 +3.190692155e-08 +1.319200000e+02 +1.319200000e+02 -3.9824e+00 +1.9104e+00 -3.6992e+00 -4.6718e-01 -1.4992e+00 +2.6472e+00 -3.2656e+00 +3.6632e+00 -1.4088e+00 +2.9712e+00
865175 +2.510483910e-08 +2.510483910e-08 +1.319200000e+02 +1.319200000e+02 -3.9824e+00 +1.9104e+00 -3.6992e+00 -4.6719e-01 -1.4992e+00 +2.6472e+00 -3.2656e+00 +3.6632e+00 -1.4088e+00 +2.9712e+00
% function evaluation | noise-free fitness - Fopt (5.908400000000e+02) | best noise-free fitness - Fopt | measured fitness | best measured fitness | x1 | x2...
1 +2.524120966e+05 +2.524120966e+05 +2.530029366e+05 +2.530029366e+05 +4.0263e+00 -9.8841e-01 -6.4210e-01 -3.4103e+00 +2.5084e+00 +3.3531e+00 -1.3156e+00 +9.5243e-01 +3.1143e+00 +6.2263e-02
12 +1.236053259e+05 +1.236053259e+05 +1.241961659e+05 +1.241961659e+05 +3.5772e+00 -6.5929e-01 -6.0221e-01 -3.0269e+00 +2.5532e+00 +2.6222e+00 -3.1557e-01 +9.8689e-01 +3.0699e+00 +2.3388e-01
23 +6.805330393e+04 +6.805330393e+04 +6.864414393e+04 +6.864414393e+04 +3.3806e+00 -4.3318e-01 -6.3915e-01 -2.7130e+00 +2.5122e+00 +2.2994e+00 +3.8720e-01 +1.0112e+00 +3.0784e+00 +2.2895e-01
34 +3.423603394e+04 +3.423603394e+04 +3.482687394e+04 +3.482687394e+04 +3.1840e+00 -2.0707e-01 -6.7609e-01 -2.3992e+00 +2.4712e+00 +1.9766e+00 +1.0900e+00 +1.0354e+00 +3.0868e+00 +2.2402e-01
45 +2.080041231e+04 +2.080041231e+04 +2.139125231e+04 +2.139125231e+04 +3.0440e+00 -8.7047e-02 -7.1818e-01 -2.2131e+00 +2.4323e+00 +1.8226e+00 +1.4727e+00 +1.0884e+00 +3.0865e+00 +2.1995e-01
56 +1.284012315e+04 +1.284012315e+04 +1.343096315e+04 +1.343096315e+04 +2.9040e+00 +3.2977e-02 -7.6028e-01 -2.0270e+00 +2.3935e+00 +1.6685e+00 +1.8555e+00 +1.1413e+00 +3.0862e+00 +2.1587e-01
78 +9.578091641e+03 +9.578091641e+03 +1.016893164e+04 +1.016893164e+04 +2.5147e+00 +3.6681e-01 -8.7735e-01 -1.5094e+00 +2.2855e+00 +1.2401e+00 +2.9200e+00 +1.2886e+00 +3.0854e+00 +2.0453e-01
89 +4.336790842e+03 +4.336790842e+03 +4.927630842e+03 +4.927630842e+03 +2.3159e+00 +2.7795e-01 -8.8959e-01 -1.4366e+00 +2.2599e+00 +1.2377e+00 +2.8331e+00 +1.4648e+00 +3.1787e+00 +2.3287e-01
100 +1.142463422e+02 +1.142463422e+02 +7.050863422e+02 +7.050863422e+02 +1.1480e+00 +5.8790e-02 -9.4477e-01 -8.6073e-01 +2.0881e+00 +1.0735e+00 +2.9331e+00 +2.2957e+00 +3.5706e+00 +2.8506e-01
221 +9.964025822e+01 +9.964025822e+01 +6.904802582e+02 +6.904802582e+02 +1.6424e+00 -3.4355e-02 -9.0816e-01 -1.2501e+00 +2.1302e+00 +1.3877e+00 +2.4937e+00 +1.7516e+00 +3.3873e+00 +9.1091e-02
584 +5.965099925e+01 +5.965099925e+01 +6.504909992e+02 +6.504909992e+02 +1.3292e+00 -4.9011e-01 -1.3154e+00 -9.2203e-01 +1.6246e+00 +1.5829e+00 +2.9245e+00 +1.0883e+00 +3.3639e+00 -4.3237e-01
595 +3.490194462e+01 +3.490194462e+01 +6.257419446e+02 +6.257419446e+02 +3.0493e-01 -1.4073e+00 -2.1803e+00 +2.8628e-02 +5.7457e-01 +1.7379e+00 +4.0225e+00 +2.6000e-01 +3.5114e+00 -1.2814e+00
914 +2.357489949e+01 +2.357489949e+01 +6.144148995e+02 +6.144148995e+02 +4.0058e-01 -1.8077e+00 -2.2512e+00 -1.2982e-01 +2.8287e-01 +1.8066e+00 +3.8655e+00 +8.6334e-02 +3.4737e+00 -1.5789e+00
1079 +1.317831404e+01 +1.317831404e+01 +6.040183140e+02 +6.040183140e+02 +3.7253e-01 -2.3606e+00 -2.3737e+00 -2.5804e-01 -2.1680e-01 +1.7506e+00 +3.6737e+00 -5.2185e-02 +3.5106e+00 -1.9615e+00
1288 +9.904797288e+00 +9.904797288e+00 +6.007447973e+02 +6.007447973e+02 +3.4614e-01 -2.7053e+00 -2.4486e+00 -4.6263e-01 -6.1831e-01 +1.5944e+00 +3.4207e+00 -1.7261e-01 +3.5587e+00 -2.1685e+00
1607 +5.683203663e+00 +5.683203663e+00 +5.965232037e+02 +5.965232037e+02 +3.5711e-01 -2.9054e+00 -2.9572e+00 -1.1791e+00 -1.0678e+00 +1.0677e+00 +2.7756e+00 -4.0234e-01 +3.3605e+00 -2.4095e+00
1893 +3.690697168e+00 +3.690697168e+00 +5.945306972e+02 +5.945306972e+02 +5.3861e-01 -2.8940e+00 -3.0727e+00 -1.3069e+00 -9.1479e-01 +1.1892e+00 +2.6858e+00 -4.0843e-01 +3.1689e+00 -2.3803e+00
2509 +2.369954577e+00 +2.369954577e+00 +5.932099546e+02 +5.932099546e+02 +7.8084e-01 -2.9462e+00 -3.1011e+00 -1.1797e+00 -5.6937e-01 +1.2218e+00 +2.7818e+00 -5.0587e-01 +3.0427e+00 -2.2600e+00
2663 +1.524240050e+00 +1.524240050e+00 +5.923642401e+02 +5.923642401e+02 +9.9447e-01 -2.9278e+00 -3.1405e+00 -1.1601e+00 -3.4625e-01 +1.0518e+00 +2.7416e+00 -6.0407e-01 +2.9808e+00 -2.0675e+00
2806 +8.985401816e-01 +8.985401816e-01 +5.917385402e+02 +5.917385402e+02 +1.1171e+00 -3.0580e+00 -3.2519e+00 -1.1478e+00 -3.0802e-01 +9.6789e-01 +2.6466e+00 -6.1964e-01 +2.9409e+00 -2.0241e+00
2839 +6.126248575e-01 +6.126248575e-01 +5.914526249e+02 +5.914526249e+02 +1.2052e+00 -3.1516e+00 -3.3320e+00 -1.1389e+00 -2.8066e-01 +9.0762e-01 +2.5782e+00 -6.3077e-01 +2.9123e+00 -1.9930e+00
2872 +3.920894504e-01 +3.920894504e-01 +5.912320895e+02 +5.912320895e+02 +1.2695e+00 -3.2199e+00 -3.3903e+00 -1.1325e+00 -2.6072e-01 +8.6367e-01 +2.5284e+00 -6.3889e-01 +2.8915e+00 -1.9703e+00
3499 +2.234027366e-01 +2.234027366e-01 +5.910634027e+02 +5.910634027e+02 +1.3790e+00 -3.3156e+00 -3.4892e+00 -1.1625e+00 -2.3529e-01 +7.5443e-01 +2.4219e+00 -6.8272e-01 +2.8799e+00 -1.9159e+00
3642 +1.475026517e-01 +1.475026517e-01 +5.909875027e+02 +5.909875027e+02 +1.3589e+00 -3.3497e+00 -3.5011e+00 -1.1676e+00 -2.8339e-01 +7.5779e-01 +2.4185e+00 -7.0161e-01 +2.9113e+00 -1.9481e+00
3884 +8.671599546e-02 +8.671599546e-02 +5.909267160e+02 +5.909267160e+02 +1.3517e+00 -3.3562e+00 -3.4954e+00 -1.1576e+00 -3.1131e-01 +7.8543e-01 +2.4415e+00 -7.3254e-01 +2.9480e+00 -1.9683e+00
3895 +4.760953303e-02 +4.760953303e-02 +5.908876095e+02 +5.908876095e+02 +1.3554e+00 -3.3489e+00 -3.4879e+00 -1.1500e+00 -3.1258e-01 +8.0238e-01 +2.4555e+00 -7.4810e-01 +2.9618e+00 -1.9708e+00
4148 +3.527440157e-02 +3.527440157e-02 +5.908752744e+02 +5.908752744e+02 +1.3685e+00 -3.3426e+00 -3.4830e+00 -1.1439e+00 -3.0920e-01 +8.1587e-01 +2.4659e+00 -7.6724e-01 +2.9750e+00 -1.9696e+00
4159 +2.390371504e-02 +2.390371504e-02 +5.908639037e+02 +5.908639037e+02 +1.3881e+00 -3.3454e+00 -3.4902e+00 -1.1485e+00 -2.9817e-01 +8.0476e-01 +2.4552e+00 -7.7127e-01 +2.9702e+00 -1.9607e+00
4632 +1.573776016e-02 +1.573776016e-02 +5.908557378e+02 +5.908557378e+02 +1.4182e+00 -3.3478e+00 -3.5000e+00 -1.1544e+00 -2.8168e-01 +7.9131e-01 +2.4416e+00 -7.7920e-01 +2.9651e+00 -1.9489e+00
4676 +9.352729442e-03 +9.352729442e-03 +5.908493527e+02 +5.908493527e+02 +1.4247e+00 -3.3438e+00 -3.5007e+00 -1.1555e+00 -2.7979e-01 +7.9680e-01 +2.4430e+00 -7.7894e-01 +2.9671e+00 -1.9556e+00
4841 +2.176850796e-03 +2.176850796e-03 +5.908421769e+02 +5.908421769e+02 +1.4335e+00 -3.3384e+00 -3.5051e+00 -1.1546e+00 -2.8895e-01 +8.0347e-01 +2.4387e+00 -7.7224e-01 +2.9738e+00 -1.9745e+00
5061 +1.519730676e-03 +1.519730676e-03 +5.908415197e+02 +5.908415197e+02 +1.4352e+00 -3.3376e+00 -3.5053e+00 -1.1542e+00 -2.9028e-01 +8.0398e-01 +2.4380e+00 -7.7190e-01 +2.9752e+00 -1.9770e+00
5292 +9.968544992e-04 +9.968544992e-04 +5.908409969e+02 +5.908409969e+02 +1.4384e+00 -3.3364e+00 -3.5050e+00 -1.1530e+00 -2.9190e-01 +8.0397e-01 +2.4369e+00 -7.7262e-01 +2.9778e+00 -1.9800e+00
5556 +5.035113625e-04 +5.035113625e-04 +5.908405035e+02 +5.908405035e+02 +1.4441e+00 -3.3341e+00 -3.5029e+00 -1.1526e+00 -2.8974e-01 +8.0250e-01 +2.4349e+00 -7.7602e-01 +2.9773e+00 -1.9783e+00
5919 +3.738884075e-04 +3.738884075e-04 +5.908403739e+02 +5.908403739e+02 +1.4445e+00 -3.3337e+00 -3.5016e+00 -1.1526e+00 -2.8923e-01 +8.0258e-01 +2.4341e+00 -7.7718e-01 +2.9763e+00 -1.9774e+00
6051 +2.178063659e-04 +2.178063659e-04 +5.908402178e+02 +5.908402178e+02 +1.4431e+00 -3.3338e+00 -3.4981e+00 -1.1525e+00 -2.8920e-01 +8.0358e-01 +2.4314e+00 -7.7939e-01 +2.9741e+00 -1.9755e+00
6205 +1.555405884e-04 +1.555405884e-04 +5.908401555e+02 +5.908401555e+02 +1.4436e+00 -3.3337e+00 -3.4981e+00 -1.1523e+00 -2.8948e-01 +8.0362e-01 +2.4312e+00 -7.7936e-01 +2.9746e+00 -1.9760e+00
6953 +9.728828525e-05 +9.728828525e-05 +5.908400973e+02 +5.908400973e+02 +1.4441e+00 -3.3340e+00 -3.4970e+00 -1.1519e+00 -2.8975e-01 +8.0376e-01 +2.4295e+00 -7.7988e-01 +2.9743e+00 -1.9764e+00
6986 +3.793873577e-05 +3.793873577e-05 +5.908400379e+02 +5.908400379e+02 +1.4452e+00 -3.3351e+00 -3.4983e+00 -1.1517e+00 -2.8913e-01 +8.0278e-01 +2.4293e+00 -7.7943e-01 +2.9739e+00 -1.9762e+00
7327 +2.475061399e-05 +2.475061399e-05 +5.908400248e+02 +5.908400248e+02 +1.4454e+00 -3.3357e+00 -3.4982e+00 -1.1516e+00 -2.8908e-01 +8.0276e-01 +2.4289e+00 -7.7952e-01 +2.9734e+00 -1.9761e+00
7756 +1.578594038e-05 +1.578594038e-05 +5.908400158e+02 +5.908400158e+02 +1.4454e+00 -3.3360e+00 -3.4981e+00 -1.1517e+00 -2.8919e-01 +8.0289e-01 +2.4289e+00 -7.7957e-01 +2.9732e+00 -1.9761e+00
8020 +8.202368008e-06 +8.202368008e-06 +5.908400082e+02 +5.908400082e+02 +1.4453e+00 -3.3362e+00 -3.4981e+00 -1.1519e+00 -2.8944e-01 +8.0313e-01 +2.4290e+00 -7.7967e-01 +2.9730e+00 -1.9762e+00
8317 +6.088469149e-06 +6.088469149e-06 +5.908400061e+02 +5.908400061e+02 +1.4452e+00 -3.3362e+00 -3.4982e+00 -1.1520e+00 -2.8952e-01 +8.0323e-01 +2.4291e+00 -7.7969e-01 +2.9730e+00 -1.9762e+00
8570 +3.406832093e-06 +3.406832093e-06 +5.908400034e+02 +5.908400034e+02 +1.4453e+00 -3.3361e+00 -3.4982e+00 -1.1520e+00 -2.8962e-01 +8.0330e-01 +2.4291e+00 -7.7975e-01 +2.9729e+00 -1.9762e+00
8757 +2.303941869e-06 +2.303941869e-06 +5.908400023e+02 +5.908400023e+02 +1.4454e+00 -3.3359e+00 -3.4982e+00 -1.1521e+00 -2.8972e-01 +8.0334e-01 +2.4290e+00 -7.7983e-01 +2.9729e+00 -1.9762e+00
9329 +1.569538995e-06 +1.569538995e-06 +5.908400016e+02 +5.908400016e+02 +1.4454e+00 -3.3359e+00 -3.4982e+00 -1.1520e+00 -2.8974e-01 +8.0330e-01 +2.4290e+00 -7.7986e-01 +2.9728e+00 -1.9761e+00
9494 +9.694674645e-07 +9.694674645e-07 +5.908400010e+02 +5.908400010e+02 +1.4455e+00 -3.3359e+00 -3.4982e+00 -1.1520e+00 -2.8971e-01 +8.0325e-01 +2.4289e+00 -7.7987e-01 +2.9728e+00 -1.9761e+00
19108 +4.910534699e-07 +4.910534699e-07 +5.908400005e+02 +5.908400005e+02 +1.4455e+00 -3.3360e+00 -3.4984e+00 -1.1520e+00 -2.8961e-01 +8.0320e-01 +2.4288e+00 -7.7993e-01 +2.9728e+00 -1.9760e+00
19119 +2.099930043e-07 +2.099930043e-07 +5.908400002e+02 +5.908400002e+02 +1.4455e+00 -3.3360e+00 -3.4984e+00 -1.1520e+00 -2.8962e-01 +8.0322e-01 +2.4288e+00 -7.7995e-01 +2.9728e+00 -1.9760e+00
19504 +1.581742026e-07 +1.581742026e-07 +5.908400002e+02 +5.908400002e+02 +1.4455e+00 -3.3360e+00 -3.4984e+00 -1.1520e+00 -2.8961e-01 +8.0322e-01 +2.4288e+00 -7.7997e-01 +2.9728e+00 -1.9760e+00
57223 +9.980465165e-08 +9.980465165e-08 +5.908400001e+02 +5.908400001e+02 +1.4456e+00 -3.3360e+00 -3.4984e+00 -1.1520e+00 -2.8965e-01 +8.0319e-01 +2.4288e+00 -7.7997e-01 +2.9728e+00 -1.9760e+00
153880 +6.216555448e-08 +6.216555448e-08 +5.908400001e+02 +5.908400001e+02 +1.4456e+00 -3.3360e+00 -3.4984e+00 -1.1520e+00 -2.8961e-01 +8.0318e-01 +2.4288e+00 -7.7999e-01 +2.9728e+00 -1.9760e+00
210651 +3.205957455e-08 +3.205957455e-08 +5.908400000e+02 +5.908400000e+02 +1.4456e+00 -3.3360e+00 -3.4984e+00 -1.1520e+00 -2.8961e-01 +8.0319e-01 +2.4288e+00 -7.7998e-01 +2.9728e+00 -1.9760e+00
210684 +1.905152658e-08 +1.905152658e-08 +5.908400000e+02 +5.908400000e+02 +1.4456e+00 -3.3360e+00 -3.4984e+00 -1.1520e+00 -2.8961e-01 +8.0320e-01 +2.4288e+00 -7.7998e-01 +2.9728e+00 -1.9760e+00
