% function evaluation | noise-free fitness - Fopt (1.491500000000e+02) | best noise-free fitness - Fopt | measured fitness | best measured fitness | x1 | x2...
1 +4.704161310e+05 +4.704161310e+05 +4.705652810e+05 +4.705652810e+05 +8.6726e-01 +1.8915e+00 -2.9599e+00 -3.8397e+00 +6.6970e-01 +2.1794e+00 +3.5281e+00 +4.6593e+00 +4.5436e-01 -4.2079e-01 +1.2387e+00 -1.0340e+00 -5.7740e-02 +1.7777e+00 -2.0568e+00 +1.2644e+00 -4.8768e+00 +2.3236e+00 +2.8216e+00 +3.2730e+00
22 +3.083993785e+05 +3.083993785e+05 +3.085485285e+05 +3.085485285e+05 +8.6431e-01 +1.7477e+00 -2.8779e+00 -3.5348e+00 +4.6784e-01 +1.9952e+00 +3.1444e+00 +3.6593e+00 +5.2294e-01 -4.1670e-01 +1.0106e+00 -9.9873e-01 -5.3992e-02 +1.6426e+00 -2.0399e+00 +1.1490e+00 -4.6663e+00 +2.3319e+00 +2.3405e+00 +3.3160e+00
43 +8.979574724e+04 +8.979574724e+04 +8.994489724e+04 +8.994489724e+04 +8.4115e-01 +1.1509e+00 -2.5233e+00 -2.4650e+00 -3.3055e-01 +1.2413e+00 +1.8307e+00 +1.9621e+00 +6.7571e-01 -3.9246e-01 +1.3748e-01 -8.4576e-01 -2.8593e-02 +1.0759e+00 -1.9631e+00 +6.5618e-01 -3.8625e+00 +2.3054e+00 +1.0289e+00 +3.4601e+00
64 +3.443714769e+04 +3.443714769e+04 +3.458629769e+04 +3.458629769e+04 +8.0149e-01 +6.9373e-01 -2.2303e+00 -1.7795e+00 -9.0643e-01 +6.7704e-01 +1.0719e+00 +1.0154e+00 +7.5142e-01 -3.6192e-01 -4.7311e-01 -7.1757e-01 +1.0478e-02 +6.3478e-01 -1.8944e+00 +2.5937e-01 -3.3071e+00 +2.2002e+00 +3.7390e-01 +3.5498e+00
85 +1.323873715e+04 +1.323873715e+04 +1.338788715e+04 +1.338788715e+04 +7.3834e-01 +2.7417e-01 -1.9434e+00 -1.1968e+00 -1.4214e+00 +1.6679e-01 +4.4713e-01 +2.4603e-01 +7.7997e-01 -3.1952e-01 -1.0125e+00 -5.8959e-01 +7.0466e-02 +2.2506e-01 -1.8223e+00 -1.2106e-01 -2.8243e+00 +2.0308e+00 -9.1598e-02 +3.6199e+00
106 +6.378740293e+03 +6.378740293e+03 +6.527890293e+03 +6.527890293e+03 +6.6318e-01 -4.1231e-02 -1.7137e+00 -7.7648e-01 -1.8058e+00 -2.1659e-01 +4.8933e-03 -2.9337e-01 +7.5885e-01 -2.7280e-01 -1.4123e+00 -4.8549e-01 +1.4091e-01 -8.6656e-02 -1.7605e+00 -4.2047e-01 -2.4738e+00 +1.8476e+00 -3.5137e-01 +3.6600e+00
127 +3.722180031e+03 +3.722180031e+03 +3.871330031e+03 +3.871330031e+03 +5.7654e-01 -2.9084e-01 -1.5205e+00 -4.5027e-01 -2.1124e+00 -5.2368e-01 -3.3411e-01 -7.0385e-01 +7.0069e-01 -2.2130e-01 -1.7293e+00 -3.9722e-01 +2.2201e-01 -3.3646e-01 -1.7051e+00 -6.6921e-01 -2.2023e+00 +1.6616e+00 -4.8202e-01 +3.6784e+00
148 +2.453304449e+03 +2.453304449e+03 +2.602454449e+03 +2.602454449e+03 +4.7908e-01 -4.9402e-01 -1.3530e+00 -1.8616e-01 -2.3669e+00 -7.7952e-01 -6.0594e-01 -1.0312e+00 +6.1339e-01 -1.6513e-01 -1.9909e+00 -3.2074e-01 +3.1376e-01 -5.4277e-01 -1.6540e+00 -8.8292e-01 -1.9842e+00 +1.4791e+00 -5.1685e-01 +3.6791e+00
190 +1.027337157e+03 +1.027337157e+03 +1.176487157e+03 +1.176487157e+03 +2.1921e-01 -8.5682e-01 -1.0231e+00 +2.9230e-01 -2.8444e+00 -1.2618e+00 -1.0930e+00 -1.6142e+00 +3.3737e-01 -2.1844e-02 -2.4758e+00 -1.7318e-01 +5.6217e-01 -9.2086e-01 -1.5453e+00 -1.2998e+00 -1.5975e+00 +1.0856e+00 -3.5583e-01 +3.6344e+00
211 +7.189879546e+02 +7.189879546e+02 +8.681379546e+02 +8.681379546e+02 +8.0208e-02 -9.9470e-01 -8.8406e-01 +4.8196e-01 -3.0402e+00 -1.4603e+00 -1.2845e+00 -1.8416e+00 +1.8019e-01 +4.9739e-02 -2.6702e+00 -1.1366e-01 +6.9768e-01 -1.0694e+00 -1.4969e+00 -1.4744e+00 -1.4492e+00 +9.1848e-01 -2.0362e-01 +3.5984e+00
253 +6.172381604e+02 +6.172381604e+02 +7.663881604e+02 +7.663881604e+02 -2.4309e-02 -1.0422e+00 -8.1849e-01 +5.6459e-01 -3.1325e+00 -1.5548e+00 -1.3670e+00 -1.9341e+00 +5.7847e-02 +9.0759e-02 -2.7523e+00 -9.0635e-02 +8.0451e-01 -1.1282e+00 -1.4728e+00 -1.5554e+00 -1.3928e+00 +8.5678e-01 -7.9262e-02 +3.5684e+00
316 +3.875676421e+02 +3.875676421e+02 +5.367176421e+02 +5.367176421e+02 -1.5482e-01 -7.3519e-01 -9.9075e-01 +2.7903e-01 -2.8930e+00 -1.3179e+00 -1.0730e+00 -1.5282e+00 -1.2365e-01 +5.0489e-02 -2.4328e+00 -2.0617e-01 +9.7475e-01 -8.5923e-01 -1.5216e+00 -1.3271e+00 -1.6885e+00 +1.2253e+00 +1.2725e-02 +3.5315e+00
547 +2.464885706e+02 +2.464885706e+02 +3.956385706e+02 +3.956385706e+02 -6.0094e-01 -9.2008e-01 -7.5038e-01 +5.1669e-01 -3.2418e+00 -1.6498e+00 -1.2992e+00 -1.6140e+00 -7.2144e-01 -4.9580e-02 -2.5149e+00 -2.0314e-01 +1.6210e+00 -1.1845e+00 -1.3936e+00 -1.5356e+00 -1.9198e+00 +1.1845e+00 -1.0212e-01 +3.4827e+00
1177 +1.584269345e+02 +1.584269345e+02 +3.075769345e+02 +3.075769345e+02 -6.1556e-01 -1.1839e+00 -9.2697e-01 +8.7007e-01 -3.7241e+00 -2.1827e+00 -1.8024e+00 -2.0511e+00 -9.1110e-01 -4.7769e-01 -2.6648e+00 -2.1478e-01 +1.7493e+00 -1.5406e+00 -1.6877e+00 -1.4630e+00 -1.8939e+00 +1.2177e+00 -1.2640e-01 +3.3380e+00
2206 +9.831839500e+01 +9.831839500e+01 +2.474683950e+02 +2.474683950e+02 -2.0782e-02 -3.5737e-01 -4.8953e-02 +1.6798e+00 -3.2039e+00 -2.1117e+00 -1.7775e+00 -2.0062e+00 -8.2328e-01 -3.9639e-01 -2.5671e+00 -2.5269e-01 +1.7954e+00 -1.5141e+00 -1.5167e+00 -1.4493e+00 -1.5167e+00 +5.5122e-01 -1.7774e+00 -2.8932e+00
2374 +5.630829434e+01 +5.630829434e+01 +2.054582943e+02 +2.054582943e+02 +1.2985e-02 -2.7753e-01 +3.4041e-02 +1.7940e+00 -3.0873e+00 -2.1730e+00 -1.9060e+00 -2.0675e+00 -7.5602e-01 -4.0308e-01 -2.5161e+00 -3.0659e-01 +1.8179e+00 -1.5512e+00 -1.4643e+00 -1.3907e+00 -7.7686e-01 -2.1287e-01 -2.6545e+00 -3.7696e+00
2500 +3.914273485e+01 +3.914273485e+01 +1.882927349e+02 +1.882927349e+02 -1.1484e-02 -3.2277e-01 +3.4927e-03 +1.7363e+00 -3.1301e+00 -2.0518e+00 -1.8538e+00 -2.0065e+00 -7.8207e-01 -3.8490e-01 -2.5379e+00 -2.8335e-01 +1.7933e+00 -1.5664e+00 -1.4812e+00 -1.3526e+00 -9.9882e-01 -4.0955e-01 -2.8553e+00 -3.7191e+00
2584 +2.170939581e+01 +2.170939581e+01 +1.708593958e+02 +1.708593958e+02 -4.0773e-02 -3.8544e-01 -7.4030e-02 +1.6222e+00 -3.2404e+00 -1.9944e+00 -1.8681e+00 -2.0353e+00 -8.8864e-01 -4.4695e-01 -2.5807e+00 -2.6918e-01 +1.7511e+00 -1.5015e+00 -1.5942e+00 -1.5999e+00 -8.3777e-01 -4.0963e-01 -2.7827e+00 -3.8082e+00
2710 +1.568056821e+01 +1.568056821e+01 +1.648305682e+02 +1.648305682e+02 -9.1875e-02 -4.4034e-01 -1.1504e-01 +1.5986e+00 -3.2273e+00 -1.9010e+00 -1.8075e+00 -2.0221e+00 -8.6510e-01 -4.5425e-01 -2.6098e+00 -2.4513e-01 +1.7564e+00 -1.5230e+00 -1.6484e+00 -1.4389e+00 -8.4953e-01 -3.6305e-01 -2.7717e+00 -3.8658e+00
3886 +9.787926307e+00 +9.787926307e+00 +1.589379263e+02 +1.589379263e+02 -6.3085e-02 -3.8397e-01 +1.3302e-02 +1.8352e+00 -2.7664e+00 -1.2520e+00 -9.3681e-01 -1.3157e+00 -3.5133e-01 -2.0283e-01 -2.6011e+00 -2.0655e-01 +1.7521e+00 -1.5507e+00 -1.6682e+00 -1.4848e+00 -8.4359e-01 -3.7407e-01 -2.7856e+00 -3.8510e+00
4285 +6.175805335e+00 +6.175805335e+00 +1.553258053e+02 +1.553258053e+02 -5.3156e-02 -3.6918e-01 +1.9522e-02 +1.8480e+00 -2.7417e+00 -1.1964e+00 -8.1866e-01 -1.0890e+00 +5.0272e-02 +4.3577e-01 -1.8138e+00 +5.1485e-01 +2.2483e+00 -1.3297e+00 -1.6689e+00 -1.4558e+00 -8.4639e-01 -3.5196e-01 -2.7934e+00 -3.8498e+00
4516 +3.899888630e+00 +3.899888630e+00 +1.530498886e+02 +1.530498886e+02 -5.6521e-02 -3.7234e-01 +2.1060e-02 +1.8520e+00 -2.7355e+00 -1.1901e+00 -8.1000e-01 -1.0717e+00 +8.7461e-02 +4.9849e-01 -1.7027e+00 +7.0891e-01 +2.6171e+00 -8.0857e-01 -1.1449e+00 -1.2011e+00 -8.0630e-01 -3.6253e-01 -2.7943e+00 -3.8517e+00
4663 +2.371568482e+00 +2.371568482e+00 +1.515215685e+02 +1.515215685e+02 -5.6864e-02 -3.7286e-01 +1.9572e-02 +1.8512e+00 -2.7358e+00 -1.1890e+00 -8.1049e-01 -1.0727e+00 +8.5954e-02 +4.9649e-01 -1.6943e+00 +7.4181e-01 +2.6759e+00 -6.8776e-01 -9.0682e-01 -8.5924e-01 -4.8442e-01 -2.1196e-01 -2.7718e+00 -3.8486e+00
4726 +1.527268636e+00 +1.527268636e+00 +1.506772686e+02 +1.506772686e+02 -5.5851e-02 -3.7159e-01 +1.9096e-02 +1.8504e+00 -2.7358e+00 -1.1887e+00 -8.1227e-01 -1.0724e+00 +8.9200e-02 +5.0364e-01 -1.6788e+00 +7.6198e-01 +2.7186e+00 -6.1375e-01 -7.9702e-01 -6.9122e-01 -2.5188e-01 -2.0551e-03 -2.6925e+00 -3.8423e+00
4831 +8.867444947e-01 +8.867444947e-01 +1.500367445e+02 +1.500367445e+02 -5.4094e-02 -3.6903e-01 +1.9116e-02 +1.8501e+00 -2.7363e+00 -1.1865e+00 -8.0933e-01 -1.0726e+00 +9.1303e-02 +5.0964e-01 -1.6734e+00 +7.7112e-01 +2.7258e+00 -5.9750e-01 -7.6419e-01 -6.0424e-01 -1.0123e-01 +2.0751e-01 -2.4780e+00 -3.7838e+00
4873 +4.496491934e-01 +4.496491934e-01 +1.495996492e+02 +1.495996492e+02 -5.5670e-02 -3.7134e-01 +1.9657e-02 +1.8502e+00 -2.7361e+00 -1.1874e+00 -8.0892e-01 -1.0715e+00 +9.1020e-02 +5.0883e-01 -1.6743e+00 +7.7343e-01 +2.7330e+00 -5.8459e-01 -7.3614e-01 -5.5506e-01 -1.6666e-02 +3.2704e-01 -2.3324e+00 -3.6355e+00
4894 +2.891434223e-01 +2.891434223e-01 +1.494391434e+02 +1.494391434e+02 -5.5620e-02 -3.7156e-01 +1.9174e-02 +1.8507e+00 -2.7360e+00 -1.1885e+00 -8.1061e-01 -1.0718e+00 +9.0484e-02 +5.0702e-01 -1.6747e+00 +7.7280e-01 +2.7350e+00 -5.7912e-01 -7.2375e-01 -5.3875e-01 +1.4087e-02 +3.9052e-01 -2.2269e+00 -3.5338e+00
4915 +1.923700691e-01 +1.923700691e-01 +1.493423701e+02 +1.493423701e+02 -5.5383e-02 -3.7116e-01 +1.9089e-02 +1.8508e+00 -2.7357e+00 -1.1877e+00 -8.0998e-01 -1.0710e+00 +9.1772e-02 +5.0917e-01 -1.6733e+00 +7.7313e-01 +2.7356e+00 -5.7487e-01 -7.2026e-01 -5.3047e-01 +4.2000e-02 +4.5143e-01 -2.1371e+00 -3.4176e+00
4936 +1.295652176e-01 +1.295652176e-01 +1.492795652e+02 +1.492795652e+02 -5.4839e-02 -3.7021e-01 +1.8863e-02 +1.8503e+00 -2.7359e+00 -1.1868e+00 -8.0932e-01 -1.0714e+00 +9.1839e-02 +5.0995e-01 -1.6723e+00 +7.7558e-01 +2.7384e+00 -5.7093e-01 -7.1308e-01 -5.1088e-01 +7.0825e-02 +4.9771e-01 -2.0318e+00 -3.2615e+00
5020 +5.725157207e-02 +5.725157207e-02 +1.492072516e+02 +1.492072516e+02 -5.4822e-02 -3.7020e-01 +1.9033e-02 +1.8502e+00 -2.7365e+00 -1.1876e+00 -8.0955e-01 -1.0713e+00 +9.3146e-02 +5.1176e-01 -1.6724e+00 +7.7598e-01 +2.7400e+00 -5.6358e-01 -6.9929e-01 -4.9133e-01 +1.0521e-01 +5.4796e-01 -1.9710e+00 -3.1616e+00
5041 +3.171421071e-02 +3.171421071e-02 +1.491817142e+02 +1.491817142e+02 -5.5116e-02 -3.7067e-01 +1.9204e-02 +1.8503e+00 -2.7361e+00 -1.1873e+00 -8.0936e-01 -1.0711e+00 +9.2306e-02 +5.1045e-01 -1.6730e+00 +7.7589e-01 +2.7404e+00 -5.6560e-01 -7.0105e-01 -4.9233e-01 +1.0855e-01 +5.6252e-01 -1.9407e+00 -3.1149e+00
5062 +2.054927181e-02 +2.054927181e-02 +1.491705493e+02 +1.491705493e+02 -5.5243e-02 -3.7090e-01 +1.9233e-02 +1.8505e+00 -2.7359e+00 -1.1875e+00 -8.0953e-01 -1.0711e+00 +9.2073e-02 +5.0993e-01 -1.6728e+00 +7.7581e-01 +2.7405e+00 -5.6546e-01 -7.0096e-01 -4.9130e-01 +1.1134e-01 +5.7038e-01 -1.9213e+00 -3.0776e+00
5083 +1.577361601e-02 +1.577361601e-02 +1.491657736e+02 +1.491657736e+02 -5.5348e-02 -3.7105e-01 +1.9256e-02 +1.8505e+00 -2.7358e+00 -1.1875e+00 -8.0953e-01 -1.0709e+00 +9.2165e-02 +5.1011e-01 -1.6722e+00 +7.7660e-01 +2.7419e+00 -5.6266e-01 -6.9579e-01 -4.8088e-01 +1.3109e-01 +6.0860e-01 -1.8489e+00 -2.9531e+00
5125 +3.365488209e-03 +3.365488209e-03 +1.491533655e+02 +1.491533655e+02 -5.5314e-02 -3.7096e-01 +1.9252e-02 +1.8505e+00 -2.7358e+00 -1.1872e+00 -8.0920e-01 -1.0708e+00 +9.2272e-02 +5.1053e-01 -1.6724e+00 +7.7682e-01 +2.7422e+00 -5.6254e-01 -6.9539e-01 -4.8039e-01 +1.3219e-01 +6.0940e-01 -1.8470e+00 -2.9409e+00
5146 +8.435344020e-04 +8.435344020e-04 +1.491508435e+02 +1.491508435e+02 -5.5224e-02 -3.7083e-01 +1.9181e-02 +1.8503e+00 -2.7362e+00 -1.1876e+00 -8.0951e-01 -1.0711e+00 +9.2438e-02 +5.1056e-01 -1.6722e+00 +7.7675e-01 +2.7421e+00 -5.6152e-01 -6.9344e-01 -4.7669e-01 +1.3874e-01 +6.2244e-01 -1.8218e+00 -2.8911e+00
5167 +1.262318272e-04 +1.262318272e-04 +1.491501262e+02 +1.491501262e+02 -5.5152e-02 -3.7073e-01 +1.9208e-02 +1.8504e+00 -2.7359e+00 -1.1873e+00 -8.0940e-01 -1.0710e+00 +9.2415e-02 +5.1063e-01 -1.6722e+00 +7.7698e-01 +2.7425e+00 -5.6117e-01 -6.9281e-01 -4.7560e-01 +1.4146e-01 +6.2765e-01 -1.8106e+00 -2.8672e+00
5188 +8.874161159e-05 +8.874161159e-05 +1.491500887e+02 +1.491500887e+02 -5.5184e-02 -3.7078e-01 +1.9201e-02 +1.8504e+00 -2.7359e+00 -1.1873e+00 -8.0933e-01 -1.0710e+00 +9.2376e-02 +5.1063e-01 -1.6722e+00 +7.7707e-01 +2.7428e+00 -5.6089e-01 -6.9219e-01 -4.7419e-01 +1.4437e-01 +6.3358e-01 -1.7990e+00 -2.8451e+00
5209 +4.917507368e-06 +4.917507368e-06 +1.491500049e+02 +1.491500049e+02 -5.5206e-02 -3.7081e-01 +1.9188e-02 +1.8504e+00 -2.7361e+00 -1.1874e+00 -8.0940e-01 -1.0710e+00 +9.2402e-02 +5.1059e-01 -1.6722e+00 +7.7698e-01 +2.7426e+00 -5.6104e-01 -6.9246e-01 -4.7465e-01 +1.4322e-01 +6.3155e-01 -1.8029e+00 -2.8522e+00
5230 +5.340204723e-07 +5.340204723e-07 +1.491500005e+02 +1.491500005e+02 -5.5197e-02 -3.7079e-01 +1.9203e-02 +1.8504e+00 -2.7360e+00 -1.1874e+00 -8.0941e-01 -1.0710e+00 +9.2406e-02 +5.1060e-01 -1.6722e+00 +7.7700e-01 +2.7426e+00 -5.6101e-01 -6.9241e-01 -4.7464e-01 +1.4333e-01 +6.3164e-01 -1.8027e+00 -2.8518e+00
5251 +2.203813665e-08 +2.203813665e-08 +1.491500000e+02 +1.491500000e+02 -5.5200e-02 -3.7080e-01 +1.9200e-02 +1.8504e+00 -2.7360e+00 -1.1874e+00 -8.0940e-01 -1.0710e+00 +9.2395e-02 +5.1060e-01 -1.6722e+00 +7.7700e-01 +2.7426e+00 -5.6100e-01 -6.9240e-01 -4.7460e-01 +1.4340e-01 +6.3180e-01 -1.8024e+00 -2.8512e+00
5272 +4.818957677e-09 +4.818957677e-09 +1.491500000e+02 +1.491500000e+02 -5.5200e-02 -3.7080e-01 +1.9200e-02 +1.8504e+00 -2.7360e+00 -1.1874e+00 -8.0940e-01 -1.0710e+00 +9.2402e-02 +5.1060e-01 -1.6722e+00 +7.7700e-01 +2.7426e+00 -5.6100e-01 -6.9240e-01 -4.7460e-01 +1.4340e-01 +6.3181e-01 -1.8024e+00 -2.8512e+00
% function evaluation | noise-free fitness - Fopt (-1.000000000000e+03) | best noise-free fitness - Fopt | measured fitness | best measured fitness | x1 | x2...
1 +5.917749305e+05 +5.917749305e+05 +5.907749305e+05 +5.907749305e+05 +1.9397e+00 -1.9918e+00 -3.8675e+00 -4.5614e+00 +3.2653e-01 -2.4464e+00 -6.6134e-01 +2.5162e+00 -3.9645e+00 +9.3509e-01 +4.6437e+00 +3.5282e+00 +3.6200e+00 -3.2570e-01 -1.0740e+00 -3.8705e+00 -1.0397e+00 -2.3697e+00 +5.1716e-01 -1.8935e+00
22 +3.612152839e+05 +3.612152839e+05 +3.602152839e+05 +3.602152839e+05 +1.0687e+00 -1.8333e+00 -3.4537e+00 -4.5108e+00 +1.4360e-01 -2.4172e+00 -6.6625e-01 +1.9904e+00 -3.5876e+00 +9.5065e-01 +3.6437e+00 +2.9697e+00 +3.1940e+00 -4.7172e-01 -1.0298e+00 -3.8148e+00 -1.0307e+00 -2.3614e+00 +3.4769e-01 -1.8697e+00
43 +1.010363868e+05 +1.010363868e+05 +1.000363868e+05 +1.000363868e+05 -4.9188e-01 -1.3490e+00 -2.2422e+00 -4.3269e+00 -5.3153e-01 -2.3008e+00 -7.3158e-01 +6.5090e-01 -2.4688e+00 +1.0105e+00 +2.1892e+00 +1.5412e+00 +1.9980e+00 -1.0674e+00 -8.4300e-01 -3.5736e+00 -9.9141e-01 -2.3292e+00 -2.7536e-01 -1.7738e+00
64 +3.809332390e+04 +3.809332390e+04 +3.709332390e+04 +3.709332390e+04 -1.3404e+00 -9.9876e-01 -1.5045e+00 -4.1789e+00 -1.0333e+00 -2.2047e+00 -8.4236e-01 -8.7787e-02 -1.7780e+00 +1.0441e+00 +1.3010e+00 +7.9087e-01 +1.2977e+00 -1.5432e+00 -6.7642e-01 -3.3494e+00 -9.5446e-01 -2.3070e+00 -7.3127e-01 -1.6934e+00
85 +1.328255605e+04 +1.328255605e+04 +1.228255605e+04 +1.228255605e+04 -2.0606e+00 -6.6802e-01 -8.5958e-01 -4.0239e+00 -1.5056e+00 -2.1076e+00 -1.0030e+00 -7.0352e-01 -1.1704e+00 +1.0692e+00 +5.4550e-01 +1.5405e-01 +6.9812e-01 -2.0002e+00 -4.9987e-01 -3.1043e+00 -9.1421e-01 -2.2937e+00 -1.1499e+00 -1.6120e+00
106 +5.220340379e+03 +5.220340379e+03 +4.220340379e+03 +4.220340379e+03 -2.5845e+00 -4.1231e-01 -3.7945e-01 -3.8892e+00 -1.8716e+00 -2.0280e+00 -1.1741e+00 -1.1404e+00 -7.1608e-01 +1.0844e+00 -3.7032e-03 -3.0982e-01 +2.5959e-01 -2.3578e+00 -3.5009e-01 -2.8904e+00 -8.7989e-01 -2.2956e+00 -1.4626e+00 -1.5464e+00
127 +2.337776994e+03 +2.337776994e+03 +1.337776994e+03 +1.337776994e+03 -2.9929e+00 -2.0647e-01 +1.6941e-03 -3.7668e+00 -2.1688e+00 -1.9602e+00 -1.3496e+00 -1.4706e+00 -3.5396e-01 +1.0948e+00 -4.3071e-01 -6.7230e-01 -8.3719e-02 -2.6497e+00 -2.2029e-01 -2.6996e+00 -8.5067e-01 -2.3125e+00 -1.7043e+00 -1.4931e+00
148 +1.305318908e+03 +1.305318908e+03 +3.053189075e+02 +3.053189075e+02 -3.3061e+00 -4.6219e-02 +2.9737e-01 -3.6579e+00 -2.4031e+00 -1.9036e+00 -1.5165e+00 -1.7140e+00 -7.1652e-02 +1.1037e+00 -7.5635e-01 -9.5107e-01 -3.4793e-01 -2.8809e+00 -1.1280e-01 -2.5364e+00 -8.2741e-01 -2.3428e+00 -1.8828e+00 -1.4528e+00
169 +9.120155515e+02 +9.120155515e+02 -8.798444854e+01 -8.798444854e+01 -3.5493e+00 +7.8697e-02 +5.2707e-01 -3.5598e+00 -2.5879e+00 -1.8556e+00 -1.6712e+00 -1.8937e+00 +1.4906e-01 +1.1136e+00 -1.0067e+00 -1.1681e+00 -5.5364e-01 -3.0647e+00 -2.4561e-02 -2.3971e+00 -8.0954e-01 -2.3839e+00 -2.0120e+00 -1.4237e+00
232 +5.892606408e+02 +5.892606408e+02 -4.107393592e+02 -4.107393592e+02 -4.0016e+00 +3.1064e-01 +9.2921e-01 -3.2986e+00 -2.9338e+00 -1.7382e+00 -2.0717e+00 -2.1777e+00 +5.4364e-01 +1.1687e+00 -1.4538e+00 -1.5743e+00 -9.3902e-01 -3.4214e+00 +1.5363e-01 -2.0807e+00 -7.8190e-01 -2.5607e+00 -2.1873e+00 -1.3923e+00
274 +3.919199975e+02 +3.919199975e+02 -6.080800025e+02 -6.080800025e+02 -4.1992e+00 +4.1483e-01 +1.0325e+00 -3.0333e+00 -3.0804e+00 -1.6229e+00 -2.4356e+00 -2.2122e+00 +6.5905e-01 +1.2796e+00 -1.6107e+00 -1.7562e+00 -1.1134e+00 -3.6020e+00 +2.5053e-01 -1.8419e+00 -7.8186e-01 -2.8127e+00 -2.1377e+00 -1.4287e+00
316 +2.428100160e+02 +2.428100160e+02 -7.571899840e+02 -7.571899840e+02 -4.1736e+00 +4.0907e-01 +8.7879e-01 -2.7876e+00 -3.0521e+00 -1.5071e+00 -2.7286e+00 -2.0445e+00 +5.2736e-01 +1.4311e+00 -1.5182e+00 -1.7412e+00 -1.1035e+00 -3.6242e+00 +2.7110e-01 -1.6887e+00 -8.0125e-01 -3.0856e+00 -1.9188e+00 -1.5173e+00
463 +1.385112135e+02 +1.385112135e+02 -8.614887865e+02 -8.614887865e+02 -4.1428e+00 +3.6907e-01 +6.3299e-01 -2.6098e+00 -3.0290e+00 -1.1374e+00 -2.6645e+00 -2.0008e+00 +2.6636e-01 +1.6390e+00 -1.4249e+00 -1.7220e+00 -1.1384e+00 -3.5854e+00 +2.0200e-01 -1.6559e+00 -7.5298e-01 -2.9419e+00 -2.1292e+00 -1.5535e+00
610 +9.547320847e+01 +9.547320847e+01 -9.045267915e+02 -9.045267915e+02 -4.3176e+00 +4.0461e-01 +5.7506e-01 -2.3572e+00 -3.0925e+00 -7.4047e-01 -2.9552e+00 -2.1166e+00 +1.9256e-01 +1.9124e+00 -1.6012e+00 -1.9281e+00 -1.3803e+00 -3.7413e+00 +1.8340e-01 -1.6252e+00 -6.7202e-01 -3.0097e+00 -2.0644e+00 -1.8744e+00
925 +6.198012278e+01 +6.198012278e+01 -9.380198772e+02 -9.380198772e+02 -4.3603e+00 +5.0717e-01 +6.1381e-01 -2.5782e+00 -3.0108e+00 -7.8555e-01 -2.9458e+00 -2.2306e+00 +1.6993e-01 +1.9903e+00 -1.8580e+00 -2.1486e+00 -1.4932e+00 -3.8047e+00 +1.8031e-02 -1.7361e+00 -6.7938e-01 -3.1242e+00 -2.4598e+00 -2.1511e+00
1051 +3.790444841e+01 +3.790444841e+01 -9.620955516e+02 -9.620955516e+02 -4.4476e+00 +4.1599e-01 +6.1204e-01 -2.5674e+00 -2.9705e+00 -9.1587e-01 -2.9892e+00 -2.1112e+00 +1.4012e-01 +1.9801e+00 -1.8531e+00 -2.1537e+00 -1.4450e+00 -3.7868e+00 +1.6874e-03 -1.5888e+00 -5.7047e-01 -3.4068e+00 -2.7945e+00 -2.5559e+00
1198 +2.369148102e+01 +2.369148102e+01 -9.763085190e+02 -9.763085190e+02 -4.3905e+00 +4.6461e-01 +6.0579e-01 -2.5465e+00 -3.0363e+00 -8.0838e-01 -2.9214e+00 -2.2233e+00 +1.9531e-01 +1.9502e+00 -1.8510e+00 -2.1159e+00 -1.4747e+00 -3.7870e+00 +4.2889e-02 -1.7317e+00 -3.6142e-01 -3.4828e+00 -2.9290e+00 -2.7891e+00
3088 +1.578433729e+01 +1.578433729e+01 -9.842156627e+02 -9.842156627e+02 -2.9817e+00 +9.2528e-01 +1.0739e+00 -2.2609e+00 -2.9819e+00 -8.4062e-01 -2.9546e+00 -2.1978e+00 +2.2023e-01 +1.9420e+00 -1.8104e+00 -2.1005e+00 -1.4711e+00 -3.8018e+00 +6.1769e-02 -1.6937e+00 -2.9786e-01 -3.6206e+00 -2.9465e+00 -2.6761e+00
4264 +9.767311020e+00 +9.767311020e+00 -9.902326890e+02 -9.902326890e+02 -2.8539e+00 +1.1685e+00 +1.5099e+00 -1.5755e+00 -2.0878e+00 +7.4443e-02 -2.1200e+00 -1.4947e+00 +7.0576e-01 +2.2069e+00 -1.7704e+00 -2.0920e+00 -1.4505e+00 -3.7865e+00 +6.5878e-02 -1.7056e+00 -3.2248e-01 -3.6313e+00 -2.9479e+00 -2.6775e+00
4747 +6.308068203e+00 +6.308068203e+00 -9.936919318e+02 -9.936919318e+02 -2.8460e+00 +1.1781e+00 +1.5258e+00 -1.5509e+00 -2.0461e+00 +1.5429e-01 -1.9710e+00 -1.2280e+00 +1.1533e+00 +2.8475e+00 -1.0022e+00 -1.4403e+00 -1.0625e+00 -3.6333e+00 +8.8732e-02 -1.7146e+00 -3.4327e-01 -3.6412e+00 -2.9537e+00 -2.6800e+00
5041 +3.774024086e+00 +3.774024086e+00 -9.962259759e+02 -9.962259759e+02 -2.8484e+00 +1.1767e+00 +1.5256e+00 -1.5496e+00 -2.0429e+00 +1.5995e-01 -1.9629e+00 -1.2132e+00 +1.1893e+00 +2.9186e+00 -8.6298e-01 -1.1786e+00 -6.0189e-01 -3.0598e+00 +5.9716e-01 -1.4497e+00 -2.5508e-01 -3.6277e+00 -2.9494e+00 -2.6786e+00
5146 +2.504661243e+00 +2.504661243e+00 -9.974953388e+02 -9.974953388e+02 -2.8463e+00 +1.1776e+00 +1.5233e+00 -1.5544e+00 -2.0453e+00 +1.5322e-01 -1.9597e+00 -1.2027e+00 +1.1876e+00 +2.9304e+00 -8.3288e-01 -1.1310e+00 -5.2034e-01 -2.9018e+00 +8.5799e-01 -1.0779e+00 +4.8628e-02 -3.5257e+00 -2.9375e+00 -2.6772e+00
5251 +1.488542415e+00 +1.488542415e+00 -9.985114576e+02 -9.985114576e+02 -2.8469e+00 +1.1770e+00 +1.5260e+00 -1.5493e+00 -2.0425e+00 +1.6073e-01 -1.9598e+00 -1.2114e+00 +1.1936e+00 +2.9287e+00 -8.3009e-01 -1.1181e+00 -5.0536e-01 -2.8695e+00 +9.3151e-01 -9.5331e-01 +2.6882e-01 -3.2616e+00 -2.8059e+00 -2.6667e+00
5335 +8.317012730e-01 +8.317012730e-01 -9.991682987e+02 -9.991682987e+02 -2.8489e+00 +1.1763e+00 +1.5229e+00 -1.5529e+00 -2.0441e+00 +1.5637e-01 -1.9614e+00 -1.2038e+00 +1.1936e+00 +2.9337e+00 -8.3202e-01 -1.1227e+00 -4.8965e-01 -2.8313e+00 +9.8481e-01 -8.5269e-01 +4.0392e-01 -3.0980e+00 -2.6656e+00 -2.5971e+00
5398 +5.437975495e-01 +5.437975495e-01 -9.994562025e+02 -9.994562025e+02 -2.8478e+00 +1.1771e+00 +1.5242e+00 -1.5516e+00 -2.0436e+00 +1.5754e-01 -1.9606e+00 -1.2068e+00 +1.1912e+00 +2.9317e+00 -8.2818e-01 -1.1118e+00 -4.8356e-01 -2.8269e+00 +1.0120e+00 -8.1003e-01 +4.8909e-01 -2.9572e+00 -2.4899e+00 -2.4900e+00
5419 +3.846407276e-01 +3.846407276e-01 -9.996153593e+02 -9.996153593e+02 -2.8471e+00 +1.1772e+00 +1.5247e+00 -1.5508e+00 -2.0433e+00 +1.5823e-01 -1.9592e+00 -1.2063e+00 +1.1939e+00 +2.9345e+00 -8.2597e-01 -1.1112e+00 -4.8192e-01 -2.8218e+00 +1.0144e+00 -8.0129e-01 +5.0871e-01 -2.9330e+00 -2.4551e+00 -2.4348e+00
5482 +1.830688718e-01 +1.830688718e-01 -9.998169311e+02 -9.998169311e+02 -2.8494e+00 +1.1759e+00 +1.5234e+00 -1.5525e+00 -2.0442e+00 +1.5746e-01 -1.9616e+00 -1.2059e+00 +1.1943e+00 +2.9329e+00 -8.3022e-01 -1.1166e+00 -4.7658e-01 -2.8081e+00 +1.0357e+00 -7.5954e-01 +5.7260e-01 -2.8188e+00 -2.2767e+00 -2.2290e+00
5503 +1.136293007e-01 +1.136293007e-01 -9.998863707e+02 -9.998863707e+02 -2.8489e+00 +1.1763e+00 +1.5235e+00 -1.5521e+00 -2.0438e+00 +1.5749e-01 -1.9610e+00 -1.2053e+00 +1.1940e+00 +2.9347e+00 -8.2922e-01 -1.1142e+00 -4.7703e-01 -2.8088e+00 +1.0364e+00 -7.5760e-01 +5.8685e-01 -2.7888e+00 -2.2304e+00 -2.1563e+00
5524 +6.473146635e-02 +6.473146635e-02 -9.999352685e+02 -9.999352685e+02 -2.8478e+00 +1.1770e+00 +1.5241e+00 -1.5513e+00 -2.0433e+00 +1.5779e-01 -1.9601e+00 -1.2053e+00 +1.1943e+00 +2.9349e+00 -8.2397e-01 -1.1077e+00 -4.7416e-01 -2.8058e+00 +1.0437e+00 -7.4189e-01 +6.1391e-01 -2.7413e+00 -2.1467e+00 -2.0305e+00
5566 +5.123417326e-02 +5.123417326e-02 -9.999487658e+02 -9.999487658e+02 -2.8477e+00 +1.1770e+00 +1.5242e+00 -1.5512e+00 -2.0433e+00 +1.5780e-01 -1.9600e+00 -1.2054e+00 +1.1942e+00 +2.9345e+00 -8.2360e-01 -1.1075e+00 -4.7398e-01 -2.8056e+00 +1.0442e+00 -7.4103e-01 +6.1492e-01 -2.7388e+00 -2.1368e+00 -2.0042e+00
5587 +2.690488379e-02 +2.690488379e-02 -9.999730951e+02 -9.999730951e+02 -2.8480e+00 +1.1767e+00 +1.5242e+00 -1.5515e+00 -2.0438e+00 +1.5777e-01 -1.9598e+00 -1.2059e+00 +1.1940e+00 +2.9340e+00 -8.2653e-01 -1.1115e+00 -4.7344e-01 -2.8017e+00 +1.0521e+00 -7.2884e-01 +6.4533e-01 -2.6815e+00 -2.0338e+00 -1.8371e+00
5608 +1.451580099e-02 +1.451580099e-02 -9.999854842e+02 -9.999854842e+02 -2.8483e+00 +1.1766e+00 +1.5240e+00 -1.5517e+00 -2.0437e+00 +1.5779e-01 -1.9603e+00 -1.2056e+00 +1.1945e+00 +2.9353e+00 -8.2668e-01 -1.1107e+00 -4.7337e-01 -2.8021e+00 +1.0492e+00 -7.3150e-01 +6.3670e-01 -2.6959e+00 -2.0597e+00 -1.8718e+00
5629 +7.950508022e-03 +7.950508022e-03 -9.999920495e+02 -9.999920495e+02 -2.8483e+00 +1.1765e+00 +1.5239e+00 -1.5517e+00 -2.0436e+00 +1.5781e-01 -1.9604e+00 -1.2053e+00 +1.1947e+00 +2.9355e+00 -8.2592e-01 -1.1098e+00 -4.7257e-01 -2.8011e+00 +1.0512e+00 -7.2700e-01 +6.4449e-01 -2.6806e+00 -2.0303e+00 -1.8207e+00
5650 +4.418757098e-03 +4.418757098e-03 -9.999955812e+02 -9.999955812e+02 -2.8483e+00 +1.1766e+00 +1.5240e+00 -1.5516e+00 -2.0436e+00 +1.5775e-01 -1.9603e+00 -1.2053e+00 +1.1946e+00 +2.9348e+00 -8.2567e-01 -1.1098e+00 -4.7189e-01 -2.7998e+00 +1.0551e+00 -7.2084e-01 +6.5760e-01 -2.6562e+00 -1.9833e+00 -1.7345e+00
5671 +1.580467128e-03 +1.580467128e-03 -9.999984195e+02 -9.999984195e+02 -2.8482e+00 +1.1766e+00 +1.5240e+00 -1.5515e+00 -2.0436e+00 +1.5780e-01 -1.9602e+00 -1.2054e+00 +1.1946e+00 +2.9350e+00 -8.2552e-01 -1.1097e+00 -4.7207e-01 -2.8000e+00 +1.0542e+00 -7.2214e-01 +6.5537e-01 -2.6596e+00 -1.9881e+00 -1.7400e+00
5692 +4.578385247e-04 +4.578385247e-04 -9.999995422e+02 -9.999995422e+02 -2.8482e+00 +1.1766e+00 +1.5240e+00 -1.5516e+00 -2.0436e+00 +1.5781e-01 -1.9602e+00 -1.2055e+00 +1.1945e+00 +2.9352e+00 -8.2576e-01 -1.1094e+00 -4.7184e-01 -2.7995e+00 +1.0549e+00 -7.2012e-01 +6.5876e-01 -2.6526e+00 -1.9749e+00 -1.7130e+00
5713 +3.337535077e-05 +3.337535077e-05 -9.999999666e+02 -9.999999666e+02 -2.8482e+00 +1.1766e+00 +1.5240e+00 -1.5516e+00 -2.0436e+00 +1.5781e-01 -1.9602e+00 -1.2053e+00 +1.1947e+00 +2.9353e+00 -8.2550e-01 -1.1094e+00 -4.7164e-01 -2.7991e+00 +1.0557e+00 -7.1858e-01 +6.6242e-01 -2.6452e+00 -1.9596e+00 -1.6827e+00
5734 +1.371891267e-05 +1.371891267e-05 -9.999999863e+02 -9.999999863e+02 -2.8482e+00 +1.1766e+00 +1.5240e+00 -1.5516e+00 -2.0436e+00 +1.5778e-01 -1.9602e+00 -1.2054e+00 +1.1946e+00 +2.9351e+00 -8.2563e-01 -1.1094e+00 -4.7159e-01 -2.7990e+00 +1.0561e+00 -7.1815e-01 +6.6308e-01 -2.6442e+00 -1.9580e+00 -1.6790e+00
5755 +4.974318699e-07 +4.974318699e-07 -9.999999995e+02 -9.999999995e+02 -2.8482e+00 +1.1766e+00 +1.5240e+00 -1.5516e+00 -2.0436e+00 +1.5780e-01 -1.9602e+00 -1.2054e+00 +1.1946e+00 +2.9352e+00 -8.2561e-01 -1.1094e+00 -4.7160e-01 -2.7990e+00 +1.0560e+00 -7.1819e-01 +6.6301e-01 -2.6442e+00 -1.9578e+00 -1.6787e+00
5776 +1.919637498e-07 +1.919637498e-07 -9.999999998e+02 -9.999999998e+02 -2.8482e+00 +1.1766e+00 +1.5240e+00 -1.5516e+00 -2.0436e+00 +1.5780e-01 -1.9602e+00 -1.2054e+00 +1.1946e+00 +2.9352e+00 -8.2559e-01 -1.1094e+00 -4.7160e-01 -2.7990e+00 +1.0560e+00 -7.1821e-01 +6.6297e-01 -2.6442e+00 -1.9579e+00 -1.6790e+00
5797 +2.314209269e-09 +2.314209269e-09 -1.000000000e+03 -1.000000000e+03 -2.8482e+00 +1.1766e+00 +1.5240e+00 -1.5516e+00 -2.0436e+00 +1.5780e-01 -1.9602e+00 -1.2054e+00 +1.1946e+00 +2.9352e+00 -8.2560e-01 -1.1094e+00 -4.7160e-01 -2.7990e+00 +1.0560e+00 -7.1820e-01 +6.6300e-01 -2.6442e+00 -1.9578e+00 -1.6788e+00
% function evaluation | noise-free fitness - Fopt (9.862000000000e+01) | best noise-free fitness - Fopt | measured fitness | best measured fitness | x1 | x2...
1 +4.411546236e+05 +4.411546236e+05 +4.412532436e+05 +4.412532436e+05 -3.8258e+00 -9.8586e-01 +4.1629e+00 +1.7057e+00 -4.2664e+00 +4.8932e+00 +5.5143e-01 -1.1642e+00 -4.4521e+00 -6.4746e-01 +4.6114e+00 +2.0334e+00 +4.9934e+00 +2.8211e+00 -3.8106e+00 +4.5021e-01 -2.0493e+00 +3.8774e-01 +7.8324e-01 -2.8467e-01
22 +2.920177539e+05 +2.920177539e+05 +2.921163739e+05 +2.921163739e+05 -3.8065e+00 -9.7587e-01 +4.1386e+00 +1.2510e+00 -4.0360e+00 +4.7309e+00 +5.1944e-01 -1.2191e+00 -4.4395e+00 -6.4156e-01 +4.4617e+00 +1.8109e+00 +4.7520e+00 +1.8211e+00 -3.7383e+00 +2.6101e-01 -1.9594e+00 +4.0026e-01 +7.8426e-01 -2.8447e-01
43 +9.187033041e+04 +9.187033041e+04 +9.196895041e+04 +9.196895041e+04 -3.7125e+00 -9.2649e-01 +3.9904e+00 -1.5741e-01 -3.1873e+00 +4.0703e+00 +3.5120e-01 -1.4720e+00 -4.3789e+00 -6.1276e-01 +3.8372e+00 +9.6262e-01 +3.7612e+00 +2.7360e-02 -3.5358e+00 -4.9622e-01 -1.5679e+00 +4.5804e-01 +7.8945e-01 -2.8344e-01
64 +3.613085450e+04 +3.613085450e+04 +3.622947450e+04 +3.622947450e+04 -3.6156e+00 -8.7446e-01 +3.8042e+00 -1.0158e+00 -2.5828e+00 +3.5529e+00 +1.5986e-01 -1.7123e+00 -4.3169e+00 -5.8247e-01 +3.3294e+00 +3.3927e-01 +3.0615e+00 -9.9960e-01 -3.3768e+00 -1.0823e+00 -1.2273e+00 +5.1322e-01 +7.9536e-01 -2.8225e-01
85 +1.346205544e+04 +1.346205544e+04 +1.356067544e+04 +1.356067544e+04 -3.5050e+00 -8.1545e-01 +3.5721e+00 -1.7333e+00 -2.0451e+00 +3.0733e+00 -7.0191e-02 -1.9687e+00 -4.2461e+00 -5.4691e-01 +2.8471e+00 -2.2205e-01 +2.4425e+00 -1.8509e+00 -3.2204e+00 -1.6253e+00 -8.8751e-01 +5.7251e-01 +8.0294e-01 -2.8074e-01
106 +5.596772319e+03 +5.596772319e+03 +5.695392319e+03 +5.695392319e+03 -3.4028e+00 -7.6369e-01 +3.3449e+00 -2.2595e+00 -1.6358e+00 +2.6986e+00 -2.9074e-01 -2.1930e+00 -4.1798e+00 -5.1303e-01 +2.4628e+00 -6.5397e-01 +1.9694e+00 -2.4754e+00 -3.0916e+00 -2.0514e+00 -6.0650e-01 +6.2459e-01 +8.1105e-01 -2.7913e-01
127 +2.611475400e+03 +2.611475400e+03 +2.710095400e+03 +2.710095400e+03 -3.3080e+00 -7.2155e-01 +3.1255e+00 -2.6705e+00 -1.3077e+00 +2.3931e+00 -5.0130e-01 -2.3930e+00 -4.1171e+00 -4.8094e-01 +2.1446e+00 -1.0038e+00 +1.5863e+00 -2.9665e+00 -2.9839e+00 -2.4006e+00 -3.6736e-01 +6.7087e-01 +8.1988e-01 -2.7742e-01
148 +1.470785827e+03 +1.470785827e+03 +1.569405827e+03 +1.569405827e+03 -3.2245e+00 -6.9334e-01 +2.9247e+00 -2.9877e+00 -1.0486e+00 +2.1489e+00 -6.9294e-01 -2.5654e+00 -4.0601e+00 -4.5247e-01 +1.8869e+00 -1.2833e+00 +1.2788e+00 -3.3510e+00 -2.8985e+00 -2.6810e+00 -1.6943e-01 +7.1021e-01 +8.2919e-01 -2.7567e-01
190 +8.173544631e+02 +8.173544631e+02 +9.159744631e+02 +9.159744631e+02 -3.0897e+00 -6.8397e-01 +2.5822e+00 -3.4279e+00 -6.7216e-01 +1.7913e+00 -1.0207e+00 -2.8423e+00 -3.9620e+00 -4.0864e-01 +1.5043e+00 -1.6952e+00 +8.2028e-01 -3.9078e+00 -2.7867e+00 -3.0904e+00 +1.3274e-01 +7.7049e-01 +8.4929e-01 -2.7216e-01
253 +5.865871770e+02 +5.865871770e+02 +6.852071770e+02 +6.852071770e+02 -2.9395e+00 -8.0753e-01 +2.1515e+00 -3.7904e+00 -2.9380e-01 +1.4354e+00 -1.4451e+00 -3.1671e+00 -3.8327e+00 -3.7909e-01 +1.1189e+00 -2.1172e+00 +3.3790e-01 -4.4626e+00 -2.7444e+00 -3.4745e+00 +4.5915e-01 +8.2858e-01 +8.8907e-01 -2.6634e-01
295 +3.636737705e+02 +3.636737705e+02 +4.622937705e+02 +4.622937705e+02 -2.8503e+00 -1.1159e+00 +1.8216e+00 -3.7838e+00 -1.2151e-01 +1.2846e+00 -1.7945e+00 -3.3904e+00 -3.7230e+00 -4.0924e-01 +9.5448e-01 -2.3161e+00 +9.6738e-02 -4.6854e+00 -2.8687e+00 -3.5747e+00 +6.4467e-01 +8.4436e-01 +9.4458e-01 -2.6009e-01
316 +2.231575627e+02 +2.231575627e+02 +3.217775627e+02 +3.217775627e+02 -2.8356e+00 -1.3673e+00 +1.7095e+00 -3.5744e+00 -1.5079e-01 +1.3220e+00 -1.9303e+00 -3.4481e+00 -3.6778e+00 -4.5892e-01 +9.9515e-01 -2.2914e+00 +1.1238e-01 -4.6071e+00 -3.0212e+00 -3.4664e+00 +6.6034e-01 +8.2862e-01 +9.8184e-01 -2.5688e-01
379 +1.575229413e+02 +1.575229413e+02 +2.561429413e+02 +2.561429413e+02 -2.8205e+00 -1.6658e+00 +1.6360e+00 -3.2314e+00 -2.5755e-01 +1.4227e+00 -2.0335e+00 -3.4721e+00 -3.6381e+00 -5.3924e-01 +1.1179e+00 -2.1875e+00 +2.1874e-01 -4.3983e+00 -3.2327e+00 -3.2511e+00 +6.2395e-01 +7.9357e-01 +1.0284e+00 -2.5478e-01
463 +8.998367196e+01 +8.998367196e+01 +1.886036720e+02 +1.886036720e+02 -2.4409e+00 -1.9322e+00 +1.3856e+00 -2.9725e+00 -2.1872e-01 +1.2097e+00 -2.2763e+00 -3.6918e+00 -3.5104e+00 -7.4425e-01 +1.1000e+00 -2.2918e+00 +1.3687e-01 -4.3137e+00 -3.5090e+00 -3.1035e+00 +7.2393e-01 +7.2100e-01 +1.1553e+00 -2.6695e-01
610 +5.852319313e+01 +5.852319313e+01 +1.571431931e+02 +1.571431931e+02 -2.2163e+00 -1.7558e+00 +1.5372e+00 -3.0490e+00 -2.3251e-01 +1.0239e+00 -2.1254e+00 -3.6780e+00 -3.5391e+00 -8.6038e-01 +1.0688e+00 -2.2970e+00 +2.1618e-01 -4.1183e+00 -3.4710e+00 -3.0412e+00 +6.5341e-01 +6.6123e-01 +1.1985e+00 -3.0197e-01
652 +3.555856353e+01 +3.555856353e+01 +1.341785635e+02 +1.341785635e+02 -2.1421e+00 -1.9414e+00 +1.5809e+00 -3.1206e+00 -1.6673e-01 +8.2371e-01 -2.1900e+00 -3.7366e+00 -3.5532e+00 -9.7107e-01 +9.0181e-01 -2.3519e+00 +2.4373e-01 -3.9083e+00 -3.4802e+00 -3.0044e+00 +6.1914e-01 +6.1989e-01 +1.2628e+00 -3.4782e-01
778 +2.459573251e+01 +2.459573251e+01 +1.232157325e+02 +1.232157325e+02 -2.1817e+00 -2.0196e+00 +1.5111e+00 -3.2719e+00 -5.3372e-02 +7.4838e-01 -2.3022e+00 -3.7875e+00 -3.5796e+00 -9.7471e-01 +7.2836e-01 -2.4739e+00 +1.4320e-01 -3.9959e+00 -3.4336e+00 -3.1303e+00 +6.6267e-01 +6.4759e-01 +1.2547e+00 -3.5560e-01
2332 +1.583996885e+01 +1.583996885e+01 +1.144599689e+02 +1.144599689e+02 -9.5246e-01 -1.4222e+00 +1.9641e+00 -2.9676e+00 -5.0414e-02 +8.1633e-01 -2.3374e+00 -3.7594e+00 -3.6887e+00 -1.1042e+00 +6.6656e-01 -2.5376e+00 +1.4208e-01 -3.9454e+00 -3.4971e+00 -3.1438e+00 +6.2790e-01 +6.5559e-01 +1.2312e+00 -3.5359e-01
3445 +9.974530445e+00 +9.974530445e+00 +1.085945304e+02 +1.085945304e+02 -8.0475e-01 -1.1542e+00 +2.4397e+00 -2.2267e+00 +8.8061e-01 +1.7352e+00 -1.4732e+00 -3.0280e+00 -3.1708e+00 -8.6057e-01 +7.0456e-01 -2.5272e+00 +1.5747e-01 -3.9429e+00 -3.4940e+00 -3.1402e+00 +6.4319e-01 +6.7731e-01 +1.2396e+00 -3.5244e-01
4033 +6.281545377e+00 +6.281545377e+00 +1.049015454e+02 +1.049015454e+02 -8.0559e-01 -1.1492e+00 +2.4433e+00 -2.2205e+00 +9.1221e-01 +1.8036e+00 -1.3545e+00 -2.7982e+00 -2.7597e+00 -2.2575e-01 +1.4557e+00 -1.9000e+00 +5.5187e-01 -3.8016e+00 -3.4872e+00 -3.1473e+00 +6.2531e-01 +6.7493e-01 +1.2431e+00 -3.4611e-01
4432 +3.635372227e+00 +3.635372227e+00 +1.022553722e+02 +1.022553722e+02 -8.0404e-01 -1.1476e+00 +2.4431e+00 -2.2191e+00 +9.1347e-01 +1.8069e+00 -1.3478e+00 -2.7807e+00 -2.7204e+00 -1.3421e-01 +1.6396e+00 -1.5623e+00 +1.0820e+00 -3.0967e+00 -2.7785e+00 -2.6657e+00 +8.1685e-01 +6.6360e-01 +1.2392e+00 -3.2886e-01
4684 +2.326201087e+00 +2.326201087e+00 +1.009462011e+02 +1.009462011e+02 -8.0554e-01 -1.1485e+00 +2.4445e+00 -2.2179e+00 +9.1580e-01 +1.8113e+00 -1.3405e+00 -2.7691e+00 -2.7032e+00 -1.2205e-01 +1.6378e+00 -1.5607e+00 +1.0982e+00 -3.0414e+00 -2.6794e+00 -2.4471e+00 +1.0777e+00 +8.4005e-01 +1.2368e+00 -3.2664e-01
4747 +1.500391319e+00 +1.500391319e+00 +1.001203913e+02 +1.001203913e+02 -8.0521e-01 -1.1476e+00 +2.4451e+00 -2.2178e+00 +9.1595e-01 +1.8113e+00 -1.3402e+00 -2.7678e+00 -2.6998e+00 -1.1649e-01 +1.6488e+00 -1.5469e+00 +1.1191e+00 -2.9999e+00 -2.5987e+00 -2.3144e+00 +1.2798e+00 +1.0608e+00 +1.3599e+00 -3.2980e-01
4810 +9.197831784e-01 +9.197831784e-01 +9.953978318e+01 +9.953978318e+01 -8.0488e-01 -1.1469e+00 +2.4446e+00 -2.2183e+00 +9.1538e-01 +1.8099e+00 -1.3405e+00 -2.7686e+00 -2.7020e+00 -1.1745e-01 +1.6560e+00 -1.5468e+00 +1.1177e+00 -2.9924e+00 -2.5669e+00 -2.2739e+00 +1.3661e+00 +1.1993e+00 +1.4950e+00 -2.7869e-01
4873 +5.390488959e-01 +5.390488959e-01 +9.915904890e+01 +9.915904890e+01 -8.0540e-01 -1.1484e+00 +2.4440e+00 -2.2183e+00 +9.1548e-01 +1.8111e+00 -1.3394e+00 -2.7679e+00 -2.7026e+00 -1.1943e-01 +1.6512e+00 -1.5476e+00 +1.1231e+00 -2.9829e+00 -2.5533e+00 -2.2432e+00 +1.4303e+00 +1.3128e+00 +1.6545e+00 -1.8458e-01
4894 +3.208033277e-01 +3.208033277e-01 +9.894080333e+01 +9.894080333e+01 -8.0516e-01 -1.1476e+00 +2.4446e+00 -2.2181e+00 +9.1565e-01 +1.8105e+00 -1.3408e+00 -2.7690e+00 -2.7024e+00 -1.1894e-01 +1.6509e+00 -1.5462e+00 +1.1257e+00 -2.9773e+00 -2.5415e+00 -2.2181e+00 +1.4689e+00 +1.3801e+00 +1.7559e+00 -6.1334e-02
4957 +1.931704307e-01 +1.931704307e-01 +9.881317043e+01 +9.881317043e+01 -8.0538e-01 -1.1483e+00 +2.4441e+00 -2.2183e+00 +9.1547e-01 +1.8113e+00 -1.3386e+00 -2.7667e+00 -2.7009e+00 -1.1613e-01 +1.6563e+00 -1.5413e+00 +1.1311e+00 -2.9702e+00 -2.5311e+00 -2.1973e+00 +1.5168e+00 +1.4586e+00 +1.8700e+00 +6.1544e-02
4978 +1.288950260e-01 +1.288950260e-01 +9.874889503e+01 +9.874889503e+01 -8.0530e-01 -1.1481e+00 +2.4442e+00 -2.2183e+00 +9.1551e-01 +1.8111e+00 -1.3392e+00 -2.7673e+00 -2.7012e+00 -1.1682e-01 +1.6555e+00 -1.5418e+00 +1.1315e+00 -2.9679e+00 -2.5243e+00 -2.1865e+00 +1.5337e+00 +1.4905e+00 +1.9280e+00 +1.4232e-01
4999 +8.090061429e-02 +8.090061429e-02 +9.870090061e+01 +9.870090061e+01 -8.0518e-01 -1.1479e+00 +2.4443e+00 -2.2183e+00 +9.1559e-01 +1.8107e+00 -1.3400e+00 -2.7682e+00 -2.7021e+00 -1.1760e-01 +1.6544e+00 -1.5421e+00 +1.1327e+00 -2.9636e+00 -2.5146e+00 -2.1651e+00 +1.5736e+00 +1.5617e+00 +2.0387e+00 +3.0766e-01
5041 +5.161084966e-02 +5.161084966e-02 +9.867161085e+01 +9.867161085e+01 -8.0510e-01 -1.1477e+00 +2.4445e+00 -2.2182e+00 +9.1564e-01 +1.8105e+00 -1.3406e+00 -2.7687e+00 -2.7023e+00 -1.1785e-01 +1.6538e+00 -1.5425e+00 +1.1325e+00 -2.9633e+00 -2.5134e+00 -2.1630e+00 +1.5739e+00 +1.5639e+00 +2.0468e+00 +3.3700e-01
5062 +2.772851945e-02 +2.772851945e-02 +9.864772852e+01 +9.864772852e+01 -8.0510e-01 -1.1474e+00 +2.4446e+00 -2.2181e+00 +9.1566e-01 +1.8105e+00 -1.3404e+00 -2.7682e+00 -2.7011e+00 -1.1591e-01 +1.6562e+00 -1.5396e+00 +1.1353e+00 -2.9599e+00 -2.5090e+00 -2.1556e+00 +1.5850e+00 +1.5908e+00 +2.1096e+00 +4.3504e-01
5083 +1.306957730e-02 +1.306957730e-02 +9.863306958e+01 +9.863306958e+01 -8.0520e-01 -1.1477e+00 +2.4445e+00 -2.2181e+00 +9.1562e-01 +1.8107e+00 -1.3400e+00 -2.7680e+00 -2.7012e+00 -1.1677e-01 +1.6551e+00 -1.5405e+00 +1.1349e+00 -2.9603e+00 -2.5088e+00 -2.1542e+00 +1.5937e+00 +1.6041e+00 +2.1318e+00 +4.7708e-01
5104 +6.178785367e-03 +6.178785367e-03 +9.862617879e+01 +9.862617879e+01 -8.0523e-01 -1.1480e+00 +2.4443e+00 -2.2183e+00 +9.1557e-01 +1.8110e+00 -1.3394e+00 -2.7675e+00 -2.7012e+00 -1.1641e-01 +1.6561e+00 -1.5399e+00 +1.1356e+00 -2.9592e+00 -2.5072e+00 -2.1514e+00 +1.6005e+00 +1.6186e+00 +2.1568e+00 +5.2686e-01
5125 +2.378301404e-03 +2.378301404e-03 +9.862237830e+01 +9.862237830e+01 -8.0522e-01 -1.1479e+00 +2.4444e+00 -2.2182e+00 +9.1558e-01 +1.8108e+00 -1.3397e+00 -2.7678e+00 -2.7013e+00 -1.1654e-01 +1.6559e+00 -1.5399e+00 +1.1359e+00 -2.9583e+00 -2.5049e+00 -2.1463e+00 +1.6106e+00 +1.6373e+00 +2.1945e+00 +5.9729e-01
5167 +7.512192283e-04 +7.512192283e-04 +9.862075122e+01 +9.862075122e+01 -8.0521e-01 -1.1478e+00 +2.4444e+00 -2.2182e+00 +9.1559e-01 +1.8108e+00 -1.3399e+00 -2.7679e+00 -2.7013e+00 -1.1660e-01 +1.6557e+00 -1.5400e+00 +1.1358e+00 -2.9583e+00 -2.5048e+00 -2.1458e+00 +1.6116e+00 +1.6394e+00 +2.2006e+00 +6.1255e-01
5188 +4.664334377e-05 +4.664334377e-05 +9.862004664e+01 +9.862004664e+01 -8.0520e-01 -1.1478e+00 +2.4444e+00 -2.2182e+00 +9.1561e-01 +1.8108e+00 -1.3398e+00 -2.7678e+00 -2.7012e+00 -1.1641e-01 +1.6560e+00 -1.5396e+00 +1.1364e+00 -2.9574e+00 -2.5033e+00 -2.1436e+00 +1.6148e+00 +1.6471e+00 +2.2153e+00 +6.4127e-01
5209 +5.159850531e-06 +5.159850531e-06 +9.862000516e+01 +9.862000516e+01 -8.0520e-01 -1.1478e+00 +2.4444e+00 -2.2182e+00 +9.1560e-01 +1.8108e+00 -1.3398e+00 -2.7678e+00 -2.7012e+00 -1.1640e-01 +1.6560e+00 -1.5396e+00 +1.1364e+00 -2.9574e+00 -2.5033e+00 -2.1433e+00 +1.6155e+00 +1.6482e+00 +2.2175e+00 +6.4598e-01
5230 +2.404328541e-07 +2.404328541e-07 +9.862000024e+01 +9.862000024e+01 -8.0520e-01 -1.1478e+00 +2.4444e+00 -2.2182e+00 +9.1560e-01 +1.8108e+00 -1.3398e+00 -2.7678e+00 -2.7012e+00 -1.1640e-01 +1.6560e+00 -1.5396e+00 +1.1364e+00 -2.9574e+00 -2.5032e+00 -2.1432e+00 +1.6158e+00 +1.6488e+00 +2.2187e+00 +6.4845e-01
5251 +1.572725239e-08 +1.572725239e-08 +9.862000002e+01 +9.862000002e+01 -8.0520e-01 -1.1478e+00 +2.4444e+00 -2.2182e+00 +9.1560e-01 +1.8108e+00 -1.3398e+00 -2.7678e+00 -2.7012e+00 -1.1640e-01 +1.6560e+00 -1.5396e+00 +1.1364e+00 -2.9574e+00 -2.5032e+00 -2.1432e+00 +1.6158e+00 +1.6488e+00 +2.2188e+00 +6.4863e-01
5272 +3.841904572e-10 +3.841904572e-10 +9.862000000e+01 +9.862000000e+01 -8.0520e-01 -1.1478e+00 +2.4444e+00 -2.2182e+00 +9.1560e-01 +1.8108e+00 -1.3398e+00 -2.7678e+00 -2.7012e+00 -1.1640e-01 +1.6560e+00 -1.5396e+00 +1.1364e+00 -2.9574e+00 -2.5032e+00 -2.1432e+00 +1.6158e+00 +1.6488e+00 +2.2188e+00 +6.4858e-01
% function evaluation | noise-free fitness - Fopt (-4.715000000000e+01) | best noise-free fitness - Fopt | measured fitness | best measured fitness | x1 | x2...
1 +8.941281081e+05 +8.941281081e+05 +8.940809581e+05 +8.940809581e+05 +4.0084e+00 +2.0235e-01 +3.1231e-02 -3.4856e+00 +8.9931e-01 +1.8513e+00 +1.7771e+00 +1.9353e+00 -4.0697e+00 +4.4094e+00 +6.2426e-01 -1.9421e+00 +2.8365e+00 -3.0882e+00 +5.4603e-01 -3.7993e+00 -3.2610e+00 +4.1185e+00 -4.1106e+00 +2.5310e+00
22 +5.928197520e+05 +5.928197520e+05 +5.927726020e+05 +5.927726020e+05 +3.7463e+00 +2.2022e-01 +1.1932e-02 -3.4813e+00 +8.9709e-01 +1.8581e+00 +1.6634e+00 +1.7464e+00 -4.0569e+00 +3.6934e+00 +6.7452e-01 -1.9409e+00 +2.8320e+00 -3.0867e+00 +5.5678e-01 -3.7868e+00 -3.2692e+00 +3.1185e+00 -4.0202e+00 +2.5358e+00
43 +1.675912972e+05 +1.675912972e+05 +1.675441472e+05 +1.675441472e+05 +2.6437e+00 +2.9185e-01 -9.4950e-02 -3.4566e+00 +8.8432e-01 +1.8952e+00 +1.0958e+00 +8.7929e-01 -3.9674e+00 +1.6637e+00 +8.6279e-01 -1.9353e+00 +2.8060e+00 -3.0777e+00 +6.1815e-01 -3.7153e+00 -3.3011e+00 +9.1841e-01 -3.6892e+00 +2.5589e+00
64 +6.638753055e+04 +6.638753055e+04 +6.634038055e+04 +6.634038055e+04 +1.8994e+00 +3.2501e-01 -2.0220e-01 -3.4302e+00 +8.7054e-01 +1.9314e+00 +6.1878e-01 +2.2743e-01 -3.8677e+00 +5.6073e-01 +9.9582e-01 -1.9305e+00 +2.7776e+00 -3.0678e+00 +6.8336e-01 -3.6388e+00 -3.3263e+00 -3.0666e-01 -3.4394e+00 +2.5781e+00
85 +2.483745675e+04 +2.483745675e+04 +2.479030675e+04 +2.479030675e+04 +1.2188e+00 +3.2885e-01 -3.3171e-01 -3.3960e+00 +8.5264e-01 +1.9731e+00 +1.2264e-01 -4.0834e-01 -3.7401e+00 -3.9394e-01 +1.1262e+00 -1.9258e+00 +2.7402e+00 -3.0548e+00 +7.6675e-01 -3.5404e+00 -3.3503e+00 -1.3780e+00 -3.1929e+00 +2.5972e+00
106 +1.110796095e+04 +1.110796095e+04 +1.106081095e+04 +1.106081095e+04 +7.1391e-01 +2.9929e-01 -4.5330e-01 -3.3612e+00 +8.3441e-01 +2.0090e+00 -2.8370e-01 -9.0649e-01 -3.6125e+00 -1.0868e+00 +1.2284e+00 -1.9223e+00 +2.7017e+00 -3.0413e+00 +8.5003e-01 -3.4416e+00 -3.3659e+00 -2.1652e+00 -3.0025e+00 +2.6109e+00
127 +5.961808864e+03 +5.961808864e+03 +5.914658864e+03 +5.914658864e+03 +3.1265e-01 +2.4137e-01 -5.7038e-01 -3.3248e+00 +8.1541e-01 +2.0390e+00 -6.3237e-01 -1.3218e+00 -3.4813e+00 -1.6351e+00 +1.3127e+00 -1.9202e+00 +2.6610e+00 -3.0269e+00 +9.3514e-01 -3.3399e+00 -3.3731e+00 -2.7969e+00 -2.8504e+00 +2.6199e+00
148 +3.942243450e+03 +3.942243450e+03 +3.895093450e+03 +3.895093450e+03 -3.3594e-03 +1.6178e-01 -6.7932e-01 -3.2879e+00 +7.9629e-01 +2.0607e+00 -9.2547e-01 -1.6641e+00 -3.3509e+00 -2.0694e+00 +1.3809e+00 -1.9196e+00 +2.6196e+00 -3.0122e+00 +1.0189e+00 -3.2391e+00 -3.3711e+00 -3.3046e+00 -2.7339e+00 +2.6237e+00
211 +2.327739372e+03 +2.327739372e+03 +2.280589372e+03 +2.280589372e+03 -6.3206e-01 -1.6700e-01 -9.6778e-01 -3.1713e+00 +7.3737e-01 +2.0674e+00 -1.5761e+00 -2.4071e+00 -2.9587e+00 -2.9571e+00 +1.5215e+00 -1.9277e+00 +2.4904e+00 -2.9658e+00 +1.2641e+00 -2.9410e+00 -3.3059e+00 -4.3641e+00 -2.5382e+00 +2.6052e+00
274 +1.135802723e+03 +1.135802723e+03 +1.088652723e+03 +1.088652723e+03 -7.2769e-01 -8.3008e-01 -1.2726e+00 -2.9791e+00 +6.4521e-01 +1.8630e+00 -1.9004e+00 -2.7295e+00 -2.3960e+00 -3.1680e+00 +1.5688e+00 -1.9797e+00 +2.2937e+00 -2.8931e+00 +1.5897e+00 -2.5376e+00 -3.0127e+00 -4.6102e+00 -2.6656e+00 +2.4764e+00
295 +6.579536597e+02 +6.579536597e+02 +6.108036597e+02 +6.108036597e+02 -5.3577e-01 -1.1810e+00 -1.3836e+00 -2.8813e+00 +5.9881e-01 +1.7071e+00 -1.8740e+00 -2.6602e+00 -2.1401e+00 -2.9536e+00 +1.5460e+00 -2.0177e+00 +2.2005e+00 -2.8583e+00 +1.7312e+00 -2.3609e+00 -2.8215e+00 -4.3422e+00 -2.8407e+00 +2.3869e+00
316 +5.661593527e+02 +5.661593527e+02 +5.190093527e+02 +5.190093527e+02 -4.0806e-01 -1.3442e+00 -1.4301e+00 -2.8336e+00 +5.7547e-01 +1.6255e+00 -1.8312e+00 -2.5887e+00 -2.0255e+00 -2.8011e+00 +1.5272e+00 -2.0394e+00 +2.1579e+00 -2.8423e+00 +1.7938e+00 -2.2832e+00 -2.7248e+00 -4.1505e+00 -2.9364e+00 +2.3413e+00
484 +3.956236835e+02 +3.956236835e+02 +3.484736835e+02 +3.484736835e+02 -5.3716e-01 -1.3004e+00 -1.6402e+00 -2.6061e+00 +4.0912e-01 +1.4662e+00 -1.9306e+00 -2.5036e+00 -1.8390e+00 -2.7719e+00 +1.5017e+00 -2.2321e+00 +2.0731e+00 -2.8208e+00 +1.9313e+00 -2.1731e+00 -2.5296e+00 -3.8826e+00 -2.6718e+00 +2.2669e+00
820 +2.412497954e+02 +2.412497954e+02 +1.940997954e+02 +1.940997954e+02 -6.3243e-01 -9.9247e-01 -1.2745e+00 -2.6226e+00 +2.7554e-01 +9.5488e-01 -2.3150e+00 -2.3352e+00 -1.5418e+00 -2.8892e+00 +1.5851e+00 -2.9327e+00 +1.5625e+00 -2.9114e+00 +2.2672e+00 -2.2095e+00 -2.1873e+00 -3.8848e+00 -2.3468e+00 +1.0723e+00
967 +1.518231936e+02 +1.518231936e+02 +1.046731936e+02 +1.046731936e+02 -2.2037e-01 -7.5779e-01 -1.2584e+00 -2.5283e+00 +8.4067e-02 +9.8434e-01 -2.3190e+00 -2.3418e+00 -1.7070e+00 -2.7316e+00 +1.7740e+00 -3.0395e+00 +1.4148e+00 -3.0237e+00 +2.1077e+00 -2.2908e+00 -2.3281e+00 -3.9203e+00 -2.2027e+00 +3.2004e-01
1135 +9.866616512e+01 +9.866616512e+01 +5.151616512e+01 +5.151616512e+01 -1.4798e-01 -6.7350e-01 -1.1848e+00 -2.4807e+00 -2.7610e-02 +8.6700e-01 -2.4925e+00 -2.5426e+00 -1.7285e+00 -2.8568e+00 +1.9355e+00 -3.1592e+00 +1.2472e+00 -3.1209e+00 +2.0444e+00 -2.3036e+00 -2.3816e+00 -3.9835e+00 -1.0635e+00 -3.8697e-01
1219 +6.028631677e+01 +6.028631677e+01 +1.313631677e+01 +1.313631677e+01 -2.9570e-01 -8.0458e-01 -1.2524e+00 -2.5225e+00 +7.7899e-02 +9.1307e-01 -2.4403e+00 -2.6691e+00 -1.7768e+00 -2.9002e+00 +1.8956e+00 -2.9412e+00 +1.4012e+00 -3.1027e+00 +1.9563e+00 -2.2745e+00 -2.4594e+00 -3.8898e+00 -6.8721e-01 -2.2493e-01
1282 +3.617400772e+01 +3.617400772e+01 -1.097599228e+01 -1.097599228e+01 -3.9298e-01 -9.0719e-01 -1.2851e+00 -2.5724e+00 +1.7737e-01 +8.0911e-01 -2.4181e+00 -2.6411e+00 -1.7140e+00 -2.7929e+00 +1.8362e+00 -2.8789e+00 +1.4430e+00 -3.0913e+00 +1.9767e+00 -2.2222e+00 -2.4101e+00 -3.6682e+00 -9.1722e-01 -5.0634e-01
1324 +2.121010229e+01 +2.121010229e+01 -2.593989771e+01 -2.593989771e+01 -3.4826e-01 -8.4808e-01 -1.3328e+00 -2.5659e+00 +1.6264e-01 +8.4757e-01 -2.4317e+00 -2.6882e+00 -1.7741e+00 -2.7673e+00 +1.8810e+00 -2.8404e+00 +1.4498e+00 -3.1170e+00 +1.9107e+00 -2.2315e+00 -2.4822e+00 -3.7326e+00 -1.1624e+00 -8.0022e-01
1513 +1.557018579e+01 +1.557018579e+01 -3.157981421e+01 -3.157981421e+01 -4.0483e-01 -9.0030e-01 -1.3199e+00 -2.5859e+00 +1.3935e-01 +9.1635e-01 -2.4805e+00 -2.7171e+00 -1.7873e+00 -2.8180e+00 +1.8192e+00 -2.8041e+00 +1.5164e+00 -3.0924e+00 +1.9465e+00 -2.2301e+00 -2.4627e+00 -3.8327e+00 -1.1740e+00 -8.4132e-01
3214 +9.903441754e+00 +9.903441754e+00 -3.724655825e+01 -3.724655825e+01 -3.3176e-01 -8.0474e-01 -1.1966e+00 -2.3241e+00 +5.8451e-01 +1.5905e+00 -1.6816e+00 -1.9628e+00 -1.3053e+00 -2.5586e+00 +1.8025e+00 -2.8160e+00 +1.5348e+00 -3.0862e+00 +1.9727e+00 -2.2247e+00 -2.4326e+00 -3.8779e+00 -1.1728e+00 -8.0674e-01
4096 +6.278046185e+00 +6.278046185e+00 -4.087195381e+01 -4.087195381e+01 -3.3128e-01 -8.0214e-01 -1.1882e+00 -2.3074e+00 +6.1999e-01 +1.6682e+00 -1.5392e+00 -1.7052e+00 -8.6429e-01 -1.8971e+00 +2.6049e+00 -2.1287e+00 +2.0426e+00 -2.8587e+00 +2.0884e+00 -2.2375e+00 -2.4691e+00 -3.8661e+00 -1.1730e+00 -8.0816e-01
4327 +3.843127381e+00 +3.843127381e+00 -4.330687262e+01 -4.330687262e+01 -3.3224e-01 -8.0303e-01 -1.1891e+00 -2.3062e+00 +6.2204e-01 +1.6727e+00 -1.5323e+00 -1.6901e+00 -8.3172e-01 -1.8299e+00 +2.7342e+00 -1.8941e+00 +2.4221e+00 -2.3405e+00 +2.5595e+00 -1.9303e+00 -2.3651e+00 -3.8762e+00 -1.1713e+00 -8.1075e-01
4579 +2.312919563e+00 +2.312919563e+00 -4.483708044e+01 -4.483708044e+01 -3.3276e-01 -8.0391e-01 -1.1882e+00 -2.3054e+00 +6.2157e-01 +1.6729e+00 -1.5319e+00 -1.6883e+00 -8.2996e-01 -1.8255e+00 +2.7436e+00 -1.8712e+00 +2.4859e+00 -2.1799e+00 +2.8733e+00 -1.4643e+00 -1.8363e+00 -3.5500e+00 -1.0998e+00 -8.0564e-01
4621 +1.167620783e+00 +1.167620783e+00 -4.598237922e+01 -4.598237922e+01 -3.3348e-01 -8.0282e-01 -1.1854e+00 -2.3056e+00 +6.2250e-01 +1.6729e+00 -1.5300e+00 -1.6852e+00 -8.2652e-01 -1.8204e+00 +2.7543e+00 -1.8505e+00 +2.5145e+00 -2.1273e+00 +2.8917e+00 -1.3986e+00 -1.7099e+00 -3.3793e+00 -9.4785e-01 -7.8329e-01
4684 +9.642364363e-01 +9.642364363e-01 -4.618576356e+01 -4.618576356e+01 -3.3040e-01 -8.0048e-01 -1.1858e+00 -2.3052e+00 +6.2212e-01 +1.6720e+00 -1.5277e+00 -1.6845e+00 -8.2316e-01 -1.8176e+00 +2.7586e+00 -1.8478e+00 +2.5235e+00 -2.1267e+00 +2.8877e+00 -1.4104e+00 -1.7214e+00 -3.3784e+00 -9.3453e-01 -7.4618e-01
4747 +5.354697050e-01 +5.354697050e-01 -4.661453030e+01 -4.661453030e+01 -3.2845e-01 -7.9907e-01 -1.1876e+00 -2.3074e+00 +6.2548e-01 +1.6738e+00 -1.5285e+00 -1.6833e+00 -8.2409e-01 -1.8169e+00 +2.7592e+00 -1.8432e+00 +2.5231e+00 -2.1180e+00 +2.9120e+00 -1.3527e+00 -1.6195e+00 -3.2209e+00 -7.4016e-01 -6.2343e-01
4768 +3.694160109e-01 +3.694160109e-01 -4.678058399e+01 -4.678058399e+01 -3.3076e-01 -8.0122e-01 -1.1880e+00 -2.3067e+00 +6.2238e-01 +1.6730e+00 -1.5278e+00 -1.6842e+00 -8.2429e-01 -1.8180e+00 +2.7566e+00 -1.8476e+00 +2.5276e+00 -2.1134e+00 +2.9368e+00 -1.3248e+00 -1.5650e+00 -3.1337e+00 -6.2164e-01 -5.2004e-01
4810 +2.494687797e-01 +2.494687797e-01 -4.690053122e+01 -4.690053122e+01 -3.3133e-01 -8.0179e-01 -1.1863e+00 -2.3051e+00 +6.2226e-01 +1.6726e+00 -1.5293e+00 -1.6853e+00 -8.2417e-01 -1.8180e+00 +2.7590e+00 -1.8434e+00 +2.5298e+00 -2.1090e+00 +2.9450e+00 -1.3088e+00 -1.5499e+00 -3.0884e+00 -5.5775e-01 -4.3339e-01
4852 +1.514754292e-01 +1.514754292e-01 -4.699852457e+01 -4.699852457e+01 -3.3076e-01 -8.0116e-01 -1.1864e+00 -2.3058e+00 +6.2276e-01 +1.6729e+00 -1.5281e+00 -1.6841e+00 -8.2356e-01 -1.8169e+00 +2.7593e+00 -1.8432e+00 +2.5324e+00 -2.1052e+00 +2.9476e+00 -1.2996e+00 -1.5205e+00 -3.0473e+00 -4.8355e-01 -3.3494e-01
4873 +9.969642691e-02 +9.969642691e-02 -4.705030357e+01 -4.705030357e+01 -3.3040e-01 -8.0077e-01 -1.1869e+00 -2.3059e+00 +6.2343e-01 +1.6732e+00 -1.5281e+00 -1.6842e+00 -8.2352e-01 -1.8164e+00 +2.7607e+00 -1.8425e+00 +2.5328e+00 -2.1019e+00 +2.9509e+00 -1.2901e+00 -1.5096e+00 -3.0188e+00 -4.3882e-01 -2.5751e-01
4936 +4.034401668e-02 +4.034401668e-02 -4.710965598e+01 -4.710965598e+01 -3.3065e-01 -8.0100e-01 -1.1868e+00 -2.3057e+00 +6.2271e-01 +1.6728e+00 -1.5282e+00 -1.6843e+00 -8.2335e-01 -1.8164e+00 +2.7605e+00 -1.8415e+00 +2.5358e+00 -2.0980e+00 +2.9601e+00 -1.2755e+00 -1.4773e+00 -2.9639e+00 -3.3784e-01 -1.0296e-01
4957 +2.052755767e-02 +2.052755767e-02 -4.712947244e+01 -4.712947244e+01 -3.3064e-01 -8.0106e-01 -1.1868e+00 -2.3058e+00 +6.2269e-01 +1.6727e+00 -1.5282e+00 -1.6843e+00 -8.2333e-01 -1.8165e+00 +2.7607e+00 -1.8413e+00 +2.5361e+00 -2.0975e+00 +2.9614e+00 -1.2729e+00 -1.4697e+00 -2.9462e+00 -2.9986e-01 -3.3530e-02
4978 +1.301123768e-02 +1.301123768e-02 -4.713698876e+01 -4.713698876e+01 -3.3063e-01 -8.0105e-01 -1.1867e+00 -2.3058e+00 +6.2264e-01 +1.6727e+00 -1.5283e+00 -1.6843e+00 -8.2329e-01 -1.8167e+00 +2.7605e+00 -1.8403e+00 +2.5374e+00 -2.0950e+00 +2.9669e+00 -1.2618e+00 -1.4493e+00 -2.9086e+00 -2.3135e-01 +8.6599e-02
4999 +8.310338479e-03 +8.310338479e-03 -4.714168966e+01 -4.714168966e+01 -3.3064e-01 -8.0104e-01 -1.1867e+00 -2.3057e+00 +6.2260e-01 +1.6727e+00 -1.5284e+00 -1.6843e+00 -8.2326e-01 -1.8166e+00 +2.7605e+00 -1.8399e+00 +2.5376e+00 -2.0944e+00 +2.9681e+00 -1.2596e+00 -1.4471e+00 -2.9059e+00 -2.2504e-01 +1.1369e-01
5020 +1.131089384e-03 +1.131089384e-03 -4.714886891e+01 -4.714886891e+01 -3.3062e-01 -8.0100e-01 -1.1868e+00 -2.3057e+00 +6.2292e-01 +1.6729e+00 -1.5281e+00 -1.6841e+00 -8.2313e-01 -1.8158e+00 +2.7616e+00 -1.8407e+00 +2.5375e+00 -2.0942e+00 +2.9677e+00 -1.2597e+00 -1.4454e+00 -2.8980e+00 -2.0811e-01 +1.4044e-01
5041 +4.577891263e-04 +4.577891263e-04 -4.714954221e+01 -4.714954221e+01 -3.3057e-01 -8.0097e-01 -1.1868e+00 -2.3058e+00 +6.2279e-01 +1.6728e+00 -1.5282e+00 -1.6842e+00 -8.2328e-01 -1.8164e+00 +2.7610e+00 -1.8402e+00 +2.5379e+00 -2.0936e+00 +2.9688e+00 -1.2575e+00 -1.4411e+00 -2.8901e+00 -1.9313e-01 +1.6854e-01
5062 +1.111701873e-04 +1.111701873e-04 -4.714988883e+01 -4.714988883e+01 -3.3060e-01 -8.0100e-01 -1.1868e+00 -2.3058e+00 +6.2278e-01 +1.6728e+00 -1.5282e+00 -1.6842e+00 -8.2321e-01 -1.8163e+00 +2.7611e+00 -1.8402e+00 +2.5379e+00 -2.0936e+00 +2.9690e+00 -1.2572e+00 -1.4406e+00 -2.8892e+00 -1.9065e-01 +1.7448e-01
5083 +1.117521192e-05 +1.117521192e-05 -4.714998882e+01 -4.714998882e+01 -3.3060e-01 -8.0100e-01 -1.1868e+00 -2.3058e+00 +6.2281e-01 +1.6728e+00 -1.5282e+00 -1.6842e+00 -8.2319e-01 -1.8162e+00 +2.7612e+00 -1.8402e+00 +2.5380e+00 -2.0935e+00 +2.9693e+00 -1.2567e+00 -1.4392e+00 -2.8862e+00 -1.8478e-01 +1.8669e-01
5104 +4.456766305e-06 +4.456766305e-06 -4.714999554e+01 -4.714999554e+01 -3.3060e-01 -8.0100e-01 -1.1868e+00 -2.3058e+00 +6.2280e-01 +1.6728e+00 -1.5282e+00 -1.6842e+00 -8.2320e-01 -1.8162e+00 +2.7612e+00 -1.8402e+00 +2.5380e+00 -2.0934e+00 +2.9695e+00 -1.2562e+00 -1.4386e+00 -2.8850e+00 -1.8217e-01 +1.9178e-01
5125 +7.318165274e-08 +7.318165274e-08 -4.714999993e+01 -4.714999993e+01 -3.3060e-01 -8.0100e-01 -1.1868e+00 -2.3058e+00 +6.2280e-01 +1.6728e+00 -1.5282e+00 -1.6842e+00 -8.2320e-01 -1.8162e+00 +2.7612e+00 -1.8402e+00 +2.5380e+00 -2.0934e+00 +2.9694e+00 -1.2564e+00 -1.4388e+00 -2.8854e+00 -1.8304e-01 +1.9014e-01
5146 +1.485272350e-08 +1.485272350e-08 -4.714999999e+01 -4.714999999e+01 -3.3060e-01 -8.0100e-01 -1.1868e+00 -2.3058e+00 +6.2280e-01 +1.6728e+00 -1.5282e+00 -1.6842e+00 -8.2320e-01 -1.8162e+00 +2.7612e+00 -1.8402e+00 +2.5380e+00 -2.0934e+00 +2.9694e+00 -1.2564e+00 -1.4388e+00 -2.8854e+00 -1.8299e-01 +1.9021e-01
5167 +3.405205007e-10 +3.405205007e-10 -4.715000000e+01 -4.715000000e+01 -3.3060e-01 -8.0100e-01 -1.1868e+00 -2.3058e+00 +6.2280e-01 +1.6728e+00 -1.5282e+00 -1.6842e+00 -8.2320e-01 -1.8162e+00 +2.7612e+00 -1.8402e+00 +2.5380e+00 -2.0934e+00 +2.9694e+00 -1.2564e+00 -1.4388e+00 -2.8854e+00 -1.8299e-01 +1.9021e-01
% function evaluation | noise-free fitness - Fopt (3.752000000000e+01) | best noise-free fitness - Fopt | measured fitness | best measured fitness | x1 | x2...
1 +5.479433788e+05 +5.479433788e+05 +5.479808988e+05 +5.479808988e+05 -2.6587e-01 +7.7162e-01 -4.1480e+00 +5.0141e-01 -4.4545e+00 -1.2436e+00 -3.1290e+00 -8.8822e-02 -1.2421e+00 +9.5470e-02 +4.8231e+00 -1.3184e+00 -3.0699e-01 -3.1609e+00 -1.9628e+00 +8.7419e-02 -4.1999e+00 -3.5695e-01 +2.8970e+00 +4.0184e+00
22 +3.500624660e+05 +3.500624660e+05 +3.500999860e+05 +3.500999860e+05 -2.6980e-01 +5.1205e-01 -3.4140e+00 +4.0245e-01 -3.4545e+00 -1.1008e+00 -2.7859e+00 -1.0256e-02 -1.1906e+00 +1.0731e-01 +4.7199e+00 -1.2848e+00 -2.6888e-01 -2.7917e+00 -1.9263e+00 +2.3763e-02 -4.1737e+00 -3.8303e-01 +2.5373e+00 +4.0558e+00
43 +1.028322651e+05 +1.028322651e+05 +1.028697851e+05 +1.028697851e+05 -2.7520e-01 -3.8717e-01 -1.7855e+00 -5.3131e-02 -1.7200e+00 -6.4625e-01 -1.6286e+00 +3.1665e-01 -9.5527e-01 +1.5862e-01 +4.2726e+00 -1.1287e+00 -1.0054e-01 -1.5886e+00 -1.7857e+00 -2.7022e-01 -4.0492e+00 -5.3689e-01 +1.3971e+00 +4.1972e+00
64 +4.026788474e+04 +4.026788474e+04 +4.030540474e+04 +4.030540474e+04 -2.5909e-01 -9.9517e-01 -8.9621e-01 -4.5177e-01 -7.1838e-01 -3.0400e-01 -8.8456e-01 +5.8693e-01 -7.4083e-01 +1.9716e-01 +3.8969e+00 -9.8110e-01 +5.0535e-02 -8.3711e-01 -1.6771e+00 -5.4385e-01 -3.9267e+00 -7.2009e-01 +7.1877e-01 +4.3020e+00
85 +1.489556184e+04 +1.489556184e+04 +1.493308184e+04 +1.493308184e+04 -2.1705e-01 -1.5386e+00 -1.4057e-01 -8.5312e-01 +1.4129e-01 +2.2821e-02 -2.2786e-01 +8.6156e-01 -5.1268e-01 +2.2351e-01 +3.5213e+00 -8.1767e-01 +2.1316e-01 -1.8081e-01 -1.5691e+00 -8.4147e-01 -3.7861e+00 -9.4744e-01 +1.5454e-01 +4.4008e+00
106 +6.366135338e+03 +6.366135338e+03 +6.403655338e+03 +6.403655338e+03 -1.5475e-01 -1.9423e+00 +4.1314e-01 -1.1786e+00 +7.7696e-01 +2.7773e-01 +2.6339e-01 +1.0881e+00 -3.1948e-01 +2.2557e-01 +3.2196e+00 -6.7291e-01 +3.5384e-01 +3.0675e-01 -1.4811e+00 -1.1004e+00 -3.6569e+00 -1.1642e+00 -2.3775e-01 +4.4752e+00
127 +3.187504652e+03 +3.187504652e+03 +3.225024652e+03 +3.225024652e+03 -7.4443e-02 -2.2572e+00 +8.4945e-01 -1.4515e+00 +1.2823e+00 +4.8440e-01 +6.5513e-01 +1.2812e+00 -1.5263e-01 +2.0337e-01 +2.9708e+00 -5.4207e-01 +4.7833e-01 +6.9376e-01 -1.4072e+00 -1.3305e+00 -3.5360e+00 -1.3691e+00 -5.2335e-01 +4.5311e+00
148 +1.958532074e+03 +1.958532074e+03 +1.996052074e+03 +1.996052074e+03 +1.7719e-02 -2.4977e+00 +1.1921e+00 -1.6746e+00 +1.6826e+00 +6.4829e-01 +9.6473e-01 +1.4415e+00 -1.3322e-02 +1.5915e-01 +2.7721e+00 -4.2764e-01 +5.8489e-01 +9.9893e-01 -1.3474e+00 -1.5285e+00 -3.4264e+00 -1.5535e+00 -7.2362e-01 +4.5694e+00
169 +1.416961772e+03 +1.416961772e+03 +1.454481772e+03 +1.454481772e+03 +1.1981e-01 -2.6859e+00 +1.4723e+00 -1.8619e+00 +2.0119e+00 +7.8240e-01 +1.2183e+00 +1.5780e+00 +1.0554e-01 +9.5282e-02 +2.6105e+00 -3.2542e-01 +6.7801e-01 +1.2491e+00 -1.2986e+00 -1.7023e+00 -3.3249e+00 -1.7209e+00 -8.6313e-01 +4.5930e+00
211 +9.656985498e+02 +9.656985498e+02 +1.003218550e+03 +1.003218550e+03 +3.4811e-01 -2.9432e+00 +1.8970e+00 -2.1540e+00 +2.5108e+00 +9.8700e-01 +1.5988e+00 +1.7959e+00 +2.9544e-01 -8.4239e-02 +2.3752e+00 -1.5018e-01 +8.3180e-01 +1.6290e+00 -1.2302e+00 -1.9903e+00 -3.1399e+00 -2.0100e+00 -9.9813e-01 +4.5998e+00
274 +4.017813794e+02 +4.017813794e+02 +4.393013794e+02 +4.393013794e+02 +8.3442e-01 -2.9469e+00 +2.1268e+00 -2.3576e+00 +2.7476e+00 +1.1344e+00 +1.7743e+00 +1.9729e+00 +4.5906e-01 -5.8812e-01 +2.2921e+00 +4.9088e-02 +9.8031e-01 +1.8428e+00 -1.2348e+00 -2.2597e+00 -2.8743e+00 -2.3283e+00 -6.5594e-01 +4.4374e+00
295 +3.129687373e+02 +3.129687373e+02 +3.504887373e+02 +3.504887373e+02 +9.3448e-01 -2.8271e+00 +2.0239e+00 -2.3079e+00 +2.6098e+00 +1.1035e+00 +1.6684e+00 +1.9460e+00 +4.4471e-01 -7.1551e-01 +2.3642e+00 +5.3669e-02 +9.7262e-01 +1.7546e+00 -1.2716e+00 -2.2389e+00 -2.8451e+00 -2.3241e+00 -4.4660e-01 +4.3656e+00
379 +2.498099155e+02 +2.498099155e+02 +2.873299155e+02 +2.873299155e+02 +8.2533e-01 -2.6562e+00 +1.7795e+00 -2.1384e+00 +2.2699e+00 +9.9997e-01 +1.4152e+00 +1.8138e+00 +4.2026e-01 -6.1182e-01 +2.4638e+00 -8.4794e-03 +8.9779e-01 +1.5306e+00 -1.3701e+00 -2.0650e+00 -2.9056e+00 -2.0500e+00 -4.3345e-01 +4.3618e+00
547 +1.582438876e+02 +1.582438876e+02 +1.957638876e+02 +1.957638876e+02 +1.2963e+00 -2.6757e+00 +2.0791e+00 -2.3741e+00 +2.2263e+00 +1.1971e+00 +1.4122e+00 +1.9226e+00 +1.0861e+00 -1.1075e+00 +2.1257e+00 +3.7870e-01 +1.1428e+00 +1.7117e+00 -1.7390e+00 -2.2789e+00 -2.6122e+00 -2.0568e+00 -4.8730e-01 +4.2116e+00
1240 +9.652542470e+01 +9.652542470e+01 +1.340454247e+02 +1.340454247e+02 +1.3330e+00 -2.7722e+00 +1.8015e+00 -2.4676e+00 +1.9567e+00 +9.7146e-01 +1.2608e+00 +1.8667e+00 +1.2283e+00 -1.5077e+00 +1.8400e+00 +6.4890e-02 +1.0541e+00 +1.5224e+00 -1.7301e+00 -2.3408e+00 -2.6682e+00 -2.3352e+00 -1.0326e+00 +3.0049e+00
1513 +5.766997045e+01 +5.766997045e+01 +9.518997045e+01 +9.518997045e+01 +1.4979e+00 -2.7983e+00 +1.8008e+00 -2.5018e+00 +2.0398e+00 +1.0466e+00 +1.3228e+00 +1.8892e+00 +1.2582e+00 -1.4499e+00 +1.7793e+00 +1.1564e-01 +1.0558e+00 +1.6026e+00 -1.7159e+00 -2.3311e+00 -2.4747e+00 -2.8758e+00 -2.1672e+00 +1.9452e+00
1660 +3.857631468e+01 +3.857631468e+01 +7.609631468e+01 +7.609631468e+01 +1.7547e+00 -2.7266e+00 +1.8851e+00 -2.4958e+00 +2.1029e+00 +1.0643e+00 +1.3591e+00 +1.9272e+00 +1.2334e+00 -1.5931e+00 +1.9480e+00 +2.4300e-01 +1.1418e+00 +1.6297e+00 -1.7129e+00 -2.2809e+00 -2.2703e+00 -3.1931e+00 -1.9692e+00 +1.9751e+00
1744 +2.385262964e+01 +2.385262964e+01 +6.137262964e+01 +6.137262964e+01 +1.6168e+00 -2.9247e+00 +1.9191e+00 -2.4756e+00 +2.0546e+00 +9.6118e-01 +1.3505e+00 +1.8778e+00 +1.2574e+00 -1.4484e+00 +1.8925e+00 +1.2503e-01 +1.1106e+00 +1.5756e+00 -1.7121e+00 -2.0720e+00 -2.1499e+00 -3.1272e+00 -1.9474e+00 +1.9274e+00
2920 +1.580355267e+01 +1.580355267e+01 +5.332355267e+01 +5.332355267e+01 +2.3419e+00 -2.2427e+00 +2.4236e+00 -2.1904e+00 +2.0504e+00 +9.3140e-01 +1.3299e+00 +1.8573e+00 +1.2660e+00 -1.3807e+00 +1.8885e+00 +9.2798e-02 +1.1224e+00 +1.5419e+00 -1.7213e+00 -2.2166e+00 -2.0449e+00 -3.1576e+00 -1.9668e+00 +1.9731e+00
4138 +9.062913441e+00 +9.062913441e+00 +4.658291344e+01 +4.658291344e+01 +2.4897e+00 -1.9723e+00 +2.8962e+00 -1.4763e+00 +2.9800e+00 +1.8762e+00 +2.2176e+00 +2.6935e+00 +1.9777e+00 -8.6538e-01 +2.1452e+00 +1.0067e-01 +1.1125e+00 +1.5263e+00 -1.7418e+00 -2.2077e+00 -2.0441e+00 -3.1557e+00 -1.9675e+00 +1.9738e+00
4390 +6.100205956e+00 +6.100205956e+00 +4.362020596e+01 +4.362020596e+01 +2.4895e+00 -1.9696e+00 +2.8931e+00 -1.4761e+00 +2.9946e+00 +1.9071e+00 +2.2839e+00 +2.8199e+00 +2.2155e+00 -4.7285e-01 +2.7125e+00 +7.8309e-01 +1.5765e+00 +1.7375e+00 -1.7281e+00 -2.2189e+00 -2.0482e+00 -3.1572e+00 -1.9690e+00 +1.9717e+00
4663 +3.785649885e+00 +3.785649885e+00 +4.130564989e+01 +4.130564989e+01 +2.4914e+00 -1.9695e+00 +2.9009e+00 -1.4686e+00 +2.9958e+00 +1.9090e+00 +2.2911e+00 +2.8450e+00 +2.2464e+00 -4.1635e-01 +2.8470e+00 +1.0159e+00 +1.9587e+00 +2.2513e+00 -1.2007e+00 -1.9333e+00 -1.9847e+00 -3.1548e+00 -1.9667e+00 +1.9721e+00
4747 +2.427609442e+00 +2.427609442e+00 +3.994760944e+01 +3.994760944e+01 +2.4878e+00 -1.9695e+00 +2.8916e+00 -1.4774e+00 +2.9955e+00 +1.9099e+00 +2.2923e+00 +2.8405e+00 +2.2492e+00 -4.0539e-01 +2.8697e+00 +1.0562e+00 +2.0453e+00 +2.4187e+00 -9.4162e-01 -1.5890e+00 -1.6761e+00 -3.0311e+00 -1.9594e+00 +1.9725e+00
4852 +1.478849353e+00 +1.478849353e+00 +3.899884935e+01 +3.899884935e+01 +2.4899e+00 -1.9686e+00 +2.8999e+00 -1.4692e+00 +3.0003e+00 +1.9150e+00 +2.2923e+00 +2.8365e+00 +2.2528e+00 -3.9427e-01 +2.8768e+00 +1.0582e+00 +2.0690e+00 +2.4692e+00 -8.6743e-01 -1.4088e+00 -1.4091e+00 -2.7287e+00 -1.7895e+00 +1.9855e+00
4936 +8.241961911e-01 +8.241961911e-01 +3.834419619e+01 +3.834419619e+01 +2.4901e+00 -1.9692e+00 +2.8956e+00 -1.4738e+00 +2.9960e+00 +1.9097e+00 +2.2924e+00 +2.8440e+00 +2.2524e+00 -3.9857e-01 +2.8774e+00 +1.0724e+00 +2.0795e+00 +2.4846e+00 -8.2269e-01 -1.3646e+00 -1.3135e+00 -2.6189e+00 -1.6860e+00 +2.0483e+00
4978 +4.814696860e-01 +4.814696860e-01 +3.800146969e+01 +3.800146969e+01 +2.4907e+00 -1.9686e+00 +2.8982e+00 -1.4707e+00 +2.9983e+00 +1.9128e+00 +2.2936e+00 +2.8433e+00 +2.2544e+00 -3.9717e-01 +2.8784e+00 +1.0718e+00 +2.0861e+00 +2.4984e+00 -8.0232e-01 -1.3205e+00 -1.2418e+00 -2.4979e+00 -1.5365e+00 +2.1663e+00
4999 +3.477436058e-01 +3.477436058e-01 +3.786774361e+01 +3.786774361e+01 +2.4900e+00 -1.9691e+00 +2.8966e+00 -1.4727e+00 +2.9969e+00 +1.9110e+00 +2.2921e+00 +2.8419e+00 +2.2523e+00 -3.9646e-01 +2.8792e+00 +1.0748e+00 +2.0893e+00 +2.5021e+00 -7.9105e-01 -1.2977e+00 -1.1988e+00 -2.4389e+00 -1.4528e+00 +2.2408e+00
5062 +2.106540968e-01 +2.106540968e-01 +3.773065410e+01 +3.773065410e+01 +2.4896e+00 -1.9696e+00 +2.8962e+00 -1.4731e+00 +2.9965e+00 +1.9102e+00 +2.2920e+00 +2.8430e+00 +2.2527e+00 -3.9713e-01 +2.8795e+00 +1.0779e+00 +2.0924e+00 +2.5110e+00 -7.7748e-01 -1.2787e+00 -1.1589e+00 -2.3636e+00 -1.3395e+00 +2.3657e+00
5083 +1.179420886e-01 +1.179420886e-01 +3.763794209e+01 +3.763794209e+01 +2.4900e+00 -1.9691e+00 +2.8963e+00 -1.4730e+00 +2.9967e+00 +1.9107e+00 +2.2925e+00 +2.8437e+00 +2.2532e+00 -3.9694e-01 +2.8796e+00 +1.0778e+00 +2.0947e+00 +2.5128e+00 -7.6990e-01 -1.2636e+00 -1.1297e+00 -2.3083e+00 -1.2541e+00 +2.4938e+00
5125 +9.239487881e-02 +9.239487881e-02 +3.761239488e+01 +3.761239488e+01 +2.4902e+00 -1.9690e+00 +2.8969e+00 -1.4724e+00 +2.9969e+00 +1.9110e+00 +2.2927e+00 +2.8438e+00 +2.2536e+00 -3.9657e-01 +2.8798e+00 +1.0776e+00 +2.0954e+00 +2.5149e+00 -7.6608e-01 -1.2539e+00 -1.1139e+00 -2.2795e+00 -1.2010e+00 +2.5625e+00
5167 +3.474616067e-02 +3.474616067e-02 +3.755474616e+01 +3.755474616e+01 +2.4900e+00 -1.9695e+00 +2.8969e+00 -1.4721e+00 +2.9973e+00 +1.9114e+00 +2.2930e+00 +2.8427e+00 +2.2538e+00 -3.9576e-01 +2.8826e+00 +1.0809e+00 +2.0971e+00 +2.5216e+00 -7.5913e-01 -1.2375e+00 -1.0802e+00 -2.2143e+00 -1.0753e+00 +2.7740e+00
5209 +1.372929848e-02 +1.372929848e-02 +3.753372930e+01 +3.753372930e+01 +2.4899e+00 -1.9692e+00 +2.8967e+00 -1.4726e+00 +2.9967e+00 +1.9106e+00 +2.2921e+00 +2.8435e+00 +2.2531e+00 -3.9616e-01 +2.8801e+00 +1.0784e+00 +2.0971e+00 +2.5194e+00 -7.5696e-01 -1.2371e+00 -1.0799e+00 -2.2113e+00 -1.0697e+00 +2.7940e+00
5230 +9.000007466e-03 +9.000007466e-03 +3.752900001e+01 +3.752900001e+01 +2.4901e+00 -1.9691e+00 +2.8970e+00 -1.4722e+00 +2.9971e+00 +1.9113e+00 +2.2929e+00 +2.8434e+00 +2.2539e+00 -3.9607e-01 +2.8813e+00 +1.0798e+00 +2.0980e+00 +2.5214e+00 -7.5611e-01 -1.2326e+00 -1.0717e+00 -2.1969e+00 -1.0407e+00 +2.8448e+00
5251 +4.743599071e-03 +4.743599071e-03 +3.752474360e+01 +3.752474360e+01 +2.4900e+00 -1.9692e+00 +2.8968e+00 -1.4724e+00 +2.9970e+00 +1.9110e+00 +2.2927e+00 +2.8433e+00 +2.2536e+00 -3.9589e-01 +2.8814e+00 +1.0800e+00 +2.0981e+00 +2.5218e+00 -7.5532e-01 -1.2317e+00 -1.0692e+00 -2.1911e+00 -1.0297e+00 +2.8682e+00
5272 +1.016369322e-03 +1.016369322e-03 +3.752101637e+01 +3.752101637e+01 +2.4900e+00 -1.9692e+00 +2.8968e+00 -1.4724e+00 +2.9971e+00 +1.9111e+00 +2.2926e+00 +2.8434e+00 +2.2535e+00 -3.9637e-01 +2.8807e+00 +1.0794e+00 +2.0983e+00 +2.5221e+00 -7.5266e-01 -1.2273e+00 -1.0602e+00 -2.1738e+00 -9.9599e-01 +2.9345e+00
5293 +2.381959350e-04 +2.381959350e-04 +3.752023820e+01 +3.752023820e+01 +2.4900e+00 -1.9692e+00 +2.8968e+00 -1.4724e+00 +2.9970e+00 +1.9110e+00 +2.2926e+00 +2.8434e+00 +2.2537e+00 -3.9587e-01 +2.8814e+00 +1.0801e+00 +2.0989e+00 +2.5228e+00 -7.5247e-01 -1.2264e+00 -1.0584e+00 -2.1696e+00 -9.8640e-01 +2.9559e+00
5335 +1.162878703e-05 +1.162878703e-05 +3.752001163e+01 +3.752001163e+01 +2.4900e+00 -1.9692e+00 +2.8968e+00 -1.4724e+00 +2.9970e+00 +1.9110e+00 +2.2926e+00 +2.8434e+00 +2.2536e+00 -3.9609e-01 +2.8811e+00 +1.0799e+00 +2.0987e+00 +2.5229e+00 -7.5187e-01 -1.2253e+00 -1.0563e+00 -2.1654e+00 -9.7867e-01 +2.9705e+00
5356 +3.619384195e-06 +3.619384195e-06 +3.752000362e+01 +3.752000362e+01 +2.4900e+00 -1.9692e+00 +2.8968e+00 -1.4724e+00 +2.9970e+00 +1.9110e+00 +2.2926e+00 +2.8434e+00 +2.2536e+00 -3.9597e-01 +2.8812e+00 +1.0800e+00 +2.0989e+00 +2.5230e+00 -7.5185e-01 -1.2253e+00 -1.0561e+00 -2.1651e+00 -9.7796e-01 +2.9719e+00
5377 +1.275998471e-07 +1.275998471e-07 +3.752000013e+01 +3.752000013e+01 +2.4900e+00 -1.9692e+00 +2.8968e+00 -1.4724e+00 +2.9970e+00 +1.9110e+00 +2.2926e+00 +2.8434e+00 +2.2536e+00 -3.9599e-01 +2.8812e+00 +1.0800e+00 +2.0988e+00 +2.5230e+00 -7.5180e-01 -1.2252e+00 -1.0560e+00 -2.1648e+00 -9.7748e-01 +2.9728e+00
5398 +5.635039457e-08 +5.635039457e-08 +3.752000006e+01 +3.752000006e+01 +2.4900e+00 -1.9692e+00 +2.8968e+00 -1.4724e+00 +2.9970e+00 +1.9110e+00 +2.2926e+00 +2.8434e+00 +2.2536e+00 -3.9601e-01 +2.8812e+00 +1.0800e+00 +2.0988e+00 +2.5230e+00 -7.5181e-01 -1.2252e+00 -1.0560e+00 -2.1648e+00 -9.7741e-01 +2.9730e+00
5419 +9.630554132e-10 +9.630554132e-10 +3.752000000e+01 +3.752000000e+01 +2.4900e+00 -1.9692e+00 +2.8968e+00 -1.4724e+00 +2.9970e+00 +1.9110e+00 +2.2926e+00 +2.8434e+00 +2.2536e+00 -3.9600e-01 +2.8812e+00 +1.0800e+00 +2.0988e+00 +2.5230e+00 -7.5180e-01 -1.2252e+00 -1.0560e+00 -2.1648e+00 -9.7741e-01 +2.9730e+00
% function evaluation | noise-free fitness - Fopt (-4.715000000000e+01) | best noise-free fitness - Fopt | measured fitness | best measured fitness | x1 | x2...
1 +2.250326814e+05 +2.250326814e+05 +2.249855314e+05 +2.249855314e+05 -3.4638e+00 -2.0658e+00 +1.1755e+00 -3.7648e+00 +1.0288e+00 -2.6554e+00 +1.1366e+00 -2.0044e+00 -2.9713e+00 -8.4282e-01 -3.6708e+00 -9.7595e-01 +2.2402e-01 -3.0769e+00 -2.1136e+00 +2.2819e+00 +2.3333e+00 -3.6077e+00 -1.5280e+00 +4.6794e+00
22 +1.306706833e+05 +1.306706833e+05 +1.306235333e+05 +1.306235333e+05 -3.3973e+00 -2.0558e+00 +9.0938e-01 -3.7303e+00 +9.7677e-01 -2.4788e+00 +8.5867e-01 -1.9703e+00 -2.9709e+00 -9.6382e-01 -2.6708e+00 -9.4438e-01 +2.5407e-01 -3.0718e+00 -1.7803e+00 +1.8572e+00 +1.6910e+00 -3.5358e+00 -1.5386e+00 +4.6620e+00
43 +4.171028442e+04 +4.171028442e+04 +4.166313442e+04 +4.166313442e+04 -3.1570e+00 -2.0161e+00 +1.5039e-01 -3.6198e+00 +7.8861e-01 -1.9117e+00 +9.8136e-02 -1.8718e+00 -2.9626e+00 -1.3110e+00 -1.4262e+00 -1.0264e+00 +3.7498e-01 -3.0527e+00 -8.9185e-01 +8.1794e-01 +5.0381e-01 -3.3550e+00 -1.5835e+00 +4.5901e+00
64 +1.772119603e+04 +1.772119603e+04 +1.767404603e+04 +1.767404603e+04 -2.9304e+00 -1.9726e+00 -3.8900e-01 -3.5284e+00 +6.1010e-01 -1.4595e+00 -4.1875e-01 -1.8098e+00 -2.9424e+00 -1.5993e+00 -6.6818e-01 -1.1721e+00 +5.0316e-01 -3.0339e+00 -2.9798e-01 +1.7383e-01 -1.7733e-01 -3.2250e+00 -1.6404e+00 +4.5038e+00
85 +8.294372186e+03 +8.294372186e+03 +8.247222186e+03 +8.247222186e+03 -2.6962e+00 -1.9218e+00 -8.6237e-01 -3.4400e+00 +4.2333e-01 -1.0422e+00 -8.6007e-01 -1.7736e+00 -2.9054e+00 -1.8731e+00 -3.8290e-02 -1.3665e+00 +6.4848e-01 -3.0142e+00 +2.0964e-01 -3.6576e-01 -7.3218e-01 -3.1151e+00 -1.7202e+00 +4.3911e+00
106 +4.917360150e+03 +4.917360150e+03 +4.870210150e+03 +4.870210150e+03 -2.4921e+00 -1.8719e+00 -1.2318e+00 -3.3665e+00 +2.5815e-01 -7.0675e-01 -1.1956e+00 -1.7695e+00 -2.8551e+00 -2.0956e+00 +4.3841e-01 -1.5657e+00 +7.8555e-01 -2.9973e+00 +5.9982e-01 -7.7655e-01 -1.1430e+00 -3.0438e+00 -1.8166e+00 +4.2664e+00
127 +3.430623109e+03 +3.430623109e+03 +3.383473109e+03 +3.383473109e+03 -2.3034e+00 -1.8211e+00 -1.5502e+00 -3.3009e+00 +1.0338e-01 -4.1239e-01 -1.4778e+00 -1.7926e+00 -2.7897e+00 -2.2895e+00 +8.4242e-01 -1.7708e+00 +9.2044e-01 -2.9825e+00 +9.3346e-01 -1.1261e+00 -1.4829e+00 -3.0054e+00 -1.9393e+00 +4.1230e+00
169 +1.710453055e+03 +1.710453055e+03 +1.663303055e+03 +1.663303055e+03 -1.8473e+00 -1.6862e+00 -2.2866e+00 -3.1492e+00 -2.7541e-01 +2.7753e-01 -2.1147e+00 -1.9377e+00 -2.5658e+00 -2.7292e+00 +1.7730e+00 -2.3149e+00 +1.2669e+00 -2.9515e+00 +1.7057e+00 -1.9342e+00 -2.2438e+00 -3.0286e+00 -2.3889e+00 +3.6735e+00
190 +1.324492162e+03 +1.324492162e+03 +1.277342162e+03 +1.277342162e+03 -1.3602e+00 -1.5425e+00 -3.0746e+00 -2.9898e+00 -6.7916e-01 +1.0200e+00 -2.7967e+00 -2.1343e+00 -2.2932e+00 -3.1899e+00 +2.7769e+00 -2.9063e+00 +1.6420e+00 -2.9212e+00 +2.5391e+00 -2.8076e+00 -3.0629e+00 -3.1309e+00 -2.9664e+00 +3.1441e+00
253 +7.580876405e+02 +7.580876405e+02 +7.109376405e+02 +7.109376405e+02 -1.4387e+00 -1.5943e+00 -2.8551e+00 -3.0165e+00 -6.0225e-01 +8.8007e-01 -2.6543e+00 -2.2791e+00 -2.1870e+00 -3.0840e+00 +2.5079e+00 -2.8145e+00 +1.5983e+00 -2.9323e+00 +2.3377e+00 -2.5862e+00 -2.8921e+00 -3.4834e+00 -3.1509e+00 +3.0610e+00
274 +4.831632148e+02 +4.831632148e+02 +4.360132148e+02 +4.360132148e+02 -1.6351e+00 -1.6752e+00 -2.4580e+00 -3.0830e+00 -4.2961e-01 +5.6208e-01 -2.3481e+00 -2.3527e+00 -2.1674e+00 -2.8695e+00 +2.0106e+00 -2.5837e+00 +1.4628e+00 -2.9503e+00 +1.9435e+00 -2.1644e+00 -2.5223e+00 -3.7521e+00 -3.1397e+00 +3.1307e+00
442 +3.977790160e+02 +3.977790160e+02 +3.506290160e+02 +3.506290160e+02 -1.5815e+00 -1.6883e+00 -2.4337e+00 -3.1350e+00 -4.3437e-01 +6.6325e-01 -2.4362e+00 -2.6083e+00 -1.9070e+00 -2.8621e+00 +2.0382e+00 -2.7587e+00 +1.5610e+00 -3.0027e+00 +2.0258e+00 -2.2678e+00 -2.5673e+00 -3.9769e+00 -2.9703e+00 +2.8999e+00
673 +1.860708969e+02 +1.860708969e+02 +1.389208969e+02 +1.389208969e+02 -1.4229e+00 -1.7339e+00 -2.0338e+00 -3.4622e+00 -3.2390e-01 +8.2703e-01 -2.7143e+00 -3.2125e+00 -1.4771e+00 -2.4327e+00 +1.5986e+00 -3.0808e+00 +1.5708e+00 -3.1381e+00 +2.0587e+00 -2.3643e+00 -2.3835e+00 -4.3020e+00 -1.7546e+00 -4.2880e-02
736 +1.068809602e+02 +1.068809602e+02 +5.973096023e+01 +5.973096023e+01 -1.3610e+00 -1.6474e+00 -2.2127e+00 -3.3814e+00 -3.9762e-01 +8.2120e-01 -2.7450e+00 -2.9013e+00 -1.8820e+00 -2.3706e+00 +1.6777e+00 -2.9405e+00 +1.4245e+00 -3.0297e+00 +2.0958e+00 -2.3811e+00 -2.4697e+00 -4.2985e+00 -1.3698e+00 -6.1781e-01
757 +8.921353171e+01 +8.921353171e+01 +4.206353171e+01 +4.206353171e+01 -1.3617e+00 -1.5867e+00 -2.3413e+00 -3.2995e+00 -4.3767e-01 +7.5112e-01 -2.6997e+00 -2.5552e+00 -2.2820e+00 -2.3464e+00 +1.7231e+00 -2.7539e+00 +1.2814e+00 -2.9346e+00 +2.0696e+00 -2.3315e+00 -2.4964e+00 -4.1654e+00 -1.1706e+00 -7.4670e-01
820 +6.175522157e+01 +6.175522157e+01 +1.460522157e+01 +1.460522157e+01 -1.3862e+00 -1.6486e+00 -2.2200e+00 -3.3907e+00 -3.7713e-01 +7.7915e-01 -2.7234e+00 -2.6957e+00 -2.0630e+00 -2.4014e+00 +1.6941e+00 -2.8694e+00 +1.3752e+00 -3.0223e+00 +2.0828e+00 -2.3731e+00 -2.4304e+00 -3.8644e+00 -1.1943e+00 -6.3478e-01
925 +2.968574126e+01 +2.968574126e+01 -1.746425874e+01 -1.746425874e+01 -1.3889e+00 -1.7603e+00 -2.1196e+00 -3.3766e+00 -3.4283e-01 +7.0843e-01 -2.6076e+00 -2.6870e+00 -1.9734e+00 -2.7032e+00 +1.7636e+00 -2.8646e+00 +1.4761e+00 -3.0590e+00 +2.0050e+00 -2.2933e+00 -2.3642e+00 -3.6922e+00 -1.1913e+00 -8.9323e-01
946 +2.430810826e+01 +2.430810826e+01 -2.284189174e+01 -2.284189174e+01 -1.3842e+00 -1.7850e+00 -2.1168e+00 -3.3445e+00 -3.5078e-01 +6.8946e-01 -2.5636e+00 -2.7105e+00 -1.9297e+00 -2.7953e+00 +1.7988e+00 -2.8586e+00 +1.5111e+00 -3.0566e+00 +1.9811e+00 -2.2609e+00 -2.3716e+00 -3.8108e+00 -1.2832e+00 -8.7690e-01
2395 +1.574931707e+01 +1.574931707e+01 -3.140068293e+01 -3.140068293e+01 -4.6644e-01 -1.0637e+00 -1.6223e+00 -2.9961e+00 -3.0975e-01 +6.7034e-01 -2.5070e+00 -2.6632e+00 -1.8087e+00 -2.8081e+00 +1.7742e+00 -2.8063e+00 +1.5448e+00 -3.0829e+00 +1.9695e+00 -2.2359e+00 -2.4271e+00 -3.8788e+00 -1.1759e+00 -8.0969e-01
3550 +9.614571145e+00 +9.614571145e+00 -3.753542886e+01 -3.753542886e+01 -3.2636e-01 -7.9819e-01 -1.1903e+00 -2.3105e+00 +6.1412e-01 +1.6545e+00 -1.5857e+00 -1.7896e+00 -1.0509e+00 -2.2058e+00 +2.1271e+00 -2.7247e+00 +1.5649e+00 -3.1392e+00 +1.9157e+00 -2.2890e+00 -2.4658e+00 -3.8679e+00 -1.1779e+00 -8.1783e-01
4096 +6.145211875e+00 +6.145211875e+00 -4.100478812e+01 -4.100478812e+01 -3.3096e-01 -8.0028e-01 -1.1879e+00 -2.3102e+00 +6.0750e-01 +1.6623e+00 -1.5395e+00 -1.7069e+00 -8.6382e-01 -1.8894e+00 +2.6163e+00 -2.1247e+00 +2.0353e+00 -2.8779e+00 +1.9985e+00 -2.2524e+00 -2.4137e+00 -3.8763e+00 -1.1727e+00 -8.0909e-01
4348 +3.962403127e+00 +3.962403127e+00 -4.318759687e+01 -4.318759687e+01 -3.2883e-01 -7.9795e-01 -1.1840e+00 -2.3065e+00 +6.1761e-01 +1.6716e+00 -1.5270e+00 -1.6845e+00 -8.2398e-01 -1.8270e+00 +2.7455e+00 -1.8877e+00 +2.4630e+00 -2.2737e+00 +2.6176e+00 -1.8745e+00 -2.3390e+00 -3.8773e+00 -1.1715e+00 -8.0755e-01
4474 +2.409443348e+00 +2.409443348e+00 -4.474055665e+01 -4.474055665e+01 -3.3074e-01 -8.0078e-01 -1.1859e+00 -2.3065e+00 +6.2110e-01 +1.6728e+00 -1.5285e+00 -1.6849e+00 -8.2327e-01 -1.8170e+00 +2.7535e+00 -1.8548e+00 +2.5078e+00 -2.1632e+00 +2.8112e+00 -1.5772e+00 -2.0087e+00 -3.7204e+00 -1.1607e+00 -8.0970e-01
4600 +1.256847867e+00 +1.256847867e+00 -4.589315213e+01 -4.589315213e+01 -3.2975e-01 -8.0070e-01 -1.1872e+00 -2.3058e+00 +6.2375e-01 +1.6719e+00 -1.5295e+00 -1.6859e+00 -8.2737e-01 -1.8245e+00 +2.7553e+00 -1.8527e+00 +2.5146e+00 -2.1443e+00 +2.8705e+00 -1.4380e+00 -1.7823e+00 -3.4594e+00 -1.0091e+00 -7.9844e-01
4642 +9.043969391e-01 +9.043969391e-01 -4.624560306e+01 -4.624560306e+01 -3.2969e-01 -8.0092e-01 -1.1886e+00 -2.3038e+00 +6.2610e-01 +1.6736e+00 -1.5270e+00 -1.6814e+00 -8.1892e-01 -1.8145e+00 +2.7634e+00 -1.8400e+00 +2.5287e+00 -2.1165e+00 +2.9071e+00 -1.3891e+00 -1.6598e+00 -3.2938e+00 -8.1399e-01 -7.0002e-01
4663 +5.524534289e-01 +5.524534289e-01 -4.659754657e+01 -4.659754657e+01 -3.3153e-01 -8.0122e-01 -1.1867e+00 -2.3041e+00 +6.2356e-01 +1.6740e+00 -1.5275e+00 -1.6834e+00 -8.2166e-01 -1.8149e+00 +2.7573e+00 -1.8467e+00 +2.5262e+00 -2.1150e+00 +2.9176e+00 -1.3621e+00 -1.6303e+00 -3.2245e+00 -7.6069e-01 -6.3538e-01
4747 +2.813396518e-01 +2.813396518e-01 -4.686866035e+01 -4.686866035e+01 -3.2989e-01 -8.0079e-01 -1.1871e+00 -2.3072e+00 +6.2163e-01 +1.6715e+00 -1.5296e+00 -1.6859e+00 -8.2611e-01 -1.8207e+00 +2.7605e+00 -1.8436e+00 +2.5298e+00 -2.1114e+00 +2.9426e+00 -1.3080e+00 -1.5474e+00 -3.0933e+00 -5.6455e-01 -4.4849e-01
4768 +2.254967205e-01 +2.254967205e-01 -4.692450328e+01 -4.692450328e+01 -3.3045e-01 -8.0091e-01 -1.1871e+00 -2.3057e+00 +6.2282e-01 +1.6724e+00 -1.5287e+00 -1.6849e+00 -8.2436e-01 -1.8184e+00 +2.7586e+00 -1.8444e+00 +2.5315e+00 -2.1065e+00 +2.9392e+00 -1.3165e+00 -1.5494e+00 -3.0971e+00 -5.6994e-01 -4.3510e-01
4810 +1.227874188e-01 +1.227874188e-01 -4.702721258e+01 -4.702721258e+01 -3.3072e-01 -8.0105e-01 -1.1865e+00 -2.3055e+00 +6.2318e-01 +1.6731e+00 -1.5279e+00 -1.6837e+00 -8.2280e-01 -1.8158e+00 +2.7615e+00 -1.8413e+00 +2.5338e+00 -2.1023e+00 +2.9537e+00 -1.2889e+00 -1.5046e+00 -3.0147e+00 -4.3004e-01 -2.6141e-01
4831 +8.969269825e-02 +8.969269825e-02 -4.706030730e+01 -4.706030730e+01 -3.3059e-01 -8.0104e-01 -1.1866e+00 -2.3059e+00 +6.2285e-01 +1.6730e+00 -1.5281e+00 -1.6839e+00 -8.2284e-01 -1.8161e+00 +2.7616e+00 -1.8414e+00 +2.5328e+00 -2.1040e+00 +2.9541e+00 -1.2873e+00 -1.5059e+00 -3.0118e+00 -4.1289e-01 -2.1943e-01
4852 +4.230175371e-02 +4.230175371e-02 -4.710769825e+01 -4.710769825e+01 -3.3049e-01 -8.0104e-01 -1.1871e+00 -2.3061e+00 +6.2257e-01 +1.6726e+00 -1.5285e+00 -1.6848e+00 -8.2390e-01 -1.8175e+00 +2.7596e+00 -1.8423e+00 +2.5350e+00 -2.0993e+00 +2.9588e+00 -1.2762e+00 -1.4810e+00 -2.9708e+00 -3.4907e-01 -1.1889e-01
4873 +3.203784257e-02 +3.203784257e-02 -4.711796216e+01 -4.711796216e+01 -3.3068e-01 -8.0100e-01 -1.1867e+00 -2.3058e+00 +6.2285e-01 +1.6728e+00 -1.5282e+00 -1.6842e+00 -8.2332e-01 -1.8161e+00 +2.7610e+00 -1.8408e+00 +2.5368e+00 -2.0961e+00 +2.9628e+00 -1.2697e+00 -1.4636e+00 -2.9346e+00 -2.8519e-01 -1.5569e-02
4894 +1.787933871e-02 +1.787933871e-02 -4.713212066e+01 -4.713212066e+01 -3.3074e-01 -8.0098e-01 -1.1865e+00 -2.3055e+00 +6.2307e-01 +1.6729e+00 -1.5280e+00 -1.6838e+00 -8.2309e-01 -1.8157e+00 +2.7616e+00 -1.8403e+00 +2.5371e+00 -2.0957e+00 +2.9626e+00 -1.2712e+00 -1.4642e+00 -2.9360e+00 -2.8521e-01 -2.6995e-03
4915 +8.157269983e-03 +8.157269983e-03 -4.714184273e+01 -4.714184273e+01 -3.3050e-01 -8.0096e-01 -1.1870e+00 -2.3058e+00 +6.2268e-01 +1.6727e+00 -1.5283e+00 -1.6845e+00 -8.2341e-01 -1.8168e+00 +2.7601e+00 -1.8414e+00 +2.5369e+00 -2.0950e+00 +2.9649e+00 -1.2654e+00 -1.4566e+00 -2.9227e+00 -2.5553e-01 +4.9258e-02
4936 +4.127242440e-03 +4.127242440e-03 -4.714587276e+01 -4.714587276e+01 -3.3056e-01 -8.0103e-01 -1.1870e+00 -2.3059e+00 +6.2269e-01 +1.6728e+00 -1.5282e+00 -1.6843e+00 -8.2314e-01 -1.8162e+00 +2.7611e+00 -1.8403e+00 +2.5376e+00 -2.0944e+00 +2.9681e+00 -1.2587e+00 -1.4451e+00 -2.8986e+00 -2.1073e-01 +1.3052e-01
4957 +1.454173033e-03 +1.454173033e-03 -4.714854583e+01 -4.714854583e+01 -3.3061e-01 -8.0102e-01 -1.1868e+00 -2.3059e+00 +6.2278e-01 +1.6728e+00 -1.5282e+00 -1.6843e+00 -8.2328e-01 -1.8163e+00 +2.7611e+00 -1.8405e+00 +2.5374e+00 -2.0947e+00 +2.9674e+00 -1.2601e+00 -1.4468e+00 -2.9004e+00 -2.1290e-01 +1.3027e-01
4978 +3.355483124e-04 +3.355483124e-04 -4.714966445e+01 -4.714966445e+01 -3.3061e-01 -8.0099e-01 -1.1867e+00 -2.3058e+00 +6.2285e-01 +1.6728e+00 -1.5282e+00 -1.6842e+00 -8.2325e-01 -1.8163e+00 +2.7612e+00 -1.8404e+00 +2.5378e+00 -2.0938e+00 +2.9685e+00 -1.2583e+00 -1.4425e+00 -2.8930e+00 -1.9802e-01 +1.6006e-01
4999 +2.575792816e-05 +2.575792816e-05 -4.714997424e+01 -4.714997424e+01 -3.3058e-01 -8.0100e-01 -1.1868e+00 -2.3058e+00 +6.2277e-01 +1.6728e+00 -1.5282e+00 -1.6842e+00 -8.2317e-01 -1.8162e+00 +2.7612e+00 -1.8402e+00 +2.5380e+00 -2.0934e+00 +2.9693e+00 -1.2566e+00 -1.4390e+00 -2.8858e+00 -1.8390e-01 +1.8802e-01
5020 +4.048780291e-06 +4.048780291e-06 -4.714999595e+01 -4.714999595e+01 -3.3060e-01 -8.0100e-01 -1.1868e+00 -2.3058e+00 +6.2280e-01 +1.6728e+00 -1.5282e+00 -1.6842e+00 -8.2319e-01 -1.8162e+00 +2.7612e+00 -1.8402e+00 +2.5380e+00 -2.0934e+00 +2.9694e+00 -1.2564e+00 -1.4389e+00 -2.8856e+00 -1.8349e-01 +1.8930e-01
5041 +4.967386289e-07 +4.967386289e-07 -4.714999950e+01 -4.714999950e+01 -3.3060e-01 -8.0100e-01 -1.1868e+00 -2.3058e+00 +6.2281e-01 +1.6728e+00 -1.5282e+00 -1.6842e+00 -8.2321e-01 -1.8162e+00 +2.7612e+00 -1.8402e+00 +2.5380e+00 -2.0934e+00 +2.9694e+00 -1.2564e+00 -1.4388e+00 -2.8854e+00 -1.8298e-01 +1.9023e-01
5062 +2.389182185e-08 +2.389182185e-08 -4.714999998e+01 -4.714999998e+01 -3.3060e-01 -8.0100e-01 -1.1868e+00 -2.3058e+00 +6.2280e-01 +1.6728e+00 -1.5282e+00 -1.6842e+00 -8.2320e-01 -1.8162e+00 +2.7612e+00 -1.8402e+00 +2.5380e+00 -2.0934e+00 +2.9694e+00 -1.2564e+00 -1.4388e+00 -2.8854e+00 -1.8301e-01 +1.9018e-01
5083 +2.297426249e-09 +2.297426249e-09 -4.715000000e+01 -4.715000000e+01 -3.3060e-01 -8.0100e-01 -1.1868e+00 -2.3058e+00 +6.2280e-01 +1.6728e+00 -1.5282e+00 -1.6842e+00 -8.2320e-01 -1.8162e+00 +2.7612e+00 -1.8402e+00 +2.5380e+00 -2.0934e+00 +2.9694e+00 -1.2564e+00 -1.4388e+00 -2.8854e+00 -1.8299e-01 +1.9022e-01
% function evaluation | noise-free fitness - Fopt (3.752000000000e+01) | best noise-free fitness - Fopt | measured fitness | best measured fitness | x1 | x2...
1 +3.570981659e+05 +3.570981659e+05 +3.571356859e+05 +3.571356859e+05 +2.9275e+00 +1.8215e+00 -2.4217e+00 -7.0773e-01 -2.1044e+00 -3.1290e+00 +4.7571e+00 +2.6221e+00 -3.7213e+00 -1.2657e+00 -2.9274e+00 -2.3049e+00 +1.1772e-01 -2.1542e+00 -4.5420e+00 -3.2830e+00 -3.0624e+00 -4.9747e+00 -2.0850e+00 +4.8919e+00
22 +1.805497374e+05 +1.805497374e+05 +1.805872574e+05 +1.805872574e+05 +2.9571e+00 +8.2155e-01 -1.7660e+00 -7.4025e-01 -1.4288e+00 -2.6564e+00 +4.5112e+00 +2.6317e+00 -2.7722e+00 -1.1772e+00 -1.9799e+00 -2.0877e+00 +1.7753e-01 -1.6821e+00 -4.2932e+00 -3.2324e+00 -3.0328e+00 -4.9175e+00 -2.0746e+00 +4.8808e+00
43 +5.434794474e+04 +5.434794474e+04 +5.438546474e+04 +5.438546474e+04 +3.0051e+00 -3.1382e-01 -7.5762e-01 -9.0142e-01 -2.9761e-01 -1.7567e+00 +3.8626e+00 +2.6613e+00 -1.6518e+00 -1.0351e+00 -8.0814e-01 -1.6080e+00 +3.4410e-01 -7.1917e-01 -3.6765e+00 -3.0832e+00 -2.9339e+00 -4.7315e+00 -2.0389e+00 +4.8403e+00
64 +2.026129012e+04 +2.026129012e+04 +2.029881012e+04 +2.029881012e+04 +3.0250e+00 -1.0262e+00 -1.2576e-01 -1.0815e+00 +4.0468e-01 -1.1771e+00 +3.3743e+00 +2.6671e+00 -9.4154e-01 -9.3598e-01 -7.4518e-02 -1.2274e+00 +4.9083e-01 -9.0524e-02 -3.2108e+00 -2.9461e+00 -2.8289e+00 -4.5425e+00 -1.9994e+00 +4.7894e+00
85 +7.632361803e+03 +7.632361803e+03 +7.669881803e+03 +7.669881803e+03 +3.0136e+00 -1.6007e+00 +3.8806e-01 -1.2753e+00 +9.8375e-01 -7.0164e-01 +2.9545e+00 +2.6529e+00 -3.6088e-01 -8.5932e-01 +5.2706e-01 -8.8509e-01 +6.3126e-01 +4.2758e-01 -2.8038e+00 -2.8102e+00 -2.7139e+00 -4.3439e+00 -1.9537e+00 +4.7232e+00
106 +3.437090184e+03 +3.437090184e+03 +3.474610184e+03 +3.474610184e+03 +2.9692e+00 -2.0190e+00 +7.6902e-01 -1.4474e+00 +1.4213e+00 -3.4835e-01 +2.6341e+00 +2.6240e+00 +7.2663e-02 -8.1205e-01 +9.7879e-01 -6.1615e-01 +7.4630e-01 +8.1541e-01 -2.4893e+00 -2.6949e+00 -2.6081e+00 -4.1680e+00 -1.9081e+00 +4.6499e+00
127 +1.898491393e+03 +1.898491393e+03 +1.936011393e+03 +1.936011393e+03 +2.8965e+00 -2.3388e+00 +1.0688e+00 -1.5999e+00 +1.7717e+00 -7.0451e-02 +2.3780e+00 +2.5851e+00 +4.1701e-01 -7.8631e-01 +1.3398e+00 -3.9740e-01 +8.4232e-01 +1.1226e+00 -2.2355e+00 -2.5953e+00 -2.5104e+00 -4.0110e+00 -1.8616e+00 +4.5686e+00
148 +1.283250587e+03 +1.283250587e+03 +1.320770587e+03 +1.320770587e+03 +2.8024e+00 -2.5868e+00 +1.3113e+00 -1.7335e+00 +2.0579e+00 +1.5439e-01 +2.1689e+00 +2.5399e+00 +6.9883e-01 -7.7691e-01 +1.6366e+00 -2.1735e-01 +9.2255e-01 +1.3717e+00 -2.0274e+00 -2.5094e+00 -2.4212e+00 -3.8718e+00 -1.8135e+00 +4.4798e+00
169 +9.912884028e+02 +9.912884028e+02 +1.028808403e+03 +1.028808403e+03 +2.6887e+00 -2.7917e+00 +1.5229e+00 -1.8557e+00 +2.3060e+00 +3.5151e-01 +1.9859e+00 +2.4889e+00 +9.4822e-01 -7.7918e-01 +1.8994e+00 -5.9178e-02 +9.9349e-01 +1.5881e+00 -1.8450e+00 -2.4310e+00 -2.3362e+00 -3.7422e+00 -1.7608e+00 +4.3792e+00
253 +5.883048623e+02 +5.883048623e+02 +6.258248623e+02 +6.258248623e+02 +2.1131e+00 -3.2680e+00 +2.1341e+00 -2.2223e+00 +2.8885e+00 +9.6668e-01 +1.4570e+00 +2.2618e+00 +1.7064e+00 -8.5205e-01 +2.6546e+00 +4.0703e-01 +1.2027e+00 +2.1738e+00 -1.3253e+00 -2.1831e+00 -2.0504e+00 -3.3257e+00 -1.4799e+00 +3.8518e+00
295 +2.493634558e+02 +2.493634558e+02 +2.868834558e+02 +2.868834558e+02 +1.5559e+00 -3.0455e+00 +2.1582e+00 -2.2669e+00 +2.5344e+00 +1.1269e+00 +1.4289e+00 +2.0835e+00 +1.8163e+00 -9.6584e-01 +2.6253e+00 +4.7419e-01 +1.2383e+00 +2.0844e+00 -1.3174e+00 -2.1126e+00 -1.9507e+00 -3.2094e+00 -1.1496e+00 +3.2740e+00
400 +1.544231450e+02 +1.544231450e+02 +1.919431450e+02 +1.919431450e+02 +1.4082e+00 -2.6597e+00 +1.8642e+00 -2.1600e+00 +1.9761e+00 +9.2211e-01 +1.6468e+00 +2.0610e+00 +1.4864e+00 -1.0252e+00 +2.1773e+00 +2.7524e-01 +1.1648e+00 +1.6842e+00 -1.6057e+00 -2.1835e+00 -2.0288e+00 -3.3438e+00 -1.1047e+00 +3.0516e+00
463 +8.462794833e+01 +8.462794833e+01 +1.221479483e+02 +1.221479483e+02 +1.1902e+00 -2.7723e+00 +1.8417e+00 -2.4789e+00 +1.7425e+00 +8.8541e-01 +1.4435e+00 +2.0288e+00 +1.2925e+00 -1.1437e+00 +1.7916e+00 +1.6048e-01 +1.1869e+00 +1.3432e+00 -1.8592e+00 -2.1822e+00 -2.0950e+00 -3.4600e+00 -1.4460e+00 +2.5192e+00
547 +6.122537219e+01 +6.122537219e+01 +9.874537219e+01 +9.874537219e+01 +1.1521e+00 -2.9891e+00 +1.9917e+00 -2.6258e+00 +1.9547e+00 +9.9923e-01 +1.2544e+00 +1.9989e+00 +1.4145e+00 -1.1849e+00 +1.9126e+00 +2.2987e-01 +1.2251e+00 +1.4598e+00 -1.7750e+00 -2.1422e+00 -2.0602e+00 -3.4041e+00 -1.5745e+00 +2.3822e+00
610 +3.741588436e+01 +3.741588436e+01 +7.493588436e+01 +7.493588436e+01 +1.2759e+00 -3.0654e+00 +1.9746e+00 -2.6084e+00 +2.1632e+00 +9.5123e-01 +1.1461e+00 +1.9235e+00 +1.3396e+00 -1.3977e+00 +1.9099e+00 +1.2106e-01 +1.1299e+00 +1.5472e+00 -1.7661e+00 -2.2029e+00 -2.0615e+00 -3.3837e+00 -1.9590e+00 +2.1336e+00
694 +2.475046932e+01 +2.475046932e+01 +6.227046932e+01 +6.227046932e+01 +1.1904e+00 -2.8667e+00 +1.8886e+00 -2.4742e+00 +2.0284e+00 +9.2530e-01 +1.2471e+00 +1.8537e+00 +1.3024e+00 -1.4717e+00 +1.8875e+00 +7.9245e-02 +1.0800e+00 +1.5345e+00 -1.7679e+00 -2.2254e+00 -2.0371e+00 -3.3360e+00 -1.8622e+00 +1.9990e+00
2059 +1.567485924e+01 +1.567485924e+01 +5.319485924e+01 +5.319485924e+01 +2.3715e+00 -2.2005e+00 +2.4764e+00 -2.1475e+00 +2.0724e+00 +9.2817e-01 +1.2789e+00 +1.8631e+00 +1.2671e+00 -1.3742e+00 +1.9029e+00 +1.0350e-01 +1.1183e+00 +1.5300e+00 -1.7428e+00 -2.2132e+00 -2.0514e+00 -3.1671e+00 -1.9695e+00 +1.9619e+00
3319 +9.873079645e+00 +9.873079645e+00 +4.739307964e+01 +4.739307964e+01 +2.4890e+00 -1.9707e+00 +2.8903e+00 -1.4822e+00 +2.9715e+00 +1.8594e+00 +2.1930e+00 +2.6583e+00 +1.9163e+00 -9.7661e-01 +2.0606e+00 +1.5804e-01 +1.1381e+00 +1.5243e+00 -1.7229e+00 -2.2406e+00 -2.1116e+00 -3.1246e+00 -1.9603e+00 +1.9786e+00
4012 +6.263275247e+00 +6.263275247e+00 +4.378327525e+01 +4.378327525e+01 +2.4940e+00 -1.9634e+00 +2.8995e+00 -1.4669e+00 +2.9969e+00 +1.9078e+00 +2.2816e+00 +2.8147e+00 +2.2068e+00 -4.8568e-01 +2.7318e+00 +7.8005e-01 +1.5709e+00 +1.7119e+00 -1.6927e+00 -2.2013e+00 -2.0355e+00 -3.1524e+00 -1.9696e+00 +1.9706e+00
4201 +3.804848856e+00 +3.804848856e+00 +4.132484886e+01 +4.132484886e+01 +2.4902e+00 -1.9693e+00 +2.8971e+00 -1.4715e+00 +2.9971e+00 +1.9100e+00 +2.2899e+00 +2.8355e+00 +2.2418e+00 -4.1740e-01 +2.8439e+00 +9.9864e-01 +1.9450e+00 +2.2450e+00 -1.2402e+00 -1.9653e+00 -2.0001e+00 -3.1582e+00 -1.9669e+00 +1.9724e+00
4348 +2.130915173e+00 +2.130915173e+00 +3.965091517e+01 +3.965091517e+01 +2.4863e+00 -1.9749e+00 +2.8943e+00 -1.4768e+00 +2.9950e+00 +1.9079e+00 +2.2909e+00 +2.8432e+00 +2.2532e+00 -3.9279e-01 +2.8794e+00 +1.0626e+00 +2.0533e+00 +2.4363e+00 -9.1606e-01 -1.5343e+00 -1.5947e+00 -2.9683e+00 -1.9474e+00 +1.9736e+00
4432 +1.426008861e+00 +1.426008861e+00 +3.894600886e+01 +3.894600886e+01 +2.4915e+00 -1.9665e+00 +2.8973e+00 -1.4710e+00 +2.9976e+00 +1.9100e+00 +2.2930e+00 +2.8422e+00 +2.2507e+00 -3.9960e-01 +2.8714e+00 +1.0596e+00 +2.0666e+00 +2.4687e+00 -8.3844e-01 -1.4109e+00 -1.3877e+00 -2.7513e+00 -1.8131e+00 +1.9881e+00
4474 +9.870434739e-01 +9.870434739e-01 +3.850704347e+01 +3.850704347e+01 +2.4902e+00 -1.9689e+00 +2.8972e+00 -1.4712e+00 +2.9963e+00 +1.9098e+00 +2.2923e+00 +2.8433e+00 +2.2539e+00 -3.9377e-01 +2.8834e+00 +1.0747e+00 +2.0853e+00 +2.4911e+00 -8.2859e-01 -1.3629e+00 -1.3149e+00 -2.6282e+00 -1.7118e+00 +2.0264e+00
4579 +4.492181312e-01 +4.492181312e-01 +3.796921813e+01 +3.796921813e+01 +2.4904e+00 -1.9685e+00 +2.8967e+00 -1.4726e+00 +2.9968e+00 +1.9100e+00 +2.2928e+00 +2.8433e+00 +2.2525e+00 -3.9525e-01 +2.8800e+00 +1.0747e+00 +2.0873e+00 +2.5022e+00 -7.9219e-01 -1.3098e+00 -1.2200e+00 -2.4702e+00 -1.5110e+00 +2.1910e+00
4642 +3.284190480e-01 +3.284190480e-01 +3.784841905e+01 +3.784841905e+01 +2.4898e+00 -1.9698e+00 +2.8968e+00 -1.4723e+00 +2.9970e+00 +1.9117e+00 +2.2923e+00 +2.8433e+00 +2.2537e+00 -3.9889e-01 +2.8768e+00 +1.0743e+00 +2.0887e+00 +2.5017e+00 -7.9167e-01 -1.3008e+00 -1.2012e+00 -2.4286e+00 -1.4345e+00 +2.2561e+00
4684 +1.554044965e-01 +1.554044965e-01 +3.767540450e+01 +3.767540450e+01 +2.4901e+00 -1.9691e+00 +2.8968e+00 -1.4725e+00 +2.9972e+00 +1.9110e+00 +2.2927e+00 +2.8432e+00 +2.2530e+00 -3.9583e-01 +2.8805e+00 +1.0774e+00 +2.0942e+00 +2.5127e+00 -7.7468e-01 -1.2722e+00 -1.1480e+00 -2.3444e+00 -1.3064e+00 +2.4229e+00
4747 +7.303154403e-02 +7.303154403e-02 +3.759303154e+01 +3.759303154e+01 +2.4900e+00 -1.9691e+00 +2.8968e+00 -1.4724e+00 +2.9969e+00 +1.9107e+00 +2.2926e+00 +2.8433e+00 +2.2534e+00 -3.9600e-01 +2.8809e+00 +1.0785e+00 +2.0953e+00 +2.5167e+00 -7.6451e-01 -1.2505e+00 -1.1065e+00 -2.2661e+00 -1.1760e+00 +2.6030e+00
4768 +4.362605409e-02 +4.362605409e-02 +3.756362605e+01 +3.756362605e+01 +2.4900e+00 -1.9693e+00 +2.8968e+00 -1.4724e+00 +2.9967e+00 +1.9108e+00 +2.2924e+00 +2.8433e+00 +2.2536e+00 -3.9711e-01 +2.8800e+00 +1.0784e+00 +2.0946e+00 +2.5161e+00 -7.6357e-01 -1.2471e+00 -1.0997e+00 -2.2488e+00 -1.1413e+00 +2.6651e+00
4789 +2.104646327e-02 +2.104646327e-02 +3.754104646e+01 +3.754104646e+01 +2.4900e+00 -1.9693e+00 +2.8969e+00 -1.4722e+00 +2.9971e+00 +1.9113e+00 +2.2927e+00 +2.8435e+00 +2.2537e+00 -3.9619e-01 +2.8805e+00 +1.0790e+00 +2.0981e+00 +2.5201e+00 -7.5763e-01 -1.2376e+00 -1.0818e+00 -2.2161e+00 -1.0787e+00 +2.7726e+00
4810 +1.059637469e-02 +1.059637469e-02 +3.753059637e+01 +3.753059637e+01 +2.4900e+00 -1.9693e+00 +2.8968e+00 -1.4725e+00 +2.9971e+00 +1.9111e+00 +2.2926e+00 +2.8433e+00 +2.2534e+00 -3.9625e-01 +2.8808e+00 +1.0796e+00 +2.0981e+00 +2.5211e+00 -7.5641e-01 -1.2340e+00 -1.0726e+00 -2.2000e+00 -1.0478e+00 +2.8427e+00
4831 +6.884576885e-03 +6.884576885e-03 +3.752688458e+01 +3.752688458e+01 +2.4900e+00 -1.9692e+00 +2.8967e+00 -1.4727e+00 +2.9968e+00 +1.9106e+00 +2.2925e+00 +2.8431e+00 +2.2532e+00 -3.9615e-01 +2.8816e+00 +1.0804e+00 +2.0977e+00 +2.5228e+00 -7.5282e-01 -1.2265e+00 -1.0568e+00 -2.1677e+00 -9.8662e-01 +2.9482e+00
4852 +2.884083159e-03 +2.884083159e-03 +3.752288408e+01 +3.752288408e+01 +2.4900e+00 -1.9692e+00 +2.8967e+00 -1.4726e+00 +2.9969e+00 +1.9108e+00 +2.2925e+00 +2.8432e+00 +2.2533e+00 -3.9619e-01 +2.8813e+00 +1.0801e+00 +2.0979e+00 +2.5222e+00 -7.5416e-01 -1.2293e+00 -1.0627e+00 -2.1798e+00 -1.0095e+00 +2.9088e+00
4873 +1.692583126e-03 +1.692583126e-03 +3.752169258e+01 +3.752169258e+01 +2.4900e+00 -1.9691e+00 +2.8968e+00 -1.4723e+00 +2.9971e+00 +1.9110e+00 +2.2927e+00 +2.8435e+00 +2.2537e+00 -3.9558e-01 +2.8815e+00 +1.0799e+00 +2.0989e+00 +2.5228e+00 -7.5216e-01 -1.2270e+00 -1.0608e+00 -2.1734e+00 -9.9317e-01 +2.9392e+00
4894 +4.625201046e-04 +4.625201046e-04 +3.752046252e+01 +3.752046252e+01 +2.4900e+00 -1.9692e+00 +2.8968e+00 -1.4724e+00 +2.9970e+00 +1.9110e+00 +2.2926e+00 +2.8434e+00 +2.2536e+00 -3.9597e-01 +2.8811e+00 +1.0798e+00 +2.0986e+00 +2.5225e+00 -7.5268e-01 -1.2270e+00 -1.0599e+00 -2.1726e+00 -9.9312e-01 +2.9408e+00
4915 +1.684832633e-04 +1.684832633e-04 +3.752016848e+01 +3.752016848e+01 +2.4900e+00 -1.9692e+00 +2.8968e+00 -1.4724e+00 +2.9970e+00 +1.9110e+00 +2.2926e+00 +2.8434e+00 +2.2535e+00 -3.9609e-01 +2.8811e+00 +1.0799e+00 +2.0986e+00 +2.5227e+00 -7.5249e-01 -1.2265e+00 -1.0583e+00 -2.1695e+00 -9.8698e-01 +2.9534e+00
4936 +1.732747008e-05 +1.732747008e-05 +3.752001733e+01 +3.752001733e+01 +2.4900e+00 -1.9692e+00 +2.8968e+00 -1.4724e+00 +2.9970e+00 +1.9110e+00 +2.2926e+00 +2.8434e+00 +2.2536e+00 -3.9604e-01 +2.8812e+00 +1.0800e+00 +2.0988e+00 +2.5229e+00 -7.5191e-01 -1.2254e+00 -1.0563e+00 -2.1655e+00 -9.7921e-01 +2.9693e+00
4957 +4.502767034e-06 +4.502767034e-06 +3.752000450e+01 +3.752000450e+01 +2.4900e+00 -1.9692e+00 +2.8968e+00 -1.4724e+00 +2.9970e+00 +1.9110e+00 +2.2926e+00 +2.8434e+00 +2.2536e+00 -3.9600e-01 +2.8812e+00 +1.0800e+00 +2.0988e+00 +2.5230e+00 -7.5187e-01 -1.2253e+00 -1.0562e+00 -2.1651e+00 -9.7790e-01 +2.9722e+00
4978 +1.350906160e-06 +1.350906160e-06 +3.752000135e+01 +3.752000135e+01 +2.4900e+00 -1.9692e+00 +2.8968e+00 -1.4724e+00 +2.9970e+00 +1.9110e+00 +2.2926e+00 +2.8434e+00 +2.2536e+00 -3.9600e-01 +2.8812e+00 +1.0800e+00 +2.0988e+00 +2.5230e+00 -7.5177e-01 -1.2251e+00 -1.0558e+00 -2.1645e+00 -9.7676e-01 +2.9742e+00
4999 +9.235857590e-08 +9.235857590e-08 +3.752000009e+01 +3.752000009e+01 +2.4900e+00 -1.9692e+00 +2.8968e+00 -1.4724e+00 +2.9970e+00 +1.9110e+00 +2.2926e+00 +2.8434e+00 +2.2536e+00 -3.9600e-01 +2.8812e+00 +1.0800e+00 +2.0988e+00 +2.5230e+00 -7.5180e-01 -1.2252e+00 -1.0560e+00 -2.1648e+00 -9.7749e-01 +2.9728e+00
5020 +7.408367253e-09 +7.408367253e-09 +3.752000001e+01 +3.752000001e+01 +2.4900e+00 -1.9692e+00 +2.8968e+00 -1.4724e+00 +2.9970e+00 +1.9110e+00 +2.2926e+00 +2.8434e+00 +2.2536e+00 -3.9600e-01 +2.8812e+00 +1.0800e+00 +2.0988e+00 +2.5230e+00 -7.5180e-01 -1.2252e+00 -1.0560e+00 -2.1648e+00 -9.7741e-01 +2.9730e+00
