% function evaluation | noise-free fitness - Fopt (-5.235000000000e+01) | best noise-free fitness - Fopt | measured fitness | best measured fitness | x1 | x2...
1 +4.577787913e+02 +4.577787913e+02 +4.054287913e+02 +4.054287913e+02 +1.2555e+00 +1.2923e+00 +4.7224e+00 +3.5579e+00 -4.2480e+00 +2.7483e+00 +4.5141e+00 +4.0131e+00 -4.4863e-01 +4.4415e+00
12 +2.735543519e+02 +2.735543519e+02 +2.212043519e+02 +2.212043519e+02 +1.2496e+00 +1.5245e+00 +4.4558e+00 +3.3869e+00 -4.0170e+00 +3.0978e+00 +3.6400e+00 +4.3367e+00 +5.5137e-01 +3.8469e+00
23 +5.523062521e+01 +5.523062521e+01 +2.880625206e+00 +2.880625206e+00 +1.1434e+00 +2.2741e+00 +3.8997e+00 +2.9679e+00 -3.6288e+00 +3.2824e+00 +1.1714e+00 +4.7687e+00 +2.8572e+00 +2.3777e+00
34 +3.099553316e+01 +3.099553316e+01 -2.135446684e+01 -2.135446684e+01 +1.0655e+00 +2.5636e+00 +3.6979e+00 +2.8127e+00 -3.6120e+00 +3.0053e+00 +2.1615e-02 +4.6625e+00 +3.5677e+00 +1.8329e+00
56 +2.180782419e+01 +2.180782419e+01 -3.054217581e+01 -3.054217581e+01 +1.0365e+00 +2.4403e+00 +3.2569e+00 +2.5685e+00 -3.6598e+00 +2.9012e+00 -1.4152e+00 +4.2202e+00 +4.0408e+00 +1.2298e+00
78 +1.481513092e+01 +1.481513092e+01 -3.753486908e+01 -3.753486908e+01 +9.9213e-01 +1.8263e+00 +2.3839e+00 +1.7580e+00 -3.5832e+00 +2.9257e+00 -3.8761e+00 +2.9854e+00 +4.5596e+00 +1.3964e-02
144 +6.380616977e+00 +6.380616977e+00 -4.596938302e+01 -4.596938302e+01 +8.3970e-01 +3.4177e-01 +1.5013e+00 -1.5332e-01 -3.0414e+00 +3.0184e+00 -5.5696e+00 +4.9692e-01 +4.0581e+00 -1.3806e+00
155 +3.898299027e+00 +3.898299027e+00 -4.845170097e+01 -4.845170097e+01 +7.0769e-01 -8.9492e-01 +1.3414e+00 -1.6199e+00 -2.4456e+00 +3.2100e+00 -4.9419e+00 -1.2033e+00 +2.8421e+00 -1.7536e+00
166 +2.241166166e+00 +2.241166166e+00 -5.010883383e+01 -5.010883383e+01 +7.0622e-01 -6.4342e-01 +1.6586e+00 -1.3646e+00 -2.4330e+00 +3.2233e+00 -4.1188e+00 -7.3529e-01 +2.7398e+00 -1.3789e+00
210 +1.515910127e+00 +1.515910127e+00 -5.083408987e+01 -5.083408987e+01 +3.5943e-01 -8.5176e-01 +1.9006e+00 -1.7041e+00 -2.1479e+00 +3.2200e+00 -3.7492e+00 -7.4897e-01 +2.5890e+00 -1.3522e+00
221 +5.078755584e-01 +5.078755584e-01 -5.184212444e+01 -5.184212444e+01 -5.2218e-01 -1.0707e+00 +2.2414e+00 -2.1220e+00 -1.7417e+00 +3.1322e+00 -4.1519e+00 -3.8778e-01 +3.0198e+00 -1.5669e+00
243 +2.977743644e-01 +2.977743644e-01 -5.205222564e+01 -5.205222564e+01 -8.7492e-01 -1.1657e+00 +2.3880e+00 -2.2891e+00 -1.5825e+00 +3.1082e+00 -4.2705e+00 -2.3558e-01 +3.1759e+00 -1.6433e+00
254 +2.216110319e-01 +2.216110319e-01 -5.212838897e+01 -5.212838897e+01 -1.0629e+00 -1.2084e+00 +2.5118e+00 -2.3529e+00 -1.4848e+00 +3.1307e+00 -4.1773e+00 -8.3277e-02 +3.2224e+00 -1.6234e+00
265 +1.252264726e-01 +1.252264726e-01 -5.222477353e+01 -5.222477353e+01 -9.3933e-01 -1.1857e+00 +2.4926e+00 -2.3019e+00 -1.5248e+00 +3.1690e+00 -4.0188e+00 -1.0765e-01 +3.1250e+00 -1.5633e+00
276 +8.641722045e-02 +8.641722045e-02 -5.226358278e+01 -5.226358278e+01 -8.9751e-01 -1.2372e+00 +2.5056e+00 -2.3579e+00 -1.4990e+00 +3.2236e+00 -3.8543e+00 -1.6056e-01 +3.0069e+00 -1.5446e+00
298 +6.014683003e-02 +6.014683003e-02 -5.228985317e+01 -5.228985317e+01 -9.1128e-01 -1.2665e+00 +2.5601e+00 -2.3989e+00 -1.4751e+00 +3.2723e+00 -3.7283e+00 -1.2686e-01 +2.9332e+00 -1.5324e+00
320 +3.807297590e-02 +3.807297590e-02 -5.231192702e+01 -5.231192702e+01 -8.7360e-01 -1.2465e+00 +2.5908e+00 -2.3837e+00 -1.5161e+00 +3.3234e+00 -3.6911e+00 -7.9322e-02 +2.8638e+00 -1.5423e+00
342 +1.423513186e-02 +1.423513186e-02 -5.233576487e+01 -5.233576487e+01 -8.5377e-01 -1.2286e+00 +2.5816e+00 -2.3890e+00 -1.5863e+00 +3.3824e+00 -3.8388e+00 -7.9519e-02 +2.8155e+00 -1.6361e+00
364 +9.292459220e-03 +9.292459220e-03 -5.234070754e+01 -5.234070754e+01 -8.6305e-01 -1.2179e+00 +2.5842e+00 -2.3832e+00 -1.5928e+00 +3.4072e+00 -3.8228e+00 -7.6430e-02 +2.8001e+00 -1.6353e+00
397 +4.100592223e-03 +4.100592223e-03 -5.234589941e+01 -5.234589941e+01 -8.8307e-01 -1.2003e+00 +2.5784e+00 -2.3672e+00 -1.5673e+00 +3.4756e+00 -3.8474e+00 -4.3578e-02 +2.7551e+00 -1.6652e+00
408 +3.741039968e-03 +3.741039968e-03 -5.234625896e+01 -5.234625896e+01 -8.9967e-01 -1.2021e+00 +2.5650e+00 -2.3685e+00 -1.5245e+00 +3.5269e+00 -3.8810e+00 -3.0691e-02 +2.7171e+00 -1.6989e+00
419 +2.397569297e-03 +2.397569297e-03 -5.234760243e+01 -5.234760243e+01 -8.9777e-01 -1.2016e+00 +2.5695e+00 -2.3699e+00 -1.5333e+00 +3.5289e+00 -3.8871e+00 -2.4587e-02 +2.7155e+00 -1.7038e+00
441 +1.532310464e-03 +1.532310464e-03 -5.234846769e+01 -5.234846769e+01 -8.9660e-01 -1.1977e+00 +2.5702e+00 -2.3642e+00 -1.5377e+00 +3.5224e+00 -3.8826e+00 -2.2985e-02 +2.7237e+00 -1.6965e+00
496 +6.889107378e-04 +6.889107378e-04 -5.234931109e+01 -5.234931109e+01 -8.8477e-01 -1.2128e+00 +2.5756e+00 -2.3580e+00 -1.5326e+00 +3.5734e+00 -3.8849e+00 -1.4243e-02 +2.7276e+00 -1.7014e+00
507 +4.010489976e-04 +4.010489976e-04 -5.234959895e+01 -5.234959895e+01 -8.8119e-01 -1.2196e+00 +2.5766e+00 -2.3596e+00 -1.5315e+00 +3.5864e+00 -3.8866e+00 -1.5800e-02 +2.7291e+00 -1.7039e+00
518 +3.952669092e-04 +3.952669092e-04 -5.234960473e+01 -5.234960473e+01 -8.8181e-01 -1.2193e+00 +2.5761e+00 -2.3571e+00 -1.5298e+00 +3.5890e+00 -3.8913e+00 -1.2146e-02 +2.7324e+00 -1.7049e+00
551 +1.986075212e-04 +1.986075212e-04 -5.234980139e+01 -5.234980139e+01 -8.7694e-01 -1.2286e+00 +2.5754e+00 -2.3579e+00 -1.5287e+00 +3.5888e+00 -3.8915e+00 -1.6481e-02 +2.7494e+00 -1.7002e+00
584 +1.580106820e-04 +1.580106820e-04 -5.234984199e+01 -5.234984199e+01 -8.7628e-01 -1.2303e+00 +2.5744e+00 -2.3565e+00 -1.5273e+00 +3.5914e+00 -3.8935e+00 -1.4914e-02 +2.7543e+00 -1.7000e+00
628 +7.618787446e-05 +7.618787446e-05 -5.234992381e+01 -5.234992381e+01 -8.7394e-01 -1.2365e+00 +2.5640e+00 -2.3550e+00 -1.5252e+00 +3.6057e+00 -3.8904e+00 -5.5259e-03 +2.7627e+00 -1.7032e+00
639 +3.377351069e-05 +3.377351069e-05 -5.234996623e+01 -5.234996623e+01 -8.7162e-01 -1.2433e+00 +2.5508e+00 -2.3548e+00 -1.5234e+00 +3.6196e+00 -3.8853e+00 +4.0639e-03 +2.7711e+00 -1.7071e+00
661 +2.184284183e-05 +2.184284183e-05 -5.234997816e+01 -5.234997816e+01 -8.7290e-01 -1.2404e+00 +2.5538e+00 -2.3554e+00 -1.5244e+00 +3.6131e+00 -3.8856e+00 +1.4698e-03 +2.7686e+00 -1.7052e+00
705 +1.146654130e-05 +1.146654130e-05 -5.234998853e+01 -5.234998853e+01 -8.7323e-01 -1.2402e+00 +2.5508e+00 -2.3568e+00 -1.5252e+00 +3.6107e+00 -3.8833e+00 +2.4426e-03 +2.7695e+00 -1.7045e+00
727 +9.289142952e-06 +9.289142952e-06 -5.234999071e+01 -5.234999071e+01 -8.7347e-01 -1.2399e+00 +2.5503e+00 -2.3572e+00 -1.5253e+00 +3.6099e+00 -3.8831e+00 +2.5857e-03 +2.7697e+00 -1.7043e+00
749 +2.972198480e-06 +2.972198480e-06 -5.234999703e+01 -5.234999703e+01 -8.7360e-01 -1.2413e+00 +2.5421e+00 -2.3589e+00 -1.5251e+00 +3.6126e+00 -3.8841e+00 +7.2994e-03 +2.7754e+00 -1.7050e+00
771 +1.832541855e-06 +1.832541855e-06 -5.234999817e+01 -5.234999817e+01 -8.7354e-01 -1.2417e+00 +2.5410e+00 -2.3591e+00 -1.5251e+00 +3.6133e+00 -3.8842e+00 +7.9869e-03 +2.7763e+00 -1.7051e+00
793 +1.531680972e-06 +1.531680972e-06 -5.234999847e+01 -5.234999847e+01 -8.7334e-01 -1.2422e+00 +2.5402e+00 -2.3593e+00 -1.5250e+00 +3.6141e+00 -3.8843e+00 +8.5396e-03 +2.7773e+00 -1.7052e+00
1882 +9.915043009e-07 +9.915043009e-07 -5.234999901e+01 -5.234999901e+01 -8.7084e-01 -1.2479e+00 +2.5394e+00 -2.3582e+00 -1.5224e+00 +3.6291e+00 -3.8797e+00 +1.3604e-02 +2.7770e+00 -1.7040e+00
7921 +5.729374521e-07 +5.729374521e-07 -5.234999943e+01 -5.234999943e+01 -8.7276e-01 -1.2431e+00 +2.5422e+00 -2.3587e+00 -1.5249e+00 +3.6163e+00 -3.8866e+00 +7.5318e-03 +2.7763e+00 -1.7048e+00
% function evaluation | noise-free fitness - Fopt (-1.795400000000e+02) | best noise-free fitness - Fopt | measured fitness | best measured fitness | x1 | x2...
1 +5.393482045e+01 +5.393482045e+01 -1.256051796e+02 -1.256051796e+02 -1.0116e+00 +1.7200e+00 -4.6336e+00 +7.1815e-01 -6.7352e-01 +2.7555e+00 +2.2858e+00 +1.8003e-02 -1.0887e+00 -5.3437e-01
12 +2.315818031e+01 +2.315818031e+01 -1.563818197e+02 -1.563818197e+02 -1.0972e+00 +1.8662e+00 -3.9145e+00 +1.0888e+00 -2.4241e-01 +3.0526e+00 +3.0673e+00 +1.0180e+00 -7.5394e-01 +4.6031e-02
23 +1.383651527e+01 +1.383651527e+01 -1.657034847e+02 -1.657034847e+02 -1.4304e+00 +1.5458e+00 -3.7607e+00 +1.3568e+00 +2.6024e-01 +2.8622e+00 +3.3374e+00 +1.8452e+00 -5.7835e-01 +2.0413e-01
34 +9.660413506e+00 +9.660413506e+00 -1.698795865e+02 -1.698795865e+02 -1.6248e+00 +1.3504e+00 -3.4947e+00 +1.5624e+00 +7.8022e-01 +2.4910e+00 +3.3883e+00 +2.4385e+00 -5.4962e-01 +4.4086e-01
56 +5.290575483e+00 +5.290575483e+00 -1.742494245e+02 -1.742494245e+02 -1.5928e+00 +8.7285e-01 -2.9705e+00 +2.0035e+00 +2.0550e+00 +1.4319e+00 +3.4625e+00 +3.6971e+00 -6.3000e-01 +1.0557e+00
67 +3.319304701e+00 +3.319304701e+00 -1.762206953e+02 -1.762206953e+02 -1.3473e+00 +4.2195e-01 -2.6669e+00 +2.3508e+00 +3.1503e+00 +5.0996e-01 +3.5540e+00 +4.7119e+00 -6.3213e-01 +1.6762e+00
111 +1.552852175e+00 +1.552852175e+00 -1.779871478e+02 -1.779871478e+02 +3.5516e-01 +3.0309e-01 -2.7546e+00 +2.3247e+00 +4.2855e+00 -9.8738e-01 +3.3744e+00 +4.5804e+00 -4.3990e-01 +2.9257e+00
122 +8.725416520e-01 +8.725416520e-01 -1.786674583e+02 -1.786674583e+02 +2.8342e-01 +4.2000e-01 -2.9140e+00 +2.2128e+00 +3.8969e+00 -6.2394e-01 +3.3933e+00 +4.2610e+00 -4.1674e-01 +2.6824e+00
155 +4.690946339e-01 +4.690946339e-01 -1.790709054e+02 -1.790709054e+02 +8.2871e-01 +5.9043e-01 -3.2005e+00 +2.0241e+00 +3.7747e+00 -6.3412e-01 +3.4115e+00 +3.6043e+00 -2.2385e-01 +2.7075e+00
166 +3.628217455e-01 +3.628217455e-01 -1.791771783e+02 -1.791771783e+02 +8.3691e-01 +6.6295e-01 -3.2648e+00 +1.9801e+00 +3.6925e+00 -5.2339e-01 +3.4571e+00 +3.3953e+00 -1.4362e-01 +2.5739e+00
177 +2.275589069e-01 +2.275589069e-01 -1.793124411e+02 -1.793124411e+02 +6.3360e-01 +7.0339e-01 -3.2674e+00 +1.9984e+00 +3.6474e+00 -3.4171e-01 +3.5673e+00 +3.3168e+00 -4.9053e-02 +2.3089e+00
199 +1.171049306e-01 +1.171049306e-01 -1.794228951e+02 -1.794228951e+02 +6.5235e-01 +6.8141e-01 -3.2593e+00 +2.0742e+00 +3.7786e+00 -4.0432e-01 +3.6454e+00 +3.3420e+00 +6.5686e-02 +2.2365e+00
210 +5.851863056e-02 +5.851863056e-02 -1.794814814e+02 -1.794814814e+02 +7.0142e-01 +5.9434e-01 -3.1901e+00 +2.2159e+00 +3.9312e+00 -5.9893e-01 +3.6423e+00 +3.5653e+00 +9.9462e-02 +2.3262e+00
232 +3.888145451e-02 +3.888145451e-02 -1.795011185e+02 -1.795011185e+02 +6.6998e-01 +6.1699e-01 -3.2108e+00 +2.2291e+00 +3.8922e+00 -5.4254e-01 +3.6569e+00 +3.5300e+00 +1.3300e-01 +2.2546e+00
254 +1.862167691e-02 +1.862167691e-02 -1.795213783e+02 -1.795213783e+02 +7.1980e-01 +6.2955e-01 -3.2430e+00 +2.2990e+00 +3.8909e+00 -5.6035e-01 +3.6423e+00 +3.5459e+00 +1.8917e-01 +2.2296e+00
265 +1.347915547e-02 +1.347915547e-02 -1.795265208e+02 -1.795265208e+02 +7.7356e-01 +6.8050e-01 -3.3230e+00 +2.3546e+00 +3.8345e+00 -5.0230e-01 +3.6019e+00 +3.5125e+00 +2.4539e-01 +2.1637e+00
276 +8.486676848e-03 +8.486676848e-03 -1.795315133e+02 -1.795315133e+02 +7.8985e-01 +6.6386e-01 -3.3139e+00 +2.3523e+00 +3.8541e+00 -5.3310e-01 +3.6083e+00 +3.5189e+00 +2.4047e-01 +2.1908e+00
309 +5.453754788e-03 +5.453754788e-03 -1.795345462e+02 -1.795345462e+02 +7.7918e-01 +6.4799e-01 -3.3291e+00 +2.3839e+00 +3.8602e+00 -5.2281e-01 +3.6158e+00 +3.5368e+00 +2.4778e-01 +2.1652e+00
342 +3.756232066e-03 +3.756232066e-03 -1.795362438e+02 -1.795362438e+02 +7.8904e-01 +6.2111e-01 -3.3763e+00 +2.4090e+00 +3.8523e+00 -4.9696e-01 +3.6199e+00 +3.5244e+00 +2.3932e-01 +2.1400e+00
364 +2.207432230e-03 +2.207432230e-03 -1.795377926e+02 -1.795377926e+02 +7.8645e-01 +6.0573e-01 -3.3736e+00 +2.3954e+00 +3.8543e+00 -4.9713e-01 +3.6258e+00 +3.5198e+00 +2.2903e-01 +2.1438e+00
386 +1.486190578e-03 +1.486190578e-03 -1.795385138e+02 -1.795385138e+02 +7.8537e-01 +5.8189e-01 -3.3849e+00 +2.4057e+00 +3.8621e+00 -4.9336e-01 +3.6288e+00 +3.5364e+00 +2.2916e-01 +2.1291e+00
397 +9.235003930e-04 +9.235003930e-04 -1.795390765e+02 -1.795390765e+02 +7.8859e-01 +5.5129e-01 -3.3908e+00 +2.4166e+00 +3.8749e+00 -4.9824e-01 +3.6290e+00 +3.5700e+00 +2.4220e-01 +2.1069e+00
419 +3.125545703e-04 +3.125545703e-04 -1.795396874e+02 -1.795396874e+02 +7.9015e-01 +5.2105e-01 -3.4101e+00 +2.4228e+00 +3.8735e+00 -4.8658e-01 +3.6316e+00 +3.5802e+00 +2.4641e-01 +2.0787e+00
441 +2.376855293e-04 +2.376855293e-04 -1.795397623e+02 -1.795397623e+02 +7.9240e-01 +5.1485e-01 -3.4160e+00 +2.4230e+00 +3.8726e+00 -4.8378e-01 +3.6317e+00 +3.5798e+00 +2.4566e-01 +2.0744e+00
485 +1.335200851e-04 +1.335200851e-04 -1.795398665e+02 -1.795398665e+02 +7.9354e-01 +5.1348e-01 -3.4222e+00 +2.4142e+00 +3.8645e+00 -4.7969e-01 +3.6315e+00 +3.5723e+00 +2.4425e-01 +2.0695e+00
518 +8.847135302e-05 +8.847135302e-05 -1.795399115e+02 -1.795399115e+02 +7.9447e-01 +5.1548e-01 -3.4254e+00 +2.4085e+00 +3.8594e+00 -4.7863e-01 +3.6311e+00 +3.5665e+00 +2.4310e-01 +2.0681e+00
551 +6.193719156e-05 +6.193719156e-05 -1.795399381e+02 -1.795399381e+02 +7.9566e-01 +5.1733e-01 -3.4300e+00 +2.4023e+00 +3.8546e+00 -4.8037e-01 +3.6304e+00 +3.5614e+00 +2.3994e-01 +2.0650e+00
584 +2.049673452e-05 +2.049673452e-05 -1.795399795e+02 -1.795399795e+02 +7.9511e-01 +5.2194e-01 -3.4360e+00 +2.3951e+00 +3.8490e+00 -4.8611e-01 +3.6301e+00 +3.5548e+00 +2.3291e-01 +2.0597e+00
606 +1.397313622e-05 +1.397313622e-05 -1.795399860e+02 -1.795399860e+02 +7.9509e-01 +5.2350e-01 -3.4379e+00 +2.3930e+00 +3.8474e+00 -4.8797e-01 +3.6300e+00 +3.5525e+00 +2.3050e-01 +2.0583e+00
650 +7.871653793e-06 +7.871653793e-06 -1.795399921e+02 -1.795399921e+02 +7.9606e-01 +5.2076e-01 -3.4429e+00 +2.3935e+00 +3.8465e+00 -4.8900e-01 +3.6301e+00 +3.5521e+00 +2.2818e-01 +2.0533e+00
1541 +5.611701596e-06 +5.611701596e-06 -1.795399944e+02 -1.795399944e+02 +7.9426e-01 +5.1494e-01 -3.4533e+00 +2.3902e+00 +3.8441e+00 -4.9662e-01 +3.6160e+00 +3.5408e+00 +2.2411e-01 +2.0445e+00
2377 +2.852313571e-06 +2.852313571e-06 -1.795399971e+02 -1.795399971e+02 +7.9862e-01 +5.1898e-01 -3.4435e+00 +2.3942e+00 +3.8463e+00 -4.9222e-01 +3.6205e+00 +3.5445e+00 +2.2499e-01 +2.0496e+00
5776 +2.001204052e-06 +2.001204052e-06 -1.795399980e+02 -1.795399980e+02 +7.9480e-01 +5.1683e-01 -3.4460e+00 +2.3934e+00 +3.8475e+00 -4.9366e-01 +3.6224e+00 +3.5483e+00 +2.2602e-01 +2.0495e+00
% function evaluation | noise-free fitness - Fopt (7.731000000000e+01) | best noise-free fitness - Fopt | measured fitness | best measured fitness | x1 | x2...
1 +7.749794547e+01 +7.749794547e+01 +1.548079455e+02 +1.548079455e+02 +4.8141e+00 +3.3907e+00 +3.7895e-01 -1.2651e+00 +3.5676e+00 +2.5936e+00 +3.0906e+00 -3.8458e+00 +1.7253e+00 +2.2867e+00
12 +3.337099552e+01 +3.337099552e+01 +1.106809955e+02 +1.106809955e+02 +4.5380e+00 +2.3907e+00 +1.0060e+00 -1.8032e+00 +3.1819e+00 +2.2537e+00 +2.9607e+00 -3.6428e+00 +1.4325e+00 +2.2439e+00
23 +2.023541225e+01 +2.023541225e+01 +9.754541225e+01 +9.754541225e+01 +4.2291e+00 +1.7025e+00 +1.3659e+00 -2.2404e+00 +2.7861e+00 +1.8207e+00 +2.7737e+00 -3.4235e+00 +1.2398e+00 +2.1747e+00
45 +1.114137915e+01 +1.114137915e+01 +8.845137915e+01 +8.845137915e+01 +3.4106e+00 +1.0242e+00 +1.2410e+00 -2.9014e+00 +1.8347e+00 +4.7726e-01 +2.1568e+00 -2.8011e+00 +1.1494e+00 +1.9478e+00
56 +6.500559250e+00 +6.500559250e+00 +8.381055925e+01 +8.381055925e+01 +2.5914e+00 +3.7756e-01 +8.7579e-01 -3.4642e+00 +9.1396e-01 -9.1991e-01 +1.5283e+00 -2.1120e+00 +1.1399e+00 +1.7498e+00
78 +5.464861644e+00 +5.464861644e+00 +8.277486164e+01 +8.277486164e+01 +2.2070e+00 +3.6770e-02 +6.6702e-01 -3.7000e+00 +5.2170e-01 -1.5559e+00 +1.2417e+00 -1.7843e+00 +1.1362e+00 +1.6859e+00
100 +3.067360353e+00 +3.067360353e+00 +8.037736035e+01 +8.037736035e+01 +1.5441e+00 -4.0995e-01 -5.4582e-01 -3.4909e+00 +4.9640e-01 -2.3433e+00 +8.2281e-01 -1.2854e+00 +1.2548e+00 +1.9610e+00
111 +1.260953009e+00 +1.260953009e+00 +7.857095301e+01 +7.857095301e+01 +8.5071e-01 -7.8110e-01 -2.3237e+00 -2.8887e+00 +8.3223e-01 -2.9803e+00 +4.3196e-01 -8.2523e-01 +1.4483e+00 +2.4713e+00
133 +7.832555815e-01 +7.832555815e-01 +7.809325558e+01 +7.809325558e+01 +1.0656e+00 -6.5816e-01 -2.1943e+00 -2.6582e+00 +1.0305e+00 -2.5457e+00 +6.3979e-01 -1.1267e+00 +1.3900e+00 +2.5387e+00
144 +3.815322823e-01 +3.815322823e-01 +7.769153228e+01 +7.769153228e+01 +1.0818e+00 -6.5881e-01 -2.5010e+00 -2.1885e+00 +1.2620e+00 -2.2274e+00 +7.8070e-01 -1.4351e+00 +1.3175e+00 +2.7502e+00
177 +2.311204554e-01 +2.311204554e-01 +7.754112046e+01 +7.754112046e+01 +1.1770e+00 -5.9214e-01 -2.3920e+00 -2.0200e+00 +1.2726e+00 -2.0040e+00 +9.1912e-01 -1.6961e+00 +1.2459e+00 +2.7635e+00
188 +1.371757932e-01 +1.371757932e-01 +7.744717579e+01 +7.744717579e+01 +1.1480e+00 -5.6952e-01 -2.2983e+00 -2.0388e+00 +1.1408e+00 -2.0658e+00 +9.2907e-01 -1.7701e+00 +1.2156e+00 +2.7063e+00
210 +8.552405462e-02 +8.552405462e-02 +7.739552405e+01 +7.739552405e+01 +1.0974e+00 -5.5796e-01 -2.2576e+00 -2.0124e+00 +1.0202e+00 -2.1321e+00 +9.3107e-01 -1.8603e+00 +1.1890e+00 +2.6730e+00
221 +5.753732072e-02 +5.753732072e-02 +7.736753732e+01 +7.736753732e+01 +1.0572e+00 -5.7268e-01 -2.2559e+00 -2.0524e+00 +9.6685e-01 -2.2129e+00 +8.7106e-01 -1.8229e+00 +1.2131e+00 +2.6575e+00
243 +3.369151991e-02 +3.369151991e-02 +7.734369152e+01 +7.734369152e+01 +9.7568e-01 -5.9989e-01 -2.2887e+00 -2.0207e+00 +9.1154e-01 -2.3288e+00 +7.9542e-01 -1.8331e+00 +1.2589e+00 +2.6685e+00
254 +2.433644225e-02 +2.433644225e-02 +7.733433644e+01 +7.733433644e+01 +9.6202e-01 -5.9551e-01 -2.2410e+00 -2.0340e+00 +9.0024e-01 -2.3710e+00 +7.9006e-01 -1.8378e+00 +1.2785e+00 +2.6567e+00
276 +1.430530758e-02 +1.430530758e-02 +7.732430531e+01 +7.732430531e+01 +9.5482e-01 -5.8685e-01 -2.1889e+00 -1.9934e+00 +9.8445e-01 -2.3669e+00 +7.8990e-01 -1.8539e+00 +1.3279e+00 +2.6872e+00
287 +5.280553644e-03 +5.280553644e-03 +7.731528055e+01 +7.731528055e+01 +9.4509e-01 -5.8309e-01 -2.1809e+00 -1.9579e+00 +9.9269e-01 -2.3586e+00 +7.8945e-01 -1.8837e+00 +1.3338e+00 +2.6989e+00
331 +2.851666028e-03 +2.851666028e-03 +7.731285167e+01 +7.731285167e+01 +9.1069e-01 -5.8565e-01 -2.1452e+00 -1.9287e+00 +9.9393e-01 -2.4006e+00 +7.7341e-01 -1.8930e+00 +1.3773e+00 +2.7044e+00
342 +2.396364373e-03 +2.396364373e-03 +7.731239636e+01 +7.731239636e+01 +9.2737e-01 -5.8486e-01 -2.1541e+00 -1.9287e+00 +1.0008e+00 -2.3752e+00 +7.8492e-01 -1.8907e+00 +1.3684e+00 +2.7051e+00
364 +1.319185257e-03 +1.319185257e-03 +7.731131919e+01 +7.731131919e+01 +9.1590e-01 -5.9021e-01 -2.1498e+00 -1.9060e+00 +1.0030e+00 -2.3850e+00 +7.8641e-01 -1.8881e+00 +1.3914e+00 +2.7088e+00
375 +5.966393693e-04 +5.966393693e-04 +7.731059664e+01 +7.731059664e+01 +9.0670e-01 -5.9393e-01 -2.1286e+00 -1.8863e+00 +9.9384e-01 -2.3955e+00 +7.8952e-01 -1.8865e+00 +1.4190e+00 +2.7053e+00
386 +3.790415442e-04 +3.790415442e-04 +7.731037904e+01 +7.731037904e+01 +9.1201e-01 -5.9352e-01 -2.1343e+00 -1.8873e+00 +1.0013e+00 -2.3870e+00 +7.9325e-01 -1.8849e+00 +1.4150e+00 +2.7074e+00
408 +1.651683348e-04 +1.651683348e-04 +7.731016517e+01 +7.731016517e+01 +9.1414e-01 -5.9330e-01 -2.1375e+00 -1.8871e+00 +1.0033e+00 -2.3827e+00 +7.9442e-01 -1.8853e+00 +1.4124e+00 +2.7084e+00
430 +1.426528057e-04 +1.426528057e-04 +7.731014265e+01 +7.731014265e+01 +9.1393e-01 -5.9343e-01 -2.1371e+00 -1.8860e+00 +1.0034e+00 -2.3825e+00 +7.9468e-01 -1.8852e+00 +1.4134e+00 +2.7085e+00
463 +9.049542057e-05 +9.049542057e-05 +7.731009050e+01 +7.731009050e+01 +9.1295e-01 -5.9387e-01 -2.1351e+00 -1.8824e+00 +1.0034e+00 -2.3811e+00 +7.9650e-01 -1.8849e+00 +1.4172e+00 +2.7086e+00
496 +5.951426968e-05 +5.951426968e-05 +7.731005951e+01 +7.731005951e+01 +9.1184e-01 -5.9375e-01 -2.1352e+00 -1.8804e+00 +1.0049e+00 -2.3748e+00 +8.0034e-01 -1.8838e+00 +1.4195e+00 +2.7090e+00
518 +3.187638193e-05 +3.187638193e-05 +7.731003188e+01 +7.731003188e+01 +9.0819e-01 -5.9364e-01 -2.1344e+00 -1.8818e+00 +1.0031e+00 -2.3763e+00 +7.9955e-01 -1.8837e+00 +1.4206e+00 +2.7086e+00
529 +2.037474434e-05 +2.037474434e-05 +7.731002037e+01 +7.731002037e+01 +9.0555e-01 -5.9365e-01 -2.1341e+00 -1.8825e+00 +1.0018e+00 -2.3746e+00 +8.0080e-01 -1.8828e+00 +1.4220e+00 +2.7080e+00
551 +1.497628885e-05 +1.497628885e-05 +7.731001498e+01 +7.731001498e+01 +9.0448e-01 -5.9365e-01 -2.1340e+00 -1.8828e+00 +1.0012e+00 -2.3738e+00 +8.0129e-01 -1.8824e+00 +1.4225e+00 +2.7078e+00
584 +9.444590049e-06 +9.444590049e-06 +7.731000944e+01 +7.731000944e+01 +9.0021e-01 -5.9382e-01 -2.1323e+00 -1.8828e+00 +1.0002e+00 -2.3738e+00 +8.0170e-01 -1.8823e+00 +1.4252e+00 +2.7077e+00
650 +5.701667547e-06 +5.701667547e-06 +7.731000570e+01 +7.731000570e+01 +8.9748e-01 -5.9690e-01 -2.1298e+00 -1.8829e+00 +9.9962e-01 -2.3733e+00 +8.0252e-01 -1.8821e+00 +1.4273e+00 +2.7074e+00
672 +3.367113734e-06 +3.367113734e-06 +7.731000337e+01 +7.731000337e+01 +8.9784e-01 -5.9834e-01 -2.1294e+00 -1.8838e+00 +9.9922e-01 -2.3736e+00 +8.0235e-01 -1.8819e+00 +1.4265e+00 +2.7070e+00
694 +2.502399596e-06 +2.502399596e-06 +7.731000250e+01 +7.731000250e+01 +8.9781e-01 -6.0113e-01 -2.1284e+00 -1.8856e+00 +9.9863e-01 -2.3742e+00 +8.0193e-01 -1.8819e+00 +1.4254e+00 +2.7064e+00
1684 +1.305140032e-06 +1.305140032e-06 +7.731000131e+01 +7.731000131e+01 +8.9266e-01 -6.1132e-01 -2.1256e+00 -1.8864e+00 +1.0031e+00 -2.3763e+00 +7.9728e-01 -1.8862e+00 +1.4274e+00 +2.6892e+00
1739 +9.700770960e-07 +9.700770960e-07 +7.731000097e+01 +7.731000097e+01 +8.9395e-01 -6.0986e-01 -2.1269e+00 -1.8867e+00 +1.0027e+00 -2.3753e+00 +7.9765e-01 -1.8848e+00 +1.4253e+00 +2.6901e+00
57245 +6.025200605e-07 +6.025200605e-07 +7.731000060e+01 +7.731000060e+01 +8.9642e-01 -6.0768e-01 -2.1253e+00 -1.8880e+00 +9.9868e-01 -2.3773e+00 +8.0005e-01 -1.8843e+00 +1.4262e+00 +2.7034e+00
% function evaluation | noise-free fitness - Fopt (3.992000000000e+01) | best noise-free fitness - Fopt | measured fitness | best measured fitness | x1 | x2...
1 +3.408676858e+01 +3.408676858e+01 +7.400676858e+01 +7.400676858e+01 +4.9380e+00 +4.7916e+00 -5.3241e-01 -3.6877e+00 -1.4739e+00 +1.2827e+00 -8.4273e-01 +1.7563e+00 -1.1373e+00 +1.8367e+00
12 +2.108936862e+01 +2.108936862e+01 +6.100936862e+01 +6.100936862e+01 +5.1076e+00 +4.4013e+00 +4.6759e-01 -3.6823e+00 -1.1299e+00 +1.1115e+00 -3.6496e-01 +1.7371e+00 -9.5768e-01 +1.9171e+00
23 +1.314197537e+01 +1.314197537e+01 +5.306197537e+01 +5.306197537e+01 +5.0671e+00 +3.6104e+00 +1.6678e+00 -3.8348e+00 -8.7274e-01 +1.0874e+00 +1.4534e-01 +1.6834e+00 -2.4748e-01 +2.2670e+00
45 +4.067873408e+00 +4.067873408e+00 +4.398787341e+01 +4.398787341e+01 +4.3188e+00 +6.8748e-01 +3.2071e+00 -3.8849e+00 -3.8517e-01 +1.4421e+00 +1.6314e+00 +2.6202e-01 +1.9601e+00 +3.2917e+00
67 +3.220080764e+00 +3.220080764e+00 +4.314008076e+01 +4.314008076e+01 +4.1375e+00 -4.8543e-02 +3.5361e+00 -3.8266e+00 -3.3386e-01 +1.5704e+00 +2.0211e+00 -9.0105e-02 +2.4897e+00 +3.5329e+00
100 +5.124046391e-01 +5.124046391e-01 +4.043240464e+01 +4.043240464e+01 +3.7058e+00 -1.2359e+00 +3.0079e+00 -2.7262e+00 -1.5156e+00 +2.6467e+00 +2.5121e+00 -4.5204e-01 +3.4295e+00 +3.8924e+00
111 +1.999862647e-01 +1.999862647e-01 +4.011998626e+01 +4.011998626e+01 +3.7670e+00 -1.0562e+00 +2.7637e+00 -2.5511e+00 -1.6987e+00 +2.6948e+00 +2.4236e+00 -3.7644e-01 +3.2678e+00 +3.7862e+00
122 +9.357684872e-02 +9.357684872e-02 +4.001357685e+01 +4.001357685e+01 +3.8528e+00 -9.4745e-01 +2.5787e+00 -2.3869e+00 -1.8786e+00 +2.6767e+00 +2.3447e+00 -3.4075e-01 +3.1430e+00 +3.6600e+00
155 +4.210823018e-02 +4.210823018e-02 +3.996210823e+01 +3.996210823e+01 +3.8940e+00 -9.2885e-01 +2.4754e+00 -2.2989e+00 -1.9680e+00 +2.5196e+00 +2.2579e+00 -3.9823e-01 +3.1353e+00 +3.5671e+00
166 +2.956585657e-02 +2.956585657e-02 +3.994956586e+01 +3.994956586e+01 +3.9230e+00 -1.0469e+00 +2.4224e+00 -2.2721e+00 -1.9868e+00 +2.4163e+00 +2.2276e+00 -5.2734e-01 +3.2435e+00 +3.5528e+00
188 +1.958109482e-02 +1.958109482e-02 +3.993958109e+01 +3.993958109e+01 +3.9049e+00 -1.0536e+00 +2.4285e+00 -2.2716e+00 -1.9853e+00 +2.4075e+00 +2.2276e+00 -5.3539e-01 +3.2435e+00 +3.5568e+00
210 +1.154296497e-02 +1.154296497e-02 +3.993154296e+01 +3.993154296e+01 +3.8984e+00 -1.0321e+00 +2.4303e+00 -2.2710e+00 -1.9894e+00 +2.4167e+00 +2.2286e+00 -5.1665e-01 +3.2191e+00 +3.5524e+00
221 +6.549081869e-03 +6.549081869e-03 +3.992654908e+01 +3.992654908e+01 +3.9102e+00 -1.0168e+00 +2.4092e+00 -2.2633e+00 -2.0066e+00 +2.4191e+00 +2.2257e+00 -5.0844e-01 +3.1973e+00 +3.5334e+00
243 +5.134690569e-03 +5.134690569e-03 +3.992513469e+01 +3.992513469e+01 +3.9159e+00 -1.0118e+00 +2.3960e+00 -2.2629e+00 -2.0126e+00 +2.4037e+00 +2.2193e+00 -5.1385e-01 +3.1859e+00 +3.5196e+00
265 +3.003379288e-03 +3.003379288e-03 +3.992300338e+01 +3.992300338e+01 +3.9185e+00 -1.0283e+00 +2.3759e+00 -2.2633e+00 -2.0249e+00 +2.3880e+00 +2.2177e+00 -5.3500e-01 +3.1672e+00 +3.4933e+00
276 +2.185487617e-03 +2.185487617e-03 +3.992218549e+01 +3.992218549e+01 +3.9188e+00 -1.0373e+00 +2.3863e+00 -2.2817e+00 -2.0132e+00 +2.3947e+00 +2.2257e+00 -5.3604e-01 +3.1453e+00 +3.4858e+00
287 +1.313286676e-03 +1.313286676e-03 +3.992131329e+01 +3.992131329e+01 +3.9191e+00 -1.0459e+00 +2.3849e+00 -2.2857e+00 -2.0149e+00 +2.3956e+00 +2.2296e+00 -5.4224e-01 +3.1303e+00 +3.4745e+00
320 +5.579169071e-04 +5.579169071e-04 +3.992055792e+01 +3.992055792e+01 +3.9320e+00 -1.0621e+00 +2.3643e+00 -2.2840e+00 -2.0327e+00 +2.3678e+00 +2.2281e+00 -5.7247e-01 +3.0980e+00 +3.4410e+00
331 +3.251179160e-04 +3.251179160e-04 +3.992032512e+01 +3.992032512e+01 +3.9367e+00 -1.0658e+00 +2.3654e+00 -2.2871e+00 -2.0348e+00 +2.3613e+00 +2.2324e+00 -5.7896e-01 +3.0847e+00 +3.4318e+00
342 +1.819706729e-04 +1.819706729e-04 +3.992018197e+01 +3.992018197e+01 +3.9426e+00 -1.0744e+00 +2.3704e+00 -2.2938e+00 -2.0360e+00 +2.3539e+00 +2.2417e+00 -5.8978e-01 +3.0671e+00 +3.4200e+00
364 +1.118548235e-04 +1.118548235e-04 +3.992011185e+01 +3.992011185e+01 +3.9442e+00 -1.0763e+00 +2.3717e+00 -2.2947e+00 -2.0374e+00 +2.3520e+00 +2.2447e+00 -5.9284e-01 +3.0638e+00 +3.4184e+00
386 +7.835925567e-05 +7.835925567e-05 +3.992007836e+01 +3.992007836e+01 +3.9442e+00 -1.0750e+00 +2.3735e+00 -2.2948e+00 -2.0374e+00 +2.3522e+00 +2.2462e+00 -5.9294e-01 +3.0655e+00 +3.4204e+00
408 +4.573068861e-05 +4.573068861e-05 +3.992004573e+01 +3.992004573e+01 +3.9433e+00 -1.0714e+00 +2.3761e+00 -2.2948e+00 -2.0366e+00 +2.3545e+00 +2.2476e+00 -5.9107e-01 +3.0699e+00 +3.4242e+00
430 +2.909078106e-05 +2.909078106e-05 +3.992002909e+01 +3.992002909e+01 +3.9442e+00 -1.0711e+00 +2.3775e+00 -2.2955e+00 -2.0375e+00 +2.3527e+00 +2.2497e+00 -5.9545e-01 +3.0691e+00 +3.4208e+00
452 +2.015794961e-05 +2.015794961e-05 +3.992002016e+01 +3.992002016e+01 +3.9450e+00 -1.0717e+00 +2.3772e+00 -2.2961e+00 -2.0380e+00 +2.3516e+00 +2.2501e+00 -5.9760e-01 +3.0665e+00 +3.4176e+00
485 +8.381317762e-06 +8.381317762e-06 +3.992000838e+01 +3.992000838e+01 +3.9469e+00 -1.0731e+00 +2.3783e+00 -2.2982e+00 -2.0395e+00 +2.3488e+00 +2.2530e+00 -6.0503e-01 +3.0611e+00 +3.4103e+00
529 +4.978286569e-06 +4.978286569e-06 +3.992000498e+01 +3.992000498e+01 +3.9467e+00 -1.0727e+00 +2.3784e+00 -2.2981e+00 -2.0394e+00 +2.3490e+00 +2.2529e+00 -6.0489e-01 +3.0615e+00 +3.4105e+00
3191 +3.668573470e-06 +3.668573470e-06 +3.992000367e+01 +3.992000367e+01 +3.9473e+00 -1.0698e+00 +2.3776e+00 -2.2938e+00 -2.0382e+00 +2.3511e+00 +2.2493e+00 -6.0667e-01 +3.0622e+00 +3.4124e+00
20615 +2.326020784e-06 +2.326020784e-06 +3.992000233e+01 +3.992000233e+01 +3.9478e+00 -1.0670e+00 +2.3851e+00 -2.2891e+00 -2.0372e+00 +2.3556e+00 +2.2426e+00 -6.0562e-01 +3.0699e+00 +3.4196e+00
33617 +1.483581279e-06 +1.483581279e-06 +3.992000148e+01 +3.992000148e+01 +3.9518e+00 -1.0695e+00 +2.3872e+00 -2.2874e+00 -2.0394e+00 +2.3516e+00 +2.2414e+00 -6.1443e-01 +3.0641e+00 +3.4132e+00
33629 +9.788667370e-07 +9.788667370e-07 +3.992000098e+01 +3.992000098e+01 +3.9517e+00 -1.0698e+00 +2.3869e+00 -2.2884e+00 -2.0406e+00 +2.3515e+00 +2.2410e+00 -6.1480e-01 +3.0638e+00 +3.4125e+00
% function evaluation | noise-free fitness - Fopt (-5.661000000000e+01) | best noise-free fitness - Fopt | measured fitness | best measured fitness | x1 | x2...
1 +7.272219108e+01 +7.272219108e+01 +1.611219108e+01 +1.611219108e+01 -2.2390e+00 -2.6829e-02 +2.6384e+00 +2.1058e+00 -4.7149e+00 -3.0272e-01 -1.8849e-02 +2.1108e+00 -8.4911e-01 -3.8569e+00
12 +4.330824118e+01 +4.330824118e+01 -1.330175882e+01 -1.330175882e+01 -2.6427e+00 +6.4474e-01 +2.8459e+00 +1.1058e+00 -4.4464e+00 -2.5771e-01 +6.8013e-01 +1.4167e+00 -1.6236e+00 -3.4144e+00
23 +1.087064955e+01 +1.087064955e+01 -4.573935045e+01 -4.573935045e+01 -2.4839e+00 +2.8766e+00 +3.6306e+00 -1.0581e+00 -3.9152e+00 +4.5249e-02 +2.1865e+00 -9.8811e-01 -3.3946e+00 -2.5538e+00
34 +6.780109670e+00 +6.780109670e+00 -4.982989033e+01 -4.982989033e+01 -1.6148e+00 +3.5713e+00 +3.7261e+00 -1.5821e+00 -3.6044e+00 +5.1887e-01 +2.3342e+00 -1.7864e+00 -3.8041e+00 -2.5017e+00
45 +3.600962922e+00 +3.600962922e+00 -5.300903708e+01 -5.300903708e+01 -2.3408e-01 +4.1338e+00 +3.5550e+00 -2.3996e+00 -3.2096e+00 +1.4524e+00 +2.4999e+00 -2.7536e+00 -4.3394e+00 -2.1815e+00
56 +2.141539187e+00 +2.141539187e+00 -5.446846081e+01 -5.446846081e+01 +9.5963e-01 +4.3299e+00 +3.4859e+00 -3.1531e+00 -2.8947e+00 +2.1515e+00 +2.6282e+00 -3.4249e+00 -4.6116e+00 -1.5726e+00
67 +1.404825714e+00 +1.404825714e+00 -5.520517429e+01 -5.520517429e+01 +1.7899e+00 +4.1233e+00 +3.4147e+00 -3.4344e+00 -2.7928e+00 +2.4946e+00 +2.5723e+00 -3.6044e+00 -4.5240e+00 -1.0749e+00
78 +6.642378593e-01 +6.642378593e-01 -5.594576214e+01 -5.594576214e+01 +2.5971e+00 +3.2147e+00 +3.1811e+00 -3.3629e+00 -2.9041e+00 +2.6375e+00 +2.3246e+00 -3.2330e+00 -3.9404e+00 -4.2502e-01
89 +1.384550587e-01 +1.384550587e-01 -5.647154494e+01 -5.647154494e+01 +1.9571e+00 +3.2466e+00 +3.2888e+00 -3.1420e+00 -3.0126e+00 +2.2774e+00 +2.3370e+00 -3.0259e+00 -3.8378e+00 -7.3445e-01
111 +5.284927469e-02 +5.284927469e-02 -5.655715073e+01 -5.655715073e+01 +2.0013e+00 +3.0681e+00 +3.2646e+00 -3.1971e+00 -3.0336e+00 +2.2519e+00 +2.3283e+00 -3.0155e+00 -3.6957e+00 -6.7394e-01
144 +3.547315629e-02 +3.547315629e-02 -5.657452684e+01 -5.657452684e+01 +1.9323e+00 +3.0156e+00 +3.2412e+00 -3.2236e+00 -3.0405e+00 +2.2324e+00 +2.3700e+00 -3.0919e+00 -3.6590e+00 -7.5678e-01
155 +1.372996662e-02 +1.372996662e-02 -5.659627003e+01 -5.659627003e+01 +1.9404e+00 +2.9876e+00 +3.2452e+00 -3.2306e+00 -3.0381e+00 +2.2708e+00 +2.4106e+00 -3.1128e+00 -3.6338e+00 -7.5101e-01
166 +8.089935315e-03 +8.089935315e-03 -5.660191006e+01 -5.660191006e+01 +1.9529e+00 +2.9662e+00 +3.2357e+00 -3.2533e+00 -3.0346e+00 +2.2888e+00 +2.4624e+00 -3.1627e+00 -3.6274e+00 -7.4970e-01
177 +5.200729530e-03 +5.200729530e-03 -5.660479927e+01 -5.660479927e+01 +1.9337e+00 +2.9379e+00 +3.2224e+00 -3.2665e+00 -3.0352e+00 +2.2847e+00 +2.5359e+00 -3.2210e+00 -3.6213e+00 -7.6960e-01
199 +3.002295848e-03 +3.002295848e-03 -5.660699770e+01 -5.660699770e+01 +1.9271e+00 +2.9308e+00 +3.2206e+00 -3.2688e+00 -3.0359e+00 +2.2873e+00 +2.5568e+00 -3.2346e+00 -3.6178e+00 -7.7526e-01
221 +1.653344670e-03 +1.653344670e-03 -5.660834666e+01 -5.660834666e+01 +1.9253e+00 +2.9226e+00 +3.2203e+00 -3.2681e+00 -3.0361e+00 +2.2870e+00 +2.5705e+00 -3.2394e+00 -3.6137e+00 -7.7449e-01
232 +1.233884187e-03 +1.233884187e-03 -5.660876612e+01 -5.660876612e+01 +1.9269e+00 +2.9140e+00 +3.2188e+00 -3.2755e+00 -3.0423e+00 +2.2884e+00 +2.5764e+00 -3.2409e+00 -3.5993e+00 -7.7197e-01
254 +8.574619123e-04 +8.574619123e-04 -5.660914254e+01 -5.660914254e+01 +1.9279e+00 +2.9144e+00 +3.2175e+00 -3.2742e+00 -3.0406e+00 +2.2871e+00 +2.5834e+00 -3.2454e+00 -3.6035e+00 -7.7321e-01
276 +4.748216011e-04 +4.748216011e-04 -5.660952518e+01 -5.660952518e+01 +1.9279e+00 +2.9145e+00 +3.2155e+00 -3.2764e+00 -3.0407e+00 +2.2884e+00 +2.5927e+00 -3.2532e+00 -3.6046e+00 -7.7648e-01
298 +3.775031095e-04 +3.775031095e-04 -5.660962250e+01 -5.660962250e+01 +1.9319e+00 +2.9057e+00 +3.2059e+00 -3.2899e+00 -3.0469e+00 +2.2932e+00 +2.6380e+00 -3.2859e+00 -3.5960e+00 -7.8504e-01
309 +1.582542481e-04 +1.582542481e-04 -5.660984175e+01 -5.660984175e+01 +1.9342e+00 +2.9116e+00 +3.2098e+00 -3.2860e+00 -3.0458e+00 +2.2924e+00 +2.6210e+00 -3.2748e+00 -3.5991e+00 -7.8143e-01
342 +9.316822468e-05 +9.316822468e-05 -5.660990683e+01 -5.660990683e+01 +1.9363e+00 +2.9108e+00 +3.2088e+00 -3.2854e+00 -3.0493e+00 +2.2915e+00 +2.6281e+00 -3.2793e+00 -3.5978e+00 -7.8295e-01
364 +4.880882830e-05 +4.880882830e-05 -5.660995119e+01 -5.660995119e+01 +1.9425e+00 +2.9135e+00 +3.2090e+00 -3.2829e+00 -3.0581e+00 +2.2896e+00 +2.6310e+00 -3.2810e+00 -3.5965e+00 -7.8399e-01
375 +3.973021770e-05 +3.973021770e-05 -5.660996027e+01 -5.660996027e+01 +1.9502e+00 +2.9168e+00 +3.2094e+00 -3.2787e+00 -3.0686e+00 +2.2865e+00 +2.6352e+00 -3.2826e+00 -3.5963e+00 -7.8483e-01
386 +2.370560684e-05 +2.370560684e-05 -5.660997629e+01 -5.660997629e+01 +1.9471e+00 +2.9155e+00 +3.2092e+00 -3.2804e+00 -3.0643e+00 +2.2878e+00 +2.6335e+00 -3.2820e+00 -3.5964e+00 -7.8449e-01
452 +1.148566798e-05 +1.148566798e-05 -5.660998851e+01 -5.660998851e+01 +1.9495e+00 +2.9149e+00 +3.2081e+00 -3.2784e+00 -3.0711e+00 +2.2863e+00 +2.6356e+00 -3.2808e+00 -3.5959e+00 -7.8463e-01
474 +9.454101637e-06 +9.454101637e-06 -5.660999055e+01 -5.660999055e+01 +1.9497e+00 +2.9152e+00 +3.2074e+00 -3.2793e+00 -3.0729e+00 +2.2863e+00 +2.6377e+00 -3.2815e+00 -3.5966e+00 -7.8450e-01
518 +6.169064299e-06 +6.169064299e-06 -5.660999383e+01 -5.660999383e+01 +1.9510e+00 +2.9162e+00 +3.2076e+00 -3.2784e+00 -3.0760e+00 +2.2851e+00 +2.6379e+00 -3.2804e+00 -3.5969e+00 -7.8405e-01
540 +2.882530026e-06 +2.882530026e-06 -5.660999712e+01 -5.660999712e+01 +1.9504e+00 +2.9180e+00 +3.2076e+00 -3.2794e+00 -3.0766e+00 +2.2844e+00 +2.6379e+00 -3.2793e+00 -3.5984e+00 -7.8271e-01
17392 +2.204274672e-06 +2.204274672e-06 -5.660999780e+01 -5.660999780e+01 +1.9531e+00 +2.9215e+00 +3.2069e+00 -3.2757e+00 -3.0973e+00 +2.2811e+00 +2.6452e+00 -3.2853e+00 -3.6025e+00 -7.7742e-01
29140 +1.394598513e-06 +1.394598513e-06 -5.660999861e+01 -5.660999861e+01 +1.9495e+00 +2.9177e+00 +3.2082e+00 -3.2783e+00 -3.0794e+00 +2.2845e+00 +2.6380e+00 -3.2818e+00 -3.5993e+00 -7.8135e-01
% function evaluation | noise-free fitness - Fopt (3.992000000000e+01) | best noise-free fitness - Fopt | measured fitness | best measured fitness | x1 | x2...
1 +4.920427441e+01 +4.920427441e+01 +8.912427441e+01 +8.912427441e+01 -4.9575e+00 -1.6299e-01 +2.6102e+00 +2.4573e-01 -5.1818e-01 +4.6254e+00 -7.8776e-02 -2.7275e+00 -2.4311e+00 -2.0580e+00
12 +2.879091526e+01 +2.879091526e+01 +6.871091526e+01 +6.871091526e+01 -5.1448e+00 -4.5678e-01 +3.3359e+00 -5.4734e-01 -1.2791e+00 +4.7087e+00 -1.9770e-01 -1.9179e+00 -1.4311e+00 -1.3382e+00
23 +2.286858980e+01 +2.286858980e+01 +6.278858980e+01 +6.278858980e+01 -4.9487e+00 -5.0041e-01 +3.6013e+00 -5.6019e-01 -1.7489e+00 +4.4786e+00 +5.9314e-04 -1.7607e+00 -1.0026e+00 -5.6137e-01
34 +1.043465656e+01 +1.043465656e+01 +5.035465656e+01 +5.035465656e+01 -4.0751e+00 -6.8177e-01 +4.2296e+00 -5.8804e-01 -3.5066e+00 +3.3729e+00 +1.0180e+00 -1.4090e+00 +2.2896e-01 +2.1296e+00
45 +8.710839541e+00 +8.710839541e+00 +4.863083954e+01 +4.863083954e+01 -3.5545e+00 -7.9953e-01 +4.4661e+00 -6.2341e-01 -4.2415e+00 +2.8136e+00 +1.5006e+00 -1.2232e+00 +7.9837e-01 +3.3380e+00
89 +6.285803360e+00 +6.285803360e+00 +4.620580336e+01 +4.620580336e+01 -3.5951e-01 -1.0568e+00 +4.2023e+00 -9.6855e-01 -4.4165e+00 +1.4198e+00 +2.3497e+00 -7.3036e-01 +2.3233e+00 +5.4968e+00
100 +3.868138981e+00 +3.868138981e+00 +4.378813898e+01 +4.378813898e+01 +1.9761e+00 -1.0920e+00 +3.4005e+00 -1.1668e+00 -3.1030e+00 +1.0685e+00 +2.3264e+00 -6.7382e-01 +2.6811e+00 +5.2938e+00
122 +1.703964683e+00 +1.703964683e+00 +4.162396468e+01 +4.162396468e+01 +3.9030e+00 -1.1114e+00 +2.5468e+00 -1.3997e+00 -1.5537e+00 +1.0258e+00 +2.0927e+00 -6.7356e-01 +2.7555e+00 +4.4889e+00
133 +1.527527738e+00 +1.527527738e+00 +4.144752774e+01 +4.144752774e+01 +3.5076e+00 -1.0130e+00 +2.5097e+00 -1.4111e+00 -1.3480e+00 +1.4156e+00 +1.9426e+00 -7.8984e-01 +2.4796e+00 +3.9031e+00
166 +4.457992114e-01 +4.457992114e-01 +4.036579921e+01 +4.036579921e+01 +4.1692e+00 -1.0582e+00 +2.5237e+00 -1.8658e+00 -1.5904e+00 +1.8262e+00 +2.2549e+00 -5.9791e-01 +2.9540e+00 +3.9155e+00
177 +1.160937502e-01 +1.160937502e-01 +4.003609375e+01 +4.003609375e+01 +3.9552e+00 -1.0451e+00 +2.5582e+00 -2.0512e+00 -1.7263e+00 +2.5210e+00 +2.3143e+00 -5.6632e-01 +2.9401e+00 +3.3713e+00
199 +7.385949785e-02 +7.385949785e-02 +3.999385950e+01 +3.999385950e+01 +4.0332e+00 -1.0459e+00 +2.5434e+00 -2.0583e+00 -1.7079e+00 +2.4587e+00 +2.3202e+00 -5.6281e-01 +2.9679e+00 +3.4302e+00
221 +5.364976721e-02 +5.364976721e-02 +3.997364977e+01 +3.997364977e+01 +4.0313e+00 -1.0452e+00 +2.5466e+00 -2.0340e+00 -1.7175e+00 +2.3711e+00 +2.3163e+00 -5.6935e-01 +2.9705e+00 +3.5135e+00
232 +3.875666472e-02 +3.875666472e-02 +3.995875666e+01 +3.995875666e+01 +4.0299e+00 -1.0449e+00 +2.5362e+00 -2.0621e+00 -1.7614e+00 +2.3846e+00 +2.3233e+00 -5.6488e-01 +3.0014e+00 +3.5355e+00
243 +2.028615671e-02 +2.028615671e-02 +3.994028616e+01 +3.994028616e+01 +3.9895e+00 -1.0376e+00 +2.4937e+00 -2.1285e+00 -1.8633e+00 +2.4129e+00 +2.3195e+00 -5.6528e-01 +3.0598e+00 +3.5683e+00
265 +1.435704230e-02 +1.435704230e-02 +3.993435704e+01 +3.993435704e+01 +3.9810e+00 -1.0312e+00 +2.4648e+00 -2.1609e+00 -1.8867e+00 +2.3991e+00 +2.3058e+00 -5.6991e-01 +3.0819e+00 +3.5844e+00
287 +9.442435265e-03 +9.442435265e-03 +3.992944244e+01 +3.992944244e+01 +3.9412e+00 -1.0130e+00 +2.4146e+00 -2.2260e+00 -1.8972e+00 +2.4288e+00 +2.2719e+00 -5.8211e-01 +3.0838e+00 +3.4962e+00
309 +5.125901160e-03 +5.125901160e-03 +3.992512590e+01 +3.992512590e+01 +3.9382e+00 -1.0088e+00 +2.4187e+00 -2.2244e+00 -1.9160e+00 +2.4288e+00 +2.2765e+00 -5.7803e-01 +3.0840e+00 +3.4912e+00
320 +3.856913216e-03 +3.856913216e-03 +3.992385691e+01 +3.992385691e+01 +3.9375e+00 -1.0077e+00 +2.4133e+00 -2.2300e+00 -1.9315e+00 +2.4179e+00 +2.2744e+00 -5.7778e-01 +3.0897e+00 +3.4967e+00
342 +1.686070253e-03 +1.686070253e-03 +3.992168607e+01 +3.992168607e+01 +3.9354e+00 -1.0106e+00 +2.3868e+00 -2.2528e+00 -1.9802e+00 +2.3966e+00 +2.2588e+00 -5.7911e-01 +3.1009e+00 +3.4751e+00
364 +1.138297001e-03 +1.138297001e-03 +3.992113830e+01 +3.992113830e+01 +3.9331e+00 -1.0169e+00 +2.3738e+00 -2.2618e+00 -2.0046e+00 +2.3866e+00 +2.2513e+00 -5.8145e-01 +3.1064e+00 +3.4661e+00
375 +8.765421723e-04 +8.765421723e-04 +3.992087654e+01 +3.992087654e+01 +3.9315e+00 -1.0279e+00 +2.3648e+00 -2.2653e+00 -2.0136e+00 +2.3815e+00 +2.2436e+00 -5.8580e-01 +3.1069e+00 +3.4554e+00
397 +5.402066568e-04 +5.402066568e-04 +3.992054021e+01 +3.992054021e+01 +3.9422e+00 -1.0395e+00 +2.3777e+00 -2.2470e+00 -1.9906e+00 +2.3756e+00 +2.2421e+00 -5.8610e-01 +3.0896e+00 +3.4521e+00
408 +3.725323941e-04 +3.725323941e-04 +3.992037253e+01 +3.992037253e+01 +3.9414e+00 -1.0421e+00 +2.3738e+00 -2.2509e+00 -2.0001e+00 +2.3725e+00 +2.2396e+00 -5.8750e-01 +3.0908e+00 +3.4478e+00
441 +2.335704442e-04 +2.335704442e-04 +3.992023357e+01 +3.992023357e+01 +3.9454e+00 -1.0566e+00 +2.3707e+00 -2.2530e+00 -2.0119e+00 +2.3618e+00 +2.2324e+00 -5.9312e-01 +3.0848e+00 +3.4394e+00
474 +1.183988279e-04 +1.183988279e-04 +3.992011840e+01 +3.992011840e+01 +3.9474e+00 -1.0564e+00 +2.3773e+00 -2.2591e+00 -2.0141e+00 +2.3640e+00 +2.2345e+00 -5.9601e-01 +3.0783e+00 +3.4394e+00
496 +7.422260450e-05 +7.422260450e-05 +3.992007422e+01 +3.992007422e+01 +3.9479e+00 -1.0587e+00 +2.3790e+00 -2.2673e+00 -2.0219e+00 +2.3637e+00 +2.2342e+00 -5.9995e-01 +3.0747e+00 +3.4360e+00
518 +5.681710299e-05 +5.681710299e-05 +3.992005682e+01 +3.992005682e+01 +3.9489e+00 -1.0602e+00 +2.3811e+00 -2.2708e+00 -2.0249e+00 +2.3630e+00 +2.2343e+00 -6.0198e-01 +3.0717e+00 +3.4339e+00
540 +2.995565696e-05 +2.995565696e-05 +3.992002996e+01 +3.992002996e+01 +3.9500e+00 -1.0631e+00 +2.3825e+00 -2.2734e+00 -2.0285e+00 +2.3592e+00 +2.2345e+00 -6.0473e-01 +3.0704e+00 +3.4278e+00
562 +1.604178513e-05 +1.604178513e-05 +3.992001604e+01 +3.992001604e+01 +3.9510e+00 -1.0662e+00 +2.3844e+00 -2.2766e+00 -2.0317e+00 +2.3564e+00 +2.2350e+00 -6.0793e-01 +3.0688e+00 +3.4233e+00
584 +1.243488063e-05 +1.243488063e-05 +3.992001243e+01 +3.992001243e+01 +3.9512e+00 -1.0669e+00 +2.3850e+00 -2.2776e+00 -2.0328e+00 +2.3559e+00 +2.2353e+00 -6.0877e-01 +3.0684e+00 +3.4222e+00
606 +6.535085610e-06 +6.535085610e-06 +3.992000654e+01 +3.992000654e+01 +3.9513e+00 -1.0674e+00 +2.3862e+00 -2.2810e+00 -2.0360e+00 +2.3551e+00 +2.2362e+00 -6.1059e-01 +3.0680e+00 +3.4204e+00
617 +5.154793314e-06 +5.154793314e-06 +3.992000515e+01 +3.992000515e+01 +3.9509e+00 -1.0668e+00 +2.3869e+00 -2.2842e+00 -2.0383e+00 +2.3552e+00 +2.2370e+00 -6.1171e-01 +3.0680e+00 +3.4185e+00
639 +3.810713125e-06 +3.810713125e-06 +3.992000381e+01 +3.992000381e+01 +3.9508e+00 -1.0668e+00 +2.3871e+00 -2.2850e+00 -2.0388e+00 +2.3552e+00 +2.2372e+00 -6.1202e-01 +3.0679e+00 +3.4179e+00
1508 +2.496869079e-06 +2.496869079e-06 +3.992000250e+01 +3.992000250e+01 +3.9515e+00 -1.0693e+00 +2.3924e+00 -2.2881e+00 -2.0391e+00 +2.3532e+00 +2.2408e+00 -6.1294e-01 +3.0678e+00 +3.4155e+00
% function evaluation | noise-free fitness - Fopt (-5.661000000000e+01) | best noise-free fitness - Fopt | measured fitness | best measured fitness | x1 | x2...
1 +1.358645568e+02 +1.358645568e+02 +7.925455680e+01 +7.925455680e+01 -4.2225e+00 -2.2793e+00 -2.2028e+00 +2.7872e+00 +1.7182e+00 +1.1148e+00 +8.5758e-01 -2.3409e+00 -1.9591e+00 -2.6965e-01
12 +8.418503372e+01 +8.418503372e+01 +2.757503372e+01 +2.757503372e+01 -3.8651e+00 -2.0438e+00 -1.6934e+00 +2.5419e+00 +7.1820e-01 +7.9749e-01 +8.6240e-01 -1.7584e+00 -2.6662e+00 -2.9576e-01
23 +4.127256791e+01 +4.127256791e+01 -1.533743209e+01 -1.533743209e+01 -2.7327e+00 -1.2063e+00 -9.0699e-01 +1.9824e+00 -1.0143e+00 +2.2106e-01 +1.4993e+00 -1.3358e+00 -3.6121e+00 -4.8255e-01
34 +2.733521994e+01 +2.733521994e+01 -2.927478006e+01 -2.927478006e+01 -1.7623e+00 -3.9396e-01 -2.3886e-01 +1.4013e+00 -1.6325e+00 -5.8704e-02 +1.9324e+00 -1.3355e+00 -4.1020e+00 -7.6486e-01
45 +1.241810279e+01 +1.241810279e+01 -4.419189721e+01 -4.419189721e+01 -6.3212e-02 +1.1485e+00 +1.1153e+00 +2.9736e-01 -2.4590e+00 -4.0710e-01 +2.5381e+00 -1.6894e+00 -4.9209e+00 -1.2309e+00
56 +7.437619526e+00 +7.437619526e+00 -4.917238047e+01 -4.917238047e+01 +1.2906e+00 +2.4300e+00 +2.3021e+00 -7.2580e-01 -3.1479e+00 -5.8897e-01 +2.9227e+00 -2.0756e+00 -5.5333e+00 -1.5559e+00
78 +4.951008018e+00 +4.951008018e+00 -5.165899198e+01 -5.165899198e+01 +1.9085e+00 +3.0977e+00 +2.8891e+00 -1.8532e+00 -3.5762e+00 -1.8372e-01 +2.8826e+00 -2.5303e+00 -5.1741e+00 -1.5407e+00
89 +1.781134677e+00 +1.781134677e+00 -5.482886532e+01 -5.482886532e+01 +2.4822e+00 +3.8826e+00 +3.5081e+00 -3.9924e+00 -4.0224e+00 +1.0842e+00 +2.4859e+00 -3.5740e+00 -3.6941e+00 -1.2374e+00
100 +1.280345349e+00 +1.280345349e+00 -5.532965465e+01 -5.532965465e+01 +2.2018e+00 +3.6138e+00 +3.2912e+00 -3.7225e+00 -3.8503e+00 +1.1058e+00 +2.4407e+00 -3.4682e+00 -3.6633e+00 -1.1684e+00
122 +7.342825099e-01 +7.342825099e-01 -5.587571749e+01 -5.587571749e+01 +1.8174e+00 +3.2275e+00 +3.0390e+00 -3.4809e+00 -3.5498e+00 +1.5702e+00 +2.3808e+00 -3.3647e+00 -3.3734e+00 -8.7169e-01
144 +3.827324533e-01 +3.827324533e-01 -5.622726755e+01 -5.622726755e+01 +1.5100e+00 +2.8853e+00 +2.8430e+00 -3.1484e+00 -3.2753e+00 +1.9708e+00 +2.4006e+00 -3.1983e+00 -3.2250e+00 -6.0754e-01
177 +2.377391511e-01 +2.377391511e-01 -5.637226085e+01 -5.637226085e+01 +1.5887e+00 +2.9261e+00 +2.9495e+00 -3.1865e+00 -3.2229e+00 +2.2318e+00 +2.4503e+00 -3.2472e+00 -3.1600e+00 -5.1974e-01
199 +1.288321452e-01 +1.288321452e-01 -5.648116785e+01 -5.648116785e+01 +1.7113e+00 +2.9814e+00 +3.0561e+00 -3.0696e+00 -3.1817e+00 +2.2700e+00 +2.5542e+00 -3.2370e+00 -3.3070e+00 -5.3197e-01
210 +7.213750013e-02 +7.213750013e-02 -5.653786250e+01 -5.653786250e+01 +1.8487e+00 +3.0669e+00 +3.1204e+00 -3.0772e+00 -3.2399e+00 +2.1002e+00 +2.5922e+00 -3.2617e+00 -3.4706e+00 -6.3246e-01
221 +4.471346370e-02 +4.471346370e-02 -5.656528654e+01 -5.656528654e+01 +1.9103e+00 +3.0768e+00 +3.1554e+00 -3.0735e+00 -3.2260e+00 +2.1469e+00 +2.6232e+00 -3.2771e+00 -3.5137e+00 -6.2791e-01
232 +2.759753206e-02 +2.759753206e-02 -5.658240247e+01 -5.658240247e+01 +1.9938e+00 +3.0941e+00 +3.1856e+00 -3.1128e+00 -3.2348e+00 +2.1660e+00 +2.6405e+00 -3.3114e+00 -3.5669e+00 -6.4497e-01
243 +2.347733036e-02 +2.347733036e-02 -5.658652267e+01 -5.658652267e+01 +2.0079e+00 +3.0708e+00 +3.1679e+00 -3.1899e+00 -3.2410e+00 +2.2233e+00 +2.6182e+00 -3.3444e+00 -3.5410e+00 -6.4326e-01
254 +1.518099175e-02 +1.518099175e-02 -5.659481901e+01 -5.659481901e+01 +1.9773e+00 +3.0641e+00 +3.1582e+00 -3.1601e+00 -3.2349e+00 +2.2163e+00 +2.6206e+00 -3.3272e+00 -3.5419e+00 -6.5212e-01
287 +8.975041769e-03 +8.975041769e-03 -5.660102496e+01 -5.660102496e+01 +1.9658e+00 +3.0235e+00 +3.1457e+00 -3.1666e+00 -3.2190e+00 +2.2480e+00 +2.6269e+00 -3.3278e+00 -3.5687e+00 -6.8761e-01
298 +6.213686089e-03 +6.213686089e-03 -5.660378631e+01 -5.660378631e+01 +1.9661e+00 +2.9811e+00 +3.1367e+00 -3.1824e+00 -3.2005e+00 +2.2731e+00 +2.6321e+00 -3.3317e+00 -3.5955e+00 -7.1197e-01
331 +1.986911916e-03 +1.986911916e-03 -5.660801309e+01 -5.660801309e+01 +1.9188e+00 +2.9168e+00 +3.1720e+00 -3.2447e+00 -3.1414e+00 +2.2887e+00 +2.6483e+00 -3.3265e+00 -3.5869e+00 -7.3436e-01
353 +9.917987314e-04 +9.917987314e-04 -5.660900820e+01 -5.660900820e+01 +1.9227e+00 +2.9146e+00 +3.1810e+00 -3.2459e+00 -3.1358e+00 +2.2841e+00 +2.6549e+00 -3.3257e+00 -3.5977e+00 -7.4135e-01
397 +5.980137932e-04 +5.980137932e-04 -5.660940199e+01 -5.660940199e+01 +1.9350e+00 +2.9272e+00 +3.1889e+00 -3.2472e+00 -3.1408e+00 +2.2797e+00 +2.6576e+00 -3.3288e+00 -3.6024e+00 -7.4309e-01
430 +3.585320763e-04 +3.585320763e-04 -5.660964147e+01 -5.660964147e+01 +1.9350e+00 +2.9200e+00 +3.2018e+00 -3.2646e+00 -3.1288e+00 +2.2825e+00 +2.6634e+00 -3.3291e+00 -3.6068e+00 -7.5396e-01
474 +1.958666745e-04 +1.958666745e-04 -5.660980413e+01 -5.660980413e+01 +1.9414e+00 +2.9114e+00 +3.2051e+00 -3.2738e+00 -3.1169e+00 +2.2891e+00 +2.6626e+00 -3.3230e+00 -3.6075e+00 -7.6781e-01
496 +6.991135125e-05 +6.991135125e-05 -5.660993009e+01 -5.660993009e+01 +1.9466e+00 +2.9073e+00 +3.2081e+00 -3.2739e+00 -3.1075e+00 +2.2873e+00 +2.6600e+00 -3.3131e+00 -3.6026e+00 -7.7637e-01
518 +5.229092559e-05 +5.229092559e-05 -5.660994771e+01 -5.660994771e+01 +1.9474e+00 +2.9072e+00 +3.2087e+00 -3.2742e+00 -3.1064e+00 +2.2871e+00 +2.6597e+00 -3.3120e+00 -3.6021e+00 -7.7772e-01
562 +2.998154878e-05 +2.998154878e-05 -5.660997002e+01 -5.660997002e+01 +1.9521e+00 +2.9081e+00 +3.2092e+00 -3.2736e+00 -3.1029e+00 +2.2863e+00 +2.6568e+00 -3.3066e+00 -3.5985e+00 -7.8159e-01
573 +2.477142343e-05 +2.477142343e-05 -5.660997523e+01 -5.660997523e+01 +1.9533e+00 +2.9097e+00 +3.2074e+00 -3.2713e+00 -3.1034e+00 +2.2857e+00 +2.6552e+00 -3.3050e+00 -3.5970e+00 -7.8103e-01
628 +1.373886161e-05 +1.373886161e-05 -5.660998626e+01 -5.660998626e+01 +1.9550e+00 +2.9139e+00 +3.2074e+00 -3.2736e+00 -3.0973e+00 +2.2849e+00 +2.6524e+00 -3.2993e+00 -3.5967e+00 -7.8203e-01
639 +6.784494261e-06 +6.784494261e-06 -5.660999322e+01 -5.660999322e+01 +1.9538e+00 +2.9164e+00 +3.2058e+00 -3.2744e+00 -3.0940e+00 +2.2843e+00 +2.6506e+00 -3.2962e+00 -3.5968e+00 -7.8067e-01
661 +4.458145909e-06 +4.458145909e-06 -5.660999554e+01 -5.660999554e+01 +1.9529e+00 +2.9187e+00 +3.2045e+00 -3.2747e+00 -3.0917e+00 +2.2838e+00 +2.6490e+00 -3.2936e+00 -3.5967e+00 -7.7937e-01
683 +3.849760759e-06 +3.849760759e-06 -5.660999615e+01 -5.660999615e+01 +1.9520e+00 +2.9210e+00 +3.2031e+00 -3.2749e+00 -3.0894e+00 +2.2831e+00 +2.6475e+00 -3.2910e+00 -3.5966e+00 -7.7802e-01
44001 +1.973872280e-06 +1.973872280e-06 -5.660999803e+01 -5.660999803e+01 +1.9486e+00 +2.9232e+00 +3.2061e+00 -3.2761e+00 -3.0833e+00 +2.2820e+00 +2.6360e+00 -3.2792e+00 -3.6005e+00 -7.7643e-01
70159 +1.262979794e-06 +1.262979794e-06 -5.660999874e+01 -5.660999874e+01 +1.9510e+00 +2.9241e+00 +3.2047e+00 -3.2765e+00 -3.0893e+00 +2.2816e+00 +2.6435e+00 -3.2850e+00 -3.6001e+00 -7.7621e-01
