% function evaluation | noise-free fitness - Fopt (-5.235000000000e+01) | best noise-free fitness - Fopt | measured fitness | best measured fitness | x1 | x2...
1 +2.102369223e+01 +2.102369223e+01 -3.132630777e+01 -3.132630777e+01 -3.3792e+00 -2.0821e-01 +1.3604e+00 +1.5082e+00 +2.9453e-01
7 +7.418669090e+00 +7.418669090e+00 -4.493133091e+01 -4.493133091e+01 -3.8693e+00 -8.2787e-01 +2.3604e+00 +7.2280e-01 -2.9259e-01
19 +2.960711932e+00 +2.960711932e+00 -4.938928807e+01 -4.938928807e+01 -2.8621e+00 -2.9223e-01 +2.6100e+00 -7.0622e-01 -1.6472e+00
25 +2.159901658e+00 +2.159901658e+00 -5.019009834e+01 -5.019009834e+01 -2.3515e+00 -9.6377e-02 +2.7467e+00 -1.3325e+00 -2.1154e+00
49 +8.652016063e-01 +8.652016063e-01 -5.148479839e+01 -5.148479839e+01 -1.2199e+00 -5.8342e-01 +2.8407e+00 -2.1698e+00 -2.2126e+00
61 +4.296918612e-01 +4.296918612e-01 -5.192030814e+01 -5.192030814e+01 -3.6037e-01 -1.3729e+00 +2.8333e+00 -2.5464e+00 -1.8191e+00
73 +1.098931284e-01 +1.098931284e-01 -5.224010687e+01 -5.224010687e+01 -6.7331e-01 -1.1812e+00 +2.8178e+00 -2.3517e+00 -1.8534e+00
85 +7.530162059e-02 +7.530162059e-02 -5.227469838e+01 -5.227469838e+01 -7.9188e-01 -1.2265e+00 +2.7833e+00 -2.2163e+00 -1.7381e+00
97 +5.607732343e-02 +5.607732343e-02 -5.229392268e+01 -5.229392268e+01 -7.8847e-01 -1.2802e+00 +2.7670e+00 -2.1980e+00 -1.6845e+00
103 +3.936193082e-02 +3.936193082e-02 -5.231063807e+01 -5.231063807e+01 -8.1315e-01 -1.2980e+00 +2.7387e+00 -2.2105e+00 -1.6446e+00
109 +1.868975126e-02 +1.868975126e-02 -5.233131025e+01 -5.233131025e+01 -9.1686e-01 -1.3098e+00 +2.6455e+00 -2.2749e+00 -1.5426e+00
115 +3.814198771e-03 +3.814198771e-03 -5.234618580e+01 -5.234618580e+01 -8.7629e-01 -1.2932e+00 +2.6584e+00 -2.3249e+00 -1.5741e+00
133 +1.458818184e-03 +1.458818184e-03 -5.234854118e+01 -5.234854118e+01 -8.8814e-01 -1.2850e+00 +2.6334e+00 -2.3772e+00 -1.5591e+00
151 +9.486494291e-04 +9.486494291e-04 -5.234905135e+01 -5.234905135e+01 -8.9636e-01 -1.2884e+00 +2.6229e+00 -2.3762e+00 -1.5493e+00
157 +5.544093069e-04 +5.544093069e-04 -5.234944559e+01 -5.234944559e+01 -8.9715e-01 -1.2798e+00 +2.5988e+00 -2.3876e+00 -1.5502e+00
163 +3.365947981e-04 +3.365947981e-04 -5.234966341e+01 -5.234966341e+01 -8.9869e-01 -1.2718e+00 +2.5738e+00 -2.3969e+00 -1.5470e+00
181 +2.382395331e-04 +2.382395331e-04 -5.234976176e+01 -5.234976176e+01 -8.9724e-01 -1.2661e+00 +2.5621e+00 -2.4018e+00 -1.5432e+00
193 +1.530867869e-04 +1.530867869e-04 -5.234984691e+01 -5.234984691e+01 -8.9536e-01 -1.2634e+00 +2.5574e+00 -2.4003e+00 -1.5348e+00
205 +3.353374725e-05 +3.353374725e-05 -5.234996647e+01 -5.234996647e+01 -8.8671e-01 -1.2570e+00 +2.5508e+00 -2.3807e+00 -1.5246e+00
223 +1.242355636e-05 +1.242355636e-05 -5.234998758e+01 -5.234998758e+01 -8.8190e-01 -1.2538e+00 +2.5495e+00 -2.3730e+00 -1.5250e+00
235 +6.726479377e-06 +6.726479377e-06 -5.234999327e+01 -5.234999327e+01 -8.7897e-01 -1.2516e+00 +2.5481e+00 -2.3688e+00 -1.5255e+00
247 +2.673324971e-06 +2.673324971e-06 -5.234999733e+01 -5.234999733e+01 -8.7713e-01 -1.2501e+00 +2.5468e+00 -2.3664e+00 -1.5254e+00
1285 +6.115996385e-07 +6.115996385e-07 -5.234999939e+01 -5.234999939e+01 -8.7041e-01 -1.2428e+00 +2.5367e+00 -2.3570e+00 -1.5216e+00
1309 +2.894671454e-07 +2.894671454e-07 -5.234999971e+01 -5.234999971e+01 -8.7034e-01 -1.2426e+00 +2.5366e+00 -2.3572e+00 -1.5218e+00
% function evaluation | noise-free fitness - Fopt (-1.795400000000e+02) | best noise-free fitness - Fopt | measured fitness | best measured fitness | x1 | x2...
1 +2.233797688e+01 +2.233797688e+01 -1.572020231e+02 -1.572020231e+02 -2.3021e-01 +4.1157e+00 +2.0869e+00 +2.3956e+00 -4.7242e-01
13 +6.030041973e+00 +6.030041973e+00 -1.735099580e+02 -1.735099580e+02 +8.0829e-01 -6.6649e-01 -6.2286e+00 +2.7773e+00 +5.2696e+00
19 +1.227730505e+00 +1.227730505e+00 -1.783122695e+02 -1.783122695e+02 +4.1556e-01 +1.1740e+00 -2.9090e+00 +2.6070e+00 +3.0920e+00
25 +2.648354937e-01 +2.648354937e-01 -1.792751645e+02 -1.792751645e+02 +6.0837e-01 +4.1520e-01 -3.7629e+00 +2.5757e+00 +4.1299e+00
31 +2.207979362e-01 +2.207979362e-01 -1.793192021e+02 -1.793192021e+02 +6.0725e-01 +5.9872e-01 -3.1737e+00 +2.4951e+00 +3.9983e+00
43 +1.457559443e-01 +1.457559443e-01 -1.793942441e+02 -1.793942441e+02 +5.8872e-01 +6.8005e-01 -3.2078e+00 +2.5180e+00 +3.8587e+00
55 +7.332163104e-02 +7.332163104e-02 -1.794666784e+02 -1.794666784e+02 +5.9926e-01 +6.7002e-01 -3.3410e+00 +2.5341e+00 +3.8462e+00
61 +1.679820414e-02 +1.679820414e-02 -1.795232018e+02 -1.795232018e+02 +6.8063e-01 +5.8043e-01 -3.4922e+00 +2.5133e+00 +3.9686e+00
73 +1.007135036e-02 +1.007135036e-02 -1.795299286e+02 -1.795299286e+02 +6.9025e-01 +5.8351e-01 -3.4683e+00 +2.5062e+00 +3.9577e+00
85 +3.856202083e-03 +3.856202083e-03 -1.795361438e+02 -1.795361438e+02 +7.1112e-01 +5.9158e-01 -3.4468e+00 +2.4945e+00 +3.9261e+00
97 +1.696939612e-03 +1.696939612e-03 -1.795383031e+02 -1.795383031e+02 +8.2486e-01 +5.3724e-01 -3.4511e+00 +2.4194e+00 +3.8615e+00
109 +7.556893376e-04 +7.556893376e-04 -1.795392443e+02 -1.795392443e+02 +8.2080e-01 +5.3478e-01 -3.4526e+00 +2.4249e+00 +3.8659e+00
121 +4.027234247e-04 +4.027234247e-04 -1.795395973e+02 -1.795395973e+02 +8.1619e-01 +5.3445e-01 -3.4502e+00 +2.4282e+00 +3.8662e+00
127 +1.220991761e-04 +1.220991761e-04 -1.795398779e+02 -1.795398779e+02 +8.0596e-01 +5.3004e-01 -3.4433e+00 +2.4330e+00 +3.8607e+00
139 +8.624460884e-05 +8.624460884e-05 -1.795399138e+02 -1.795399138e+02 +8.0622e-01 +5.2851e-01 -3.4441e+00 +2.4316e+00 +3.8602e+00
151 +5.699852170e-05 +5.699852170e-05 -1.795399430e+02 -1.795399430e+02 +8.0672e-01 +5.2681e-01 -3.4451e+00 +2.4284e+00 +3.8594e+00
157 +2.635678234e-05 +2.635678234e-05 -1.795399736e+02 -1.795399736e+02 +8.0495e-01 +5.2149e-01 -3.4462e+00 +2.4185e+00 +3.8555e+00
163 +9.574410825e-06 +9.574410825e-06 -1.795399904e+02 -1.795399904e+02 +8.0064e-01 +5.1927e-01 -3.4464e+00 +2.4120e+00 +3.8535e+00
175 +5.868138999e-06 +5.868138999e-06 -1.795399941e+02 -1.795399941e+02 +7.9864e-01 +5.1803e-01 -3.4467e+00 +2.4084e+00 +3.8525e+00
181 +2.145659124e-06 +2.145659124e-06 -1.795399979e+02 -1.795399979e+02 +7.9630e-01 +5.1515e-01 -3.4474e+00 +2.4003e+00 +3.8499e+00
1033 +7.509845261e-07 +7.509845261e-07 -1.795399992e+02 -1.795399992e+02 +7.9364e-01 +5.1446e-01 -3.4479e+00 +2.3969e+00 +3.8495e+00
1039 +3.334654366e-07 +3.334654366e-07 -1.795399997e+02 -1.795399997e+02 +7.9448e-01 +5.1296e-01 -3.4479e+00 +2.3953e+00 +3.8482e+00
16375 +1.678678814e-07 +1.678678814e-07 -1.795399998e+02 -1.795399998e+02 +7.9351e-01 +5.1651e-01 -3.4480e+00 +2.3986e+00 +3.8511e+00
16390 +1.567827610e-07 +1.567827610e-07 -1.795399998e+02 -1.795399998e+02 +7.9350e-01 +5.1649e-01 -3.4480e+00 +2.3986e+00 +3.8511e+00
% function evaluation | noise-free fitness - Fopt (7.731000000000e+01) | best noise-free fitness - Fopt | measured fitness | best measured fitness | x1 | x2...
1 +2.146468954e+01 +2.146468954e+01 +9.877468954e+01 +9.877468954e+01 +3.4745e+00 +1.3709e+00 -3.1380e-01 +2.4108e+00 +2.0839e+00
7 +1.145769666e+01 +1.145769666e+01 +8.876769666e+01 +8.876769666e+01 +2.5013e+00 +1.3630e+00 -3.8892e-01 +1.4108e+00 +2.2387e+00
13 +3.079309315e+00 +3.079309315e+00 +8.038930931e+01 +8.038930931e+01 +1.0664e+00 +7.7139e-01 -8.3717e-01 -8.7552e-01 +2.1061e+00
19 +9.399143607e-01 +9.399143607e-01 +7.824991436e+01 +7.824991436e+01 +9.3322e-01 +3.3639e-02 -1.2811e+00 -1.9462e+00 +1.6345e+00
31 +4.103729826e-01 +4.103729826e-01 +7.772037298e+01 +7.772037298e+01 +7.5663e-01 -4.2266e-01 -1.5870e+00 -2.4628e+00 +1.2219e+00
37 +1.523454717e-01 +1.523454717e-01 +7.746234547e+01 +7.746234547e+01 +7.4733e-01 -5.0206e-01 -1.6940e+00 -2.2804e+00 +9.2549e-01
43 +8.341365999e-02 +8.341365999e-02 +7.739341366e+01 +7.739341366e+01 +9.2820e-01 -5.2458e-01 -1.8025e+00 -1.9073e+00 +8.9304e-01
55 +4.096190951e-02 +4.096190951e-02 +7.735096191e+01 +7.735096191e+01 +9.7541e-01 -5.2232e-01 -1.8077e+00 -1.8694e+00 +9.5387e-01
67 +2.586827316e-02 +2.586827316e-02 +7.733586827e+01 +7.733586827e+01 +1.0007e+00 -5.5425e-01 -1.8421e+00 -1.8846e+00 +9.6452e-01
73 +1.057106315e-02 +1.057106315e-02 +7.732057106e+01 +7.732057106e+01 +9.8368e-01 -5.9677e-01 -1.9101e+00 -1.9214e+00 +9.4255e-01
79 +8.990129379e-03 +8.990129379e-03 +7.731899013e+01 +7.731899013e+01 +9.6645e-01 -6.2752e-01 -2.0016e+00 -1.9204e+00 +9.5521e-01
85 +2.481356625e-03 +2.481356625e-03 +7.731248136e+01 +7.731248136e+01 +9.4964e-01 -6.1088e-01 -2.0127e+00 -1.8913e+00 +9.7059e-01
91 +1.013676186e-03 +1.013676186e-03 +7.731101368e+01 +7.731101368e+01 +9.0920e-01 -6.0319e-01 -2.0332e+00 -1.9065e+00 +9.8700e-01
103 +9.251944156e-04 +9.251944156e-04 +7.731092519e+01 +7.731092519e+01 +9.0775e-01 -6.0412e-01 -2.0362e+00 -1.9071e+00 +9.8696e-01
115 +4.284082510e-04 +4.284082510e-04 +7.731042841e+01 +7.731042841e+01 +9.0648e-01 -6.1093e-01 -2.0519e+00 -1.9076e+00 +9.8736e-01
121 +1.959355826e-04 +1.959355826e-04 +7.731019594e+01 +7.731019594e+01 +8.9605e-01 -6.1648e-01 -2.0850e+00 -1.9009e+00 +9.9435e-01
127 +1.133651592e-04 +1.133651592e-04 +7.731011337e+01 +7.731011337e+01 +8.8876e-01 -6.1623e-01 -2.1028e+00 -1.8925e+00 +1.0008e+00
133 +3.663070767e-05 +3.663070767e-05 +7.731003663e+01 +7.731003663e+01 +8.9342e-01 -6.1661e-01 -2.0968e+00 -1.8937e+00 +9.9803e-01
151 +1.773905396e-05 +1.773905396e-05 +7.731001774e+01 +7.731001774e+01 +8.9407e-01 -6.1713e-01 -2.1023e+00 -1.8905e+00 +9.9877e-01
157 +6.685491201e-06 +6.685491201e-06 +7.731000669e+01 +7.731000669e+01 +8.9283e-01 -6.1792e-01 -2.1139e+00 -1.8859e+00 +1.0009e+00
169 +4.233534696e-06 +4.233534696e-06 +7.731000423e+01 +7.731000423e+01 +8.9274e-01 -6.1800e-01 -2.1153e+00 -1.8853e+00 +1.0011e+00
181 +3.884320833e-06 +3.884320833e-06 +7.731000388e+01 +7.731000388e+01 +8.9299e-01 -6.1778e-01 -2.1146e+00 -1.8857e+00 +1.0009e+00
211 +1.676359886e-06 +1.676359886e-06 +7.731000168e+01 +7.731000168e+01 +8.9506e-01 -6.1350e-01 -2.1162e+00 -1.8868e+00 +1.0001e+00
217 +1.076063612e-06 +1.076063612e-06 +7.731000108e+01 +7.731000108e+01 +8.9582e-01 -6.1043e-01 -2.1176e+00 -1.8881e+00 +9.9975e-01
229 +8.382530439e-07 +8.382530439e-07 +7.731000084e+01 +7.731000084e+01 +8.9621e-01 -6.0931e-01 -2.1179e+00 -1.8886e+00 +9.9955e-01
1555 +5.939563295e-07 +5.939563295e-07 +7.731000059e+01 +7.731000059e+01 +8.9607e-01 -6.0587e-01 -2.1265e+00 -1.8882e+00 +1.0003e+00
1567 +2.578037765e-07 +2.578037765e-07 +7.731000026e+01 +7.731000026e+01 +8.9603e-01 -6.0631e-01 -2.1262e+00 -1.8880e+00 +1.0003e+00
1579 +2.472956737e-07 +2.472956737e-07 +7.731000025e+01 +7.731000025e+01 +8.9602e-01 -6.0636e-01 -2.1262e+00 -1.8880e+00 +1.0004e+00
15175 +1.433816124e-07 +1.433816124e-07 +7.731000014e+01 +7.731000014e+01 +8.9586e-01 -6.0580e-01 -2.1288e+00 -1.8875e+00 +1.0007e+00
% function evaluation | noise-free fitness - Fopt (3.992000000000e+01) | best noise-free fitness - Fopt | measured fitness | best measured fitness | x1 | x2...
1 +4.990031808e+01 +4.990031808e+01 +8.982031808e+01 +8.982031808e+01 -3.8430e+00 +3.5819e+00 +2.6231e+00 +4.6422e+00 -2.7199e-02
7 +2.170016484e+01 +2.170016484e+01 +6.162016484e+01 +6.162016484e+01 -3.3075e+00 +3.4679e+00 +2.0789e+00 +4.3141e+00 +9.7280e-01
19 +1.404190098e+01 +1.404190098e+01 +5.396190098e+01 +5.396190098e+01 -3.1154e+00 +2.7210e+00 +1.4685e+00 +3.6110e+00 +1.6229e+00
43 +9.351796645e+00 +9.351796645e+00 +4.927179665e+01 +4.927179665e+01 -2.6267e+00 +1.6345e-01 -2.3628e-01 +6.2428e-01 +2.6713e+00
73 +5.022244064e+00 +5.022244064e+00 +4.494224406e+01 +4.494224406e+01 -2.1362e-01 -2.3578e-01 +8.8787e-01 -3.3299e+00 -1.1082e+00
97 +3.873969251e+00 +3.873969251e+00 +4.379396925e+01 +4.379396925e+01 +5.6039e-01 +2.8170e-01 +1.8693e+00 -2.4874e+00 -1.9487e+00
109 +1.375862447e+00 +1.375862447e+00 +4.129586245e+01 +4.129586245e+01 +3.0750e+00 -6.3864e-01 +3.0031e+00 -1.2621e+00 -2.1861e+00
121 +8.407339178e-01 +8.407339178e-01 +4.076073392e+01 +4.076073392e+01 +3.7435e+00 -9.9139e-01 +3.1566e+00 -1.7763e+00 -2.5652e+00
127 +4.823363109e-01 +4.823363109e-01 +4.040233631e+01 +4.040233631e+01 +3.4389e+00 -1.2688e+00 +2.6353e+00 -2.8504e+00 -2.5056e+00
133 +2.817950733e-01 +2.817950733e-01 +4.020179507e+01 +4.020179507e+01 +3.8139e+00 -1.3393e+00 +2.8923e+00 -2.0426e+00 -2.2682e+00
145 +1.938474476e-01 +1.938474476e-01 +4.011384745e+01 +4.011384745e+01 +3.6542e+00 -1.2717e+00 +2.8290e+00 -2.0599e+00 -2.2281e+00
157 +1.309746714e-01 +1.309746714e-01 +4.005097467e+01 +4.005097467e+01 +3.5884e+00 -1.2813e+00 +2.7480e+00 -2.2958e+00 -2.2755e+00
169 +9.399381643e-02 +9.399381643e-02 +4.001399382e+01 +4.001399382e+01 +3.6627e+00 -1.3259e+00 +2.7092e+00 -2.2623e+00 -2.1843e+00
181 +3.007332068e-02 +3.007332068e-02 +3.995007332e+01 +3.995007332e+01 +3.8257e+00 -1.1014e+00 +2.5513e+00 -2.2903e+00 -2.0609e+00
193 +7.593401003e-03 +7.593401003e-03 +3.992759340e+01 +3.992759340e+01 +3.8690e+00 -1.0716e+00 +2.5379e+00 -2.3069e+00 -2.0622e+00
205 +6.239692624e-03 +6.239692624e-03 +3.992623969e+01 +3.992623969e+01 +3.8812e+00 -1.0618e+00 +2.5305e+00 -2.3098e+00 -2.0595e+00
223 +2.670494254e-03 +2.670494254e-03 +3.992267049e+01 +3.992267049e+01 +3.9254e+00 -1.0424e+00 +2.4801e+00 -2.2950e+00 -2.0264e+00
229 +2.118457041e-03 +2.118457041e-03 +3.992211846e+01 +3.992211846e+01 +3.9317e+00 -1.0510e+00 +2.4668e+00 -2.2950e+00 -2.0209e+00
235 +1.281409430e-03 +1.281409430e-03 +3.992128141e+01 +3.992128141e+01 +3.9461e+00 -1.0673e+00 +2.4318e+00 -2.2945e+00 -2.0048e+00
241 +7.538723197e-04 +7.538723197e-04 +3.992075387e+01 +3.992075387e+01 +3.9553e+00 -1.0675e+00 +2.4078e+00 -2.3054e+00 -1.9975e+00
253 +2.670079885e-04 +2.670079885e-04 +3.992026701e+01 +3.992026701e+01 +3.9599e+00 -1.0679e+00 +2.3994e+00 -2.3083e+00 -1.9949e+00
259 +1.889587116e-04 +1.889587116e-04 +3.992018896e+01 +3.992018896e+01 +3.9666e+00 -1.0718e+00 +2.3862e+00 -2.3083e+00 -1.9889e+00
277 +1.563949467e-04 +1.563949467e-04 +3.992015639e+01 +3.992015639e+01 +3.9645e+00 -1.0719e+00 +2.3891e+00 -2.3069e+00 -1.9914e+00
289 +6.375325752e-05 +6.375325752e-05 +3.992006375e+01 +3.992006375e+01 +3.9553e+00 -1.0774e+00 +2.3846e+00 -2.2995e+00 -2.0168e+00
295 +2.884346102e-05 +2.884346102e-05 +3.992002884e+01 +3.992002884e+01 +3.9562e+00 -1.0741e+00 +2.3853e+00 -2.2999e+00 -2.0167e+00
301 +2.288413598e-05 +2.288413598e-05 +3.992002288e+01 +3.992002288e+01 +3.9558e+00 -1.0726e+00 +2.3867e+00 -2.2981e+00 -2.0188e+00
313 +1.445411420e-05 +1.445411420e-05 +3.992001445e+01 +3.992001445e+01 +3.9552e+00 -1.0720e+00 +2.3869e+00 -2.2968e+00 -2.0211e+00
325 +3.164431426e-06 +3.164431426e-06 +3.992000316e+01 +3.992000316e+01 +3.9512e+00 -1.0707e+00 +2.3858e+00 -2.2915e+00 -2.0359e+00
331 +9.335361071e-07 +9.335361071e-07 +3.992000093e+01 +3.992000093e+01 +3.9513e+00 -1.0707e+00 +2.3859e+00 -2.2915e+00 -2.0356e+00
1879 +4.103994939e-07 +4.103994939e-07 +3.992000041e+01 +3.992000041e+01 +3.9496e+00 -1.0698e+00 +2.3876e+00 -2.2900e+00 -2.0396e+00
16345 +2.987126280e-07 +2.987126280e-07 +3.992000030e+01 +3.992000030e+01 +3.9531e+00 -1.0698e+00 +2.3818e+00 -2.2902e+00 -2.0370e+00
% function evaluation | noise-free fitness - Fopt (-5.661000000000e+01) | best noise-free fitness - Fopt | measured fitness | best measured fitness | x1 | x2...
1 +1.063899385e+01 +1.063899385e+01 -4.597100615e+01 -4.597100615e+01 +3.8440e+00 +2.1460e+00 +4.6044e+00 +1.8458e+00 -4.4909e-01
7 +7.109588255e+00 +7.109588255e+00 -4.950041174e+01 -4.950041174e+01 +4.8230e+00 +2.7304e+00 +3.6044e+00 +1.1907e+00 -1.2130e+00
13 +6.017825179e+00 +6.017825179e+00 -5.059217482e+01 -5.059217482e+01 +4.6783e+00 +3.1136e+00 +3.5192e+00 +7.7762e-01 -1.3151e+00
19 +3.340742029e+00 +3.340742029e+00 -5.326925797e+01 -5.326925797e+01 +3.8174e+00 +4.8905e+00 +3.0437e+00 -1.4827e+00 -1.9972e+00
31 +2.431099683e+00 +2.431099683e+00 -5.417890032e+01 -5.417890032e+01 +2.7965e+00 +5.0857e+00 +2.9388e+00 -2.8679e+00 -2.6140e+00
37 +1.211445190e+00 +1.211445190e+00 -5.539855481e+01 -5.539855481e+01 +1.8530e+00 +4.1420e+00 +3.0603e+00 -3.4706e+00 -3.1428e+00
49 +5.686572799e-01 +5.686572799e-01 -5.604134272e+01 -5.604134272e+01 +1.4024e+00 +3.2741e+00 +3.1895e+00 -3.5287e+00 -3.3946e+00
55 +2.318902896e-01 +2.318902896e-01 -5.637810971e+01 -5.637810971e+01 +1.7953e+00 +2.9627e+00 +3.3230e+00 -2.8042e+00 -3.0855e+00
67 +7.726095308e-02 +7.726095308e-02 -5.653273905e+01 -5.653273905e+01 +1.6626e+00 +2.8752e+00 +3.3242e+00 -2.9501e+00 -3.1734e+00
79 +5.414751634e-02 +5.414751634e-02 -5.655585248e+01 -5.655585248e+01 +1.6703e+00 +2.9784e+00 +3.3025e+00 -3.0594e+00 -3.1795e+00
91 +3.623407939e-02 +3.623407939e-02 -5.657376592e+01 -5.657376592e+01 +1.7052e+00 +3.0157e+00 +3.3017e+00 -3.0841e+00 -3.1565e+00
97 +1.629186695e-02 +1.629186695e-02 -5.659370813e+01 -5.659370813e+01 +1.7727e+00 +2.9798e+00 +3.3265e+00 -3.1675e+00 -3.0978e+00
109 +9.551825756e-03 +9.551825756e-03 -5.660044817e+01 -5.660044817e+01 +1.7906e+00 +2.9335e+00 +3.3332e+00 -3.1795e+00 -3.0812e+00
121 +3.257441354e-03 +3.257441354e-03 -5.660674256e+01 -5.660674256e+01 +1.8817e+00 +2.8923e+00 +3.2669e+00 -3.2534e+00 -3.0397e+00
127 +1.296669036e-03 +1.296669036e-03 -5.660870333e+01 -5.660870333e+01 +1.8894e+00 +2.8987e+00 +3.2598e+00 -3.2567e+00 -3.0405e+00
133 +8.157889197e-04 +8.157889197e-04 -5.660918421e+01 -5.660918421e+01 +1.8968e+00 +2.9042e+00 +3.2508e+00 -3.2691e+00 -3.0398e+00
139 +5.411057354e-04 +5.411057354e-04 -5.660945889e+01 -5.660945889e+01 +1.9120e+00 +2.9019e+00 +3.2404e+00 -3.2798e+00 -3.0373e+00
145 +3.925696336e-04 +3.925696336e-04 -5.660960743e+01 -5.660960743e+01 +1.9122e+00 +2.9002e+00 +3.2450e+00 -3.2756e+00 -3.0419e+00
157 +2.441717023e-04 +2.441717023e-04 -5.660975583e+01 -5.660975583e+01 +1.9377e+00 +2.9114e+00 +3.2409e+00 -3.2829e+00 -3.0675e+00
163 +1.087153061e-04 +1.087153061e-04 -5.660989128e+01 -5.660989128e+01 +1.9391e+00 +2.9082e+00 +3.2383e+00 -3.2838e+00 -3.0648e+00
175 +9.116260004e-05 +9.116260004e-05 -5.660990884e+01 -5.660990884e+01 +1.9367e+00 +2.9098e+00 +3.2383e+00 -3.2819e+00 -3.0660e+00
187 +5.645638842e-05 +5.645638842e-05 -5.660994354e+01 -5.660994354e+01 +1.9352e+00 +2.9120e+00 +3.2356e+00 -3.2781e+00 -3.0701e+00
193 +3.737684744e-05 +3.737684744e-05 -5.660996262e+01 -5.660996262e+01 +1.9384e+00 +2.9133e+00 +3.2291e+00 -3.2778e+00 -3.0732e+00
199 +1.406445210e-05 +1.406445210e-05 -5.660998594e+01 -5.660998594e+01 +1.9396e+00 +2.9151e+00 +3.2219e+00 -3.2776e+00 -3.0744e+00
223 +7.642375984e-06 +7.642375984e-06 -5.660999236e+01 -5.660999236e+01 +1.9411e+00 +2.9169e+00 +3.2163e+00 -3.2764e+00 -3.0774e+00
235 +5.474651232e-06 +5.474651232e-06 -5.660999453e+01 -5.660999453e+01 +1.9411e+00 +2.9173e+00 +3.2165e+00 -3.2757e+00 -3.0785e+00
583 +1.342055050e-06 +1.342055050e-06 -5.660999866e+01 -5.660999866e+01 +1.9568e+00 +2.9238e+00 +3.1997e+00 -3.2784e+00 -3.0930e+00
611 +9.964255767e-07 +9.964255767e-07 -5.660999900e+01 -5.660999900e+01 +1.9560e+00 +2.9233e+00 +3.2007e+00 -3.2785e+00 -3.0919e+00
4453 +5.177076545e-07 +5.177076545e-07 -5.660999948e+01 -5.660999948e+01 +1.9459e+00 +2.9216e+00 +3.2081e+00 -3.2741e+00 -3.0870e+00
16687 +3.805987134e-07 +3.805987134e-07 -5.660999962e+01 -5.660999962e+01 +1.9500e+00 +2.9206e+00 +3.2086e+00 -3.2777e+00 -3.0863e+00
% function evaluation | noise-free fitness - Fopt (3.992000000000e+01) | best noise-free fitness - Fopt | measured fitness | best measured fitness | x1 | x2...
1 +2.923217748e+01 +2.923217748e+01 +6.915217748e+01 +6.915217748e+01 +2.6105e+00 +2.5219e+00 -2.6054e+00 -3.6584e+00 -3.1365e-01
7 +1.195485656e+01 +1.195485656e+01 +5.187485656e+01 +5.187485656e+01 +1.9193e+00 +2.5433e+00 -1.7565e+00 -3.3909e+00 -1.3136e+00
13 +8.366478106e+00 +8.366478106e+00 +4.828647811e+01 +4.828647811e+01 +1.6852e+00 +2.4589e+00 -1.1381e+00 -3.4149e+00 -1.2581e+00
25 +5.669525961e+00 +5.669525961e+00 +4.558952596e+01 +4.558952596e+01 +1.3863e+00 +2.0350e+00 +1.9062e-02 -3.1698e+00 -1.1309e+00
37 +3.786762827e+00 +3.786762827e+00 +4.370676283e+01 +4.370676283e+01 +1.0868e+00 +4.6510e-01 +2.7558e+00 -2.0734e+00 -8.5726e-01
67 +1.425314359e+00 +1.425314359e+00 +4.134531436e+01 +4.134531436e+01 +2.7823e+00 -9.9901e-01 +3.1798e+00 -1.5008e+00 -1.6199e+00
85 +6.959184644e-01 +6.959184644e-01 +4.061591846e+01 +4.061591846e+01 +3.4372e+00 -1.1747e+00 +2.7887e+00 -1.6091e+00 -1.9215e+00
91 +1.593295340e-01 +1.593295340e-01 +4.007932953e+01 +4.007932953e+01 +4.0472e+00 -1.1437e+00 +2.2323e+00 -1.9364e+00 -2.2331e+00
103 +1.149396501e-01 +1.149396501e-01 +4.003493965e+01 +4.003493965e+01 +4.0401e+00 -1.0587e+00 +2.1298e+00 -2.0140e+00 -2.2388e+00
121 +7.169240412e-02 +7.169240412e-02 +3.999169240e+01 +3.999169240e+01 +3.9904e+00 -1.0355e+00 +2.1989e+00 -2.0553e+00 -2.2205e+00
133 +2.694251821e-02 +2.694251821e-02 +3.994694252e+01 +3.994694252e+01 +3.9824e+00 -1.0176e+00 +2.2939e+00 -2.1559e+00 -2.2277e+00
139 +2.177470895e-02 +2.177470895e-02 +3.994177471e+01 +3.994177471e+01 +3.9169e+00 -9.7060e-01 +2.3632e+00 -2.2312e+00 -2.2062e+00
145 +7.989652242e-03 +7.989652242e-03 +3.992798965e+01 +3.992798965e+01 +3.9326e+00 -9.9664e-01 +2.3749e+00 -2.2123e+00 -2.2111e+00
157 +5.809330443e-03 +5.809330443e-03 +3.992580933e+01 +3.992580933e+01 +3.9195e+00 -1.0084e+00 +2.3924e+00 -2.2145e+00 -2.2029e+00
169 +3.783634150e-03 +3.783634150e-03 +3.992378363e+01 +3.992378363e+01 +3.9082e+00 -1.0367e+00 +2.4070e+00 -2.2311e+00 -2.1835e+00
175 +2.117148204e-03 +2.117148204e-03 +3.992211715e+01 +3.992211715e+01 +3.9044e+00 -1.0641e+00 +2.4031e+00 -2.2500e+00 -2.1580e+00
187 +1.327739549e-03 +1.327739549e-03 +3.992132774e+01 +3.992132774e+01 +3.9048e+00 -1.0851e+00 +2.3958e+00 -2.2644e+00 -2.1385e+00
211 +7.980003917e-04 +7.980003917e-04 +3.992079800e+01 +3.992079800e+01 +3.9191e+00 -1.0826e+00 +2.3782e+00 -2.2646e+00 -2.1240e+00
223 +3.527032535e-04 +3.527032535e-04 +3.992035270e+01 +3.992035270e+01 +3.9250e+00 -1.0758e+00 +2.3859e+00 -2.2744e+00 -2.1023e+00
229 +1.894889015e-04 +1.894889015e-04 +3.992018949e+01 +3.992018949e+01 +3.9342e+00 -1.0709e+00 +2.3912e+00 -2.2796e+00 -2.0778e+00
235 +1.413212296e-04 +1.413212296e-04 +3.992014132e+01 +3.992014132e+01 +3.9389e+00 -1.0687e+00 +2.3935e+00 -2.2804e+00 -2.0651e+00
241 +4.210891318e-05 +4.210891318e-05 +3.992004211e+01 +3.992004211e+01 +3.9371e+00 -1.0696e+00 +2.3926e+00 -2.2801e+00 -2.0701e+00
247 +2.032224404e-05 +2.032224404e-05 +3.992002032e+01 +3.992002032e+01 +3.9399e+00 -1.0687e+00 +2.3927e+00 -2.2825e+00 -2.0626e+00
259 +9.806513567e-06 +9.806513567e-06 +3.992000981e+01 +3.992000981e+01 +3.9424e+00 -1.0679e+00 +2.3930e+00 -2.2844e+00 -2.0562e+00
265 +6.168756286e-06 +6.168756286e-06 +3.992000617e+01 +3.992000617e+01 +3.9441e+00 -1.0677e+00 +2.3931e+00 -2.2859e+00 -2.0514e+00
655 +2.176729041e-06 +2.176729041e-06 +3.992000218e+01 +3.992000218e+01 +3.9542e+00 -1.0690e+00 +2.3821e+00 -2.2908e+00 -2.0343e+00
661 +1.221733939e-06 +1.221733939e-06 +3.992000122e+01 +3.992000122e+01 +3.9518e+00 -1.0693e+00 +2.3853e+00 -2.2907e+00 -2.0365e+00
10147 +7.409607790e-07 +7.409607790e-07 +3.992000074e+01 +3.992000074e+01 +3.9531e+00 -1.0703e+00 +2.3816e+00 -2.2906e+00 -2.0364e+00
18655 +1.720484946e-07 +1.720484946e-07 +3.992000017e+01 +3.992000017e+01 +3.9508e+00 -1.0694e+00 +2.3854e+00 -2.2897e+00 -2.0392e+00
18667 +9.417723135e-08 +9.417723135e-08 +3.992000009e+01 +3.992000009e+01 +3.9508e+00 -1.0694e+00 +2.3854e+00 -2.2897e+00 -2.0392e+00
% function evaluation | noise-free fitness - Fopt (-5.661000000000e+01) | best noise-free fitness - Fopt | measured fitness | best measured fitness | x1 | x2...
1 +5.580379811e+01 +5.580379811e+01 -8.062018918e-01 -8.062018918e-01 -2.2459e+00 -2.5350e+00 -1.5204e-01 +1.5740e+00 -2.0244e+00
7 +3.430079231e+01 +3.430079231e+01 -2.230920769e+01 -2.230920769e+01 -1.2459e+00 -2.5235e+00 -3.0674e-01 +8.9059e-01 -2.2351e+00
13 +1.957635006e+01 +1.957635006e+01 -3.703364994e+01 -3.703364994e+01 -2.1523e-02 -2.5808e+00 +3.5429e-01 -2.4555e-01 -2.2922e+00
19 +1.453882117e+01 +1.453882117e+01 -4.207117883e+01 -4.207117883e+01 +6.5734e-01 -2.3253e+00 +9.4250e-01 -8.6879e-01 -2.6208e+00
25 +9.718877377e+00 +9.718877377e+00 -4.689112262e+01 -4.689112262e+01 +1.5594e+00 -1.6822e+00 +1.8879e+00 -1.8526e+00 -3.1686e+00
43 +5.140870657e+00 +5.140870657e+00 -5.146912934e+01 -5.146912934e+01 +2.9135e+00 -2.2386e-01 +3.3980e+00 -3.7218e+00 -3.9402e+00
55 +2.675380850e+00 +2.675380850e+00 -5.393461915e+01 -5.393461915e+01 +2.5940e+00 +2.6776e+00 +3.8566e+00 -4.6052e+00 -4.7114e+00
61 +1.535165817e+00 +1.535165817e+00 -5.507483418e+01 -5.507483418e+01 +2.3134e+00 +2.1207e+00 +3.4803e+00 -4.1961e+00 -4.3544e+00
73 +9.315142545e-01 +9.315142545e-01 -5.567848575e+01 -5.567848575e+01 +1.8468e+00 +2.5103e+00 +3.0634e+00 -3.7592e+00 -3.9075e+00
85 +5.284675617e-01 +5.284675617e-01 -5.608153244e+01 -5.608153244e+01 +1.4719e+00 +3.0657e+00 +2.7295e+00 -3.3473e+00 -3.4789e+00
97 +2.836889396e-01 +2.836889396e-01 -5.632631106e+01 -5.632631106e+01 +1.8074e+00 +2.8716e+00 +2.7082e+00 -2.9517e+00 -2.8981e+00
103 +8.724536549e-02 +8.724536549e-02 -5.652275463e+01 -5.652275463e+01 +1.8759e+00 +2.8975e+00 +2.8597e+00 -3.1733e+00 -3.1524e+00
109 +5.345608474e-02 +5.345608474e-02 -5.655654392e+01 -5.655654392e+01 +2.0158e+00 +3.0189e+00 +2.9776e+00 -3.2177e+00 -3.1471e+00
115 +2.046309885e-02 +2.046309885e-02 -5.658953690e+01 -5.658953690e+01 +2.0040e+00 +2.9919e+00 +2.9872e+00 -3.2594e+00 -3.2030e+00
127 +1.213898291e-02 +1.213898291e-02 -5.659786102e+01 -5.659786102e+01 +2.0150e+00 +2.9918e+00 +2.9916e+00 -3.2510e+00 -3.1900e+00
145 +6.578895100e-03 +6.578895100e-03 -5.660342110e+01 -5.660342110e+01 +2.0363e+00 +2.9596e+00 +3.0621e+00 -3.2692e+00 -3.1835e+00
151 +4.892934060e-03 +4.892934060e-03 -5.660510707e+01 -5.660510707e+01 +2.0286e+00 +2.9652e+00 +3.1327e+00 -3.2871e+00 -3.1667e+00
157 +2.812701799e-03 +2.812701799e-03 -5.660718730e+01 -5.660718730e+01 +2.0172e+00 +2.9569e+00 +3.1699e+00 -3.2963e+00 -3.1587e+00
163 +1.654701234e-03 +1.654701234e-03 -5.660834530e+01 -5.660834530e+01 +2.0171e+00 +2.9535e+00 +3.1401e+00 -3.2841e+00 -3.1580e+00
169 +1.066359566e-03 +1.066359566e-03 -5.660893364e+01 -5.660893364e+01 +2.0092e+00 +2.9494e+00 +3.1556e+00 -3.2848e+00 -3.1494e+00
181 +7.006384316e-04 +7.006384316e-04 -5.660929936e+01 -5.660929936e+01 +1.9984e+00 +2.9436e+00 +3.1638e+00 -3.2821e+00 -3.1395e+00
187 +3.729515394e-04 +3.729515394e-04 -5.660962705e+01 -5.660962705e+01 +1.9707e+00 +2.9323e+00 +3.1821e+00 -3.2743e+00 -3.1136e+00
193 +1.314404756e-04 +1.314404756e-04 -5.660986856e+01 -5.660986856e+01 +1.9690e+00 +2.9325e+00 +3.1820e+00 -3.2743e+00 -3.1131e+00
205 +5.998062234e-05 +5.998062234e-05 -5.660994002e+01 -5.660994002e+01 +1.9681e+00 +2.9327e+00 +3.1831e+00 -3.2744e+00 -3.1123e+00
211 +3.510449432e-05 +3.510449432e-05 -5.660996490e+01 -5.660996490e+01 +1.9615e+00 +2.9305e+00 +3.1883e+00 -3.2733e+00 -3.1062e+00
223 +2.173093540e-05 +2.173093540e-05 -5.660997827e+01 -5.660997827e+01 +1.9583e+00 +2.9294e+00 +3.1913e+00 -3.2730e+00 -3.1032e+00
229 +1.295104448e-05 +1.295104448e-05 -5.660998705e+01 -5.660998705e+01 +1.9524e+00 +2.9258e+00 +3.1991e+00 -3.2726e+00 -3.0965e+00
247 +8.795623401e-06 +8.795623401e-06 -5.660999120e+01 -5.660999120e+01 +1.9428e+00 +2.9214e+00 +3.2114e+00 -3.2725e+00 -3.0862e+00
259 +1.519490574e-06 +1.519490574e-06 -5.660999848e+01 -5.660999848e+01 +1.9425e+00 +2.9213e+00 +3.2110e+00 -3.2722e+00 -3.0860e+00
2731 +3.206251833e-07 +3.206251833e-07 -5.660999968e+01 -5.660999968e+01 +1.9488e+00 +2.9206e+00 +3.2093e+00 -3.2769e+00 -3.0861e+00
2743 +1.999528649e-07 +1.999528649e-07 -5.660999980e+01 -5.660999980e+01 +1.9488e+00 +2.9206e+00 +3.2093e+00 -3.2769e+00 -3.0862e+00
10262 +1.507187122e-07 +1.507187122e-07 -5.660999985e+01 -5.660999985e+01 +1.9516e+00 +2.9223e+00 +3.2049e+00 -3.2767e+00 -3.0896e+00
