% function evaluation | noise-free fitness - Fopt (-5.494000000000e+01) | best noise-free fitness - Fopt | measured fitness | best measured fitness | x1 | x2...
1 +9.833143070e+06 +9.833143070e+06 +9.833088130e+06 +9.833088130e+06 +3.5252e+00 -4.1097e+00 -2.6068e+00 -3.7833e+00 +2.6633e+00 +4.3003e+00 +3.3018e-01 +8.8171e-02 -4.7330e+00 -2.3836e+00
12 +5.259394900e+06 +5.259394900e+06 +5.259339960e+06 +5.259339960e+06 +3.3232e+00 -3.6488e+00 -1.7929e+00 -2.9555e+00 +3.4359e+00 +5.3003e+00 -3.3099e-01 -1.3030e-01 -4.6272e+00 -1.9710e+00
23 +2.265743893e+06 +2.265743893e+06 +2.265688953e+06 +2.265688953e+06 +2.8158e+00 -2.7918e+00 -1.3476e+00 -2.1855e+00 +3.6131e+00 +6.3557e+00 -2.2733e-01 -7.4517e-01 -4.2167e+00 -1.3323e+00
34 +7.245792471e+05 +7.245792471e+05 +7.245243071e+05 +7.245243071e+05 +2.2894e+00 -2.1598e+00 -7.9850e-01 -1.4397e+00 +3.9249e+00 +7.3110e+00 -2.6332e-01 -1.2166e+00 -3.8423e+00 -7.0478e-01
45 +5.879621814e+05 +5.879621814e+05 +5.879072414e+05 +5.879072414e+05 +2.0932e+00 -2.0268e+00 -5.9416e-01 -1.2113e+00 +4.0258e+00 +7.5659e+00 -2.8820e-01 -1.3298e+00 -3.7215e+00 -4.9239e-01
89 +3.964454004e+05 +3.964454004e+05 +3.963904604e+05 +3.963904604e+05 +1.4224e+00 -2.0114e+00 -3.3832e-02 -7.3517e-01 +4.2382e+00 +7.9611e+00 -2.8514e-01 -1.4742e+00 -3.3643e+00 +1.1328e-01
144 +2.368913798e+05 +2.368913798e+05 +2.368364398e+05 +2.368364398e+05 +1.0737e+00 -2.5566e+00 +7.2146e-02 -8.9726e-01 +4.0030e+00 +7.4416e+00 -1.2254e-01 -1.2355e+00 -3.2626e+00 +2.7296e-01
177 +1.320657210e+05 +1.320657210e+05 +1.320107810e+05 +1.320107810e+05 +4.4806e-01 -3.0648e+00 +4.5045e-01 -8.4136e-01 +3.7009e+00 +7.0030e+00 +4.6177e-02 -1.0550e+00 -3.0311e+00 +6.9601e-01
188 +9.002214446e+04 +9.002214446e+04 +8.996720446e+04 +8.996720446e+04 +1.0950e-01 -3.0568e+00 +7.5210e-01 -6.0694e-01 +3.6466e+00 +7.0890e+00 +6.8080e-02 -1.1135e+00 -2.8696e+00 +1.0046e+00
243 +6.274183067e+04 +6.274183067e+04 +6.268689067e+04 +6.268689067e+04 -8.7711e-02 -3.2607e+00 +1.1555e+00 -4.4253e-01 +3.2559e+00 +6.6943e+00 -9.0528e-02 -9.6506e-01 -2.8977e+00 +1.1926e+00
265 +3.956091031e+04 +3.956091031e+04 +3.950597031e+04 +3.950597031e+04 -1.5129e-01 -3.1786e+00 +2.0207e+00 +9.6576e-02 +1.9473e+00 +5.8377e+00 -5.8258e-01 -8.3150e-01 -3.1659e+00 +1.4560e+00
276 +2.172285369e+04 +2.172285369e+04 +2.166791369e+04 +2.166791369e+04 -1.5217e-01 -3.1131e+00 +1.9221e+00 +7.8459e-02 +2.1642e+00 +6.0518e+00 -5.2418e-01 -8.9914e-01 -3.1108e+00 +1.4478e+00
342 +1.584787896e+04 +1.584787896e+04 +1.579293896e+04 +1.579293896e+04 -2.6024e-01 -3.0661e+00 +2.1096e+00 +2.6396e-01 +1.9679e+00 +5.9840e+00 -5.9804e-01 -9.5204e-01 -3.0949e+00 +1.5891e+00
408 +9.283303218e+03 +9.283303218e+03 +9.228363218e+03 +9.228363218e+03 -2.8160e-01 -3.2998e+00 +1.7451e+00 +5.8978e-01 +2.0577e+00 +5.7775e+00 -8.9235e-01 -1.3970e+00 -3.1042e+00 +1.6734e+00
430 +6.105065733e+03 +6.105065733e+03 +6.050125733e+03 +6.050125733e+03 -3.0340e-01 -3.3100e+00 +1.7458e+00 +6.6869e-01 +1.9323e+00 +5.6774e+00 -9.3226e-01 -1.4582e+00 -3.1146e+00 +1.7151e+00
474 +2.110563097e+03 +2.110563097e+03 +2.055623097e+03 +2.055623097e+03 -3.2730e-01 -3.6656e+00 +1.0838e+00 +1.1915e+00 +2.0328e+00 +5.3274e+00 -1.3736e+00 -2.2141e+00 -3.1314e+00 +1.8478e+00
518 +1.565353830e+03 +1.565353830e+03 +1.510413830e+03 +1.510413830e+03 -3.8251e-01 -3.6929e+00 +1.1389e+00 +1.3441e+00 +1.9013e+00 +5.2132e+00 -1.4752e+00 -2.2962e+00 -3.1407e+00 +1.9346e+00
650 +8.855993071e+02 +8.855993071e+02 +8.306593071e+02 +8.306593071e+02 -5.5890e-01 -3.5679e+00 +5.6605e-01 +1.6193e+00 +1.8221e+00 +5.3127e+00 -1.5419e+00 -1.6464e+00 -3.6776e+00 +2.4733e+00
683 +4.287322115e+02 +4.287322115e+02 +3.737922115e+02 +3.737922115e+02 -8.8400e-01 -3.2861e+00 -6.4516e-01 +2.2271e+00 +1.6714e+00 +5.5269e+00 -1.7238e+00 -3.8438e-01 -4.7879e+00 +3.5623e+00
694 +2.276598057e+02 +2.276598057e+02 +1.727198057e+02 +1.727198057e+02 -8.5729e-01 -3.3824e+00 -4.9542e-01 +2.1783e+00 +1.7180e+00 +5.4616e+00 -1.7283e+00 -6.6262e-01 -4.5916e+00 +3.4104e+00
1002 +1.583565160e+02 +1.583565160e+02 +1.034165160e+02 +1.034165160e+02 -1.0078e+00 -3.2349e+00 -6.9473e-01 +2.2534e+00 +1.8160e+00 +5.4008e+00 -1.7094e+00 -4.7451e-01 -4.8670e+00 +3.5602e+00
1266 +9.302442395e+01 +9.302442395e+01 +3.808442395e+01 +3.808442395e+01 -1.3151e+00 -2.8494e+00 -8.6515e-01 +2.8822e+00 +2.1666e+00 +4.8908e+00 -1.4870e+00 -1.7911e-01 -4.8636e+00 +3.1677e+00
1277 +5.277699205e+01 +5.277699205e+01 -2.163007954e+00 -2.163007954e+00 -1.6055e+00 -2.4320e+00 -1.0403e+00 +3.5659e+00 +2.5234e+00 +4.4227e+00 -1.1993e+00 +2.7410e-01 -4.8012e+00 +2.7155e+00
1288 +3.796953866e+01 +3.796953866e+01 -1.697046134e+01 -1.697046134e+01 -1.5337e+00 -2.5256e+00 -9.9087e-01 +3.3917e+00 +2.4427e+00 +4.5418e+00 -1.2564e+00 +1.7978e-01 -4.8123e+00 +2.8146e+00
1310 +2.141223928e+01 +2.141223928e+01 -3.352776072e+01 -3.352776072e+01 -1.5593e+00 -2.4587e+00 -9.6962e-01 +3.4377e+00 +2.4901e+00 +4.5008e+00 -1.1880e+00 +2.6264e-01 -4.7841e+00 +2.7263e+00
1332 +1.205664124e+01 +1.205664124e+01 -4.288335876e+01 -4.288335876e+01 -1.7190e+00 -2.2400e+00 -1.0740e+00 +3.8324e+00 +2.6802e+00 +4.2270e+00 -1.0351e+00 +5.0461e-01 -4.7402e+00 +2.4719e+00
1728 +9.802829477e+00 +9.802829477e+00 -4.513717052e+01 -4.513717052e+01 -1.6982e+00 -2.2820e+00 -1.0648e+00 +3.7361e+00 +2.6241e+00 +4.2829e+00 -1.1094e+00 +4.4944e-01 -4.7147e+00 +2.5205e+00
1805 +6.033383566e+00 +6.033383566e+00 -4.890661643e+01 -4.890661643e+01 -1.8738e+00 -2.1180e+00 -1.2127e+00 +3.7097e+00 +2.6214e+00 +4.2262e+00 -1.2971e+00 +5.9337e-01 -4.5947e+00 +2.4788e+00
1871 +3.226264963e+00 +3.226264963e+00 -5.171373504e+01 -5.171373504e+01 -1.9892e+00 -2.0080e+00 -1.2438e+00 +3.6405e+00 +2.6191e+00 +4.1745e+00 -1.4402e+00 +6.2380e-01 -4.4233e+00 +2.3796e+00
1893 +2.333621617e+00 +2.333621617e+00 -5.260637838e+01 -5.260637838e+01 -2.1030e+00 -1.9014e+00 -1.3141e+00 +3.5930e+00 +2.6139e+00 +4.1364e+00 -1.5783e+00 +6.8805e-01 -4.2999e+00 +2.3226e+00
1948 +1.420078762e+00 +1.420078762e+00 -5.351992124e+01 -5.351992124e+01 -2.1958e+00 -1.8196e+00 -1.3668e+00 +3.5210e+00 +2.5968e+00 +4.1179e+00 -1.7098e+00 +7.2915e-01 -4.2049e+00 +2.2954e+00
2410 +8.775257178e-01 +8.775257178e-01 -5.406247428e+01 -5.406247428e+01 -2.1811e+00 -1.7058e+00 -1.4105e+00 +3.4635e+00 +2.6323e+00 +4.0285e+00 -1.8071e+00 +7.8579e-01 -4.0476e+00 +2.3618e+00
2432 +5.301438307e-01 +5.301438307e-01 -5.440985617e+01 -5.440985617e+01 -2.0513e+00 -1.7163e+00 -1.3743e+00 +3.4435e+00 +2.6665e+00 +3.9924e+00 -1.7622e+00 +7.5786e-01 -4.0277e+00 +2.4803e+00
2476 +3.712269143e-01 +3.712269143e-01 -5.456877309e+01 -5.456877309e+01 -1.8738e+00 -1.6992e+00 -1.3274e+00 +3.3977e+00 +2.7268e+00 +3.9159e+00 -1.7196e+00 +7.2605e-01 -3.9718e+00 +2.6566e+00
2509 +1.835626455e-01 +1.835626455e-01 -5.475643735e+01 -5.475643735e+01 -1.7622e+00 -1.6220e+00 -1.3316e+00 +3.3768e+00 +2.7942e+00 +3.8093e+00 -1.7232e+00 +7.5663e-01 -3.8700e+00 +2.7925e+00
2520 +6.939238305e-02 +6.939238305e-02 -5.487060762e+01 -5.487060762e+01 -1.7523e+00 -1.5795e+00 -1.3503e+00 +3.3751e+00 +2.8148e+00 +3.7696e+00 -1.7434e+00 +7.8521e-01 -3.8222e+00 +2.8188e+00
2542 +5.164911072e-02 +5.164911072e-02 -5.488835089e+01 -5.488835089e+01 -1.7610e+00 -1.5378e+00 -1.3737e+00 +3.3737e+00 +2.8282e+00 +3.7380e+00 -1.7717e+00 +8.1600e-01 -3.7770e+00 +2.8277e+00
2553 +2.365339302e-02 +2.365339302e-02 -5.491634661e+01 -5.491634661e+01 -1.7087e+00 -1.5129e+00 -1.3698e+00 +3.3563e+00 +2.8528e+00 +3.6997e+00 -1.7736e+00 +8.1970e-01 -3.7357e+00 +2.8878e+00
2575 +7.266876209e-03 +7.266876209e-03 -5.493273312e+01 -5.493273312e+01 -1.7107e+00 -1.5219e+00 -1.3655e+00 +3.3506e+00 +2.8470e+00 +3.7094e+00 -1.7740e+00 +8.1134e-01 -3.7416e+00 +2.8830e+00
2586 +4.891964350e-03 +4.891964350e-03 -5.493510804e+01 -5.493510804e+01 -1.7153e+00 -1.5202e+00 -1.3667e+00 +3.3482e+00 +2.8456e+00 +3.7102e+00 -1.7786e+00 +8.1182e-01 -3.7379e+00 +2.8787e+00
2608 +3.686677936e-03 +3.686677936e-03 -5.493631332e+01 -5.493631332e+01 -1.7144e+00 -1.5055e+00 -1.3720e+00 +3.3449e+00 +2.8513e+00 +3.6976e+00 -1.7880e+00 +8.2004e-01 -3.7195e+00 +2.8846e+00
2619 +2.283265971e-03 +2.283265971e-03 -5.493771673e+01 -5.493771673e+01 -1.7141e+00 -1.5103e+00 -1.3702e+00 +3.3460e+00 +2.8496e+00 +3.7015e+00 -1.7846e+00 +8.1732e-01 -3.7255e+00 +2.8832e+00
2641 +1.313907585e-03 +1.313907585e-03 -5.493868609e+01 -5.493868609e+01 -1.7167e+00 -1.5128e+00 -1.3694e+00 +3.3446e+00 +2.8473e+00 +3.7049e+00 -1.7856e+00 +8.1522e-01 -3.7275e+00 +2.8799e+00
2652 +8.194331086e-04 +8.194331086e-04 -5.493918057e+01 -5.493918057e+01 -1.7170e+00 -1.5100e+00 -1.3704e+00 +3.3426e+00 +2.8480e+00 +3.7029e+00 -1.7884e+00 +8.1613e-01 -3.7239e+00 +2.8811e+00
2674 +5.150421287e-04 +5.150421287e-04 -5.493948496e+01 -5.493948496e+01 -1.7181e+00 -1.5060e+00 -1.3721e+00 +3.3403e+00 +2.8489e+00 +3.7002e+00 -1.7923e+00 +8.1788e-01 -3.7190e+00 +2.8820e+00
2685 +2.431028345e-04 +2.431028345e-04 -5.493975690e+01 -5.493975690e+01 -1.7204e+00 -1.5068e+00 -1.3724e+00 +3.3413e+00 +2.8480e+00 +3.7016e+00 -1.7922e+00 +8.1802e-01 -3.7207e+00 +2.8797e+00
2707 +1.165013680e-04 +1.165013680e-04 -5.493988350e+01 -5.493988350e+01 -1.7270e+00 -1.5090e+00 -1.3734e+00 +3.3436e+00 +2.8453e+00 +3.7056e+00 -1.7923e+00 +8.1821e-01 -3.7253e+00 +2.8726e+00
2718 +3.352974209e-05 +3.352974209e-05 -5.493996647e+01 -5.493996647e+01 -1.7257e+00 -1.5085e+00 -1.3732e+00 +3.3430e+00 +2.8458e+00 +3.7048e+00 -1.7925e+00 +8.1815e-01 -3.7241e+00 +2.8739e+00
2729 +1.250427437e-05 +1.250427437e-05 -5.493998750e+01 -5.493998750e+01 -1.7251e+00 -1.5074e+00 -1.3735e+00 +3.3422e+00 +2.8463e+00 +3.7038e+00 -1.7934e+00 +8.1852e-01 -3.7223e+00 +2.8750e+00
6645 +7.593509942e-06 +7.593509942e-06 -5.493999241e+01 -5.493999241e+01 -1.7260e+00 -1.5081e+00 -1.3735e+00 +3.3424e+00 +2.8457e+00 +3.7047e+00 -1.7934e+00 +8.1834e-01 -3.7231e+00 +2.8739e+00
9439 +5.687841167e-06 +5.687841167e-06 -5.493999431e+01 -5.493999431e+01 -1.7257e+00 -1.5073e+00 -1.3737e+00 +3.3422e+00 +2.8461e+00 +3.7040e+00 -1.7938e+00 +8.1873e-01 -3.7223e+00 +2.8746e+00
9461 +2.188158689e-06 +2.188158689e-06 -5.493999781e+01 -5.493999781e+01 -1.7261e+00 -1.5076e+00 -1.3737e+00 +3.3422e+00 +2.8458e+00 +3.7044e+00 -1.7938e+00 +8.1855e-01 -3.7226e+00 +2.8741e+00
9483 +1.288418581e-06 +1.288418581e-06 -5.493999871e+01 -5.493999871e+01 -1.7261e+00 -1.5076e+00 -1.3737e+00 +3.3422e+00 +2.8458e+00 +3.7044e+00 -1.7938e+00 +8.1857e-01 -3.7227e+00 +2.8740e+00
30801 +8.265228644e-07 +8.265228644e-07 -5.493999917e+01 -5.493999917e+01 -1.7265e+00 -1.5082e+00 -1.3735e+00 +3.3425e+00 +2.8455e+00 +3.7050e+00 -1.7935e+00 +8.1830e-01 -3.7234e+00 +2.8734e+00
62899 +5.181433238e-07 +5.181433238e-07 -5.493999948e+01 -5.493999948e+01 -1.7264e+00 -1.5080e+00 -1.3736e+00 +3.3424e+00 +2.8456e+00 +3.7048e+00 -1.7936e+00 +8.1838e-01 -3.7233e+00 +2.8736e+00
103060 +3.517428340e-07 +3.517428340e-07 -5.493999965e+01 -5.493999965e+01 -1.7264e+00 -1.5079e+00 -1.3736e+00 +3.3423e+00 +2.8456e+00 +3.7047e+00 -1.7937e+00 +8.1844e-01 -3.7231e+00 +2.8737e+00
103082 +2.145411599e-07 +2.145411599e-07 -5.493999979e+01 -5.493999979e+01 -1.7263e+00 -1.5079e+00 -1.3736e+00 +3.3424e+00 +2.8457e+00 +3.7047e+00 -1.7937e+00 +8.1846e-01 -3.7231e+00 +2.8737e+00
292678 +1.400824345e-07 +1.400824345e-07 -5.493999986e+01 -5.493999986e+01 -1.7264e+00 -1.5080e+00 -1.3736e+00 +3.3424e+00 +2.8456e+00 +3.7048e+00 -1.7936e+00 +8.1838e-01 -3.7232e+00 +2.8736e+00
292689 +9.478013396e-08 +9.478013396e-08 -5.493999991e+01 -5.493999991e+01 -1.7264e+00 -1.5080e+00 -1.3736e+00 +3.3424e+00 +2.8456e+00 +3.7048e+00 -1.7936e+00 +8.1838e-01 -3.7232e+00 +2.8736e+00
% function evaluation | noise-free fitness - Fopt (5.913000000000e+01) | best noise-free fitness - Fopt | measured fitness | best measured fitness | x1 | x2...
1 +1.135820295e+07 +1.135820295e+07 +1.135826208e+07 +1.135826208e+07 -8.6912e-01 -3.9606e+00 -2.9647e+00 +1.8377e+00 -2.3789e+00 -4.2227e+00 +1.5768e-01 +4.6780e+00 +1.5627e+00 -3.4635e+00
12 +3.862994530e+06 +3.862994530e+06 +3.863053660e+06 +3.863053660e+06 -3.9065e-01 -2.9606e+00 -3.3016e+00 +2.3507e+00 -2.4727e+00 -4.6254e+00 +4.0154e-01 +5.2358e+00 +1.3339e+00 -2.6816e+00
45 +1.373485631e+06 +1.373485631e+06 +1.373544761e+06 +1.373544761e+06 -1.4502e-01 -2.0118e+00 -3.6731e+00 +2.8533e+00 -2.6101e+00 -5.0515e+00 +1.1919e-01 +5.3413e+00 +7.7773e-01 -1.6195e+00
89 +7.029229723e+05 +7.029229723e+05 +7.029821023e+05 +7.029821023e+05 -6.8902e-01 -2.1055e+00 -3.8473e+00 +2.8754e+00 -2.8315e+00 -5.1394e+00 -1.0371e+00 +4.4105e+00 -1.3583e-01 -6.6145e-01
100 +3.091627574e+05 +3.091627574e+05 +3.092218874e+05 +3.092218874e+05 -1.5786e+00 -2.1105e+00 -4.2044e+00 +2.9993e+00 -3.2337e+00 -5.3576e+00 -3.0513e+00 +2.8454e+00 -1.7894e+00 +1.1536e+00
111 +7.766066333e+04 +7.766066333e+04 +7.771979333e+04 +7.771979333e+04 -1.4582e+00 -1.8237e+00 -4.2891e+00 +3.1542e+00 -3.2535e+00 -5.4687e+00 -3.0061e+00 +2.9840e+00 -1.8689e+00 +1.3809e+00
177 +5.606408846e+04 +5.606408846e+04 +5.612321846e+04 +5.612321846e+04 -1.8861e+00 -1.8277e+00 -3.5137e+00 +3.8223e+00 -2.9771e+00 -5.0416e+00 -2.4272e+00 +3.6032e+00 -2.0481e+00 +1.3805e+00
188 +3.781606955e+04 +3.781606955e+04 +3.787519955e+04 +3.787519955e+04 -1.8251e+00 -1.8542e+00 -3.6060e+00 +3.7082e+00 -3.0021e+00 -5.0871e+00 -2.4914e+00 +3.5164e+00 -1.9856e+00 +1.3186e+00
210 +2.383327491e+04 +2.383327491e+04 +2.389240491e+04 +2.389240491e+04 -2.0291e+00 -1.8807e+00 -3.3792e+00 +3.8784e+00 -2.9140e+00 -4.9641e+00 -2.5207e+00 +3.5147e+00 -2.1193e+00 +1.3512e+00
463 +1.500726865e+04 +1.500726865e+04 +1.506639865e+04 +1.506639865e+04 -2.4677e+00 -1.6621e+00 -3.1090e+00 +3.9548e+00 -2.6558e+00 -4.5916e+00 -2.6336e+00 +3.7031e+00 -2.5686e+00 +1.4489e+00
485 +8.599709263e+03 +8.599709263e+03 +8.658839263e+03 +8.658839263e+03 -3.0530e+00 -6.4003e-01 -3.7600e+00 +2.2564e+00 -1.9871e+00 -3.4625e+00 -2.9910e+00 +4.6192e+00 -3.5222e+00 +1.0667e+00
507 +1.552748995e+03 +1.552748995e+03 +1.611878995e+03 +1.611878995e+03 -3.5666e+00 +1.6864e-02 -3.8325e+00 +1.5613e+00 -1.4654e+00 -2.6730e+00 -3.0869e+00 +5.2988e+00 -4.1767e+00 +8.6193e-01
584 +9.356695142e+02 +9.356695142e+02 +9.947995142e+02 +9.947995142e+02 -3.6524e+00 +5.2958e-02 -3.7654e+00 +1.5907e+00 -1.4147e+00 -2.5904e+00 -3.0728e+00 +5.3666e+00 -4.2582e+00 +8.7851e-01
639 +6.218489096e+02 +6.218489096e+02 +6.809789096e+02 +6.809789096e+02 -3.6682e+00 +1.1035e-01 -3.8043e+00 +1.5255e+00 -1.3910e+00 -2.5491e+00 -3.0993e+00 +5.3958e+00 -4.3082e+00 +8.7881e-01
1156 +3.691724450e+02 +3.691724450e+02 +4.283024450e+02 +4.283024450e+02 -3.0770e+00 +2.7344e-01 -3.4538e+00 +1.2844e+00 -1.5930e+00 -2.1190e+00 -2.8302e+00 +4.9749e+00 -4.5007e+00 +9.7677e-01
1189 +2.416447170e+02 +2.416447170e+02 +3.007747170e+02 +3.007747170e+02 -2.4637e+00 +5.2596e-01 -2.8804e+00 +9.0765e-01 -1.7995e+00 -1.6441e+00 -2.5173e+00 +4.5110e+00 -4.7680e+00 +1.1489e+00
1552 +1.426473122e+02 +1.426473122e+02 +2.017773122e+02 +2.017773122e+02 -1.7544e+00 +9.6893e-01 -2.1062e+00 +4.5467e-01 -2.6379e+00 -8.2266e-01 -2.6588e+00 +4.3993e+00 -4.9010e+00 +1.1734e+00
1574 +9.849585308e+01 +9.849585308e+01 +1.576258531e+02 +1.576258531e+02 -1.4186e+00 +1.1262e+00 -1.6521e+00 +3.0404e-01 -3.0915e+00 -5.5400e-01 -2.7337e+00 +4.3020e+00 -4.8991e+00 +1.2412e+00
1629 +6.168648070e+01 +6.168648070e+01 +1.208164807e+02 +1.208164807e+02 -1.3733e+00 +1.1542e+00 -1.4921e+00 +3.5094e-01 -3.3841e+00 -5.0052e-01 -2.9021e+00 +4.4028e+00 -4.7959e+00 +1.2267e+00
1904 +3.733130599e+01 +3.733130599e+01 +9.646130599e+01 +9.646130599e+01 -1.8491e+00 +1.4171e+00 -1.6976e+00 +3.7210e-01 -3.4181e+00 -1.5687e-01 -2.8234e+00 +4.2516e+00 -4.1515e+00 +1.5222e+00
1915 +1.853473661e+01 +1.853473661e+01 +7.766473661e+01 +7.766473661e+01 -2.5314e+00 +2.3019e+00 -1.6959e+00 +2.2834e-01 -3.9781e+00 +1.1598e+00 -2.5280e+00 +3.5141e+00 -2.5104e+00 +2.4257e+00
1926 +1.180513829e+01 +1.180513829e+01 +7.093513829e+01 +7.093513829e+01 -2.3472e+00 +2.0630e+00 -1.6964e+00 +2.6715e-01 -3.8269e+00 +8.0425e-01 -2.6077e+00 +3.7133e+00 -2.9535e+00 +2.1818e+00
1937 +7.760611316e+00 +7.760611316e+00 +6.689061132e+01 +6.689061132e+01 -2.2703e+00 +1.9892e+00 -1.6803e+00 +2.6596e-01 -3.7867e+00 +6.9097e-01 -2.6321e+00 +3.7744e+00 -3.1070e+00 +2.1033e+00
1959 +4.261197123e+00 +4.261197123e+00 +6.339119712e+01 +6.339119712e+01 -2.2882e+00 +2.0296e+00 -1.6685e+00 +2.3265e-01 -3.8058e+00 +7.3409e-01 -2.6192e+00 +3.7501e+00 -3.0583e+00 +2.1384e+00
1970 +3.448853624e+00 +3.448853624e+00 +6.257885362e+01 +6.257885362e+01 -2.3159e+00 +2.0775e+00 -1.6566e+00 +2.2681e-01 -3.8632e+00 +8.0726e-01 -2.6252e+00 +3.7270e+00 -2.9706e+00 +2.1778e+00
1992 +1.918169756e+00 +1.918169756e+00 +6.104816976e+01 +6.104816976e+01 -2.3540e+00 +2.1404e+00 -1.6344e+00 +2.2301e-01 -3.9735e+00 +9.0020e-01 -2.6733e+00 +3.7339e+00 -2.8525e+00 +2.2125e+00
2025 +1.314687940e+00 +1.314687940e+00 +6.044468794e+01 +6.044468794e+01 -2.3965e+00 +2.1783e+00 -1.6445e+00 +2.1997e-01 -3.9925e+00 +9.5249e-01 -2.6601e+00 +3.7027e+00 -2.7697e+00 +2.2546e+00
2058 +8.019382969e-01 +8.019382969e-01 +5.993193830e+01 +5.993193830e+01 -2.4488e+00 +2.2126e+00 -1.6706e+00 +2.0790e-01 -3.9632e+00 +9.8955e-01 -2.6088e+00 +3.6430e+00 -2.6918e+00 +2.3116e+00
2069 +5.818571484e-01 +5.818571484e-01 +5.971185715e+01 +5.971185715e+01 -2.4600e+00 +2.2317e+00 -1.6687e+00 +2.0424e-01 -3.9745e+00 +1.0191e+00 -2.5994e+00 +3.6234e+00 -2.6583e+00 +2.3319e+00
2091 +3.700675156e-01 +3.700675156e-01 +5.950006752e+01 +5.950006752e+01 -2.4822e+00 +2.2770e+00 -1.6579e+00 +1.9302e-01 -4.0140e+00 +1.0882e+00 -2.5922e+00 +3.5925e+00 -2.5857e+00 +2.3714e+00
2641 +2.499301481e-01 +2.499301481e-01 +5.937993015e+01 +5.937993015e+01 -2.3282e+00 +2.1727e+00 -1.6200e+00 +1.6391e-01 -3.8037e+00 +1.2172e+00 -2.7355e+00 +3.6754e+00 -2.4341e+00 +2.5676e+00
2685 +1.340359053e-01 +1.340359053e-01 +5.926403591e+01 +5.926403591e+01 -2.3629e+00 +2.1953e+00 -1.6245e+00 +1.7152e-01 -3.8511e+00 +1.1922e+00 -2.7085e+00 +3.6594e+00 -2.4582e+00 +2.5304e+00
2696 +9.396183712e-02 +9.396183712e-02 +5.922396184e+01 +5.922396184e+01 -2.3235e+00 +2.1626e+00 -1.6155e+00 +1.6740e-01 -3.7973e+00 +1.2090e+00 -2.7455e+00 +3.6863e+00 -2.4353e+00 +2.5688e+00
2729 +5.071759863e-02 +5.071759863e-02 +5.918071760e+01 +5.918071760e+01 -2.2590e+00 +2.1127e+00 -1.5988e+00 +1.6120e-01 -3.7207e+00 +1.2381e+00 -2.8075e+00 +3.7306e+00 -2.4002e+00 +2.6266e+00
2762 +3.707388309e-02 +3.707388309e-02 +5.916707388e+01 +5.916707388e+01 -2.2551e+00 +2.1150e+00 -1.5928e+00 +1.6000e-01 -3.7285e+00 +1.2419e+00 -2.8084e+00 +3.7278e+00 -2.3957e+00 +2.6291e+00
2784 +2.351679716e-02 +2.351679716e-02 +5.915351680e+01 +5.915351680e+01 -2.2406e+00 +2.1020e+00 -1.5898e+00 +1.5980e-01 -3.7113e+00 +1.2471e+00 -2.8263e+00 +3.7419e+00 -2.3870e+00 +2.6412e+00
2817 +1.495305377e-02 +1.495305377e-02 +5.914495305e+01 +5.914495305e+01 -2.2586e+00 +2.1125e+00 -1.5953e+00 +1.6372e-01 -3.7324e+00 +1.2373e+00 -2.8165e+00 +3.7368e+00 -2.3946e+00 +2.6246e+00
2861 +9.645377366e-03 +9.645377366e-03 +5.913964538e+01 +5.913964538e+01 -2.2530e+00 +2.1106e+00 -1.5921e+00 +1.6134e-01 -3.7268e+00 +1.2438e+00 -2.8213e+00 +3.7386e+00 -2.3880e+00 +2.6328e+00
2894 +5.333715288e-03 +5.333715288e-03 +5.913533372e+01 +5.913533372e+01 -2.2558e+00 +2.1120e+00 -1.5935e+00 +1.6103e-01 -3.7265e+00 +1.2462e+00 -2.8219e+00 +3.7391e+00 -2.3843e+00 +2.6345e+00
3015 +2.221076600e-03 +2.221076600e-03 +5.913222108e+01 +5.913222108e+01 -2.2576e+00 +2.1136e+00 -1.5946e+00 +1.6013e-01 -3.7232e+00 +1.2544e+00 -2.8238e+00 +3.7386e+00 -2.3734e+00 +2.6423e+00
3070 +1.359210686e-03 +1.359210686e-03 +5.913135921e+01 +5.913135921e+01 -2.2571e+00 +2.1137e+00 -1.5941e+00 +1.5969e-01 -3.7223e+00 +1.2568e+00 -2.8250e+00 +3.7386e+00 -2.3700e+00 +2.6451e+00
3092 +5.687345771e-04 +5.687345771e-04 +5.913056873e+01 +5.913056873e+01 -2.2564e+00 +2.1145e+00 -1.5932e+00 +1.5875e-01 -3.7211e+00 +1.2616e+00 -2.8267e+00 +3.7382e+00 -2.3640e+00 +2.6500e+00
3103 +3.203140037e-04 +3.203140037e-04 +5.913032031e+01 +5.913032031e+01 -2.2584e+00 +2.1162e+00 -1.5936e+00 +1.5876e-01 -3.7231e+00 +1.2621e+00 -2.8253e+00 +3.7369e+00 -2.3633e+00 +2.6496e+00
3125 +2.051589584e-04 +2.051589584e-04 +5.913020516e+01 +5.913020516e+01 -2.2604e+00 +2.1176e+00 -1.5942e+00 +1.5904e-01 -3.7254e+00 +1.2609e+00 -2.8234e+00 +3.7357e+00 -2.3647e+00 +2.6475e+00
3136 +1.583894762e-04 +1.583894762e-04 +5.913015839e+01 +5.913015839e+01 -2.2602e+00 +2.1176e+00 -1.5941e+00 +1.5899e-01 -3.7255e+00 +1.2610e+00 -2.8234e+00 +3.7356e+00 -2.3648e+00 +2.6475e+00
3158 +8.687371493e-05 +8.687371493e-05 +5.913008687e+01 +5.913008687e+01 -2.2593e+00 +2.1179e+00 -1.5933e+00 +1.5849e-01 -3.7253e+00 +1.2629e+00 -2.8239e+00 +3.7353e+00 -2.3633e+00 +2.6490e+00
3202 +4.118639070e-05 +4.118639070e-05 +5.913004119e+01 +5.913004119e+01 -2.2602e+00 +2.1186e+00 -1.5935e+00 +1.5855e-01 -3.7262e+00 +1.2627e+00 -2.8231e+00 +3.7348e+00 -2.3634e+00 +2.6485e+00
3213 +3.938887706e-05 +3.938887706e-05 +5.913003939e+01 +5.913003939e+01 -2.2604e+00 +2.1186e+00 -1.5936e+00 +1.5859e-01 -3.7264e+00 +1.2625e+00 -2.8230e+00 +3.7347e+00 -2.3636e+00 +2.6483e+00
5974 +1.506517990e-05 +1.506517990e-05 +5.913001507e+01 +5.913001507e+01 -2.2604e+00 +2.1189e+00 -1.5935e+00 +1.5828e-01 -3.7256e+00 +1.2646e+00 -2.8236e+00 +3.7346e+00 -2.3609e+00 +2.6504e+00
5996 +9.973573100e-06 +9.973573100e-06 +5.913000997e+01 +5.913000997e+01 -2.2600e+00 +2.1186e+00 -1.5934e+00 +1.5829e-01 -3.7254e+00 +1.2644e+00 -2.8239e+00 +3.7349e+00 -2.3612e+00 +2.6504e+00
6007 +4.642675385e-06 +4.642675385e-06 +5.913000464e+01 +5.913000464e+01 -2.2603e+00 +2.1188e+00 -1.5935e+00 +1.5836e-01 -3.7258e+00 +1.2640e+00 -2.8235e+00 +3.7347e+00 -2.3617e+00 +2.6498e+00
6029 +3.445596676e-06 +3.445596676e-06 +5.913000345e+01 +5.913000345e+01 -2.2606e+00 +2.1190e+00 -1.5935e+00 +1.5841e-01 -3.7263e+00 +1.2638e+00 -2.8232e+00 +3.7345e+00 -2.3620e+00 +2.6494e+00
9263 +1.772964850e-06 +1.772964850e-06 +5.913000177e+01 +5.913000177e+01 -2.2611e+00 +2.1194e+00 -1.5937e+00 +1.5846e-01 -3.7268e+00 +1.2637e+00 -2.8228e+00 +3.7342e+00 -2.3620e+00 +2.6491e+00
14906 +1.559947194e-06 +1.559947194e-06 +5.913000156e+01 +5.913000156e+01 -2.2605e+00 +2.1191e+00 -1.5934e+00 +1.5835e-01 -3.7263e+00 +1.2641e+00 -2.8234e+00 +3.7345e+00 -2.3616e+00 +2.6497e+00
73107 +5.757311570e-07 +5.757311570e-07 +5.913000058e+01 +5.913000058e+01 -2.2607e+00 +2.1191e+00 -1.5936e+00 +1.5841e-01 -3.7263e+00 +1.2640e+00 -2.8232e+00 +3.7344e+00 -2.3616e+00 +2.6496e+00
93600 +3.049278376e-07 +3.049278376e-07 +5.913000030e+01 +5.913000030e+01 -2.2609e+00 +2.1193e+00 -1.5936e+00 +1.5840e-01 -3.7266e+00 +1.2640e+00 -2.8231e+00 +3.7343e+00 -2.3616e+00 +2.6495e+00
93633 +2.404879993e-07 +2.404879993e-07 +5.913000024e+01 +5.913000024e+01 -2.2609e+00 +2.1193e+00 -1.5936e+00 +1.5839e-01 -3.7266e+00 +1.2640e+00 -2.8231e+00 +3.7343e+00 -2.3616e+00 +2.6495e+00
232937 +1.538457823e-07 +1.538457823e-07 +5.913000015e+01 +5.913000015e+01 -2.2608e+00 +2.1192e+00 -1.5936e+00 +1.5839e-01 -3.7264e+00 +1.2641e+00 -2.8232e+00 +3.7344e+00 -2.3615e+00 +2.6497e+00
% function evaluation | noise-free fitness - Fopt (-4.915300000000e+02) | best noise-free fitness - Fopt | measured fitness | best measured fitness | x1 | x2...
1 +2.116107083e+06 +2.116107083e+06 +2.115615553e+06 +2.115615553e+06 +3.4891e+00 +4.6469e-02 -6.6600e-01 -4.4541e+00 -2.5880e-01 +2.5162e-01 +7.8149e-01 +4.9421e+00 +3.4265e+00 -2.2307e+00
12 +8.759630511e+05 +8.759630511e+05 +8.754715211e+05 +8.754715211e+05 +3.6939e+00 +2.6896e-01 -6.8146e-01 -4.8808e+00 -4.3259e-01 -7.4838e-01 +4.4362e-02 +4.1978e+00 +3.2992e+00 -2.4023e+00
23 +6.228049967e+05 +6.228049967e+05 +6.223134667e+05 +6.223134667e+05 +3.7407e+00 +2.6968e-01 -9.6503e-01 -4.7728e+00 -6.1657e-01 -7.8866e-01 +2.9078e-01 +3.9464e+00 +3.4080e+00 -2.2031e+00
56 +3.605184085e+05 +3.605184085e+05 +3.600268785e+05 +3.600268785e+05 +3.8209e+00 +3.4225e-01 -1.2085e+00 -4.7559e+00 -8.1502e-01 -1.1642e+00 +2.6161e-01 +3.5143e+00 +3.4698e+00 -2.0913e+00
67 +1.980208944e+05 +1.980208944e+05 +1.975293644e+05 +1.975293644e+05 +3.8092e+00 +5.3627e-01 -1.2177e+00 -4.7119e+00 -8.7944e-01 -1.7110e+00 -1.0159e-01 +3.1171e+00 +3.4740e+00 -2.1704e+00
100 +1.357893942e+05 +1.357893942e+05 +1.352978642e+05 +1.352978642e+05 +3.5719e+00 +6.6554e-01 -1.3519e+00 -4.0214e+00 -8.9110e-01 -2.1102e+00 -1.1531e-01 +2.9672e+00 +3.6490e+00 -2.1031e+00
122 +8.906519859e+04 +8.906519859e+04 +8.857366859e+04 +8.857366859e+04 +3.1953e+00 +8.1229e-01 -1.3841e+00 -3.0550e+00 -8.0916e-01 -2.7106e+00 -2.8226e-01 +2.9241e+00 +3.8240e+00 -2.1073e+00
133 +5.844690205e+04 +5.844690205e+04 +5.795537205e+04 +5.795537205e+04 +2.6783e+00 +9.1249e-01 -1.4127e+00 -1.7249e+00 -6.7554e-01 -3.4404e+00 -4.3636e-01 +3.0204e+00 +4.0377e+00 -2.0910e+00
188 +3.959859513e+04 +3.959859513e+04 +3.910706513e+04 +3.910706513e+04 +2.7279e+00 +5.9953e-01 -1.3936e+00 -1.7667e+00 -7.3026e-01 -3.6548e+00 -4.7765e-01 +3.2398e+00 +3.8761e+00 -2.0219e+00
331 +2.484241348e+04 +2.484241348e+04 +2.435088348e+04 +2.435088348e+04 +2.4754e+00 +2.5609e-01 -1.2819e+00 -1.2258e+00 -1.0149e+00 -4.0969e+00 -5.1585e-01 +3.3763e+00 +3.6256e+00 -1.6994e+00
364 +1.365555476e+04 +1.365555476e+04 +1.316402476e+04 +1.316402476e+04 +2.1356e+00 +7.4403e-02 -7.5632e-01 -1.0850e+00 -1.6427e+00 -4.0368e+00 -6.2267e-01 +3.2210e+00 +3.0519e+00 -1.1972e+00
375 +8.813560081e+03 +8.813560081e+03 +8.322030081e+03 +8.322030081e+03 +1.9071e+00 -6.9452e-02 -4.7789e-01 -8.7783e-01 -1.9823e+00 -4.1086e+00 -6.9327e-01 +3.1837e+00 +2.7371e+00 -9.0604e-01
397 +5.651682334e+03 +5.651682334e+03 +5.160152334e+03 +5.160152334e+03 +1.5470e+00 -3.3849e-01 +3.6390e-02 -6.5125e-01 -2.5940e+00 -4.1321e+00 -8.0029e-01 +3.1288e+00 +2.1478e+00 -3.9249e-01
540 +3.675601511e+03 +3.675601511e+03 +3.184071511e+03 +3.184071511e+03 +1.1444e+00 -3.8019e-01 -3.3042e-01 -8.3833e-01 -2.7018e+00 -3.9681e+00 -9.8644e-01 +3.2670e+00 +1.9233e+00 -3.9713e-01
617 +2.217718673e+03 +2.217718673e+03 +1.726188673e+03 +1.726188673e+03 +4.8087e-01 -3.0531e-01 -1.1626e+00 -1.2026e+00 -2.7856e+00 -3.7204e+00 -1.3283e+00 +3.3975e+00 +1.6791e+00 -5.2534e-01
683 +1.425254031e+03 +1.425254031e+03 +9.337240306e+02 +9.337240306e+02 -2.5653e-01 -2.9226e-01 -1.8255e+00 -1.2535e+00 -2.9368e+00 -3.6466e+00 -1.6785e+00 +3.5509e+00 +1.3807e+00 -5.5165e-01
826 +9.001520875e+02 +9.001520875e+02 +4.086220875e+02 +4.086220875e+02 -3.1876e-01 -8.1558e-03 -2.4092e+00 -1.0792e+00 -2.9329e+00 -3.5743e+00 -1.6765e+00 +3.6317e+00 +5.6436e-01 -8.7464e-01
837 +5.642978880e+02 +5.642978880e+02 +7.276788804e+01 +7.276788804e+01 -9.6928e-02 +2.5093e-01 -2.6577e+00 -8.8338e-01 -2.9384e+00 -3.5068e+00 -1.5325e+00 +3.6399e+00 -2.2741e-01 -1.1382e+00
859 +3.820468970e+02 +3.820468970e+02 -1.094831030e+02 -1.094831030e+02 +1.1333e-01 +5.9327e-01 -3.0699e+00 -6.4362e-01 -2.9424e+00 -3.4136e+00 -1.3852e+00 +3.6689e+00 -1.2542e+00 -1.4953e+00
892 +2.224791796e+02 +2.224791796e+02 -2.690508204e+02 -2.690508204e+02 +4.1650e-01 +6.3150e-01 -2.8614e+00 -4.9788e-01 -2.8727e+00 -3.5010e+00 -1.2332e+00 +3.6173e+00 -1.2576e+00 -1.5302e+00
1090 +1.187695980e+02 +1.187695980e+02 -3.727604020e+02 -3.727604020e+02 +1.7878e-01 +6.6604e-01 -3.0102e+00 -4.8828e-01 -2.3123e+00 -3.5671e+00 -1.1917e+00 +3.4496e+00 -1.7086e+00 -1.1661e+00
1112 +9.047496054e+01 +9.047496054e+01 -4.010550395e+02 -4.010550395e+02 +1.7760e-01 +6.8876e-01 -3.0029e+00 -5.3493e-01 -1.9323e+00 -3.5862e+00 -1.1054e+00 +3.3243e+00 -1.8906e+00 -9.5985e-01
1145 +5.113826334e+01 +5.113826334e+01 -4.403917367e+02 -4.403917367e+02 +1.8695e-01 +6.4992e-01 -2.9119e+00 -6.0243e-01 -1.5278e+00 -3.6341e+00 -1.0118e+00 +3.1952e+00 -1.9558e+00 -6.8822e-01
1178 +3.585738428e+01 +3.585738428e+01 -4.556726157e+02 -4.556726157e+02 +7.1489e-02 +6.3739e-01 -2.9649e+00 -6.2150e-01 -1.4237e+00 -3.6486e+00 -1.0395e+00 +3.1684e+00 -1.9990e+00 -5.9413e-01
1200 +2.357895815e+01 +2.357895815e+01 -4.679510419e+02 -4.679510419e+02 -2.1490e-02 +6.1261e-01 -2.9698e+00 -6.8109e-01 -1.1045e+00 -3.6807e+00 -1.0106e+00 +3.0721e+00 -2.0886e+00 -3.6774e-01
1486 +1.573717742e+01 +1.573717742e+01 -4.757928226e+02 -4.757928226e+02 -4.4853e-02 +5.3485e-01 -3.0006e+00 -6.6220e-01 -8.0152e-01 -3.6575e+00 -9.4169e-01 +2.8929e+00 -2.3032e+00 -3.3098e-01
1596 +5.647993236e+00 +5.647993236e+00 -4.858820068e+02 -4.858820068e+02 -2.5844e-01 -3.5347e-01 -2.8886e+00 -4.9963e-01 -5.8918e-01 -3.4108e+00 -9.4067e-01 +2.1998e+00 -2.2734e+00 -8.4700e-01
1640 +2.762608168e+00 +2.762608168e+00 -4.887673918e+02 -4.887673918e+02 -2.8085e-01 -3.8868e-01 -2.9183e+00 -4.9422e-01 -4.9926e-01 -3.3928e+00 -9.2678e-01 +2.1387e+00 -2.3455e+00 -8.5777e-01
1651 +2.059834204e+00 +2.059834204e+00 -4.894701658e+02 -4.894701658e+02 -2.9100e-01 -4.0739e-01 -2.9284e+00 -4.8661e-01 -4.7104e-01 -3.3849e+00 -9.2196e-01 +2.1133e+00 -2.3786e+00 -8.6690e-01
1662 +1.383118096e+00 +1.383118096e+00 -4.901468819e+02 -4.901468819e+02 -3.2056e-01 -4.6641e-01 -2.9458e+00 -4.7131e-01 -3.8956e-01 -3.3648e+00 -9.1030e-01 +2.0390e+00 -2.4474e+00 -8.8524e-01
1706 +9.889117756e-01 +9.889117756e-01 -4.905410882e+02 -4.905410882e+02 -3.5878e-01 -6.2892e-01 -2.9381e+00 -4.3320e-01 -3.5059e-01 -3.3144e+00 -9.0804e-01 +1.9065e+00 -2.4673e+00 -9.9681e-01
2025 +5.736800637e-01 +5.736800637e-01 -4.909563199e+02 -4.909563199e+02 -1.9554e-01 -6.1088e-01 -3.0143e+00 -3.4316e-01 -3.8612e-01 -3.2100e+00 -1.1130e+00 +1.9533e+00 -2.4519e+00 -9.0013e-01
2047 +3.943224167e-01 +3.943224167e-01 -4.911356776e+02 -4.911356776e+02 -1.9817e-01 -6.4925e-01 -3.0200e+00 -3.3540e-01 -3.2196e-01 -3.1912e+00 -1.1318e+00 +1.9106e+00 -2.4670e+00 -8.7106e-01
2069 +2.034115439e-01 +2.034115439e-01 -4.913265885e+02 -4.913265885e+02 -8.6771e-02 -7.1750e-01 -3.0721e+00 -2.5068e-01 -2.7813e-01 -3.0821e+00 -1.3066e+00 +1.8704e+00 -2.4667e+00 -7.8884e-01
2091 +1.234055734e-01 +1.234055734e-01 -4.914065944e+02 -4.914065944e+02 +2.6223e-02 -7.7004e-01 -3.1232e+00 -1.6974e-01 -2.4800e-01 -2.9804e+00 -1.4748e+00 +1.8446e+00 -2.4636e+00 -7.0964e-01
2102 +7.516712318e-02 +7.516712318e-02 -4.914548329e+02 -4.914548329e+02 +3.1304e-02 -7.6537e-01 -3.1241e+00 -1.6844e-01 -2.5346e-01 -2.9803e+00 -1.4760e+00 +1.8494e+00 -2.4622e+00 -7.1104e-01
2113 +4.196412299e-02 +4.196412299e-02 -4.914880359e+02 -4.914880359e+02 +5.7132e-02 -7.6802e-01 -3.1306e+00 -1.5227e-01 -2.7126e-01 -2.9647e+00 -1.5025e+00 +1.8552e+00 -2.4548e+00 -7.1246e-01
2124 +2.476343855e-02 +2.476343855e-02 -4.915052366e+02 -4.915052366e+02 +5.6907e-02 -7.8173e-01 -3.1282e+00 -1.4803e-01 -2.7007e-01 -2.9604e+00 -1.5018e+00 +1.8445e+00 -2.4548e+00 -7.2380e-01
2146 +1.541809848e-02 +1.541809848e-02 -4.915145819e+02 -4.915145819e+02 +7.5319e-02 -8.0129e-01 -3.1364e+00 -1.3182e-01 -2.5575e-01 -2.9393e+00 -1.5314e+00 +1.8297e+00 -2.4563e+00 -7.1216e-01
2190 +8.184574209e-03 +8.184574209e-03 -4.915218154e+02 -4.915218154e+02 +4.4916e-02 -8.0005e-01 -3.1240e+00 -1.4951e-01 -2.5704e-01 -2.9604e+00 -1.4903e+00 +1.8257e+00 -2.4589e+00 -7.3762e-01
2201 +6.286228100e-03 +6.286228100e-03 -4.915237138e+02 -4.915237138e+02 +5.8322e-02 -8.0253e-01 -3.1295e+00 -1.4114e-01 -2.5575e-01 -2.9503e+00 -1.5085e+00 +1.8258e+00 -2.4579e+00 -7.2779e-01
2234 +3.915262637e-03 +3.915262637e-03 -4.915260847e+02 -4.915260847e+02 +6.4421e-02 -8.0197e-01 -3.1323e+00 -1.3797e-01 -2.5588e-01 -2.9465e+00 -1.5159e+00 +1.8272e+00 -2.4574e+00 -7.2375e-01
2245 +1.776784072e-03 +1.776784072e-03 -4.915282232e+02 -4.915282232e+02 +7.0277e-02 -8.0498e-01 -3.1352e+00 -1.3380e-01 -2.5363e-01 -2.9410e+00 -1.5246e+00 +1.8254e+00 -2.4574e+00 -7.1990e-01
2267 +4.383832611e-04 +4.383832611e-04 -4.915295616e+02 -4.915295616e+02 +7.5008e-02 -8.0985e-01 -3.1378e+00 -1.2979e-01 -2.5034e-01 -2.9354e+00 -1.5322e+00 +1.8218e+00 -2.4575e+00 -7.1792e-01
2278 +2.133222537e-04 +2.133222537e-04 -4.915297867e+02 -4.915297867e+02 +7.3048e-02 -8.0799e-01 -3.1369e+00 -1.3148e-01 -2.5157e-01 -2.9375e+00 -1.5293e+00 +1.8232e+00 -2.4573e+00 -7.1885e-01
2300 +6.843314389e-05 +6.843314389e-05 -4.915299316e+02 -4.915299316e+02 +7.0288e-02 -8.0662e-01 -3.1355e+00 -1.3355e-01 -2.5319e-01 -2.9401e+00 -1.5252e+00 +1.8242e+00 -2.4567e+00 -7.2119e-01
2311 +4.364496453e-05 +4.364496453e-05 -4.915299564e+02 -4.915299564e+02 +7.0057e-02 -8.0589e-01 -3.1351e+00 -1.3399e-01 -2.5409e-01 -2.9408e+00 -1.5244e+00 +1.8250e+00 -2.4562e+00 -7.2158e-01
2322 +2.949728156e-05 +2.949728156e-05 -4.915299705e+02 -4.915299705e+02 +7.0826e-02 -8.0577e-01 -3.1354e+00 -1.3364e-01 -2.5411e-01 -2.9403e+00 -1.5254e+00 +1.8252e+00 -2.4560e+00 -7.2092e-01
2333 +1.172173421e-05 +1.172173421e-05 -4.915299883e+02 -4.915299883e+02 +7.0943e-02 -8.0582e-01 -3.1356e+00 -1.3358e-01 -2.5391e-01 -2.9402e+00 -1.5257e+00 +1.8251e+00 -2.4560e+00 -7.2065e-01
2399 +7.282832712e-06 +7.282832712e-06 -4.915299927e+02 -4.915299927e+02 +7.1049e-02 -8.0648e-01 -3.1356e+00 -1.3331e-01 -2.5349e-01 -2.9398e+00 -1.5259e+00 +1.8245e+00 -2.4561e+00 -7.2071e-01
2410 +6.272225221e-06 +6.272225221e-06 -4.915299937e+02 -4.915299937e+02 +7.0956e-02 -8.0628e-01 -3.1355e+00 -1.3343e-01 -2.5365e-01 -2.9400e+00 -1.5258e+00 +1.8247e+00 -2.4561e+00 -7.2077e-01
8350 +3.412385240e-06 +3.412385240e-06 -4.915299966e+02 -4.915299966e+02 +7.1458e-02 -8.0620e-01 -3.1357e+00 -1.3320e-01 -2.5381e-01 -2.9397e+00 -1.5264e+00 +1.8249e+00 -2.4559e+00 -7.2039e-01
8394 +2.475818576e-06 +2.475818576e-06 -4.915299975e+02 -4.915299975e+02 +7.1458e-02 -8.0618e-01 -3.1357e+00 -1.3319e-01 -2.5380e-01 -2.9397e+00 -1.5264e+00 +1.8249e+00 -2.4559e+00 -7.2039e-01
19977 +1.112043435e-06 +1.112043435e-06 -4.915299989e+02 -4.915299989e+02 +7.1957e-02 -8.0662e-01 -3.1360e+00 -1.3275e-01 -2.5347e-01 -2.9391e+00 -1.5272e+00 +1.8246e+00 -2.4561e+00 -7.2010e-01
19999 +8.308768997e-07 +8.308768997e-07 -4.915299992e+02 -4.915299992e+02 +7.1957e-02 -8.0663e-01 -3.1360e+00 -1.3275e-01 -2.5348e-01 -2.9391e+00 -1.5272e+00 +1.8246e+00 -2.4561e+00 -7.2010e-01
20109 +6.204715532e-07 +6.204715532e-07 -4.915299994e+02 -4.915299994e+02 +7.1954e-02 -8.0662e-01 -3.1360e+00 -1.3275e-01 -2.5349e-01 -2.9391e+00 -1.5272e+00 +1.8246e+00 -2.4560e+00 -7.2010e-01
247259 +1.842525421e-07 +1.842525421e-07 -4.915299998e+02 -4.915299998e+02 +7.1943e-02 -8.0636e-01 -3.1360e+00 -1.3284e-01 -2.5356e-01 -2.9393e+00 -1.5271e+00 +1.8248e+00 -2.4560e+00 -7.1998e-01
247281 +1.474937221e-07 +1.474937221e-07 -4.915299999e+02 -4.915299999e+02 +7.1918e-02 -8.0638e-01 -3.1360e+00 -1.3285e-01 -2.5358e-01 -2.9393e+00 -1.5271e+00 +1.8248e+00 -2.4560e+00 -7.2002e-01
% function evaluation | noise-free fitness - Fopt (-1.702000000000e+02) | best noise-free fitness - Fopt | measured fitness | best measured fitness | x1 | x2...
1 +2.431364939e+07 +2.431364939e+07 +2.431347919e+07 +2.431347919e+07 +3.4463e+00 -3.9147e-01 -3.5712e+00 -5.5433e-01 -1.9425e+00 +4.3480e-01 +1.8950e+00 +9.2784e-01 -4.7182e+00 +7.0243e-02
12 +1.132481603e+07 +1.132481603e+07 +1.132464583e+07 +1.132464583e+07 +3.8979e+00 -3.7239e-01 -3.2464e+00 +3.8418e-02 -9.4249e-01 +7.1988e-01 +2.1256e+00 +1.6834e+00 -4.6321e+00 +6.5580e-01
23 +1.582130066e+06 +1.582130066e+06 +1.581959866e+06 +1.581959866e+06 +4.5346e+00 -3.4548e-01 -2.7884e+00 +8.7415e-01 +4.6743e-01 +1.1218e+00 +2.4507e+00 +2.7486e+00 -4.5106e+00 +1.4814e+00
45 +5.847494986e+05 +5.847494986e+05 +5.845792986e+05 +5.845792986e+05 +4.7427e+00 -3.8535e-01 -2.6161e+00 +1.2354e+00 +1.0580e+00 +1.3232e+00 +2.5864e+00 +3.1839e+00 -4.4427e+00 +1.7924e+00
67 +2.947179262e+05 +2.947179262e+05 +2.945477262e+05 +2.945477262e+05 +4.2266e+00 -1.3403e+00 -2.7897e+00 +1.5901e+00 +1.5236e+00 +1.5484e+00 +2.5965e+00 +3.4950e+00 -3.9255e+00 +1.2662e+00
111 +1.990694475e+05 +1.990694475e+05 +1.988992475e+05 +1.988992475e+05 +3.8601e+00 -1.5449e+00 -2.9532e+00 +1.7610e+00 +1.5074e+00 +1.6941e+00 +2.6041e+00 +3.1342e+00 -3.9127e+00 +1.1748e+00
133 +1.427967413e+05 +1.427967413e+05 +1.426265413e+05 +1.426265413e+05 +3.7617e+00 -1.4960e+00 -2.9595e+00 +1.9458e+00 +1.6250e+00 +1.8911e+00 +2.6702e+00 +2.9967e+00 -4.0039e+00 +1.3580e+00
155 +4.008015345e+04 +4.008015345e+04 +3.990995345e+04 +3.990995345e+04 +3.1630e+00 -2.0251e+00 -3.1975e+00 +2.5746e+00 +2.0377e+00 +2.2405e+00 +2.7664e+00 +2.5682e+00 -3.8642e+00 +1.3201e+00
177 +2.975244661e+04 +2.975244661e+04 +2.958224661e+04 +2.958224661e+04 +2.9191e+00 -2.2406e+00 -3.2944e+00 +2.8307e+00 +2.2058e+00 +2.3829e+00 +2.8056e+00 +2.3936e+00 -3.8073e+00 +1.3047e+00
188 +2.120549029e+04 +2.120549029e+04 +2.103529029e+04 +2.103529029e+04 +2.6077e+00 -2.5841e+00 -3.4345e+00 +3.1069e+00 +2.3856e+00 +2.4934e+00 +2.8288e+00 +2.2118e+00 -3.6771e+00 +1.1830e+00
210 +1.207732684e+04 +1.207732684e+04 +1.190712684e+04 +1.190712684e+04 +2.7895e+00 -2.4123e+00 -3.3705e+00 +2.9131e+00 +2.2415e+00 +2.3665e+00 +2.7959e+00 +2.3083e+00 -3.7271e+00 +1.1941e+00
276 +9.276791968e+03 +9.276791968e+03 +9.106591968e+03 +9.106591968e+03 +2.6940e+00 -2.5028e+00 -3.4828e+00 +3.1715e+00 +2.3640e+00 +2.2226e+00 +2.8194e+00 +2.0110e+00 -3.6965e+00 +1.2184e+00
419 +6.278333908e+03 +6.278333908e+03 +6.108133908e+03 +6.108133908e+03 +2.7247e+00 -2.3638e+00 -3.4546e+00 +3.1731e+00 +2.6140e+00 +1.9737e+00 +2.7619e+00 +1.7074e+00 -3.6424e+00 +1.2922e+00
507 +3.886774147e+03 +3.886774147e+03 +3.716574147e+03 +3.716574147e+03 +2.5158e+00 -2.2930e+00 -3.3235e+00 +2.9044e+00 +3.0390e+00 +2.0509e+00 +2.6195e+00 +1.4758e+00 -3.4713e+00 +1.2402e+00
716 +2.150898460e+03 +2.150898460e+03 +1.980698460e+03 +1.980698460e+03 +6.2147e-01 -1.1981e+00 -3.4875e+00 +2.7417e+00 +3.8755e+00 +9.1050e-01 +3.1972e+00 +1.9347e+00 -3.4279e+00 +1.2511e+00
738 +1.457663023e+03 +1.457663023e+03 +1.287463023e+03 +1.287463023e+03 +4.4180e-01 -1.0452e+00 -3.5250e+00 +2.7570e+00 +3.9163e+00 +7.1250e-01 +3.2878e+00 +2.0125e+00 -3.4528e+00 +1.2711e+00
760 +7.451467531e+02 +7.451467531e+02 +5.749467531e+02 +5.749467531e+02 -6.7941e-01 -2.7989e-01 -3.7008e+00 +2.7671e+00 +4.2048e+00 -1.6689e-01 +3.7653e+00 +2.4863e+00 -3.5442e+00 +1.3251e+00
782 +5.840882400e+02 +5.840882400e+02 +4.138882400e+02 +4.138882400e+02 -7.8993e-01 -2.3015e-01 -3.6902e+00 +2.7211e+00 +4.2746e+00 -1.8352e-01 +3.7780e+00 +2.5107e+00 -3.5260e+00 +1.3146e+00
980 +3.630183075e+02 +3.630183075e+02 +1.928183075e+02 +1.928183075e+02 -2.0477e+00 -1.8248e-01 -3.5127e+00 +2.6169e+00 +4.1498e+00 -1.0852e+00 +3.4346e+00 +3.0467e+00 -3.3762e+00 +2.3519e+00
1024 +2.169556167e+02 +2.169556167e+02 +4.675561669e+01 +4.675561669e+01 -2.6532e+00 -5.6501e-01 -3.2240e+00 +2.5034e+00 +3.8963e+00 -1.5135e+00 +2.7969e+00 +3.2649e+00 -3.1608e+00 +3.3770e+00
1035 +1.327092565e+02 +1.327092565e+02 -3.749074354e+01 -3.749074354e+01 -2.8157e+00 -8.4483e-01 -3.0610e+00 +2.4527e+00 +3.7436e+00 -1.6255e+00 +2.4212e+00 +3.2964e+00 -3.0433e+00 +3.8839e+00
1057 +8.999632783e+01 +8.999632783e+01 -8.020367217e+01 -8.020367217e+01 -3.0771e+00 -1.2615e+00 -2.8151e+00 +2.3714e+00 +3.5115e+00 -1.8006e+00 +1.8569e+00 +3.3563e+00 -2.8663e+00 +4.6507e+00
1090 +5.109624025e+01 +5.109624025e+01 -1.191037598e+02 -1.191037598e+02 -2.9656e+00 -1.2038e+00 -2.8687e+00 +2.3959e+00 +3.5161e+00 -1.7092e+00 +1.9725e+00 +3.3466e+00 -2.9177e+00 +4.4781e+00
1277 +3.902631731e+01 +3.902631731e+01 -1.311736827e+02 -1.311736827e+02 -2.9005e+00 -1.2232e+00 -2.8909e+00 +2.3896e+00 +3.5477e+00 -1.6610e+00 +1.9674e+00 +3.3193e+00 -2.9684e+00 +4.4177e+00
1849 +2.234467047e+01 +2.234467047e+01 -1.478553295e+02 -1.478553295e+02 -3.3365e+00 -1.1270e+00 -2.6204e+00 +2.6310e+00 +3.4548e+00 -1.8966e+00 +1.3699e+00 +3.5237e+00 -2.9994e+00 +4.6075e+00
1882 +1.318847102e+01 +1.318847102e+01 -1.570115290e+02 -1.570115290e+02 -3.2990e+00 -1.0951e+00 -2.5304e+00 +2.7611e+00 +3.4304e+00 -1.8513e+00 +1.1206e+00 +3.5410e+00 -3.0882e+00 +4.5028e+00
1937 +9.470441983e+00 +9.470441983e+00 -1.607295580e+02 -1.607295580e+02 -3.2727e+00 -9.4340e-01 -2.4992e+00 +2.8935e+00 +3.4688e+00 -1.8127e+00 +1.0629e+00 +3.5431e+00 -3.1540e+00 +4.2724e+00
1970 +5.893562048e+00 +5.893562048e+00 -1.643064380e+02 -1.643064380e+02 -3.3156e+00 -6.8105e-01 -2.3630e+00 +3.1780e+00 +3.4834e+00 -1.7844e+00 +8.0813e-01 +3.5931e+00 -3.2451e+00 +3.9450e+00
2003 +1.186724401e+00 +1.186724401e+00 -1.690132756e+02 -1.690132756e+02 -3.4861e+00 -5.2117e-01 -2.0662e+00 +3.5293e+00 +3.3959e+00 -1.8187e+00 +1.5426e-01 +3.7163e+00 -3.3478e+00 +3.8291e+00
2014 +7.588838896e-01 +7.588838896e-01 -1.694411161e+02 -1.694411161e+02 -3.4722e+00 -6.2182e-01 -2.1133e+00 +3.4263e+00 +3.3873e+00 -1.8311e+00 +2.4048e-01 +3.6980e+00 -3.3131e+00 +3.9569e+00
2025 +4.625215252e-01 +4.625215252e-01 -1.697374785e+02 -1.697374785e+02 -3.4709e+00 -6.1998e-01 -2.1191e+00 +3.4238e+00 +3.3894e+00 -1.8323e+00 +2.5704e-01 +3.6946e+00 -3.3083e+00 +3.9561e+00
2036 +3.599076475e-01 +3.599076475e-01 -1.698400924e+02 -1.698400924e+02 -3.4828e+00 -6.1096e-01 -2.1031e+00 +3.4429e+00 +3.3832e+00 -1.8363e+00 +2.2612e-01 +3.7008e+00 -3.3086e+00 +3.9537e+00
2663 +2.378948649e-01 +2.378948649e-01 -1.699621051e+02 -1.699621051e+02 -3.5381e+00 -6.4055e-01 -1.9154e+00 +3.4864e+00 +3.3641e+00 -1.8828e+00 +2.1481e-01 +3.6944e+00 -3.3710e+00 +3.9266e+00
2707 +1.411073636e-01 +1.411073636e-01 -1.700588926e+02 -1.700588926e+02 -3.5453e+00 -6.6566e-01 -1.8434e+00 +3.4920e+00 +3.3568e+00 -1.8947e+00 +2.3460e-01 +3.6841e+00 -3.3984e+00 +3.9150e+00
2729 +5.874698236e-02 +5.874698236e-02 -1.701412530e+02 -1.701412530e+02 -3.5519e+00 -7.1673e-01 -1.7306e+00 +3.4846e+00 +3.3490e+00 -1.9158e+00 +3.0030e-01 +3.6620e+00 -3.4445e+00 +3.8996e+00
2751 +3.040376436e-02 +3.040376436e-02 -1.701695962e+02 -1.701695962e+02 -3.5598e+00 -7.5555e-01 -1.6367e+00 +3.4808e+00 +3.3446e+00 -1.9349e+00 +3.5306e-01 +3.6443e+00 -3.4849e+00 +3.8834e+00
2773 +9.532157158e-03 +9.532157158e-03 -1.701904678e+02 -1.701904678e+02 -3.5513e+00 -7.4341e-01 -1.6730e+00 +3.4805e+00 +3.3479e+00 -1.9259e+00 +3.4211e-01 +3.6488e+00 -3.4751e+00 +3.8840e+00
2784 +5.920278729e-03 +5.920278729e-03 -1.701940797e+02 -1.701940797e+02 -3.5528e+00 -7.4176e-01 -1.6684e+00 +3.4845e+00 +3.3476e+00 -1.9264e+00 +3.3736e-01 +3.6493e+00 -3.4773e+00 +3.8809e+00
2795 +1.977808317e-03 +1.977808317e-03 -1.701980222e+02 -1.701980222e+02 -3.5579e+00 -7.4942e-01 -1.6367e+00 +3.4894e+00 +3.3455e+00 -1.9325e+00 +3.4257e-01 +3.6456e+00 -3.4899e+00 +3.8736e+00
2817 +7.678752150e-04 +7.678752150e-04 -1.701992321e+02 -1.701992321e+02 -3.5594e+00 -7.5758e-01 -1.6153e+00 +3.4896e+00 +3.3443e+00 -1.9363e+00 +3.5225e-01 +3.6419e+00 -3.4991e+00 +3.8692e+00
2828 +4.804465624e-04 +4.804465624e-04 -1.701995196e+02 -1.701995196e+02 -3.5580e+00 -7.5452e-01 -1.6243e+00 +3.4894e+00 +3.3446e+00 -1.9342e+00 +3.4839e-01 +3.6434e+00 -3.4955e+00 +3.8708e+00
2839 +2.744567239e-04 +2.744567239e-04 -1.701997255e+02 -1.701997255e+02 -3.5585e+00 -7.5447e-01 -1.6228e+00 +3.4900e+00 +3.3446e+00 -1.9346e+00 +3.4805e-01 +3.6434e+00 -3.4963e+00 +3.8701e+00
2850 +1.395638230e-04 +1.395638230e-04 -1.701998604e+02 -1.701998604e+02 -3.5594e+00 -7.5595e-01 -1.6164e+00 +3.4908e+00 +3.3447e+00 -1.9360e+00 +3.5001e-01 +3.6426e+00 -3.4998e+00 +3.8678e+00
2894 +5.400104038e-05 +5.400104038e-05 -1.701999460e+02 -1.701999460e+02 -3.5595e+00 -7.5618e-01 -1.6159e+00 +3.4908e+00 +3.3445e+00 -1.9359e+00 +3.4991e-01 +3.6425e+00 -3.4996e+00 +3.8680e+00
2905 +2.381640718e-05 +2.381640718e-05 -1.701999762e+02 -1.701999762e+02 -3.5593e+00 -7.5547e-01 -1.6175e+00 +3.4909e+00 +3.3446e+00 -1.9356e+00 +3.4902e-01 +3.6428e+00 -3.4990e+00 +3.8682e+00
2916 +1.294335772e-05 +1.294335772e-05 -1.701999871e+02 -1.701999871e+02 -3.5594e+00 -7.5533e-01 -1.6175e+00 +3.4910e+00 +3.3447e+00 -1.9356e+00 +3.4899e-01 +3.6429e+00 -3.4991e+00 +3.8680e+00
6040 +6.249904175e-06 +6.249904175e-06 -1.701999938e+02 -1.701999938e+02 -3.5592e+00 -7.5414e-01 -1.6203e+00 +3.4911e+00 +3.3448e+00 -1.9351e+00 +3.4743e-01 +3.6434e+00 -3.4979e+00 +3.8684e+00
6062 +3.750890841e-06 +3.750890841e-06 -1.701999962e+02 -1.701999962e+02 -3.5592e+00 -7.5406e-01 -1.6202e+00 +3.4912e+00 +3.3448e+00 -1.9350e+00 +3.4748e-01 +3.6434e+00 -3.4980e+00 +3.8683e+00
6194 +2.354649865e-06 +2.354649865e-06 -1.701999976e+02 -1.701999976e+02 -3.5591e+00 -7.5405e-01 -1.6202e+00 +3.4911e+00 +3.3449e+00 -1.9350e+00 +3.4766e-01 +3.6434e+00 -3.4980e+00 +3.8682e+00
6227 +1.481275575e-06 +1.481275575e-06 -1.701999985e+02 -1.701999985e+02 -3.5591e+00 -7.5411e-01 -1.6201e+00 +3.4911e+00 +3.3449e+00 -1.9351e+00 +3.4767e-01 +3.6433e+00 -3.4981e+00 +3.8682e+00
13374 +9.972023065e-07 +9.972023065e-07 -1.701999990e+02 -1.701999990e+02 -3.5592e+00 -7.5454e-01 -1.6190e+00 +3.4911e+00 +3.3448e+00 -1.9352e+00 +3.4821e-01 +3.6431e+00 -3.4985e+00 +3.8680e+00
13377 +5.409070241e-07 +5.409070241e-07 -1.701999995e+02 -1.701999995e+02 -3.5592e+00 -7.5451e-01 -1.6191e+00 +3.4911e+00 +3.3448e+00 -1.9352e+00 +3.4819e-01 +3.6431e+00 -3.4985e+00 +3.8680e+00
13404 +3.959767412e-07 +3.959767412e-07 -1.701999996e+02 -1.701999996e+02 -3.5591e+00 -7.5447e-01 -1.6191e+00 +3.4912e+00 +3.3448e+00 -1.9352e+00 +3.4814e-01 +3.6431e+00 -3.4985e+00 +3.8679e+00
% function evaluation | noise-free fitness - Fopt (-4.697500000000e+02) | best noise-free fitness - Fopt | measured fitness | best measured fitness | x1 | x2...
1 +3.603569323e+06 +3.603569323e+06 +3.603099573e+06 +3.603099573e+06 +2.8112e-01 -8.6327e-01 -1.7470e+00 +3.3283e+00 +1.9747e+00 +2.5811e+00 +1.1443e+00 -4.8247e+00 +9.6825e-01 -4.8934e+00
12 +1.284198411e+06 +1.284198411e+06 +1.283728661e+06 +1.283728661e+06 +5.1810e-01 -1.5303e+00 -2.2506e+00 +3.1814e+00 +1.9978e+00 +2.7258e+00 +1.6651e+00 -4.6402e+00 +5.4240e-01 -3.8934e+00
45 +8.288854170e+05 +8.288854170e+05 +8.284156670e+05 +8.284156670e+05 +1.5975e+00 -5.1069e+00 -3.0024e+00 +4.9124e+00 -6.0968e-01 +6.3251e+00 +9.1139e-01 -2.3829e+00 +8.6043e-01 +1.1093e+00
56 +1.768061040e+05 +1.768061040e+05 +1.763363540e+05 +1.763363540e+05 +1.0594e+00 -3.1933e+00 -2.6070e+00 +4.3091e+00 -2.7455e-01 +4.9834e+00 +1.0207e+00 -2.9282e+00 +7.5616e-01 -3.2718e-01
78 +1.337768837e+05 +1.337768837e+05 +1.333071337e+05 +1.333071337e+05 +1.3212e+00 -2.9233e+00 -2.3531e+00 +4.3083e+00 -1.2217e-02 +4.5648e+00 +1.0432e+00 -3.0487e+00 +5.7285e-01 -5.0106e-01
100 +9.399364625e+04 +9.399364625e+04 +9.352389625e+04 +9.352389625e+04 +1.4723e+00 -2.5263e+00 -2.0773e+00 +4.3255e+00 -2.5052e-01 +4.3674e+00 +1.0241e+00 -2.7148e+00 +3.2635e-01 +1.3346e-01
155 +4.519551245e+04 +4.519551245e+04 +4.472576245e+04 +4.472576245e+04 +1.1717e+00 -1.6327e+00 -5.5943e-01 +4.0732e+00 +1.9358e-01 +3.9903e+00 +8.3331e-01 -1.4890e+00 -7.3662e-02 +1.3204e+00
166 +2.171365348e+04 +2.171365348e+04 +2.124390348e+04 +2.124390348e+04 +9.3054e-01 -1.0996e+00 +4.6321e-01 +3.9493e+00 +2.1553e-01 +3.9431e+00 +6.7296e-01 -3.8335e-01 -3.5309e-01 +2.6181e+00
188 +1.581221796e+04 +1.581221796e+04 +1.534246796e+04 +1.534246796e+04 +7.6761e-01 -1.0033e+00 +9.1826e-01 +3.8218e+00 +5.1872e-01 +3.8468e+00 +6.6631e-01 -5.9736e-02 -4.0917e-01 +2.7967e+00
232 +7.419497848e+03 +7.419497848e+03 +6.949747848e+03 +6.949747848e+03 +2.6937e-01 -1.1382e+00 +1.7511e+00 +3.5404e+00 +9.8153e-01 +3.8654e+00 +7.0534e-01 +7.2599e-01 -3.5297e-01 +3.2395e+00
243 +4.224718809e+03 +4.224718809e+03 +3.754968809e+03 +3.754968809e+03 -1.4736e-02 -1.3449e+00 +1.9339e+00 +3.3764e+00 +1.1823e+00 +3.8837e+00 +7.9931e-01 +9.0471e-01 -2.2234e-01 +3.1543e+00
265 +3.785335822e+03 +3.785335822e+03 +3.315585822e+03 +3.315585822e+03 -2.2295e-02 -1.4236e+00 +1.8282e+00 +3.3687e+00 +1.1316e+00 +3.8715e+00 +8.4354e-01 +8.1048e-01 -1.6080e-01 +3.0097e+00
331 +6.074954524e+02 +6.074954524e+02 +1.377454524e+02 +1.377454524e+02 -1.1024e-01 -2.2086e+00 +2.5663e+00 +3.0743e+00 +4.2954e-01 +2.9427e+00 +1.4960e+00 +1.3958e+00 +4.3024e-01 +2.7968e+00
353 +3.368112922e+02 +3.368112922e+02 -1.329387078e+02 -1.329387078e+02 -1.2462e-01 -2.4578e+00 +2.7904e+00 +2.9877e+00 +1.8426e-01 +2.6442e+00 +1.7044e+00 +1.5758e+00 +6.1801e-01 +2.7346e+00
474 +2.492409734e+02 +2.492409734e+02 -2.205090266e+02 -2.205090266e+02 -1.0492e-01 -2.5782e+00 +2.9809e+00 +2.7228e+00 +8.3261e-02 +2.4834e+00 +1.7171e+00 +1.5449e+00 +8.5713e-01 +2.8337e+00
518 +4.296769045e+01 +4.296769045e+01 -4.267823095e+02 -4.267823095e+02 +3.3793e-01 -2.6851e+00 +3.3238e+00 +1.2034e+00 +8.8020e-02 +2.3705e+00 +1.0363e+00 +4.2266e-01 +1.9474e+00 +3.6348e+00
529 +2.690572215e+01 +2.690572215e+01 -4.428442778e+02 -4.428442778e+02 +2.8792e-01 -2.6721e+00 +3.2839e+00 +1.3647e+00 +1.0551e-01 +2.3933e+00 +1.1015e+00 +5.3796e-01 +1.8268e+00 +3.5475e+00
540 +2.150793541e+01 +2.150793541e+01 -4.482420646e+02 -4.482420646e+02 +3.3306e-01 -2.6874e+00 +3.3218e+00 +1.2014e+00 +1.1022e-01 +2.3830e+00 +1.0287e+00 +4.1909e-01 +1.9444e+00 +3.6315e+00
573 +1.375065765e+01 +1.375065765e+01 -4.559993423e+02 -4.559993423e+02 +3.6069e-01 -2.7004e+00 +3.3593e+00 +1.0950e+00 +1.1321e-01 +2.3751e+00 +9.8273e-01 +3.5518e-01 +2.0205e+00 +3.6980e+00
705 +9.860306638e+00 +9.860306638e+00 -4.598896934e+02 -4.598896934e+02 +3.6640e-01 -2.7203e+00 +3.4126e+00 +1.0495e+00 +8.9410e-02 +2.3487e+00 +1.0060e+00 +3.2622e-01 +2.0821e+00 +3.7290e+00
749 +5.500492540e+00 +5.500492540e+00 -4.642495075e+02 -4.642495075e+02 +3.4738e-01 -2.6952e+00 +3.4843e+00 +1.1034e+00 +8.5859e-02 +2.3888e+00 +1.1223e+00 +2.3282e-01 +2.1367e+00 +3.7676e+00
782 +3.026259080e+00 +3.026259080e+00 -4.667237409e+02 -4.667237409e+02 +3.5380e-01 -2.6705e+00 +3.4983e+00 +1.1066e+00 +9.9447e-02 +2.4259e+00 +1.1417e+00 +1.5474e-01 +2.1655e+00 +3.8005e+00
793 +2.489582921e+00 +2.489582921e+00 -4.672604171e+02 -4.672604171e+02 +3.5965e-01 -2.6616e+00 +3.5259e+00 +1.0876e+00 +1.0288e-01 +2.4403e+00 +1.1572e+00 +9.5627e-02 +2.2058e+00 +3.8337e+00
815 +1.330456556e+00 +1.330456556e+00 -4.684195434e+02 -4.684195434e+02 +3.8661e-01 -2.6727e+00 +3.5511e+00 +9.8412e-01 +1.0196e-01 +2.4228e+00 +1.1070e+00 +4.2725e-02 +2.2708e+00 +3.8835e+00
1068 +9.431237353e-01 +9.431237353e-01 -4.688068763e+02 -4.688068763e+02 +3.3782e-01 -2.7134e+00 +3.6300e+00 +9.4348e-01 +6.3937e-02 +2.4219e+00 +1.0764e+00 -9.2075e-02 +2.2405e+00 +3.9318e+00
1101 +4.018889866e-01 +4.018889866e-01 -4.693481110e+02 -4.693481110e+02 +1.9635e-01 -2.8169e+00 +3.7404e+00 +9.4960e-01 -2.8561e-02 +2.3981e+00 +1.0025e+00 -2.4989e-01 +2.0466e+00 +3.9421e+00
1112 +2.955267165e-01 +2.955267165e-01 -4.694544733e+02 -4.694544733e+02 +1.4718e-01 -2.8535e+00 +3.7784e+00 +9.5350e-01 -6.0814e-02 +2.3880e+00 +9.7801e-01 -2.9770e-01 +1.9782e+00 +3.9438e+00
1134 +1.614692073e-01 +1.614692073e-01 -4.695885308e+02 -4.695885308e+02 +3.2656e-02 -2.9378e+00 +3.8654e+00 +9.6354e-01 -1.3543e-01 +2.3659e+00 +9.2027e-01 -4.1081e-01 +1.8177e+00 +3.9477e+00
1145 +1.396261765e-01 +1.396261765e-01 -4.696103738e+02 -4.696103738e+02 +2.9406e-02 -2.9386e+00 +3.8616e+00 +9.7245e-01 -1.3631e-01 +2.3653e+00 +9.2140e-01 -4.0170e-01 +1.8077e+00 +3.9410e+00
1409 +9.512500838e-02 +9.512500838e-02 -4.696548750e+02 -4.696548750e+02 +5.8299e-02 -2.9195e+00 +3.8515e+00 +9.6512e-01 -1.2835e-01 +2.3865e+00 +9.4164e-01 -3.7669e-01 +1.8235e+00 +3.9293e+00
1431 +4.452410638e-02 +4.452410638e-02 -4.697054759e+02 -4.697054759e+02 +2.5838e-02 -2.9520e+00 +3.9037e+00 +9.4279e-01 -1.7087e-01 +2.4048e+00 +9.2544e-01 -4.2861e-01 +1.7409e+00 +3.9195e+00
1442 +3.477985461e-02 +3.477985461e-02 -4.697152201e+02 -4.697152201e+02 -2.2348e-02 -2.9969e+00 +3.9689e+00 +9.2000e-01 -2.2598e-01 +2.4222e+00 +8.9999e-01 -4.9617e-01 +1.6305e+00 +3.9077e+00
1453 +2.173383098e-02 +2.173383098e-02 -4.697282662e+02 -4.697282662e+02 -1.6473e-03 -2.9787e+00 +3.9436e+00 +9.2734e-01 -2.0520e-01 +2.4174e+00 +9.1079e-01 -4.6861e-01 +1.6727e+00 +3.9108e+00
1464 +1.548988464e-02 +1.548988464e-02 -4.697345101e+02 -4.697345101e+02 +7.7226e-03 -2.9719e+00 +3.9363e+00 +9.2714e-01 -1.9957e-01 +2.4190e+00 +9.1607e-01 -4.5849e-01 +1.6852e+00 +3.9098e+00
1508 +5.596320092e-03 +5.596320092e-03 -4.697444037e+02 -4.697444037e+02 +2.0677e-02 -2.9686e+00 +3.9463e+00 +9.1077e-01 -2.0803e-01 +2.4385e+00 +9.2575e-01 -4.5665e-01 +1.6755e+00 +3.8993e+00
1530 +3.183857935e-03 +3.183857935e-03 -4.697468161e+02 -4.697468161e+02 +1.3910e-02 -2.9754e+00 +3.9571e+00 +9.0690e-01 -2.1773e-01 +2.4437e+00 +9.2317e-01 -4.6467e-01 +1.6545e+00 +3.8946e+00
1541 +1.756044732e-03 +1.756044732e-03 -4.697482440e+02 -4.697482440e+02 +1.6794e-02 -2.9736e+00 +3.9561e+00 +9.0628e-01 -2.1715e-01 +2.4460e+00 +9.2539e-01 -4.6097e-01 +1.6552e+00 +3.8927e+00
1552 +1.008655455e-03 +1.008655455e-03 -4.697489913e+02 -4.697489913e+02 +2.4703e-02 -2.9677e+00 +3.9491e+00 +9.0739e-01 -2.1232e-01 +2.4485e+00 +9.3037e-01 -4.4882e-01 +1.6626e+00 +3.8893e+00
1563 +6.144345139e-04 +6.144345139e-04 -4.697493856e+02 -4.697493856e+02 +2.5249e-02 -2.9672e+00 +3.9483e+00 +9.0742e-01 -2.1153e-01 +2.4479e+00 +9.3033e-01 -4.4872e-01 +1.6648e+00 +3.8900e+00
1585 +2.943063834e-04 +2.943063834e-04 -4.697497057e+02 -4.697497057e+02 +2.5892e-02 -2.9667e+00 +3.9469e+00 +9.0749e-01 -2.1017e-01 +2.4464e+00 +9.2994e-01 -4.4902e-01 +1.6686e+00 +3.8916e+00
1596 +1.192356904e-04 +1.192356904e-04 -4.697498808e+02 -4.697498808e+02 +2.6517e-02 -2.9668e+00 +3.9480e+00 +9.0634e-01 -2.1129e-01 +2.4483e+00 +9.3059e-01 -4.4852e-01 +1.6662e+00 +3.8900e+00
1607 +7.952176639e-05 +7.952176639e-05 -4.697499205e+02 -4.697499205e+02 +2.6781e-02 -2.9668e+00 +3.9482e+00 +9.0602e-01 -2.1158e-01 +2.4488e+00 +9.3077e-01 -4.4807e-01 +1.6654e+00 +3.8895e+00
1629 +5.193657881e-05 +5.193657881e-05 -4.697499481e+02 -4.697499481e+02 +2.6986e-02 -2.9668e+00 +3.9483e+00 +9.0575e-01 -2.1178e-01 +2.4492e+00 +9.3087e-01 -4.4778e-01 +1.6649e+00 +3.8891e+00
1662 +2.266415413e-05 +2.266415413e-05 -4.697499773e+02 -4.697499773e+02 +2.6855e-02 -2.9668e+00 +3.9481e+00 +9.0585e-01 -2.1162e-01 +2.4488e+00 +9.3063e-01 -4.4786e-01 +1.6653e+00 +3.8894e+00
1684 +9.299615328e-06 +9.299615328e-06 -4.697499907e+02 -4.697499907e+02 +2.6667e-02 -2.9670e+00 +3.9482e+00 +9.0576e-01 -2.1166e-01 +2.4486e+00 +9.3038e-01 -4.4821e-01 +1.6654e+00 +3.8896e+00
1706 +6.191856869e-06 +6.191856869e-06 -4.697499938e+02 -4.697499938e+02 +2.6542e-02 -2.9672e+00 +3.9487e+00 +9.0553e-01 -2.1199e-01 +2.4488e+00 +9.3037e-01 -4.4849e-01 +1.6647e+00 +3.8894e+00
1728 +2.990187681e-06 +2.990187681e-06 -4.697499970e+02 -4.697499970e+02 +2.6540e-02 -2.9672e+00 +3.9488e+00 +9.0545e-01 -2.1206e-01 +2.4490e+00 +9.3045e-01 -4.4865e-01 +1.6647e+00 +3.8894e+00
1739 +2.357898779e-06 +2.357898779e-06 -4.697499976e+02 -4.697499976e+02 +2.6509e-02 -2.9672e+00 +3.9488e+00 +9.0551e-01 -2.1203e-01 +2.4489e+00 +9.3041e-01 -4.4862e-01 +1.6647e+00 +3.8895e+00
28273 +1.569255630e-06 +1.569255630e-06 -4.697499984e+02 -4.697499984e+02 +2.6168e-02 -2.9674e+00 +3.9490e+00 +9.0555e-01 -2.1214e-01 +2.4487e+00 +9.3022e-01 -4.4914e-01 +1.6645e+00 +3.8897e+00
28293 +9.736997981e-07 +9.736997981e-07 -4.697499990e+02 -4.697499990e+02 +2.6153e-02 -2.9674e+00 +3.9490e+00 +9.0557e-01 -2.1216e-01 +2.4488e+00 +9.3026e-01 -4.4913e-01 +1.6645e+00 +3.8897e+00
28337 +5.800535519e-07 +5.800535519e-07 -4.697499994e+02 -4.697499994e+02 +2.6173e-02 -2.9674e+00 +3.9490e+00 +9.0560e-01 -2.1214e-01 +2.4488e+00 +9.3029e-01 -4.4908e-01 +1.6645e+00 +3.8896e+00
28436 +3.796354235e-07 +3.796354235e-07 -4.697499996e+02 -4.697499996e+02 +2.6216e-02 -2.9673e+00 +3.9490e+00 +9.0557e-01 -2.1214e-01 +2.4488e+00 +9.3030e-01 -4.4905e-01 +1.6645e+00 +3.8896e+00
% function evaluation | noise-free fitness - Fopt (-5.494000000000e+01) | best noise-free fitness - Fopt | measured fitness | best measured fitness | x1 | x2...
1 +4.327688437e+07 +4.327688437e+07 +4.327682943e+07 +4.327682943e+07 +1.4482e+00 +1.9364e+00 -1.9943e+00 +2.7773e-01 +3.9392e+00 -3.0393e+00 +3.9018e+00 -3.6038e+00 +3.9007e+00 -4.1152e+00
12 +2.356020761e+07 +2.356020761e+07 +2.356015267e+07 +2.356015267e+07 +1.6365e+00 +1.4863e+00 -1.3359e+00 +5.3689e-01 +4.8314e+00 -2.8988e+00 +2.9018e+00 -3.1705e+00 +3.6293e+00 -4.2069e+00
23 +1.050750970e+07 +1.050750970e+07 +1.050745476e+07 +1.050745476e+07 +1.7421e+00 +1.1805e+00 -5.7261e-01 +9.4550e-01 +5.7863e+00 -2.5589e+00 +1.8844e+00 -2.8331e+00 +3.4213e+00 -4.1871e+00
34 +4.067903244e+06 +4.067903244e+06 +4.067848304e+06 +4.067848304e+06 +1.7675e+00 +9.8330e-01 +4.7471e-02 +1.3056e+00 +6.5297e+00 -2.2374e+00 +1.1229e+00 -2.6081e+00 +3.2993e+00 -4.1167e+00
45 +9.045472705e+05 +9.045472705e+05 +9.044923305e+05 +9.044923305e+05 +1.7684e+00 +7.3326e-01 +8.8363e-01 +1.8000e+00 +7.5109e+00 -1.7920e+00 +1.3113e-01 -2.3236e+00 +3.1583e+00 -3.9944e+00
100 +6.292414740e+05 +6.292414740e+05 +6.291865340e+05 +6.291865340e+05 +1.6126e+00 +9.5478e-01 +1.0379e+00 +2.0156e+00 +7.5304e+00 -1.5269e+00 +1.5572e-01 -2.4706e+00 +3.2691e+00 -3.8041e+00
144 +3.744935786e+05 +3.744935786e+05 +3.744386386e+05 +3.744386386e+05 +1.3947e+00 +1.0136e+00 +1.4750e+00 +2.3453e+00 +7.7536e+00 -1.2424e+00 -7.7612e-02 -2.4730e+00 +3.3483e+00 -3.5445e+00
188 +1.782816627e+05 +1.782816627e+05 +1.782267227e+05 +1.782267227e+05 +9.9312e-01 +1.3074e+00 +1.9301e+00 +2.7944e+00 +7.8016e+00 -8.0216e-01 -9.5837e-02 -2.6558e+00 +3.5719e+00 -3.1004e+00
199 +1.364666688e+05 +1.364666688e+05 +1.364117288e+05 +1.364117288e+05 +9.4886e-01 +1.4309e+00 +1.7470e+00 +2.7227e+00 +7.5657e+00 -8.3742e-01 +1.7186e-01 -2.7741e+00 +3.6427e+00 -3.0808e+00
221 +9.986023524e+04 +9.986023524e+04 +9.980529524e+04 +9.980529524e+04 +9.4359e-01 +1.3566e+00 +1.8330e+00 +2.7490e+00 +7.6577e+00 -8.3801e-01 +7.0262e-02 -2.7143e+00 +3.6223e+00 -3.0744e+00
265 +5.661842558e+04 +5.661842558e+04 +5.656348558e+04 +5.656348558e+04 +4.6469e-01 +9.6033e-01 +2.1444e+00 +2.7659e+00 +7.5115e+00 -1.0989e+00 +1.9016e-01 -2.4982e+00 +3.7877e+00 -2.7417e+00
331 +3.917405479e+04 +3.917405479e+04 +3.911911479e+04 +3.911911479e+04 +6.6139e-03 +9.2403e-01 +2.8367e+00 +3.1066e+00 +7.0455e+00 -1.2523e+00 +1.0619e-01 -2.2953e+00 +3.8651e+00 -2.2572e+00
364 +2.353182723e+04 +2.353182723e+04 +2.347688723e+04 +2.347688723e+04 +2.5253e-01 +9.8222e-01 +2.8379e+00 +3.0462e+00 +6.6999e+00 -1.5123e+00 -3.2913e-03 -2.1648e+00 +3.6589e+00 -2.4095e+00
386 +1.521907281e+04 +1.521907281e+04 +1.516413281e+04 +1.516413281e+04 +5.5502e-02 +9.9875e-01 +3.1092e+00 +3.1959e+00 +6.5057e+00 -1.5462e+00 -1.5383e-02 -2.1085e+00 +3.7051e+00 -2.1999e+00
606 +9.496067850e+03 +9.496067850e+03 +9.441127850e+03 +9.441127850e+03 +1.4016e-01 +1.0160e+00 +2.5198e+00 +3.5510e+00 +5.9949e+00 -1.2019e+00 -2.8105e-01 -1.3799e+00 +3.2752e+00 -1.5349e+00
639 +4.821414642e+03 +4.821414642e+03 +4.766474642e+03 +4.766474642e+03 +1.4015e-01 +5.4566e-01 +1.8199e-01 +4.4348e+00 +5.0998e+00 +8.8564e-02 -8.8461e-01 +9.5472e-01 +2.1516e+00 +6.5459e-01
694 +3.832936015e+03 +3.832936015e+03 +3.777996015e+03 +3.777996015e+03 +1.6391e-01 +3.7088e-01 -1.0015e+00 +4.9641e+00 +4.5224e+00 +7.7671e-01 -1.2522e+00 +2.2131e+00 +1.5140e+00 +1.8461e+00
903 +2.425621277e+03 +2.425621277e+03 +2.370681277e+03 +2.370681277e+03 -4.1769e-01 +7.0254e-01 -9.9596e-01 +4.6640e+00 +4.7988e+00 +2.3908e-01 -1.5177e+00 +1.5879e+00 +6.1998e-01 +2.3283e+00
958 +1.538890637e+03 +1.538890637e+03 +1.483950637e+03 +1.483950637e+03 -4.5680e-01 +7.6735e-01 -1.3467e+00 +4.6429e+00 +4.8041e+00 +2.7158e-01 -1.6455e+00 +1.6650e+00 +2.5589e-01 +2.5930e+00
1189 +9.469204888e+02 +9.469204888e+02 +8.919804888e+02 +8.919804888e+02 -5.1590e-01 +9.2523e-01 -1.5174e+00 +4.5278e+00 +4.6747e+00 +5.5329e-01 -1.6312e+00 +2.2094e+00 -1.0743e-01 +2.9750e+00
1211 +5.648690078e+02 +5.648690078e+02 +5.099290078e+02 +5.099290078e+02 -6.9511e-01 +1.0457e+00 -1.6136e+00 +4.3626e+00 +4.7952e+00 +4.4640e-01 -1.6978e+00 +2.1135e+00 -4.7592e-01 +3.1771e+00
1233 +3.484353533e+02 +3.484353533e+02 +2.934953533e+02 +2.934953533e+02 -8.9880e-01 +1.2367e+00 -1.7303e+00 +4.1162e+00 +4.9160e+00 +4.3929e-01 -1.7307e+00 +2.1781e+00 -9.5138e-01 +3.4706e+00
1299 +2.456382354e+02 +2.456382354e+02 +1.906982354e+02 +1.906982354e+02 -9.2854e-01 +1.1942e+00 -1.9309e+00 +4.2018e+00 +4.8398e+00 +5.4147e-01 -1.7923e+00 +2.3690e+00 -1.0637e+00 +3.6929e+00
1816 +1.388468902e+02 +1.388468902e+02 +8.390689022e+01 +8.390689022e+01 -7.7392e-01 +8.2286e-01 -1.9791e+00 +3.6308e+00 +4.3479e+00 +1.1622e+00 -2.1688e+00 +2.2938e+00 -1.2344e+00 +4.2401e+00
1860 +9.801698079e+01 +9.801698079e+01 +4.307698079e+01 +4.307698079e+01 -7.5533e-01 +7.4413e-01 -1.9661e+00 +3.4804e+00 +4.2786e+00 +1.2278e+00 -2.2727e+00 +2.1337e+00 -1.2791e+00 +4.3224e+00
1893 +5.921596861e+01 +5.921596861e+01 +4.275968609e+00 +4.275968609e+00 -7.2438e-01 +5.7342e-01 -1.8988e+00 +2.9888e+00 +4.1116e+00 +1.5065e+00 -2.4992e+00 +1.8380e+00 -1.4353e+00 +4.5882e+00
1948 +3.584122162e+01 +3.584122162e+01 -1.909877838e+01 -1.909877838e+01 -6.3595e-01 +4.1494e-01 -1.8254e+00 +2.7786e+00 +3.9772e+00 +1.6809e+00 -2.5991e+00 +1.6874e+00 -1.3657e+00 +4.6402e+00
2432 +2.356449093e+01 +2.356449093e+01 -3.137550907e+01 -3.137550907e+01 -4.0356e-01 -2.1537e-02 -1.6410e+00 +2.6820e+00 +3.7729e+00 +2.0247e+00 -2.4651e+00 +1.3977e+00 -1.6123e+00 +4.7425e+00
2498 +1.474482866e+01 +1.474482866e+01 -4.019517134e+01 -4.019517134e+01 -1.6518e-01 -4.5747e-01 -1.4048e+00 +3.0266e+00 +3.7813e+00 +2.2470e+00 -1.8232e+00 +1.2136e+00 -2.3321e+00 +4.7439e+00
2894 +9.365388876e+00 +9.365388876e+00 -4.557461112e+01 -4.557461112e+01 -5.4203e-01 -9.1012e-01 -1.3289e+00 +3.1996e+00 +3.5088e+00 +2.7453e+00 -1.6460e+00 +1.0085e+00 -2.9242e+00 +4.2034e+00
2927 +5.775101799e+00 +5.775101799e+00 -4.916489820e+01 -4.916489820e+01 -7.6916e-01 -1.0036e+00 -1.3591e+00 +3.0988e+00 +3.3316e+00 +2.9572e+00 -1.8089e+00 +9.7384e-01 -2.9542e+00 +3.9999e+00
2960 +2.817612005e+00 +2.817612005e+00 -5.212238799e+01 -5.212238799e+01 -1.5755e+00 -1.3159e+00 -1.4306e+00 +3.2168e+00 +2.9326e+00 +3.5214e+00 -1.9442e+00 +9.0366e-01 -3.3844e+00 +3.0968e+00
2971 +2.057492822e+00 +2.057492822e+00 -5.288250718e+01 -5.288250718e+01 -1.4946e+00 -1.2891e+00 -1.4176e+00 +3.2283e+00 +2.9819e+00 +3.4596e+00 -1.9041e+00 +9.0943e-01 -3.3674e+00 +3.1787e+00
2993 +1.430271574e+00 +1.430271574e+00 -5.350972843e+01 -5.350972843e+01 -1.3287e+00 -1.2341e+00 -1.3909e+00 +3.2518e+00 +3.0830e+00 +3.3327e+00 -1.8218e+00 +9.2127e-01 -3.3324e+00 +3.3470e+00
3004 +8.213759068e-01 +8.213759068e-01 -5.411862409e+01 -5.411862409e+01 -1.5371e+00 -1.3399e+00 -1.3908e+00 +3.3320e+00 +2.9930e+00 +3.4818e+00 -1.7905e+00 +8.9304e-01 -3.5207e+00 +3.0939e+00
3015 +2.307344286e-01 +2.307344286e-01 -5.470926557e+01 -5.470926557e+01 -1.7000e+00 -1.4170e+00 -1.4040e+00 +3.3215e+00 +2.8904e+00 +3.6206e+00 -1.8425e+00 +8.6731e-01 -3.6062e+00 +2.9261e+00
3026 +1.171899248e-01 +1.171899248e-01 -5.482281008e+01 -5.482281008e+01 -1.7399e+00 -1.4531e+00 -1.3999e+00 +3.3217e+00 +2.8586e+00 +3.6687e+00 -1.8426e+00 +8.5151e-01 -3.6537e+00 +2.8828e+00
3037 +8.239851551e-02 +8.239851551e-02 -5.485760148e+01 -5.485760148e+01 -1.7158e+00 -1.4480e+00 -1.3957e+00 +3.3217e+00 +2.8703e+00 +3.6539e+00 -1.8334e+00 +8.5076e-01 -3.6482e+00 +2.9079e+00
3048 +6.074134165e-02 +6.074134165e-02 -5.487925866e+01 -5.487925866e+01 -1.7028e+00 -1.4647e+00 -1.3849e+00 +3.3313e+00 +2.8729e+00 +3.6578e+00 -1.8100e+00 +8.3682e-01 -3.6767e+00 +2.9166e+00
3059 +3.324986637e-02 +3.324986637e-02 -5.490675013e+01 -5.490675013e+01 -1.7155e+00 -1.4735e+00 -1.3848e+00 +3.3317e+00 +2.8638e+00 +3.6713e+00 -1.8117e+00 +8.3404e-01 -3.6859e+00 +2.9012e+00
3081 +1.696545970e-02 +1.696545970e-02 -5.492303454e+01 -5.492303454e+01 -1.7360e+00 -1.4844e+00 -1.3862e+00 +3.3304e+00 +2.8493e+00 +3.6912e+00 -1.8185e+00 +8.3188e-01 -3.6937e+00 +2.8768e+00
3092 +9.095772334e-03 +9.095772334e-03 -5.493090423e+01 -5.493090423e+01 -1.7335e+00 -1.4883e+00 -1.3835e+00 +3.3333e+00 +2.8495e+00 +3.6923e+00 -1.8131e+00 +8.2904e-01 -3.6994e+00 +2.8771e+00
3103 +3.993533613e-03 +3.993533613e-03 -5.493600647e+01 -5.493600647e+01 -1.7277e+00 -1.4991e+00 -1.3770e+00 +3.3398e+00 +2.8490e+00 +3.6972e+00 -1.7998e+00 +8.2230e-01 -3.7140e+00 +2.8768e+00
3114 +2.190853354e-03 +2.190853354e-03 -5.493780915e+01 -5.493780915e+01 -1.7305e+00 -1.5015e+00 -1.3767e+00 +3.3406e+00 +2.8471e+00 +3.7004e+00 -1.7993e+00 +8.2155e-01 -3.7172e+00 +2.8729e+00
3136 +1.410552159e-03 +1.410552159e-03 -5.493858945e+01 -5.493858945e+01 -1.7326e+00 -1.5046e+00 -1.3758e+00 +3.3417e+00 +2.8452e+00 +3.7039e+00 -1.7978e+00 +8.2037e-01 -3.7211e+00 +2.8693e+00
3147 +8.798986724e-04 +8.798986724e-04 -5.493912010e+01 -5.493912010e+01 -1.7352e+00 -1.5070e+00 -1.3757e+00 +3.3423e+00 +2.8431e+00 +3.7073e+00 -1.7975e+00 +8.1981e-01 -3.7236e+00 +2.8656e+00
3158 +5.188951211e-04 +5.188951211e-04 -5.493948110e+01 -5.493948110e+01 -1.7334e+00 -1.5083e+00 -1.3749e+00 +3.3429e+00 +2.8433e+00 +3.7076e+00 -1.7957e+00 +8.1896e-01 -3.7251e+00 +2.8669e+00
3169 +3.019728560e-04 +3.019728560e-04 -5.493969803e+01 -5.493969803e+01 -1.7295e+00 -1.5079e+00 -1.3742e+00 +3.3427e+00 +2.8449e+00 +3.7057e+00 -1.7944e+00 +8.1854e-01 -3.7243e+00 +2.8709e+00
3180 +2.255568270e-04 +2.255568270e-04 -5.493977444e+01 -5.493977444e+01 -1.7275e+00 -1.5063e+00 -1.3745e+00 +3.3417e+00 +2.8460e+00 +3.7037e+00 -1.7951e+00 +8.1918e-01 -3.7219e+00 +2.8736e+00
3191 +1.126284076e-04 +1.126284076e-04 -5.493988737e+01 -5.493988737e+01 -1.7272e+00 -1.5062e+00 -1.3745e+00 +3.3414e+00 +2.8460e+00 +3.7037e+00 -1.7954e+00 +8.1924e-01 -3.7213e+00 +2.8739e+00
3202 +9.911359502e-05 +9.911359502e-05 -5.493990089e+01 -5.493990089e+01 -1.7252e+00 -1.5068e+00 -1.3738e+00 +3.3413e+00 +2.8462e+00 +3.7037e+00 -1.7945e+00 +8.1878e-01 -3.7213e+00 +2.8754e+00
3213 +5.033150706e-05 +5.033150706e-05 -5.493994967e+01 -5.493994967e+01 -1.7261e+00 -1.5075e+00 -1.3738e+00 +3.3417e+00 +2.8457e+00 +3.7044e+00 -1.7943e+00 +8.1854e-01 -3.7222e+00 +2.8743e+00
3235 +3.974578208e-05 +3.974578208e-05 -5.493996025e+01 -5.493996025e+01 -1.7278e+00 -1.5089e+00 -1.3736e+00 +3.3425e+00 +2.8447e+00 +3.7061e+00 -1.7937e+00 +8.1803e-01 -3.7243e+00 +2.8719e+00
3246 +1.563696319e-05 +1.563696319e-05 -5.493998436e+01 -5.493998436e+01 -1.7271e+00 -1.5084e+00 -1.3736e+00 +3.3424e+00 +2.8452e+00 +3.7054e+00 -1.7937e+00 +8.1820e-01 -3.7237e+00 +2.8729e+00
3290 +9.828011656e-06 +9.828011656e-06 -5.493999017e+01 -5.493999017e+01 -1.7262e+00 -1.5077e+00 -1.3737e+00 +3.3421e+00 +2.8457e+00 +3.7045e+00 -1.7939e+00 +8.1842e-01 -3.7228e+00 +2.8740e+00
3301 +5.758742816e-06 +5.758742816e-06 -5.493999424e+01 -5.493999424e+01 -1.7258e+00 -1.5078e+00 -1.3735e+00 +3.3421e+00 +2.8458e+00 +3.7044e+00 -1.7937e+00 +8.1836e-01 -3.7227e+00 +2.8743e+00
3334 +3.481632781e-06 +3.481632781e-06 -5.493999652e+01 -5.493999652e+01 -1.7258e+00 -1.5078e+00 -1.3735e+00 +3.3422e+00 +2.8459e+00 +3.7044e+00 -1.7936e+00 +8.1839e-01 -3.7227e+00 +2.8743e+00
3345 +2.120330763e-06 +2.120330763e-06 -5.493999788e+01 -5.493999788e+01 -1.7262e+00 -1.5077e+00 -1.3736e+00 +3.3424e+00 +2.8458e+00 +3.7045e+00 -1.7936e+00 +8.1851e-01 -3.7229e+00 +2.8738e+00
3356 +9.468508821e-07 +9.468508821e-07 -5.493999905e+01 -5.493999905e+01 -1.7261e+00 -1.5078e+00 -1.3736e+00 +3.3423e+00 +2.8458e+00 +3.7045e+00 -1.7936e+00 +8.1846e-01 -3.7229e+00 +2.8740e+00
43264 +5.071280569e-07 +5.071280569e-07 -5.493999949e+01 -5.493999949e+01 -1.7261e+00 -1.5080e+00 -1.3735e+00 +3.3424e+00 +2.8457e+00 +3.7047e+00 -1.7935e+00 +8.1835e-01 -3.7232e+00 +2.8738e+00
89904 +3.139255043e-07 +3.139255043e-07 -5.493999969e+01 -5.493999969e+01 -1.7265e+00 -1.5081e+00 -1.3736e+00 +3.3425e+00 +2.8455e+00 +3.7049e+00 -1.7936e+00 +8.1838e-01 -3.7233e+00 +2.8734e+00
89915 +1.467291924e-07 +1.467291924e-07 -5.493999985e+01 -5.493999985e+01 -1.7264e+00 -1.5081e+00 -1.3736e+00 +3.3424e+00 +2.8456e+00 +3.7049e+00 -1.7936e+00 +8.1835e-01 -3.7233e+00 +2.8736e+00
% function evaluation | noise-free fitness - Fopt (5.913000000000e+01) | best noise-free fitness - Fopt | measured fitness | best measured fitness | x1 | x2...
1 +2.319855553e+07 +2.319855553e+07 +2.319861466e+07 +2.319861466e+07 +3.8519e+00 +3.1046e+00 +3.4273e+00 +2.7014e+00 -1.9267e+00 +4.5027e+00 -4.0374e+00 -1.2953e+00 -1.7677e+00 -3.0170e+00
12 +1.345663346e+07 +1.345663346e+07 +1.345669259e+07 +1.345669259e+07 +4.2399e+00 +3.6411e+00 +2.9804e+00 +3.0090e+00 -2.2932e+00 +4.2135e+00 -3.4656e+00 -4.9466e-01 -2.0587e+00 -2.0170e+00
23 +4.520939718e+06 +4.520939718e+06 +4.520998848e+06 +4.520998848e+06 +4.6960e+00 +3.4473e+00 +1.7065e+00 +3.0903e+00 -3.8646e+00 +3.9139e+00 -1.5655e+00 +1.6866e+00 -3.0152e+00 +8.6582e-01
34 +2.818142604e+06 +2.818142604e+06 +2.818201734e+06 +2.818201734e+06 +4.4227e+00 +3.0018e+00 +1.9268e+00 +2.8449e+00 -3.7344e+00 +4.1062e+00 -1.8660e+00 +1.2385e+00 -2.8968e+00 +3.7663e-01
45 +1.776039716e+06 +1.776039716e+06 +1.776098846e+06 +1.776098846e+06 +4.2084e+00 +2.3444e+00 +1.7917e+00 +2.5414e+00 -4.0874e+00 +4.2591e+00 -1.6423e+00 +1.3617e+00 -3.0637e+00 +6.9385e-01
56 +6.292075374e+05 +6.292075374e+05 +6.292666674e+05 +6.292666674e+05 +3.9769e+00 +1.5618e+00 +1.5438e+00 +2.1790e+00 -4.6059e+00 +4.4105e+00 -1.2923e+00 +1.6183e+00 -3.3355e+00 +1.2661e+00
67 +3.548870933e+05 +3.548870933e+05 +3.549462233e+05 +3.549462233e+05 +3.6820e+00 +4.5300e-01 +1.0852e+00 +1.6657e+00 -5.4633e+00 +4.5882e+00 -6.8009e-01 +2.1293e+00 -3.8075e+00 +2.3168e+00
78 +2.107446541e+05 +2.107446541e+05 +2.108037841e+05 +2.108037841e+05 +3.8219e+00 +9.7222e-01 +1.2609e+00 +1.8974e+00 -5.1029e+00 +4.4872e+00 -9.5895e-01 +1.9125e+00 -3.6262e+00 +1.9121e+00
111 +1.284713648e+05 +1.284713648e+05 +1.285304948e+05 +1.285304948e+05 +3.5829e+00 +7.8883e-01 +8.1466e-01 +1.5264e+00 -5.5608e+00 +4.2470e+00 -1.4886e+00 +1.5758e+00 -4.2377e+00 +2.9052e+00
122 +9.809302732e+04 +9.809302732e+04 +9.815215732e+04 +9.815215732e+04 +3.6122e+00 +8.4832e-01 +9.0098e-01 +1.5799e+00 -5.4564e+00 +4.2719e+00 -1.4759e+00 +1.5660e+00 -4.1361e+00 +2.7123e+00
155 +5.635701439e+04 +5.635701439e+04 +5.641614439e+04 +5.641614439e+04 +3.6282e+00 +1.0025e+00 +9.5895e-01 +1.6117e+00 -5.3371e+00 +4.2263e+00 -1.6368e+00 +1.4331e+00 -4.0911e+00 +2.5809e+00
188 +3.912658593e+04 +3.912658593e+04 +3.918571593e+04 +3.918571593e+04 +3.5530e+00 +1.1236e+00 +8.5640e-01 +1.4872e+00 -5.3759e+00 +4.0650e+00 -2.0237e+00 +1.1639e+00 -4.2728e+00 +2.8221e+00
265 +2.486724270e+04 +2.486724270e+04 +2.492637270e+04 +2.492637270e+04 +3.3429e+00 +1.3742e+00 +1.0829e+00 +6.3408e-01 -5.2816e+00 +3.5774e+00 -2.1181e+00 +1.3845e+00 -4.0933e+00 +2.8510e+00
287 +1.051485368e+04 +1.051485368e+04 +1.057398368e+04 +1.057398368e+04 +2.9174e+00 +1.9428e+00 +1.4839e+00 -1.1342e+00 -5.1419e+00 +2.5161e+00 -2.3357e+00 +1.8623e+00 -3.7975e+00 +3.0694e+00
320 +8.930656349e+03 +8.930656349e+03 +8.989786349e+03 +8.989786349e+03 +2.8747e+00 +1.9332e+00 +1.4896e+00 -1.2650e+00 -5.1714e+00 +2.4556e+00 -2.3260e+00 +1.9145e+00 -3.8052e+00 +3.1371e+00
430 +2.909322532e+03 +2.909322532e+03 +2.968452532e+03 +2.968452532e+03 +2.0731e+00 +2.1119e+00 +2.2700e+00 -1.3654e+00 -4.9240e+00 +2.3067e+00 -2.3763e+00 +2.3974e+00 -3.9932e+00 +3.3913e+00
474 +2.348233844e+03 +2.348233844e+03 +2.407363844e+03 +2.407363844e+03 +2.1963e+00 +2.0946e+00 +2.1788e+00 -1.2798e+00 -4.9361e+00 +2.3609e+00 -2.3537e+00 +2.3309e+00 -3.9570e+00 +3.3160e+00
672 +1.247233174e+03 +1.247233174e+03 +1.306363174e+03 +1.306363174e+03 +1.6028e+00 +2.1568e+00 +1.8051e+00 -1.1462e+00 -5.0343e+00 +2.4103e+00 -2.9198e+00 +2.9926e+00 -3.8486e+00 +3.1158e+00
705 +9.268056441e+02 +9.268056441e+02 +9.859356441e+02 +9.859356441e+02 +9.9824e-01 +2.2052e+00 +1.2440e+00 -9.9211e-01 -5.1821e+00 +2.4891e+00 -3.5816e+00 +3.7554e+00 -3.6590e+00 +2.8010e+00
771 +6.059521444e+02 +6.059521444e+02 +6.650821444e+02 +6.650821444e+02 +8.5757e-01 +2.2274e+00 +1.1668e+00 -9.5554e-01 -5.1950e+00 +2.5059e+00 -3.6808e+00 +3.9641e+00 -3.6034e+00 +2.7205e+00
991 +3.607531880e+02 +3.607531880e+02 +4.198831880e+02 +4.198831880e+02 +4.1067e-01 +2.0089e+00 +5.2654e-01 -5.7723e-01 -4.7743e+00 +2.1960e+00 -3.5614e+00 +3.8679e+00 -3.3258e+00 +2.7673e+00
1013 +2.016300079e+02 +2.016300079e+02 +2.607600079e+02 +2.607600079e+02 -2.7874e-01 +1.9035e+00 -5.9246e-02 -3.3381e-01 -4.4738e+00 +1.9284e+00 -3.7141e+00 +4.2094e+00 -3.0247e+00 +2.6944e+00
1046 +1.111417199e+02 +1.111417199e+02 +1.702717199e+02 +1.702717199e+02 -7.7145e-01 +1.7248e+00 -5.9898e-01 -1.3113e-02 -4.0365e+00 +1.6006e+00 -3.5900e+00 +4.1841e+00 -2.7414e+00 +2.7302e+00
1057 +7.938782896e+01 +7.938782896e+01 +1.385178290e+02 +1.385178290e+02 -9.0502e-01 +1.7211e+00 -6.7013e-01 -1.2274e-02 -3.9842e+00 +1.5362e+00 -3.6225e+00 +4.2574e+00 -2.6928e+00 +2.7280e+00
1101 +5.784116201e+01 +5.784116201e+01 +1.169711620e+02 +1.169711620e+02 -1.3128e+00 +1.6407e+00 -1.0359e+00 +1.5608e-01 -3.7534e+00 +1.3400e+00 -3.6640e+00 +4.3867e+00 -2.5060e+00 +2.7144e+00
1343 +3.195230028e+01 +3.195230028e+01 +9.108230028e+01 +9.108230028e+01 -1.2841e+00 +1.6620e+00 -1.0869e+00 +3.6701e-02 -3.5103e+00 +1.3288e+00 -3.4166e+00 +4.1783e+00 -2.5864e+00 +2.7994e+00
1387 +2.423115188e+01 +2.423115188e+01 +8.336115188e+01 +8.336115188e+01 -1.2860e+00 +1.6699e+00 -1.1203e+00 +1.4739e-02 -3.4275e+00 +1.3498e+00 -3.3464e+00 +4.1207e+00 -2.6226e+00 +2.8169e+00
1442 +1.255529098e+01 +1.255529098e+01 +7.168529098e+01 +7.168529098e+01 -1.4027e+00 +1.6657e+00 -1.2365e+00 +3.9453e-02 -3.3111e+00 +1.3402e+00 -3.3188e+00 +4.1369e+00 -2.6149e+00 +2.8157e+00
1453 +9.658151319e+00 +9.658151319e+00 +6.878815132e+01 +6.878815132e+01 -1.4611e+00 +1.6602e+00 -1.2933e+00 +5.2857e-02 -3.2522e+00 +1.3230e+00 -3.3015e+00 +4.1411e+00 -2.6034e+00 +2.8186e+00
1497 +5.940564183e+00 +5.940564183e+00 +6.507056418e+01 +6.507056418e+01 -1.6735e+00 +1.6260e+00 -1.4718e+00 +1.2050e-01 -3.0922e+00 +1.2213e+00 -3.2813e+00 +4.1801e+00 -2.5253e+00 +2.8292e+00
1541 +3.868303404e+00 +3.868303404e+00 +6.299830340e+01 +6.299830340e+01 -1.6257e+00 +1.6168e+00 -1.4371e+00 +1.2251e-01 -3.1217e+00 +1.2128e+00 -3.2714e+00 +4.1510e+00 -2.5213e+00 +2.8375e+00
1981 +2.507211035e+00 +2.507211035e+00 +6.163721103e+01 +6.163721103e+01 -1.8914e+00 +1.7347e+00 -1.5541e+00 +1.7622e-01 -3.2649e+00 +1.1163e+00 -3.1120e+00 +4.0387e+00 -2.5060e+00 +2.7312e+00
2003 +1.371955540e+00 +1.371955540e+00 +6.050195554e+01 +6.050195554e+01 -2.1007e+00 +1.8940e+00 -1.6131e+00 +1.9103e-01 -3.4767e+00 +1.0754e+00 -2.9414e+00 +3.9048e+00 -2.5422e+00 +2.6060e+00
2036 +7.123954440e-01 +7.123954440e-01 +5.984239544e+01 +5.984239544e+01 -2.1402e+00 +1.9742e+00 -1.5967e+00 +1.7803e-01 -3.5960e+00 +1.0928e+00 -2.8685e+00 +3.8373e+00 -2.5854e+00 +2.5497e+00
2047 +6.217469393e-01 +6.217469393e-01 +5.975174694e+01 +5.975174694e+01 -2.1942e+00 +2.0187e+00 -1.6084e+00 +1.8270e-01 -3.6623e+00 +1.0832e+00 -2.8252e+00 +3.8025e+00 -2.5954e+00 +2.5134e+00
2432 +3.841268841e-01 +3.841268841e-01 +5.951412688e+01 +5.951412688e+01 -2.3029e+00 +2.1164e+00 -1.6251e+00 +1.8953e-01 -3.8042e+00 +1.0825e+00 -2.7398e+00 +3.7261e+00 -2.5952e+00 +2.4537e+00
2454 +2.089728894e-01 +2.089728894e-01 +5.933897289e+01 +5.933897289e+01 -2.2836e+00 +2.1194e+00 -1.6076e+00 +1.7771e-01 -3.7822e+00 +1.1513e+00 -2.7696e+00 +3.7280e+00 -2.5135e+00 +2.5236e+00
2476 +1.488460661e-01 +1.488460661e-01 +5.927884607e+01 +5.927884607e+01 -2.2839e+00 +2.1349e+00 -1.5980e+00 +1.6836e-01 -3.7805e+00 +1.2060e+00 -2.7803e+00 +3.7178e+00 -2.4476e+00 +2.5725e+00
2498 +6.425335375e-02 +6.425335375e-02 +5.919425335e+01 +5.919425335e+01 -2.2705e+00 +2.1213e+00 -1.5986e+00 +1.6585e-01 -3.7504e+00 +1.2212e+00 -2.7995e+00 +3.7285e+00 -2.4198e+00 +2.6011e+00
2509 +4.230778511e-02 +4.230778511e-02 +5.917230779e+01 +5.917230779e+01 -2.2697e+00 +2.1160e+00 -1.6018e+00 +1.6641e-01 -3.7419e+00 +1.2189e+00 -2.8049e+00 +3.7339e+00 -2.4164e+00 +2.6041e+00
2520 +3.398693756e-02 +3.398693756e-02 +5.916398694e+01 +5.916398694e+01 -2.2689e+00 +2.1126e+00 -1.6035e+00 +1.6697e-01 -3.7359e+00 +1.2181e+00 -2.8082e+00 +3.7373e+00 -2.4148e+00 +2.6062e+00
2542 +1.378155681e-02 +1.378155681e-02 +5.914378156e+01 +5.914378156e+01 -2.2617e+00 +2.1092e+00 -1.6003e+00 +1.6398e-01 -3.7230e+00 +1.2366e+00 -2.8212e+00 +3.7429e+00 -2.3916e+00 +2.6272e+00
2553 +9.498378690e-03 +9.498378690e-03 +5.913949838e+01 +5.913949838e+01 -2.2552e+00 +2.1077e+00 -1.5963e+00 +1.6149e-01 -3.7167e+00 +1.2492e+00 -2.8290e+00 +3.7455e+00 -2.3776e+00 +2.6404e+00
2564 +5.672133270e-03 +5.672133270e-03 +5.913567213e+01 +5.913567213e+01 -2.2552e+00 +2.1093e+00 -1.5953e+00 +1.6100e-01 -3.7186e+00 +1.2504e+00 -2.8270e+00 +3.7430e+00 -2.3774e+00 +2.6407e+00
2575 +1.434820214e-03 +1.434820214e-03 +5.913143482e+01 +5.913143482e+01 -2.2540e+00 +2.1143e+00 -1.5913e+00 +1.5827e-01 -3.7221e+00 +1.2618e+00 -2.8269e+00 +3.7385e+00 -2.3665e+00 +2.6490e+00
2586 +6.374364759e-04 +6.374364759e-04 +5.913063744e+01 +5.913063744e+01 -2.2554e+00 +2.1164e+00 -1.5912e+00 +1.5764e-01 -3.7234e+00 +1.2649e+00 -2.8262e+00 +3.7367e+00 -2.3625e+00 +2.6514e+00
2608 +2.894224797e-04 +2.894224797e-04 +5.913028942e+01 +5.913028942e+01 -2.2572e+00 +2.1176e+00 -1.5919e+00 +1.5756e-01 -3.7240e+00 +1.2659e+00 -2.8254e+00 +3.7357e+00 -2.3605e+00 +2.6521e+00
2630 +2.121836783e-04 +2.121836783e-04 +5.913021218e+01 +5.913021218e+01 -2.2581e+00 +2.1177e+00 -1.5926e+00 +1.5790e-01 -3.7245e+00 +1.2644e+00 -2.8247e+00 +3.7355e+00 -2.3619e+00 +2.6506e+00
2641 +9.027360088e-05 +9.027360088e-05 +5.913009027e+01 +5.913009027e+01 -2.2591e+00 +2.1184e+00 -1.5929e+00 +1.5807e-01 -3.7255e+00 +1.2642e+00 -2.8239e+00 +3.7350e+00 -2.3621e+00 +2.6500e+00
2663 +1.412417991e-05 +1.412417991e-05 +5.913001412e+01 +5.913001412e+01 -2.2609e+00 +2.1193e+00 -1.5936e+00 +1.5842e-01 -3.7268e+00 +1.2635e+00 -2.8228e+00 +3.7342e+00 -2.3625e+00 +2.6489e+00
2696 +9.403729500e-06 +9.403729500e-06 +5.913000940e+01 +5.913000940e+01 -2.2613e+00 +2.1196e+00 -1.5937e+00 +1.5849e-01 -3.7273e+00 +1.2632e+00 -2.8224e+00 +3.7340e+00 -2.3628e+00 +2.6485e+00
5809 +5.146459742e-06 +5.146459742e-06 +5.913000515e+01 +5.913000515e+01 -2.2609e+00 +2.1192e+00 -1.5937e+00 +1.5850e-01 -3.7267e+00 +1.2634e+00 -2.8230e+00 +3.7344e+00 -2.3624e+00 +2.6489e+00
5842 +3.472348915e-06 +3.472348915e-06 +5.913000347e+01 +5.913000347e+01 -2.2609e+00 +2.1192e+00 -1.5937e+00 +1.5848e-01 -3.7267e+00 +1.2634e+00 -2.8229e+00 +3.7343e+00 -2.3623e+00 +2.6490e+00
8702 +2.444249425e-06 +2.444249425e-06 +5.913000244e+01 +5.913000244e+01 -2.2608e+00 +2.1193e+00 -1.5935e+00 +1.5840e-01 -3.7268e+00 +1.2638e+00 -2.8230e+00 +3.7343e+00 -2.3621e+00 +2.6492e+00
19988 +1.120910767e-06 +1.120910767e-06 +5.913000112e+01 +5.913000112e+01 -2.2607e+00 +2.1192e+00 -1.5936e+00 +1.5841e-01 -3.7265e+00 +1.2638e+00 -2.8232e+00 +3.7344e+00 -2.3619e+00 +2.6494e+00
19999 +8.583874092e-07 +8.583874092e-07 +5.913000086e+01 +5.913000086e+01 -2.2607e+00 +2.1191e+00 -1.5936e+00 +1.5841e-01 -3.7265e+00 +1.2639e+00 -2.8232e+00 +3.7344e+00 -2.3618e+00 +2.6494e+00
53098 +4.653787684e-07 +4.653787684e-07 +5.913000047e+01 +5.913000047e+01 -2.2608e+00 +2.1192e+00 -1.5936e+00 +1.5840e-01 -3.7264e+00 +1.2639e+00 -2.8231e+00 +3.7344e+00 -2.3617e+00 +2.6496e+00
144310 +3.861164615e-07 +3.861164615e-07 +5.913000039e+01 +5.913000039e+01 -2.2608e+00 +2.1192e+00 -1.5936e+00 +1.5839e-01 -3.7263e+00 +1.2641e+00 -2.8233e+00 +3.7344e+00 -2.3614e+00 +2.6497e+00
% function evaluation | noise-free fitness - Fopt (-4.915300000000e+02) | best noise-free fitness - Fopt | measured fitness | best measured fitness | x1 | x2...
1 +1.024865925e+07 +1.024865925e+07 +1.024816772e+07 +1.024816772e+07 -1.4164e+00 -4.3703e+00 +4.8134e+00 +3.3670e+00 +7.9175e-01 -3.7528e+00 +3.2403e-01 +3.9744e+00 -3.8101e-01 -1.5341e+00
12 +4.101493126e+06 +4.101493126e+06 +4.101001596e+06 +4.101001596e+06 -1.1083e+00 -4.3707e+00 +3.8465e+00 +3.3757e+00 +1.0065e-01 -3.9442e+00 +1.0544e+00 +2.9744e+00 -8.9415e-02 -8.8627e-01
23 +7.212536698e+05 +7.212536698e+05 +7.207621398e+05 +7.207621398e+05 -4.9937e-01 -4.2389e+00 +2.7403e+00 +2.8234e+00 -8.4057e-01 -5.0128e+00 +1.2192e+00 +1.2195e+00 +7.8578e-02 -3.1822e-01
34 +4.922725146e+05 +4.922725146e+05 +4.917809846e+05 +4.917809846e+05 -3.9504e-01 -4.1886e+00 +2.6850e+00 +2.6204e+00 -9.2925e-01 -5.2766e+00 +1.0467e+00 +9.5944e-01 +4.1281e-02 -3.3987e-01
56 +1.443689375e+05 +1.443689375e+05 +1.438774075e+05 +1.438774075e+05 -1.1891e-01 -4.0557e+00 +2.5387e+00 +2.0832e+00 -1.1640e+00 -5.9748e+00 +5.9012e-01 +2.7115e-01 -5.7436e-02 -3.9718e-01
78 +9.898015496e+04 +9.898015496e+04 +9.848862496e+04 +9.848862496e+04 -1.0523e-01 -4.0319e+00 +2.4554e+00 +2.0733e+00 -1.2230e+00 -5.8590e+00 +7.1679e-01 +1.9617e-01 -1.7280e-02 -3.2832e-01
111 +4.786186356e+04 +4.786186356e+04 +4.737033356e+04 +4.737033356e+04 -4.2849e-02 -3.5779e+00 +2.6347e+00 +1.2655e+00 -1.2518e+00 -4.9133e+00 +7.2832e-01 -1.1391e-01 -5.8231e-02 -4.6096e-01
166 +3.858720371e+04 +3.858720371e+04 +3.809567371e+04 +3.809567371e+04 +6.7421e-02 -3.5174e+00 +2.5870e+00 +8.4668e-01 -1.2737e+00 -4.6565e+00 +7.4171e-01 -2.0117e-01 -8.5583e-02 -5.0586e-01
287 +2.250526731e+04 +2.250526731e+04 +2.201373731e+04 +2.201373731e+04 +1.5172e-01 -3.3434e+00 +1.9820e+00 +1.6586e-02 -9.7296e-01 -4.1431e+00 +7.1377e-01 -1.0481e-01 +1.2233e-01 -8.8811e-01
309 +1.345411596e+04 +1.345411596e+04 +1.296258596e+04 +1.296258596e+04 +2.3211e-01 -3.1994e+00 +1.2355e+00 -8.4908e-01 -5.8335e-01 -3.6294e+00 +6.8912e-01 +9.3008e-02 +3.8606e-01 -1.3405e+00
331 +7.950890632e+03 +7.950890632e+03 +7.459360632e+03 +7.459360632e+03 +1.3672e-01 -3.1208e+00 +5.4147e-01 -9.2453e-01 -2.5214e-01 -3.7630e+00 +5.9551e-01 +2.4714e-01 +7.0031e-01 -1.6586e+00
353 +5.690593028e+03 +5.690593028e+03 +5.199063028e+03 +5.199063028e+03 +5.2294e-03 -3.0717e+00 +3.9291e-01 -6.4336e-01 -1.4894e-01 -3.9716e+00 +5.2829e-01 +2.8799e-01 +8.1868e-01 -1.7298e+00
452 +3.557968553e+03 +3.557968553e+03 +3.066438553e+03 +3.066438553e+03 -6.4560e-01 -2.9475e+00 -2.0423e-01 -8.5224e-01 -2.3249e-01 -3.7494e+00 +1.8893e-01 +3.7486e-01 +7.1208e-01 -1.8320e+00
496 +2.498713563e+03 +2.498713563e+03 +2.007183563e+03 +2.007183563e+03 -8.0272e-01 -3.0040e+00 -4.7321e-01 -9.6785e-01 -2.4036e-01 -3.6983e+00 +1.2390e-01 +4.8841e-01 +6.7667e-01 -1.8643e+00
584 +1.549335103e+03 +1.549335103e+03 +1.057805103e+03 +1.057805103e+03 -1.3464e+00 -3.0210e+00 -8.9123e-01 -1.0838e+00 -4.2049e-01 -3.5917e+00 -1.4391e-01 +5.8677e-01 +4.7396e-01 -1.8417e+00
870 +8.441909847e+02 +8.441909847e+02 +3.526609847e+02 +3.526609847e+02 -1.5841e+00 -2.6829e+00 -1.6586e+00 -9.3096e-01 -6.2881e-01 -3.3970e+00 -2.4340e-01 +7.6970e-01 -5.8824e-01 -2.2332e+00
892 +5.649586117e+02 +5.649586117e+02 +7.342861172e+01 +7.342861172e+01 -1.4000e+00 -2.3621e+00 -2.1314e+00 -7.9162e-01 -6.1102e-01 -3.3130e+00 -1.5780e-01 +8.5448e-01 -1.2492e+00 -2.6378e+00
914 +2.943936496e+02 +2.943936496e+02 -1.971363504e+02 -1.971363504e+02 -1.3212e+00 -2.1375e+00 -2.3783e+00 -5.0944e-01 -7.6746e-01 -3.2977e+00 -1.0057e-01 +9.0548e-01 -2.0175e+00 -2.8556e+00
936 +2.236204617e+02 +2.236204617e+02 -2.679095383e+02 -2.679095383e+02 -1.2149e+00 -1.9823e+00 -2.5776e+00 -4.0923e-01 -7.7031e-01 -3.2757e+00 -4.9064e-02 +9.3787e-01 -2.3581e+00 -3.0425e+00
969 +1.290526831e+02 +1.290526831e+02 -3.624773169e+02 -3.624773169e+02 -1.0779e+00 -1.8320e+00 -2.7339e+00 -3.0225e-01 -7.8056e-01 -3.2652e+00 +1.4882e-02 +9.5427e-01 -2.6999e+00 -3.2159e+00
1002 +8.381518030e+01 +8.381518030e+01 -4.077148197e+02 -4.077148197e+02 -1.1475e+00 -1.9508e+00 -2.5861e+00 -4.0348e-01 -7.6269e-01 -3.2841e+00 -2.5438e-02 +9.2163e-01 -2.4036e+00 -3.0774e+00
1321 +5.391744681e+01 +5.391744681e+01 -4.376125532e+02 -4.376125532e+02 -1.1059e+00 -1.6815e+00 -2.5796e+00 -5.1811e-01 -6.7032e-01 -3.3589e+00 -1.3918e-01 +1.1415e+00 -2.2865e+00 -2.5870e+00
1343 +3.410831449e+01 +3.410831449e+01 -4.574216855e+02 -4.574216855e+02 -9.0710e-01 -9.1391e-01 -2.8086e+00 -6.6058e-01 -4.6215e-01 -3.4910e+00 -3.3785e-01 +1.6675e+00 -2.4136e+00 -1.7420e+00
1387 +1.993358010e+01 +1.993358010e+01 -4.715964199e+02 -4.715964199e+02 -8.5059e-01 -8.2409e-01 -2.8236e+00 -6.3571e-01 -4.5064e-01 -3.5144e+00 -3.3662e-01 +1.7176e+00 -2.4889e+00 -1.6780e+00
1398 +1.392708866e+01 +1.392708866e+01 -4.776029113e+02 -4.776029113e+02 -8.0266e-01 -7.4428e-01 -2.8191e+00 -6.2695e-01 -4.3470e-01 -3.5391e+00 -3.4230e-01 +1.7667e+00 -2.5231e+00 -1.5891e+00
1409 +7.936240266e+00 +7.936240266e+00 -4.835937597e+02 -4.835937597e+02 -6.9686e-01 -5.5856e-01 -2.7648e+00 -6.6711e-01 -3.6371e-01 -3.6040e+00 -3.7720e-01 +1.8975e+00 -2.4696e+00 -1.2855e+00
1420 +6.222167457e+00 +6.222167457e+00 -4.853078325e+02 -4.853078325e+02 -7.0642e-01 -5.5963e-01 -2.7723e+00 -6.6452e-01 -3.7029e-01 -3.6012e+00 -3.8011e-01 +1.8976e+00 -2.4820e+00 -1.2898e+00
1464 +3.775267650e+00 +3.775267650e+00 -4.877547324e+02 -4.877547324e+02 -6.9668e-01 -4.7173e-01 -2.7943e+00 -6.7697e-01 -3.6165e-01 -3.6145e+00 -4.0855e-01 +1.9604e+00 -2.5151e+00 -1.1776e+00
1893 +2.453219949e+00 +2.453219949e+00 -4.890767801e+02 -4.890767801e+02 -3.5039e-01 -4.0784e-01 -2.9291e+00 -4.9906e-01 -4.9571e-01 -3.4154e+00 -8.4196e-01 +2.1019e+00 -2.4376e+00 -9.5700e-01
2487 +1.554519979e+00 +1.554519979e+00 -4.899754800e+02 -4.899754800e+02 -1.7581e-01 -4.4329e-01 -2.9922e+00 -3.9605e-01 -5.2311e-01 -3.2823e+00 -1.0876e+00 +2.1180e+00 -2.3752e+00 -8.5254e-01
2520 +9.757631530e-01 +9.757631530e-01 -4.905542368e+02 -4.905542368e+02 -1.6382e-01 -6.8646e-01 -2.9989e+00 -3.1408e-01 -3.6598e-01 -3.1652e+00 -1.1782e+00 +1.9069e+00 -2.3996e+00 -8.7929e-01
2542 +5.093402469e-01 +5.093402469e-01 -4.910206598e+02 -4.910206598e+02 -1.4010e-01 -6.5638e-01 -3.0243e+00 -3.0609e-01 -3.8000e-01 -3.1576e+00 -1.1939e+00 +1.9317e+00 -2.4199e+00 -8.7691e-01
2564 +2.668597591e-01 +2.668597591e-01 -4.912631402e+02 -4.912631402e+02 -9.3269e-02 -7.6226e-01 -3.0539e+00 -2.4127e-01 -3.1758e-01 -3.0765e+00 -1.2847e+00 +1.8457e+00 -2.4466e+00 -8.7171e-01
2575 +1.684908336e-01 +1.684908336e-01 -4.913615092e+02 -4.913615092e+02 -3.6416e-02 -8.2603e-01 -3.0873e+00 -1.8543e-01 -2.7890e-01 -3.0059e+00 -1.3820e+00 +1.7990e+00 -2.4617e+00 -8.4273e-01
2586 +1.163493560e-01 +1.163493560e-01 -4.914136506e+02 -4.914136506e+02 -6.4176e-03 -8.3493e-01 -3.1029e+00 -1.6520e-01 -2.6284e-01 -2.9802e+00 -1.4273e+00 +1.7935e+00 -2.4660e+00 -8.1134e-01
2597 +4.388657886e-02 +4.388657886e-02 -4.914861134e+02 -4.914861134e+02 +1.2311e-02 -8.0817e-01 -3.1103e+00 -1.6449e-01 -2.6749e-01 -2.9790e+00 -1.4474e+00 +1.8174e+00 -2.4602e+00 -7.7895e-01
2608 +9.572871832e-03 +9.572871832e-03 -4.915204271e+02 -4.915204271e+02 +6.3394e-02 -7.9532e-01 -3.1331e+00 -1.4115e-01 -2.5701e-01 -2.9488e+00 -1.5161e+00 +1.8329e+00 -2.4558e+00 -7.1813e-01
2619 +4.681646657e-03 +4.681646657e-03 -4.915253184e+02 -4.915253184e+02 +5.7799e-02 -8.0112e-01 -3.1305e+00 -1.4220e-01 -2.5693e-01 -2.9504e+00 -1.5091e+00 +1.8276e+00 -2.4567e+00 -7.2753e-01
2630 +2.104847303e-03 +2.104847303e-03 -4.915278952e+02 -4.915278952e+02 +5.9241e-02 -8.0480e-01 -3.1307e+00 -1.4024e-01 -2.5549e-01 -2.9482e+00 -1.5112e+00 +1.8247e+00 -2.4566e+00 -7.2860e-01
2641 +6.087978252e-04 +6.087978252e-04 -4.915293912e+02 -4.915293912e+02 +6.5415e-02 -8.0826e-01 -3.1336e+00 -1.3557e-01 -2.5271e-01 -2.9426e+00 -1.5195e+00 +1.8222e+00 -2.4575e+00 -7.2537e-01
2663 +3.973424281e-04 +3.973424281e-04 -4.915296027e+02 -4.915296027e+02 +7.0679e-02 -8.1060e-01 -3.1361e+00 -1.3184e-01 -2.5060e-01 -2.9380e+00 -1.5267e+00 +1.8207e+00 -2.4579e+00 -7.2207e-01
2674 +2.180059398e-04 +2.180059398e-04 -4.915297820e+02 -4.915297820e+02 +7.0000e-02 -8.0882e-01 -3.1357e+00 -1.3292e-01 -2.5158e-01 -2.9393e+00 -1.5254e+00 +1.8221e+00 -2.4574e+00 -7.2195e-01
2685 +7.740135180e-05 +7.740135180e-05 -4.915299226e+02 -4.915299226e+02 +6.9653e-02 -8.0650e-01 -3.1352e+00 -1.3401e-01 -2.5286e-01 -2.9406e+00 -1.5243e+00 +1.8241e+00 -2.4567e+00 -7.2137e-01
2707 +6.021231661e-05 +6.021231661e-05 -4.915299398e+02 -4.915299398e+02 +6.9228e-02 -8.0570e-01 -3.1349e+00 -1.3458e-01 -2.5348e-01 -2.9413e+00 -1.5234e+00 +1.8248e+00 -2.4564e+00 -7.2154e-01
2762 +2.795374877e-05 +2.795374877e-05 -4.915299720e+02 -4.915299720e+02 +7.0061e-02 -8.0568e-01 -3.1351e+00 -1.3415e-01 -2.5367e-01 -2.9408e+00 -1.5244e+00 +1.8250e+00 -2.4562e+00 -7.2107e-01
2773 +2.489518988e-05 +2.489518988e-05 -4.915299751e+02 -4.915299751e+02 +7.0100e-02 -8.0564e-01 -3.1351e+00 -1.3414e-01 -2.5377e-01 -2.9409e+00 -1.5244e+00 +1.8251e+00 -2.4562e+00 -7.2108e-01
13905 +1.226440423e-05 +1.226440423e-05 -4.915299877e+02 -4.915299877e+02 +7.1744e-02 -8.0685e-01 -3.1358e+00 -1.3281e-01 -2.5351e-01 -2.9392e+00 -1.5269e+00 +1.8244e+00 -2.4560e+00 -7.2041e-01
13927 +8.679654911e-06 +8.679654911e-06 -4.915299913e+02 -4.915299913e+02 +7.1670e-02 -8.0659e-01 -3.1358e+00 -1.3292e-01 -2.5366e-01 -2.9394e+00 -1.5268e+00 +1.8246e+00 -2.4560e+00 -7.2043e-01
27545 +6.114814710e-06 +6.114814710e-06 -4.915299939e+02 -4.915299939e+02 +7.2133e-02 -8.0721e-01 -3.1361e+00 -1.3246e-01 -2.5322e-01 -2.9387e+00 -1.5276e+00 +1.8241e+00 -2.4561e+00 -7.2019e-01
27556 +3.635846269e-06 +3.635846269e-06 -4.915299964e+02 -4.915299964e+02 +7.2031e-02 -8.0675e-01 -3.1361e+00 -1.3267e-01 -2.5325e-01 -2.9390e+00 -1.5273e+00 +1.8245e+00 -2.4562e+00 -7.2000e-01
27567 +2.016765791e-06 +2.016765791e-06 -4.915299980e+02 -4.915299980e+02 +7.2022e-02 -8.0674e-01 -3.1360e+00 -1.3267e-01 -2.5335e-01 -2.9390e+00 -1.5273e+00 +1.8245e+00 -2.4561e+00 -7.2005e-01
27589 +1.492057038e-06 +1.492057038e-06 -4.915299985e+02 -4.915299985e+02 +7.2003e-02 -8.0671e-01 -3.1360e+00 -1.3269e-01 -2.5340e-01 -2.9391e+00 -1.5273e+00 +1.8245e+00 -2.4561e+00 -7.2007e-01
69323 +7.465850445e-07 +7.465850445e-07 -4.915299993e+02 -4.915299993e+02 +7.1957e-02 -8.0632e-01 -3.1360e+00 -1.3286e-01 -2.5365e-01 -2.9393e+00 -1.5271e+00 +1.8249e+00 -2.4560e+00 -7.2000e-01
69345 +6.002573514e-07 +6.002573514e-07 -4.915299994e+02 -4.915299994e+02 +7.1957e-02 -8.0630e-01 -3.1360e+00 -1.3287e-01 -2.5366e-01 -2.9393e+00 -1.5271e+00 +1.8249e+00 -2.4560e+00 -7.2000e-01
69455 +3.365759653e-07 +3.365759653e-07 -4.915299997e+02 -4.915299997e+02 +7.1938e-02 -8.0629e-01 -3.1360e+00 -1.3288e-01 -2.5366e-01 -2.9393e+00 -1.5271e+00 +1.8249e+00 -2.4560e+00 -7.2002e-01
69477 +1.887780741e-07 +1.887780741e-07 -4.915299998e+02 -4.915299998e+02 +7.1918e-02 -8.0629e-01 -3.1360e+00 -1.3288e-01 -2.5365e-01 -2.9393e+00 -1.5271e+00 +1.8249e+00 -2.4560e+00 -7.2003e-01
69499 +1.521906370e-07 +1.521906370e-07 -4.915299998e+02 -4.915299998e+02 +7.1926e-02 -8.0628e-01 -3.1360e+00 -1.3288e-01 -2.5363e-01 -2.9393e+00 -1.5271e+00 +1.8249e+00 -2.4560e+00 -7.2001e-01
