% function evaluation | noise-free fitness - Fopt (7.627000000000e+01) | best noise-free fitness - Fopt | measured fitness | best measured fitness | x1 | x2...
1 +1.642463528e+06 +1.642463528e+06 +1.642539798e+06 +1.642539798e+06 -8.2604e-01 -1.7333e+00 -1.1226e+00 -3.8224e+00 +1.2304e+00 -1.9962e+00 -2.7807e+00 -3.3381e+00 -4.3163e+00 +4.4744e+00
12 +1.045122234e+05 +1.045122234e+05 +1.045884934e+05 +1.045884934e+05 -9.2445e-01 -1.5062e+00 -1.9497e+00 -3.9779e+00 +2.3038e-01 -2.2024e+00 -2.5766e+00 -3.7199e+00 -4.2654e+00 +4.0306e+00
23 +2.034037909e+03 +2.034037909e+03 +2.110307909e+03 +2.110307909e+03 -9.0614e-01 -1.5485e+00 -1.7958e+00 -3.9489e+00 +4.1646e-01 -2.1640e+00 -2.6146e+00 -3.6488e+00 -4.2749e+00 +4.1132e+00
34 +9.383622150e+01 +9.383622150e+01 +1.701062215e+02 +1.701062215e+02 -9.0368e-01 -1.5541e+00 -1.7751e+00 -3.9451e+00 +4.4144e-01 -2.1589e+00 -2.6197e+00 -3.6393e+00 -4.2762e+00 +4.1243e+00
221 +5.965925664e+01 +5.965925664e+01 +1.359292566e+02 +1.359292566e+02 -7.7033e-01 -1.7120e+00 -1.6472e+00 -2.2394e+00 -2.4704e-01 -2.4419e+00 -2.3032e+00 -2.3678e+00 -3.1233e+00 +4.0441e+00
254 +3.578485479e+01 +3.578485479e+01 +1.120548548e+02 +1.120548548e+02 -7.6077e-01 -1.7236e+00 -1.6367e+00 -2.1191e+00 -2.9362e-01 -2.4615e+00 -2.2813e+00 -2.2776e+00 -3.0422e+00 +4.0392e+00
265 +1.343479214e+01 +1.343479214e+01 +8.970479214e+01 +8.970479214e+01 -6.2389e-01 -1.8857e+00 -1.5049e+00 -3.6892e-01 -9.9944e-01 -2.7518e+00 -1.9567e+00 -9.7284e-01 -1.8594e+00 +3.9572e+00
276 +7.149317724e+00 +7.149317724e+00 +8.341931772e+01 +8.341931772e+01 -5.4723e-01 -1.9766e+00 -1.4306e+00 +6.1052e-01 -1.3936e+00 -2.9141e+00 -1.7753e+00 -2.4242e-01 -1.1975e+00 +3.9116e+00
331 +6.106468843e+00 +6.106468843e+00 +8.237646884e+01 +8.237646884e+01 -4.7166e-01 -2.0661e+00 -1.3580e+00 +1.5769e+00 -1.7835e+00 -3.0744e+00 -1.5960e+00 +4.7803e-01 -5.4436e-01 +3.8662e+00
595 +1.589110282e+00 +1.589110282e+00 +7.785911028e+01 +7.785911028e+01 -6.9330e-01 -2.6674e+00 -1.5688e+00 +2.0432e-01 -1.3683e+00 -2.2384e+00 -9.5852e-01 +7.5502e-01 -1.1217e+00 +3.1426e+00
606 +1.148925643e+00 +1.148925643e+00 +7.741892564e+01 +7.741892564e+01 -6.9802e-01 -2.7120e+00 -1.5730e+00 +2.2862e-01 -1.3859e+00 -2.2070e+00 -9.0220e-01 +8.4879e-01 -1.0849e+00 +3.0957e+00
628 +8.024735189e-01 +8.024735189e-01 +7.707247352e+01 +7.707247352e+01 -7.1401e-01 -2.7953e+00 -1.5878e+00 +1.9659e-01 -1.3889e+00 -2.1297e+00 -8.0275e-01 +9.7882e-01 -1.0652e+00 +3.0042e+00
672 +5.186202710e-01 +5.186202710e-01 +7.678862027e+01 +7.678862027e+01 -7.1736e-01 -2.8715e+00 -1.5910e+00 +2.8968e-01 -1.4396e+00 -2.0887e+00 -7.0264e-01 +1.1688e+00 -9.6973e-01 +2.9266e+00
694 +3.637137634e-01 +3.637137634e-01 +7.663371376e+01 +7.663371376e+01 -7.1419e-01 -2.9321e+00 -1.5875e+00 +4.2607e-01 -1.5034e+00 -2.0713e+00 -6.1873e-01 +1.3561e+00 -8.5454e-01 +2.8685e+00
2421 +1.428282931e-01 +1.428282931e-01 +7.641282829e+01 +7.641282829e+01 -1.0030e+00 -2.9459e+00 -1.1457e+00 +4.4869e-01 -1.6698e+00 -2.1235e+00 -6.9298e-01 +1.2290e+00 -9.6843e-01 +2.5553e+00
2443 +7.918840943e-02 +7.918840943e-02 +7.634918841e+01 +7.634918841e+01 -9.9396e-01 -3.0659e+00 -1.0843e+00 +5.4628e-01 -1.8017e+00 -2.1892e+00 -6.8242e-01 +1.3123e+00 -8.8675e-01 +2.6134e+00
5193 +5.246066280e-02 +5.246066280e-02 +7.632246066e+01 +7.632246066e+01 -8.3578e-01 -3.0649e+00 -1.2463e+00 +5.6590e-01 -1.7672e+00 -2.2777e+00 -6.6624e-01 +1.2368e+00 -1.0818e+00 +2.8868e+00
5204 +3.752523805e-02 +3.752523805e-02 +7.630752524e+01 +7.630752524e+01 -8.5106e-01 -3.0902e+00 -1.2315e+00 +5.9794e-01 -1.8007e+00 -2.2608e+00 -6.5382e-01 +1.2926e+00 -1.0482e+00 +2.8677e+00
5281 +2.511039046e-02 +2.511039046e-02 +7.629511039e+01 +7.629511039e+01 -8.6754e-01 -3.1095e+00 -1.2090e+00 +6.0670e-01 -1.8158e+00 -2.2662e+00 -6.6078e-01 +1.2886e+00 -1.0486e+00 +2.8535e+00
19636 +7.491364981e-03 +7.491364981e-03 +7.627749136e+01 +7.627749136e+01 -9.3576e-01 -3.1511e+00 -1.2057e+00 +5.4716e-01 -1.7732e+00 -2.2330e+00 -6.1731e-01 +1.3025e+00 -9.6434e-01 +2.7683e+00
19669 +6.265390232e-03 +6.265390232e-03 +7.627626539e+01 +7.627626539e+01 -9.2632e-01 -3.1442e+00 -1.2263e+00 +5.2624e-01 -1.7470e+00 -2.2302e+00 -6.2063e-01 +1.2979e+00 -9.5925e-01 +2.7581e+00
29140 +3.456180850e-03 +3.456180850e-03 +7.627345618e+01 +7.627345618e+01 -9.5088e-01 -3.1437e+00 -1.2196e+00 +5.3945e-01 -1.7537e+00 -2.2146e+00 -6.7654e-01 +1.2579e+00 -9.6634e-01 +2.7623e+00
29151 +2.500527871e-03 +2.500527871e-03 +7.627250053e+01 +7.627250053e+01 -9.5115e-01 -3.1422e+00 -1.2321e+00 +5.4635e-01 -1.7481e+00 -2.2077e+00 -6.7625e-01 +1.2573e+00 -9.7856e-01 +2.7677e+00
29195 +1.555238312e-03 +1.555238312e-03 +7.627155524e+01 +7.627155524e+01 -9.5398e-01 -3.1524e+00 -1.2395e+00 +5.4436e-01 -1.7513e+00 -2.1978e+00 -6.7231e-01 +1.2697e+00 -9.9525e-01 +2.7695e+00
% function evaluation | noise-free fitness - Fopt (-2.255000000000e+01) | best noise-free fitness - Fopt | measured fitness | best measured fitness | x1 | x2...
1 +1.793357672e+07 +1.793357672e+07 +1.793355417e+07 +1.793355417e+07 -1.6025e+00 +1.0573e+00 +3.9421e+00 -1.9233e+00 -3.2865e+00 +1.5990e+00 +4.6474e+00 -2.0921e-01 -3.7307e+00 -3.2264e+00
12 +6.441087609e+06 +6.441087609e+06 +6.441065059e+06 +6.441065059e+06 -8.0499e-01 +2.7719e-01 +3.8950e+00 -2.1858e+00 -3.2442e+00 +1.9607e+00 +3.6474e+00 -2.0602e-01 -3.7584e+00 -2.8671e+00
23 +3.850838065e+03 +3.850838065e+03 +3.828288065e+03 +3.828288065e+03 +4.6543e-01 -9.6551e-01 +3.8199e+00 -2.6041e+00 -3.1769e+00 +2.5368e+00 +2.0544e+00 -2.0094e-01 -3.8026e+00 -2.2948e+00
34 +6.158928892e+02 +6.158928892e+02 +5.933428892e+02 +5.933428892e+02 +4.8690e-01 -9.8650e-01 +3.8186e+00 -2.6112e+00 -3.1758e+00 +2.5466e+00 +2.0274e+00 -2.0086e-01 -3.8033e+00 -2.2851e+00
56 +1.531747338e+02 +1.531747338e+02 +1.306247338e+02 +1.306247338e+02 +4.9487e-01 -9.9430e-01 +3.8182e+00 -2.6138e+00 -3.1754e+00 +2.5502e+00 +2.0175e+00 -2.0083e-01 -3.8036e+00 -2.2815e+00
232 +9.828624225e+01 +9.828624225e+01 +7.573624225e+01 +7.573624225e+01 +5.4754e-01 -6.7545e-01 +3.6563e+00 -2.6734e+00 -2.7182e+00 +2.1343e+00 +1.7706e+00 -5.2165e-01 -3.0901e+00 -1.9953e+00
287 +5.997353424e+01 +5.997353424e+01 +3.742353424e+01 +3.742353424e+01 +7.3447e-01 +5.6570e-01 +3.0349e+00 -2.8976e+00 -9.6117e-01 +5.2802e-01 +8.4091e-01 -1.7552e+00 -3.4624e-01 -9.0212e-01
298 +3.278295990e+01 +3.278295990e+01 +1.023295990e+01 +1.023295990e+01 +1.1454e+00 +3.3316e+00 +1.6528e+00 -3.3946e+00 +2.9472e+00 -3.0474e+00 -1.2211e+00 -4.4993e+00 +5.7579e+00 +1.5276e+00
309 +1.399355056e+01 +1.399355056e+01 -8.556449444e+00 -8.556449444e+00 +9.9847e-01 +2.3438e+00 +2.1465e+00 -3.2170e+00 +1.5512e+00 -1.7704e+00 -4.8435e-01 -3.5192e+00 +3.5776e+00 +6.5969e-01
375 +7.400642857e+00 +7.400642857e+00 -1.514935714e+01 -1.514935714e+01 +1.0006e+00 +2.3667e+00 +2.1357e+00 -3.2206e+00 +1.5818e+00 -1.7990e+00 -4.9906e-01 -3.5408e+00 +3.6256e+00 +6.7822e-01
408 +5.980415945e+00 +5.980415945e+00 -1.656958406e+01 -1.656958406e+01 +9.5772e-01 +2.0818e+00 +2.2783e+00 -3.1691e+00 +1.1786e+00 -1.4303e+00 -2.8567e-01 -3.2576e+00 +2.9958e+00 +4.2729e-01
683 +3.785222683e+00 +3.785222683e+00 -1.876477732e+01 -1.876477732e+01 +1.3687e+00 +2.0127e+00 +2.5331e+00 -3.0387e+00 +9.5897e-01 -8.9137e-01 +1.1270e-01 -3.1343e+00 +2.1593e+00 +2.3159e-02
705 +2.491985830e+00 +2.491985830e+00 -2.005801417e+01 -2.005801417e+01 +1.5743e+00 +2.1880e+00 +2.5398e+00 -3.0196e+00 +1.1541e+00 -9.2555e-01 +1.3107e-01 -3.2846e+00 +2.2532e+00 +2.9885e-02
738 +9.245777053e-01 +9.245777053e-01 -2.162542229e+01 -2.162542229e+01 +2.1685e+00 +2.6191e+00 +2.6017e+00 -2.9484e+00 +1.6095e+00 -9.1651e-01 +2.4717e-01 -3.6432e+00 +2.3430e+00 -2.4225e-02
749 +3.973234126e-01 +3.973234126e-01 -2.215267659e+01 -2.215267659e+01 +2.4770e+00 +2.7835e+00 +2.6679e+00 -2.8984e+00 +1.7598e+00 -8.2602e-01 +3.5834e-01 -3.7696e+00 +2.2450e+00 -1.1121e-01
782 +2.146657885e-01 +2.146657885e-01 -2.233533421e+01 -2.233533421e+01 +2.5399e+00 +2.8298e+00 +2.6739e+00 -2.8912e+00 +1.8093e+00 -8.2639e-01 +3.6951e-01 -3.8084e+00 +2.2568e+00 -1.1586e-01
3873 +1.355685338e-01 +1.355685338e-01 -2.241443147e+01 -2.241443147e+01 +2.5089e+00 +2.4232e+00 +2.5051e+00 -2.6773e+00 +2.0608e+00 -1.1234e+00 +5.7924e-01 -3.7481e+00 +2.2797e+00 +5.9576e-02
5281 +8.484051244e-02 +8.484051244e-02 -2.246515949e+01 -2.246515949e+01 +2.5313e+00 +2.6172e+00 +2.6531e+00 -2.7381e+00 +1.9092e+00 -8.6996e-01 +4.5221e-01 -3.9404e+00 +2.3008e+00 -1.8250e-01
5292 +5.776577200e-02 +5.776577200e-02 -2.249223423e+01 -2.249223423e+01 +2.4740e+00 +2.5918e+00 +2.6009e+00 -2.7510e+00 +1.8525e+00 -9.3558e-01 +4.0627e-01 -3.9347e+00 +2.3410e+00 -1.7853e-01
9142 +3.227626349e-02 +3.227626349e-02 -2.251772374e+01 -2.251772374e+01 +2.4886e+00 +2.5688e+00 +2.5084e+00 -2.8120e+00 +1.8540e+00 -9.9720e-01 +4.9917e-01 -3.9132e+00 +2.3527e+00 +3.1132e-03
9153 +1.386557398e-02 +1.386557398e-02 -2.253613443e+01 -2.253613443e+01 +2.5128e+00 +2.5710e+00 +2.5193e+00 -2.7835e+00 +1.8776e+00 -1.0069e+00 +5.0980e-01 -3.8774e+00 +2.2896e+00 +8.7128e-03
9208 +9.817143893e-03 +9.817143893e-03 -2.254018286e+01 -2.254018286e+01 +2.5152e+00 +2.5799e+00 +2.5191e+00 -2.7885e+00 +1.8822e+00 -1.0181e+00 +5.0305e-01 -3.8877e+00 +2.3199e+00 +1.2992e-02
35157 +5.736297418e-03 +5.736297418e-03 -2.254426370e+01 -2.254426370e+01 +2.5582e+00 +2.5461e+00 +2.5061e+00 -2.6977e+00 +1.9235e+00 -1.0481e+00 +5.1421e-01 -3.9444e+00 +2.3428e+00 -3.2575e-02
47818 +2.511033270e-03 +2.511033270e-03 -2.254748897e+01 -2.254748897e+01 +2.5787e+00 +2.5897e+00 +2.5208e+00 -2.7372e+00 +1.8895e+00 -1.0090e+00 +5.2036e-01 -3.9182e+00 +2.3539e+00 -2.7895e-02
47840 +1.543685103e-03 +1.543685103e-03 -2.254845631e+01 -2.254845631e+01 +2.5685e+00 +2.5749e+00 +2.5155e+00 -2.7376e+00 +1.9008e+00 -1.0211e+00 +5.2139e-01 -3.9192e+00 +2.3401e+00 -2.5679e-02
% function evaluation | noise-free fitness - Fopt (1.366000000000e+01) | best noise-free fitness - Fopt | measured fitness | best measured fitness | x1 | x2...
1 +2.344406499e+05 +2.344406499e+05 +2.344543099e+05 +2.344543099e+05 +4.1573e+00 -8.7161e-01 -1.0232e+00 -4.9870e+00 +3.9105e+00 -1.3159e+00 +1.5134e+00 -1.3617e+00 -1.0552e+00 +3.3780e+00
23 +3.285467258e+04 +3.285467258e+04 +3.286833258e+04 +3.286833258e+04 +4.1796e+00 -1.1339e+00 -8.2800e-01 -5.0943e+00 +3.7673e+00 -1.0033e+00 +1.0980e+00 -1.2669e+00 -1.0203e+00 +3.2311e+00
34 +4.274730165e+03 +4.274730165e+03 +4.288390165e+03 +4.288390165e+03 +4.1712e+00 -1.0353e+00 -9.0136e-01 -5.0540e+00 +3.8211e+00 -1.1207e+00 +1.2541e+00 -1.3025e+00 -1.0334e+00 +3.2863e+00
45 +7.049578431e+02 +7.049578431e+02 +7.186178431e+02 +7.186178431e+02 +4.1728e+00 -1.0536e+00 -8.8771e-01 -5.0615e+00 +3.8111e+00 -1.0989e+00 +1.2251e+00 -1.2959e+00 -1.0310e+00 +3.2760e+00
67 +1.500876491e+02 +1.500876491e+02 +1.637476491e+02 +1.637476491e+02 +4.1736e+00 -1.0630e+00 -8.8070e-01 -5.0653e+00 +3.8060e+00 -1.0877e+00 +1.2102e+00 -1.2925e+00 -1.0297e+00 +3.2708e+00
265 +8.336685660e+01 +8.336685660e+01 +9.702685660e+01 +9.702685660e+01 +2.8655e+00 +5.4575e-01 +2.6831e-01 -2.8804e+00 +1.6727e+00 -8.3555e-01 +1.8614e+00 -2.0122e+00 +9.8232e-02 +6.8819e-01
276 +3.039065117e+01 +3.039065117e+01 +4.405065117e+01 +4.405065117e+01 +1.5144e+00 +2.2090e+00 +1.4538e+00 -6.2300e-01 -5.2960e-01 -5.7720e-01 +2.5366e+00 -2.7561e+00 +1.2630e+00 -1.9782e+00
287 +5.112686757e+00 +5.112686757e+00 +1.877268676e+01 +1.877268676e+01 +6.1532e-01 +3.3167e+00 +2.2417e+00 +8.7932e-01 -1.9943e+00 -4.0659e-01 +2.9876e+00 -3.2514e+00 +2.0378e+00 -3.7516e+00
309 +3.651925361e+00 +3.651925361e+00 +1.731192536e+01 +1.731192536e+01 +9.8627e-01 +2.8604e+00 +1.9159e+00 +2.5965e-01 -1.3894e+00 -4.7798e-01 +2.8028e+00 -3.0473e+00 +1.7179e+00 -3.0193e+00
1266 +1.568341517e+00 +1.568341517e+00 +1.522834152e+01 +1.522834152e+01 -2.4501e-01 +2.7211e+00 +3.1344e+00 +1.9773e-01 -2.1047e+00 -4.5019e-01 +4.0627e+00 -3.3733e+00 +1.0635e+00 -4.4653e+00
1310 +9.588503332e-01 +9.588503332e-01 +1.461885033e+01 +1.461885033e+01 -2.7164e-01 +2.5209e+00 +2.9743e+00 +3.0129e-01 -1.8318e+00 -5.3243e-01 +3.8825e+00 -3.0661e+00 +1.0334e+00 -4.1390e+00
4104 +5.888241040e-01 +5.888241040e-01 +1.424882410e+01 +1.424882410e+01 +7.5335e-01 +2.1164e+00 +2.4476e+00 +6.2313e-01 -1.4883e+00 -2.5866e-01 +3.7348e+00 -3.1567e+00 +1.1057e+00 -3.5720e+00
4137 +3.706992687e-01 +3.706992687e-01 +1.403069927e+01 +1.403069927e+01 +5.0001e-01 +2.2681e+00 +2.6212e+00 +5.0912e-01 -1.7087e+00 -4.0070e-01 +3.7236e+00 -3.2852e+00 +1.3172e+00 -3.6553e+00
4181 +2.461939921e-01 +2.461939921e-01 +1.390619399e+01 +1.390619399e+01 +6.1831e-01 +2.3156e+00 +2.7145e+00 +4.6353e-01 -1.5552e+00 -4.0687e-01 +3.7568e+00 -3.2954e+00 +1.3832e+00 -3.8131e+00
6469 +1.443377865e-01 +1.443377865e-01 +1.380433779e+01 +1.380433779e+01 +5.8762e-01 +2.1196e+00 +2.7301e+00 +2.1499e-01 -1.3253e+00 -4.5748e-01 +3.8346e+00 -3.5662e+00 +1.0450e+00 -4.0734e+00
6502 +6.047639044e-02 +6.047639044e-02 +1.372047639e+01 +1.372047639e+01 +3.1920e-01 +2.2595e+00 +2.7432e+00 +2.4672e-01 -1.4396e+00 -4.9149e-01 +3.7446e+00 -3.5588e+00 +1.1245e+00 -4.0519e+00
6524 +3.130152483e-02 +3.130152483e-02 +1.369130152e+01 +1.369130152e+01 +4.3692e-01 +2.1885e+00 +2.7028e+00 +2.3923e-01 -1.4200e+00 -5.1889e-01 +3.7567e+00 -3.4897e+00 +1.1281e+00 -4.0220e+00
6535 +2.434626881e-02 +2.434626881e-02 +1.368434627e+01 +1.368434627e+01 +4.5344e-01 +2.1763e+00 +2.6731e+00 +2.4391e-01 -1.4354e+00 -5.4429e-01 +3.7401e+00 -3.4432e+00 +1.1567e+00 -3.9959e+00
40239 +1.236325451e-02 +1.236325451e-02 +1.367236325e+01 +1.367236325e+01 +3.9552e-01 +2.2221e+00 +2.6299e+00 +3.0954e-01 -1.4442e+00 -5.3841e-01 +3.6948e+00 -3.4350e+00 +1.1095e+00 -4.0488e+00
40250 +9.853447031e-03 +9.853447031e-03 +1.366985345e+01 +1.366985345e+01 +4.2795e-01 +2.2223e+00 +2.6183e+00 +3.1951e-01 -1.4490e+00 -5.3813e-01 +3.6899e+00 -3.4312e+00 +1.1067e+00 -4.0456e+00
% function evaluation | noise-free fitness - Fopt (9.378400000000e+02) | best noise-free fitness - Fopt | measured fitness | best measured fitness | x1 | x2...
1 +4.167139170e+06 +4.167139170e+06 +4.168077010e+06 +4.168077010e+06 -1.4911e+00 +6.7031e-01 +4.9711e-01 -3.2072e+00 +4.3683e-02 -3.9978e+00 -5.1764e-01 +4.9005e-01 -2.9896e+00 +9.4029e-01
12 +7.521821211e+04 +7.521821211e+04 +7.615605211e+04 +7.615605211e+04 -2.1744e+00 +1.3912e+00 +6.5671e-01 -3.5987e+00 +5.6663e-01 -3.6882e+00 -5.3498e-01 -5.0995e-01 -2.5740e+00 +1.5703e+00
23 +5.455419113e+03 +5.455419113e+03 +6.393259113e+03 +6.393259113e+03 -2.2488e+00 +1.4698e+00 +6.7412e-01 -3.6414e+00 +6.2364e-01 -3.6545e+00 -5.3687e-01 -6.1898e-01 -2.5287e+00 +1.6390e+00
34 +3.045672602e+02 +3.045672602e+02 +1.242407260e+03 +1.242407260e+03 -2.2844e+00 +1.5073e+00 +6.8243e-01 -3.6617e+00 +6.5086e-01 -3.6384e+00 -5.3777e-01 -6.7103e-01 -2.5071e+00 +1.6718e+00
45 +1.142910334e+02 +1.142910334e+02 +1.052131033e+03 +1.052131033e+03 -2.2798e+00 +1.5025e+00 +6.8135e-01 -3.6591e+00 +6.4734e-01 -3.6404e+00 -5.3766e-01 -6.6429e-01 -2.5099e+00 +1.6675e+00
221 +7.320486898e+01 +7.320486898e+01 +1.011044869e+03 +1.011044869e+03 -1.5370e+00 +2.1029e+00 +1.6321e+00 -3.0686e+00 +2.4816e-01 -2.1144e+00 -1.0697e+00 +1.0882e-01 -1.4289e+00 +1.9784e+00
232 +4.483867290e+01 +4.483867290e+01 +9.826786729e+02 +9.826786729e+02 -1.0308e+00 +2.5154e+00 +2.2827e+00 -2.6658e+00 -2.3479e-02 -1.0700e+00 -1.4335e+00 +6.3495e-01 -6.8858e-01 +2.1927e+00
243 +1.236106884e+01 +1.236106884e+01 +9.502010688e+02 +9.502010688e+02 +4.2921e-01 +3.7026e+00 +4.1572e+00 -1.5043e+00 -8.0725e-01 +1.9391e+00 -2.4820e+00 +2.1530e+00 +1.4440e+00 +2.8088e+00
265 +9.296677108e+00 +9.296677108e+00 +9.471366771e+02 +9.471366771e+02 +5.8121e-01 +3.8269e+00 +4.3529e+00 -1.3833e+00 -8.8877e-01 +2.2533e+00 -2.5915e+00 +2.3109e+00 +1.6668e+00 +2.8735e+00
320 +5.774822866e+00 +5.774822866e+00 +9.436148229e+02 +9.436148229e+02 +5.3147e-01 +3.7869e+00 +4.2894e+00 -1.4229e+00 -8.6201e-01 +2.1514e+00 -2.5559e+00 +2.2591e+00 +1.5946e+00 +2.8528e+00
375 +3.623910912e+00 +3.623910912e+00 +9.414639109e+02 +9.414639109e+02 +5.6944e-01 +3.8192e+00 +4.3394e+00 -1.3925e+00 -8.8225e-01 +2.2316e+00 -2.5837e+00 +2.2983e+00 +1.6517e+00 +2.8698e+00
782 +2.244342801e+00 +2.244342801e+00 +9.400843428e+02 +9.400843428e+02 +4.3080e-01 +3.7770e+00 +4.2028e+00 -1.3471e+00 -9.9761e-01 +2.5617e+00 -2.4182e+00 +2.3276e+00 +1.6776e+00 +2.7975e+00
804 +1.238437179e+00 +1.238437179e+00 +9.390784372e+02 +9.390784372e+02 +1.7747e-01 +3.6674e+00 +3.9342e+00 -1.3366e+00 -1.1202e+00 +2.8791e+00 -2.1465e+00 +2.3006e+00 +1.6192e+00 +2.6719e+00
826 +8.559613963e-01 +8.559613963e-01 +9.386959614e+02 +9.386959614e+02 -1.6439e-01 +3.5286e+00 +3.5772e+00 -1.3020e+00 -1.3103e+00 +3.3875e+00 -1.7713e+00 +2.2867e+00 +1.5701e+00 +2.5007e+00
848 +5.923608025e-01 +5.923608025e-01 +9.384323608e+02 +9.384323608e+02 -6.6044e-03 +3.6255e+00 +3.7614e+00 -1.2448e+00 -1.3116e+00 +3.4420e+00 -1.9135e+00 +2.3744e+00 +1.7000e+00 +2.5730e+00
1673 +3.798610677e-01 +3.798610677e-01 +9.382198611e+02 +9.382198611e+02 -5.1264e-02 +3.3729e+00 +3.7644e+00 -1.2083e+00 -1.1959e+00 +3.5978e+00 -1.6383e+00 +2.6869e+00 +2.0939e+00 +2.9064e+00
1684 +1.175667783e-01 +1.175667783e-01 +9.379575668e+02 +9.379575668e+02 -2.9549e-01 +3.5805e+00 +3.9131e+00 -1.1518e+00 -1.2635e+00 +3.4480e+00 -1.5886e+00 +2.6656e+00 +1.9612e+00 +2.5864e+00
1695 +9.355203225e-02 +9.355203225e-02 +9.379335520e+02 +9.379335520e+02 -2.8681e-01 +3.6145e+00 +3.9166e+00 -1.2040e+00 -1.3117e+00 +3.4545e+00 -1.6209e+00 +2.6827e+00 +1.9451e+00 +2.5976e+00
6304 +4.966100985e-02 +4.966100985e-02 +9.378896610e+02 +9.378896610e+02 -3.8557e-01 +3.5840e+00 +4.0169e+00 -1.3299e+00 -1.3921e+00 +3.3690e+00 -1.6958e+00 +2.8620e+00 +2.0402e+00 +2.7502e+00
6315 +3.736677713e-02 +3.736677713e-02 +9.378773668e+02 +9.378773668e+02 -3.7906e-01 +3.5786e+00 +3.9696e+00 -1.3708e+00 -1.3991e+00 +3.3385e+00 -1.6800e+00 +2.8498e+00 +2.0390e+00 +2.7526e+00
6348 +2.483654522e-02 +2.483654522e-02 +9.378648365e+02 +9.378648365e+02 -3.7027e-01 +3.5550e+00 +3.8971e+00 -1.3985e+00 -1.3574e+00 +3.2679e+00 -1.6525e+00 +2.8175e+00 +2.0932e+00 +2.7041e+00
12717 +1.124203053e-02 +1.124203053e-02 +9.378512420e+02 +9.378512420e+02 -2.7047e-01 +3.6121e+00 +3.9756e+00 -1.3868e+00 -1.3269e+00 +3.2531e+00 -1.5994e+00 +2.8176e+00 +2.0849e+00 +2.7235e+00
60820 +8.868267124e-03 +8.868267124e-03 +9.378488683e+02 +9.378488683e+02 -2.5469e-01 +3.6231e+00 +4.0019e+00 -1.3406e+00 -1.2877e+00 +3.3033e+00 -1.6370e+00 +2.7996e+00 +2.0351e+00 +2.6962e+00
% function evaluation | noise-free fitness - Fopt (-7.872000000000e+01) | best noise-free fitness - Fopt | measured fitness | best measured fitness | x1 | x2...
1 +6.871777940e+05 +6.871777940e+05 +6.870990740e+05 +6.870990740e+05 +2.9623e+00 +6.0792e-01 +3.7884e+00 -4.4716e+00 +1.4676e+00 +1.0788e+00 +1.4723e+00 +4.3071e+00 +4.8191e+00 +6.5299e-01
12 +4.997882924e+05 +4.997882924e+05 +4.997095724e+05 +4.997095724e+05 +3.0999e+00 +9.0037e-01 +3.4686e+00 -4.4969e+00 +2.1159e+00 +5.8100e-01 +2.4723e+00 +4.0041e+00 +4.5475e+00 +1.3605e+00
23 +3.384926883e+05 +3.384926883e+05 +3.384139683e+05 +3.384139683e+05 +3.0850e+00 +8.6860e-01 +3.5033e+00 -4.4941e+00 +2.0455e+00 +6.3505e-01 +2.3637e+00 +4.0370e+00 +4.5770e+00 +1.2837e+00
45 +8.801283714e+03 +8.801283714e+03 +8.722563714e+03 +8.722563714e+03 +3.0293e+00 +7.5025e-01 +3.6327e+00 -4.4839e+00 +1.7831e+00 +8.3649e-01 +1.9590e+00 +4.1596e+00 +4.6869e+00 +9.9735e-01
67 +1.036988367e+02 +1.036988367e+02 +2.497883667e+01 +2.497883667e+01 +3.0380e+00 +7.6869e-01 +3.6125e+00 -4.4855e+00 +1.8240e+00 +8.0511e-01 +2.0221e+00 +4.1405e+00 +4.6698e+00 +1.0420e+00
78 +9.754547294e+01 +9.754547294e+01 +1.882547294e+01 +1.882547294e+01 +3.0378e+00 +7.6834e-01 +3.6129e+00 -4.4854e+00 +1.8232e+00 +8.0570e-01 +2.0209e+00 +4.1409e+00 +4.6701e+00 +1.0411e+00
265 +6.211458442e+01 +6.211458442e+01 -1.660541558e+01 -1.660541558e+01 +3.1019e+00 +7.6848e-02 +2.1733e+00 -2.8683e+00 +1.1160e+00 -3.8048e-01 +1.9686e+00 +3.6414e+00 +4.3411e+00 +2.6013e-01
276 +3.898654864e+01 +3.898654864e+01 -3.973345136e+01 -3.973345136e+01 +3.2027e+00 -9.9483e-01 -6.6247e-02 -3.5612e-01 +2.3146e-02 -2.2280e+00 +1.8966e+00 +2.8626e+00 +3.8274e+00 -9.4679e-01
287 +1.201255955e+01 +1.201255955e+01 -6.670744045e+01 -6.670744045e+01 +3.2255e+00 -1.2421e+00 -5.7985e-01 +2.2130e-01 -2.3015e-01 -2.6509e+00 +1.8767e+00 +2.6846e+00 +3.7103e+00 -1.2265e+00
298 +4.616721529e+00 +4.616721529e+00 -7.410327847e+01 -7.410327847e+01 +3.2638e+00 -1.6540e+00 -1.4381e+00 +1.1851e+00 -6.5109e-01 -3.3583e+00 +1.8464e+00 +2.3866e+00 +3.5139e+00 -1.6914e+00
320 +3.892912936e+00 +3.892912936e+00 -7.482708706e+01 -7.482708706e+01 +3.2865e+00 -1.8984e+00 -1.9471e+00 +1.7568e+00 -9.0096e-01 -3.7778e+00 +1.8282e+00 +2.2100e+00 +3.3975e+00 -1.9673e+00
353 +2.349610768e+00 +2.349610768e+00 -7.637038923e+01 -7.637038923e+01 +3.2666e+00 -1.6862e+00 -1.5043e+00 +1.2597e+00 -6.8435e-01 -3.4126e+00 +1.8431e+00 +2.3639e+00 +3.4990e+00 -1.7281e+00
1321 +5.826097720e-01 +5.826097720e-01 -7.813739023e+01 -7.813739023e+01 +3.5404e+00 -9.8464e-01 -2.1772e+00 +2.2144e-01 -1.6160e+00 -3.6172e+00 +2.0725e+00 +3.1547e+00 +3.9350e+00 -1.5201e+00
1552 +3.871528218e-01 +3.871528218e-01 -7.833284718e+01 -7.833284718e+01 +3.5633e+00 -1.1534e+00 -2.2640e+00 +2.6675e-01 -1.6299e+00 -3.6374e+00 +2.0778e+00 +3.1208e+00 +4.0112e+00 -1.4871e+00
1574 +1.706716578e-01 +1.706716578e-01 -7.854932834e+01 -7.854932834e+01 +3.5159e+00 -1.3299e+00 -2.2437e+00 +2.8045e-01 -1.5916e+00 -3.5962e+00 +2.1371e+00 +2.9438e+00 +4.0172e+00 -1.5585e+00
1596 +3.890459334e-02 +3.890459334e-02 -7.868109541e+01 -7.868109541e+01 +3.4164e+00 -1.4585e+00 -2.1275e+00 +2.5971e-01 -1.5158e+00 -3.5093e+00 +2.2291e+00 +2.6859e+00 +3.9545e+00 -1.7073e+00
1618 +2.453514844e-02 +2.453514844e-02 -7.869546485e+01 -7.869546485e+01 +3.4076e+00 -1.3880e+00 -2.0925e+00 +2.4118e-01 -1.5107e+00 -3.5016e+00 +2.2262e+00 +2.7018e+00 +3.9236e+00 -1.7199e+00
14279 +1.125241616e-02 +1.125241616e-02 -7.870874758e+01 -7.870874758e+01 +3.3344e+00 -1.4872e+00 -2.0610e+00 +2.8674e-01 -1.5458e+00 -3.5679e+00 +2.1917e+00 +2.6871e+00 +3.8598e+00 -1.6453e+00
14290 +5.759479563e-03 +5.759479563e-03 -7.871424052e+01 -7.871424052e+01 +3.4134e+00 -1.4648e+00 -2.0647e+00 +2.8875e-01 -1.4979e+00 -3.5437e+00 +2.1996e+00 +2.7283e+00 +3.8968e+00 -1.6778e+00
14334 +3.779578035e-03 +3.779578035e-03 -7.871622042e+01 -7.871622042e+01 +3.3934e+00 -1.4620e+00 -2.0504e+00 +2.7433e-01 -1.5106e+00 -3.5595e+00 +2.1911e+00 +2.7111e+00 +3.8755e+00 -1.6722e+00
15720 +2.387975778e-03 +2.387975778e-03 -7.871761202e+01 -7.871761202e+01 +3.4046e+00 -1.4143e+00 -2.0546e+00 +2.7329e-01 -1.5041e+00 -3.5623e+00 +2.1499e+00 +2.6789e+00 +3.8963e+00 -1.6515e+00
15742 +1.578346317e-03 +1.578346317e-03 -7.871842165e+01 -7.871842165e+01 +3.3998e+00 -1.4197e+00 -2.0646e+00 +2.8013e-01 -1.5040e+00 -3.5678e+00 +2.1427e+00 +2.6708e+00 +3.8813e+00 -1.6556e+00
15797 +9.617505566e-04 +9.617505566e-04 -7.871903825e+01 -7.871903825e+01 +3.3972e+00 -1.4137e+00 -2.0473e+00 +2.8199e-01 -1.5155e+00 -3.5637e+00 +2.1558e+00 +2.6742e+00 +3.8885e+00 -1.6507e+00
% function evaluation | noise-free fitness - Fopt (9.378400000000e+02) | best noise-free fitness - Fopt | measured fitness | best measured fitness | x1 | x2...
1 +2.460886668e+07 +2.460886668e+07 +2.460980452e+07 +2.460980452e+07 +3.9863e+00 -4.1586e+00 -2.6073e+00 -2.1200e+00 -6.7541e-01 +3.3979e+00 -4.4646e+00 -2.7381e+00 -3.0482e+00 -2.7132e+00
12 +1.000502078e+07 +1.000502078e+07 +1.000595862e+07 +1.000595862e+07 +3.3031e+00 -3.4377e+00 -2.4477e+00 -2.5115e+00 -1.5246e-01 +3.7074e+00 -4.4819e+00 -3.7381e+00 -2.6326e+00 -2.0832e+00
23 +5.945885981e+02 +5.945885981e+02 +1.532428598e+03 +1.532428598e+03 +2.0326e+00 -2.0971e+00 -2.1509e+00 -3.2395e+00 +8.1997e-01 +4.2830e+00 -4.5142e+00 -5.5976e+00 -1.8598e+00 -9.1164e-01
34 +1.813540974e+02 +1.813540974e+02 +1.119194097e+03 +1.119194097e+03 +2.0404e+00 -2.1054e+00 -2.1527e+00 -3.2350e+00 +8.1399e-01 +4.2795e+00 -4.5140e+00 -5.5862e+00 -1.8646e+00 -9.1883e-01
155 +1.314998134e+02 +1.314998134e+02 +1.069339813e+03 +1.069339813e+03 +1.9034e+00 -9.2137e-01 -9.4785e-01 -2.6963e+00 +4.7506e-01 +4.1524e+00 -3.9740e+00 -4.1663e+00 -9.7495e-01 -3.6028e-01
166 +6.810991638e+01 +6.810991638e+01 +1.005949916e+03 +1.005949916e+03 +1.7320e+00 +5.7411e-01 +5.7552e-01 -2.0139e+00 +4.5046e-02 +3.9908e+00 -3.2910e+00 -2.3679e+00 +1.4903e-01 +3.4446e-01
177 +2.205964842e+01 +2.205964842e+01 +9.598996484e+02 +9.598996484e+02 +1.2283e+00 +4.9689e+00 +5.0522e+00 -8.6865e-03 -1.2186e+00 +3.5159e+00 -1.2840e+00 +2.9169e+00 +3.4521e+00 +2.4155e+00
188 +8.544856937e+00 +8.544856937e+00 +9.463848569e+02 +9.463848569e+02 +1.4007e+00 +3.4597e+00 +3.5143e+00 -6.9805e-01 -7.8391e-01 +3.6794e+00 -1.9735e+00 +1.1001e+00 +2.3176e+00 +1.7046e+00
1046 +6.254972893e+00 +6.254972893e+00 +9.440949729e+02 +9.440949729e+02 -1.1313e+00 +3.8501e+00 +4.3403e+00 -1.6520e+00 -1.8617e+00 +2.6925e+00 -6.7400e-01 +4.0025e+00 +1.8911e+00 +4.0151e+00
1057 +2.370840220e+00 +2.370840220e+00 +9.402108402e+02 +9.402108402e+02 -9.3481e-01 +3.3130e+00 +3.8269e+00 -1.7746e+00 -1.4794e+00 +2.4637e+00 -1.0842e+00 +3.1937e+00 +1.7300e+00 +3.5027e+00
1090 +1.546024036e+00 +1.546024036e+00 +9.393860240e+02 +9.393860240e+02 -6.7666e-01 +3.4052e+00 +3.7118e+00 -1.4111e+00 -9.9892e-01 +2.4447e+00 -1.5473e+00 +3.0254e+00 +1.6400e+00 +3.3213e+00
1816 +7.572059294e-01 +7.572059294e-01 +9.385972059e+02 +9.385972059e+02 -6.4434e-01 +3.5938e+00 +3.8342e+00 -1.3685e+00 -1.3794e+00 +2.8312e+00 -1.8956e+00 +2.7915e+00 +2.2315e+00 +2.4922e+00
1838 +4.411565037e-01 +4.411565037e-01 +9.382811565e+02 +9.382811565e+02 -6.4571e-01 +3.6263e+00 +3.9888e+00 -1.4707e+00 -1.3972e+00 +2.8483e+00 -1.8163e+00 +2.9464e+00 +2.2329e+00 +2.6026e+00
5149 +3.565494228e-01 +3.565494228e-01 +9.381965494e+02 +9.381965494e+02 -2.0581e-01 +3.5471e+00 +4.1368e+00 -1.1220e+00 -1.3760e+00 +3.0896e+00 -1.2394e+00 +2.5757e+00 +1.9057e+00 +2.8569e+00
5171 +1.683878291e-01 +1.683878291e-01 +9.380083878e+02 +9.380083878e+02 -3.3000e-01 +3.5796e+00 +4.0570e+00 -1.1696e+00 -1.5137e+00 +3.1833e+00 -1.4450e+00 +2.7031e+00 +2.0668e+00 +2.8346e+00
5182 +1.259577646e-01 +1.259577646e-01 +9.379659578e+02 +9.379659578e+02 -3.3784e-01 +3.6097e+00 +4.0476e+00 -1.2544e+00 -1.5490e+00 +3.2224e+00 -1.4958e+00 +2.7639e+00 +2.0862e+00 +2.8336e+00
7624 +5.503425538e-02 +5.503425538e-02 +9.378950343e+02 +9.378950343e+02 -2.4243e-01 +3.6805e+00 +4.0389e+00 -1.3239e+00 -1.3571e+00 +3.2414e+00 -1.6130e+00 +2.8035e+00 +1.9226e+00 +2.8136e+00
7635 +3.121240617e-02 +3.121240617e-02 +9.378712124e+02 +9.378712124e+02 -2.9785e-01 +3.6040e+00 +3.9861e+00 -1.3999e+00 -1.3190e+00 +3.2390e+00 -1.6180e+00 +2.8059e+00 +1.9183e+00 +2.7834e+00
37445 +2.110586424e-02 +2.110586424e-02 +9.378611059e+02 +9.378611059e+02 -2.6078e-01 +3.6093e+00 +4.0205e+00 -1.4294e+00 -1.3342e+00 +3.2411e+00 -1.5358e+00 +2.7303e+00 +1.9534e+00 +2.6611e+00
40294 +8.560206282e-03 +8.560206282e-03 +9.378485602e+02 +9.378485602e+02 -3.4243e-01 +3.5982e+00 +4.0038e+00 -1.3774e+00 -1.3574e+00 +3.2909e+00 -1.6304e+00 +2.7731e+00 +2.0118e+00 +2.6435e+00
40305 +2.369315952e-03 +2.369315952e-03 +9.378423693e+02 +9.378423693e+02 -3.0419e-01 +3.6070e+00 +3.9625e+00 -1.3703e+00 -1.3256e+00 +3.2735e+00 -1.5998e+00 +2.7730e+00 +2.0199e+00 +2.6673e+00
40338 +1.454006148e-03 +1.454006148e-03 +9.378414540e+02 +9.378414540e+02 -2.9115e-01 +3.5998e+00 +3.9539e+00 -1.3673e+00 -1.3170e+00 +3.2725e+00 -1.5940e+00 +2.7684e+00 +2.0399e+00 +2.6668e+00
% function evaluation | noise-free fitness - Fopt (-7.872000000000e+01) | best noise-free fitness - Fopt | measured fitness | best measured fitness | x1 | x2...
1 +3.022784461e+06 +3.022784461e+06 +3.022705741e+06 +3.022705741e+06 -3.3934e+00 +3.6577e-01 +3.5699e+00 +4.5143e+00 -3.0455e+00 -3.2138e+00 +1.6247e+00 -4.0822e+00 +3.1005e+00 -2.8173e+00
12 +6.675039429e+02 +6.675039429e+02 +5.887839429e+02 +5.887839429e+02 -3.2558e+00 +6.5821e-01 +3.2500e+00 +4.4890e+00 -2.3972e+00 -3.7116e+00 +2.6247e+00 -4.3852e+00 +2.8289e+00 -2.1097e+00
23 +1.453475634e+02 +1.453475634e+02 +6.662756342e+01 +6.662756342e+01 -3.2535e+00 +6.6299e-01 +3.2448e+00 +4.4886e+00 -2.3866e+00 -3.7197e+00 +2.6410e+00 -4.3901e+00 +2.8245e+00 -2.0982e+00
188 +8.643416211e+01 +8.643416211e+01 +7.714162110e+00 +7.714162110e+00 -6.1023e-01 +4.6330e-02 +1.3492e+00 +2.8615e+00 -2.2208e+00 -3.7891e+00 +2.6119e+00 -1.9804e+00 +3.1266e+00 -2.3007e+00
199 +4.103835087e+01 +4.103835087e+01 -3.768164913e+01 -3.768164913e+01 +3.2458e+00 -8.5133e-01 -1.4174e+00 +4.8835e-01 -1.9752e+00 -3.8932e+00 +2.5753e+00 +1.5325e+00 +3.5657e+00 -2.5918e+00
210 +3.138756689e+01 +3.138756689e+01 -4.733243311e+01 -4.733243311e+01 +3.5757e+00 -9.2787e-01 -1.6543e+00 +2.8535e-01 -1.9536e+00 -3.9025e+00 +2.5730e+00 +1.8327e+00 +3.6031e+00 -2.6161e+00
232 +5.442170070e+00 +5.442170070e+00 -7.327782993e+01 -7.327782993e+01 +4.6288e+00 -1.1722e+00 -2.4105e+00 -3.6263e-01 -1.8849e+00 -3.9322e+00 +2.5656e+00 +2.7910e+00 +3.7222e+00 -2.6938e+00
254 +3.201907935e+00 +3.201907935e+00 -7.551809207e+01 -7.551809207e+01 +4.3944e+00 -1.1173e+00 -2.2426e+00 -2.1834e-01 -1.8992e+00 -3.9264e+00 +2.5688e+00 +2.5771e+00 +3.6953e+00 -2.6754e+00
265 +2.031139156e+00 +2.031139156e+00 -7.668886084e+01 -7.668886084e+01 +3.8702e+00 -9.9536e-01 -1.8664e+00 +1.0430e-01 -1.9328e+00 -3.9121e+00 +2.5735e+00 +2.0995e+00 +3.6356e+00 -2.6360e+00
518 +1.324687053e+00 +1.324687053e+00 -7.739531295e+01 -7.739531295e+01 +4.1308e+00 -1.3446e+00 -2.3041e+00 -1.8698e-01 -1.7701e+00 -3.8137e+00 +2.4092e+00 +2.7030e+00 +3.7502e+00 -2.2965e+00
551 +8.479608234e-01 +8.479608234e-01 -7.787203918e+01 -7.787203918e+01 +3.8070e+00 -1.4105e+00 -2.1945e+00 -5.1722e-02 -1.7194e+00 -3.7534e+00 +2.3331e+00 +2.5871e+00 +3.7550e+00 -2.0965e+00
573 +4.943978974e-01 +4.943978974e-01 -7.822560210e+01 -7.822560210e+01 +3.3950e+00 -1.4284e+00 -1.9977e+00 +1.5025e-01 -1.6882e+00 -3.7007e+00 +2.2733e+00 +2.3561e+00 +3.7416e+00 -1.9241e+00
584 +3.807462316e-01 +3.807462316e-01 -7.833925377e+01 -7.833925377e+01 +3.4330e+00 -1.4864e+00 -2.0677e+00 +1.0457e-01 -1.6609e+00 -3.6838e+00 +2.2454e+00 +2.4531e+00 +3.7604e+00 -1.8657e+00
595 +1.748203439e-01 +1.748203439e-01 -7.854517966e+01 -7.854517966e+01 +3.4149e+00 -1.5741e+00 -2.1346e+00 +7.4055e-02 -1.6154e+00 -3.6498e+00 +2.1942e+00 +2.5531e+00 +3.7853e+00 -1.7498e+00
606 +1.518261486e-01 +1.518261486e-01 -7.856817385e+01 -7.856817385e+01 +3.3440e+00 -1.6256e+00 -2.1428e+00 +8.6856e-02 -1.5855e+00 -3.6231e+00 +2.1568e+00 +2.5747e+00 +3.7973e+00 -1.6599e+00
1904 +8.437770787e-02 +8.437770787e-02 -7.863562229e+01 -7.863562229e+01 +3.2955e+00 -1.4222e+00 -1.9825e+00 +2.3818e-01 -1.5196e+00 -3.5326e+00 +2.0894e+00 +2.5772e+00 +3.8389e+00 -1.5410e+00
1915 +4.179429652e-02 +4.179429652e-02 -7.867820570e+01 -7.867820570e+01 +3.4636e+00 -1.4108e+00 -2.0212e+00 +3.5400e-01 -1.4914e+00 -3.5350e+00 +2.0787e+00 +2.5557e+00 +3.8790e+00 -1.5977e+00
1926 +3.658550349e-02 +3.658550349e-02 -7.868341450e+01 -7.868341450e+01 +3.4472e+00 -1.4136e+00 -2.0349e+00 +3.3948e-01 -1.5150e+00 -3.5408e+00 +2.0797e+00 +2.5502e+00 +3.8887e+00 -1.5826e+00
12156 +2.477159254e-02 +2.477159254e-02 -7.869522841e+01 -7.869522841e+01 +3.4197e+00 -1.4470e+00 -2.0466e+00 +2.7848e-01 -1.4415e+00 -3.4964e+00 +2.1771e+00 +2.7370e+00 +3.9774e+00 -1.6307e+00
12189 +8.717322272e-03 +8.717322272e-03 -7.871128268e+01 -7.871128268e+01 +3.4794e+00 -1.4513e+00 -2.0468e+00 +2.6396e-01 -1.5210e+00 -3.5389e+00 +2.1668e+00 +2.6985e+00 +3.9175e+00 -1.6229e+00
12200 +5.788761189e-03 +5.788761189e-03 -7.871421124e+01 -7.871421124e+01 +3.4656e+00 -1.4411e+00 -2.0500e+00 +2.7323e-01 -1.5220e+00 -3.5464e+00 +2.1625e+00 +2.6953e+00 +3.9075e+00 -1.6290e+00
12233 +3.339789184e-03 +3.339789184e-03 -7.871666021e+01 -7.871666021e+01 +3.4353e+00 -1.4287e+00 -2.0402e+00 +2.7829e-01 -1.4946e+00 -3.5468e+00 +2.1588e+00 +2.7100e+00 +3.9080e+00 -1.6373e+00
12277 +2.062954977e-03 +2.062954977e-03 -7.871793705e+01 -7.871793705e+01 +3.4276e+00 -1.4243e+00 -2.0440e+00 +2.8425e-01 -1.4941e+00 -3.5480e+00 +2.1576e+00 +2.7083e+00 +3.9064e+00 -1.6402e+00
12288 +1.453046382e-03 +1.453046382e-03 -7.871854695e+01 -7.871854695e+01 +3.4312e+00 -1.4245e+00 -2.0526e+00 +2.8907e-01 -1.5044e+00 -3.5489e+00 +2.1580e+00 +2.7005e+00 +3.9049e+00 -1.6400e+00
12376 +8.527466329e-04 +8.527466329e-04 -7.871914725e+01 -7.871914725e+01 +3.4178e+00 -1.4162e+00 -2.0624e+00 +3.0173e-01 -1.5068e+00 -3.5516e+00 +2.1558e+00 +2.6948e+00 +3.9013e+00 -1.6454e+00
12387 +6.234661116e-04 +6.234661116e-04 -7.871937653e+01 -7.871937653e+01 +3.4220e+00 -1.4161e+00 -2.0580e+00 +2.9802e-01 -1.5104e+00 -3.5565e+00 +2.1542e+00 +2.6944e+00 +3.8947e+00 -1.6449e+00
