% f evaluations | g evaluations | best noise-free fitness - Fopt | noise-free fitness - Fopt (1.026100000000e+002) | measured fitness | best measured fitness | x1 | x2...
1 0 +7.695807880e+002 +7.695807880e+002 +8.721907880e+002 +8.721907880e+002
2 0 +7.562703911e+002 +7.562703911e+002 +8.588803911e+002 +8.588803911e+002
5 0 +6.766266789e+002 +6.766266789e+002 +7.792366789e+002 +7.792366789e+002
10 0 +6.561585117e+002 +6.561585117e+002 +7.587685117e+002 +7.587685117e+002
37 0 +6.289751067e+002 +6.289751067e+002 +7.315851067e+002 +7.315851067e+002
45 0 +6.128788526e+002 +6.128788526e+002 +7.154888526e+002 +7.154888526e+002
52 0 +5.982789796e+002 +5.982789796e+002 +7.008889796e+002 +7.008889796e+002
156 0 +5.646840496e+002 +5.646840496e+002 +6.672940496e+002 +6.672940496e+002
618 0 +5.459893450e+002 +5.459893450e+002 +6.485993450e+002 +6.485993450e+002
1363 0 +5.364068962e+002 +5.364068962e+002 +6.390168962e+002 +6.390168962e+002
1527 0 +5.164006817e+002 +5.164006817e+002 +6.190106817e+002 +6.190106817e+002
2062 0 +5.103392935e+002 +5.103392935e+002 +6.129492935e+002 +6.129492935e+002
2196 0 +4.914978543e+002 +4.914978543e+002 +5.941078543e+002 +5.941078543e+002
2215 0 +4.497327662e+002 +4.497327662e+002 +5.523427662e+002 +5.523427662e+002
3143 0 +4.430439372e+002 +4.430439372e+002 +5.456539372e+002 +5.456539372e+002
3255 0 +4.326977620e+002 +4.326977620e+002 +5.353077620e+002 +5.353077620e+002
3272 0 +4.187544932e+002 +4.187544932e+002 +5.213644932e+002 +5.213644932e+002
3592 0 +4.109687066e+002 +4.109687066e+002 +5.135787066e+002 +5.135787066e+002
3887 0 +4.043762342e+002 +4.043762342e+002 +5.069862342e+002 +5.069862342e+002
4653 0 +3.897492645e+002 +3.897492645e+002 +4.923592645e+002 +4.923592645e+002
4936 0 +3.762484182e+002 +3.762484182e+002 +4.788584182e+002 +4.788584182e+002
5423 0 +3.228991317e+002 +3.228991317e+002 +4.255091317e+002 +4.255091317e+002
8120 0 +3.150180473e+002 +3.150180473e+002 +4.176280473e+002 +4.176280473e+002
16394 0 +2.944051691e+002 +2.944051691e+002 +3.970151691e+002 +3.970151691e+002
31595 0 +2.792387153e+002 +2.792387153e+002 +3.818487153e+002 +3.818487153e+002
31602 0 +2.722515701e+002 +2.722515701e+002 +3.748615701e+002 +3.748615701e+002
31705 0 +2.410373928e+002 +2.410373928e+002 +3.436473928e+002 +3.436473928e+002
31806 0 +2.345456805e+002 +2.345456805e+002 +3.371556805e+002 +3.371556805e+002
32579 0 +2.054201106e+002 +2.054201106e+002 +3.080301106e+002 +3.080301106e+002
33039 0 +2.013892813e+002 +2.013892813e+002 +3.039992813e+002 +3.039992813e+002
33296 0 +1.896178046e+002 +1.896178046e+002 +2.922278046e+002 +2.922278046e+002
34836 0 +1.687942155e+002 +1.687942155e+002 +2.714042155e+002 +2.714042155e+002
34933 0 +1.598412207e+002 +1.598412207e+002 +2.624512207e+002 +2.624512207e+002
35301 0 +1.509308038e+002 +1.509308038e+002 +2.535408038e+002 +2.535408038e+002
35406 0 +1.464041647e+002 +1.464041647e+002 +2.490141647e+002 +2.490141647e+002
35525 0 +1.346609585e+002 +1.346609585e+002 +2.372709585e+002 +2.372709585e+002
35530 0 +1.277047109e+002 +1.277047109e+002 +2.303147109e+002 +2.303147109e+002
35610 0 +1.158808774e+002 +1.158808774e+002 +2.184908774e+002 +2.184908774e+002
35738 0 +1.147392257e+002 +1.147392257e+002 +2.173492257e+002 +2.173492257e+002
35925 0 +1.064383732e+002 +1.064383732e+002 +2.090483732e+002 +2.090483732e+002
36031 0 +1.021023756e+002 +1.021023756e+002 +2.047123756e+002 +2.047123756e+002
36101 0 +9.542726566e+001 +9.542726566e+001 +1.980372657e+002 +1.980372657e+002
36993 0 +9.244821626e+001 +9.244821626e+001 +1.950582163e+002 +1.950582163e+002
36996 0 +8.934806251e+001 +8.934806251e+001 +1.919580625e+002 +1.919580625e+002
37035 0 +8.885575252e+001 +8.885575252e+001 +1.914657525e+002 +1.914657525e+002
37083 0 +8.008764018e+001 +8.008764018e+001 +1.826976402e+002 +1.826976402e+002
37221 0 +7.926391555e+001 +7.926391555e+001 +1.818739156e+002 +1.818739156e+002
37477 0 +7.728805228e+001 +7.728805228e+001 +1.798980523e+002 +1.798980523e+002
37618 0 +7.226262343e+001 +7.226262343e+001 +1.748726234e+002 +1.748726234e+002
38271 0 +7.068040595e+001 +7.068040595e+001 +1.732904059e+002 +1.732904059e+002
38623 0 +6.840328519e+001 +6.840328519e+001 +1.710132852e+002 +1.710132852e+002
38633 0 +6.602611435e+001 +6.602611435e+001 +1.686361144e+002 +1.686361144e+002
38916 0 +6.444522159e+001 +6.444522159e+001 +1.670552216e+002 +1.670552216e+002
38954 0 +6.252317645e+001 +6.252317645e+001 +1.651331765e+002 +1.651331765e+002
39222 0 +6.137879025e+001 +6.137879025e+001 +1.639887903e+002 +1.639887903e+002
39313 0 +5.984551867e+001 +5.984551867e+001 +1.624555187e+002 +1.624555187e+002
39903 0 +5.863060466e+001 +5.863060466e+001 +1.612406047e+002 +1.612406047e+002
40009 0 +5.740584563e+001 +5.740584563e+001 +1.600158456e+002 +1.600158456e+002
41582 0 +5.620533858e+001 +5.620533858e+001 +1.588153386e+002 +1.588153386e+002
42835 0 +5.480831510e+001 +5.480831510e+001 +1.574183151e+002 +1.574183151e+002
44960 0 +5.364710328e+001 +5.364710328e+001 +1.562571033e+002 +1.562571033e+002
55431 0 +5.248013127e+001 +5.248013127e+001 +1.550901313e+002 +1.550901313e+002
% f evaluations | g evaluations | best noise-free fitness - Fopt | noise-free fitness - Fopt (9.330000000000e+001) | measured fitness | best measured fitness | x1 | x2...
1 0 +6.334428530e+002 +6.334428530e+002 +7.267428530e+002 +7.267428530e+002
20 0 +6.274098923e+002 +6.274098923e+002 +7.207098923e+002 +7.207098923e+002
73 0 +6.088388100e+002 +6.088388100e+002 +7.021388100e+002 +7.021388100e+002
119 0 +4.918594322e+002 +4.918594322e+002 +5.851594322e+002 +5.851594322e+002
1744 0 +4.840267892e+002 +4.840267892e+002 +5.773267892e+002 +5.773267892e+002
1822 0 +4.309319714e+002 +4.309319714e+002 +5.242319714e+002 +5.242319714e+002
2158 0 +4.097338934e+002 +4.097338934e+002 +5.030338934e+002 +5.030338934e+002
2176 0 +3.929180345e+002 +3.929180345e+002 +4.862180345e+002 +4.862180345e+002
2553 0 +3.401779322e+002 +3.401779322e+002 +4.334779322e+002 +4.334779322e+002
4251 0 +3.348143783e+002 +3.348143783e+002 +4.281143783e+002 +4.281143783e+002
5319 0 +3.274741513e+002 +3.274741513e+002 +4.207741513e+002 +4.207741513e+002
5885 0 +3.082025535e+002 +3.082025535e+002 +4.015025535e+002 +4.015025535e+002
6727 0 +3.015880412e+002 +3.015880412e+002 +3.948880412e+002 +3.948880412e+002
8147 0 +2.694372414e+002 +2.694372414e+002 +3.627372414e+002 +3.627372414e+002
13331 0 +2.618921396e+002 +2.618921396e+002 +3.551921396e+002 +3.551921396e+002
16415 0 +2.396427272e+002 +2.396427272e+002 +3.329427272e+002 +3.329427272e+002
41856 0 +2.337273045e+002 +2.337273045e+002 +3.270273045e+002 +3.270273045e+002
41886 0 +2.243482808e+002 +2.243482808e+002 +3.176482808e+002 +3.176482808e+002
42348 0 +2.226862491e+002 +2.226862491e+002 +3.159862491e+002 +3.159862491e+002
42604 0 +2.153849684e+002 +2.153849684e+002 +3.086849684e+002 +3.086849684e+002
42614 0 +2.045367986e+002 +2.045367986e+002 +2.978367986e+002 +2.978367986e+002
42637 0 +2.015319416e+002 +2.015319416e+002 +2.948319416e+002 +2.948319416e+002
42748 0 +1.958620151e+002 +1.958620151e+002 +2.891620151e+002 +2.891620151e+002
42810 0 +1.939844371e+002 +1.939844371e+002 +2.872844371e+002 +2.872844371e+002
43375 0 +1.839681291e+002 +1.839681291e+002 +2.772681291e+002 +2.772681291e+002
43810 0 +1.715519659e+002 +1.715519659e+002 +2.648519659e+002 +2.648519659e+002
43905 0 +1.675853052e+002 +1.675853052e+002 +2.608853052e+002 +2.608853052e+002
43937 0 +1.644168840e+002 +1.644168840e+002 +2.577168840e+002 +2.577168840e+002
43940 0 +1.410896994e+002 +1.410896994e+002 +2.343896994e+002 +2.343896994e+002
44002 0 +1.266418041e+002 +1.266418041e+002 +2.199418041e+002 +2.199418041e+002
44569 0 +1.256643612e+002 +1.256643612e+002 +2.189643612e+002 +2.189643612e+002
44756 0 +1.143604562e+002 +1.143604562e+002 +2.076604562e+002 +2.076604562e+002
44880 0 +1.089966239e+002 +1.089966239e+002 +2.022966239e+002 +2.022966239e+002
44935 0 +1.065191091e+002 +1.065191091e+002 +1.998191091e+002 +1.998191091e+002
45027 0 +9.379218777e+001 +9.379218777e+001 +1.870921878e+002 +1.870921878e+002
45200 0 +9.168054064e+001 +9.168054064e+001 +1.849805406e+002 +1.849805406e+002
45223 0 +8.301662627e+001 +8.301662627e+001 +1.763166263e+002 +1.763166263e+002
45460 0 +7.807040383e+001 +7.807040383e+001 +1.713704038e+002 +1.713704038e+002
46456 0 +7.513114530e+001 +7.513114530e+001 +1.684311453e+002 +1.684311453e+002
46457 0 +7.065391683e+001 +7.065391683e+001 +1.639539168e+002 +1.639539168e+002
46605 0 +6.669065728e+001 +6.669065728e+001 +1.599906573e+002 +1.599906573e+002
46719 0 +6.310315626e+001 +6.310315626e+001 +1.564031563e+002 +1.564031563e+002
46799 0 +5.127841960e+001 +5.127841960e+001 +1.445784196e+002 +1.445784196e+002
47399 0 +4.914359510e+001 +4.914359510e+001 +1.424435951e+002 +1.424435951e+002
47452 0 +4.385182102e+001 +4.385182102e+001 +1.371518210e+002 +1.371518210e+002
48110 0 +4.147146593e+001 +4.147146593e+001 +1.347714659e+002 +1.347714659e+002
48112 0 +4.039778101e+001 +4.039778101e+001 +1.336977810e+002 +1.336977810e+002
48341 0 +3.708659551e+001 +3.708659551e+001 +1.303865955e+002 +1.303865955e+002
48499 0 +3.234309686e+001 +3.234309686e+001 +1.256430969e+002 +1.256430969e+002
48902 0 +3.048156894e+001 +3.048156894e+001 +1.237815689e+002 +1.237815689e+002
49446 0 +2.859113524e+001 +2.859113524e+001 +1.218911352e+002 +1.218911352e+002
49643 0 +2.654572232e+001 +2.654572232e+001 +1.198457223e+002 +1.198457223e+002
49793 0 +2.614013744e+001 +2.614013744e+001 +1.194401374e+002 +1.194401374e+002
49912 0 +2.528672754e+001 +2.528672754e+001 +1.185867275e+002 +1.185867275e+002
49938 0 +2.503259514e+001 +2.503259514e+001 +1.183325951e+002 +1.183325951e+002
49949 0 +2.439685854e+001 +2.439685854e+001 +1.176968585e+002 +1.176968585e+002
50256 0 +2.354657332e+001 +2.354657332e+001 +1.168465733e+002 +1.168465733e+002
50597 0 +2.196854901e+001 +2.196854901e+001 +1.152685490e+002 +1.152685490e+002
50890 0 +2.151163767e+001 +2.151163767e+001 +1.148116377e+002 +1.148116377e+002
50912 0 +2.094543715e+001 +2.094543715e+001 +1.142454372e+002 +1.142454372e+002
51129 0 +2.046934384e+001 +2.046934384e+001 +1.137693438e+002 +1.137693438e+002
51136 0 +2.031860566e+001 +2.031860566e+001 +1.136186057e+002 +1.136186057e+002
51917 0 +1.989589558e+001 +1.989589558e+001 +1.131958956e+002 +1.131958956e+002
52702 0 +1.942131970e+001 +1.942131970e+001 +1.127213197e+002 +1.127213197e+002
53102 0 +1.898358120e+001 +1.898358120e+001 +1.122835812e+002 +1.122835812e+002
53305 0 +1.853613773e+001 +1.853613773e+001 +1.118361377e+002 +1.118361377e+002
53315 0 +1.756605493e+001 +1.756605493e+001 +1.108660549e+002 +1.108660549e+002
53417 0 +1.626599607e+001 +1.626599607e+001 +1.095659961e+002 +1.095659961e+002
53987 0 +1.620767471e+001 +1.620767471e+001 +1.095076747e+002 +1.095076747e+002
54998 0 +1.546738532e+001 +1.546738532e+001 +1.087673853e+002 +1.087673853e+002
55369 0 +1.486442284e+001 +1.486442284e+001 +1.081644228e+002 +1.081644228e+002
55895 0 +1.463972188e+001 +1.463972188e+001 +1.079397219e+002 +1.079397219e+002
55918 0 +1.420786882e+001 +1.420786882e+001 +1.075078688e+002 +1.075078688e+002
56803 0 +1.411355585e+001 +1.411355585e+001 +1.074135558e+002 +1.074135558e+002
57320 0 +1.375415865e+001 +1.375415865e+001 +1.070541586e+002 +1.070541586e+002
59102 0 +1.343162689e+001 +1.343162689e+001 +1.067316269e+002 +1.067316269e+002
61156 0 +1.317209383e+001 +1.317209383e+001 +1.064720938e+002 +1.064720938e+002
69773 0 +1.288188539e+001 +1.288188539e+001 +1.061818854e+002 +1.061818854e+002
% f evaluations | g evaluations | best noise-free fitness - Fopt | noise-free fitness - Fopt (1.364000000000e+001) | measured fitness | best measured fitness | x1 | x2...
1 0 +7.064702455e+002 +7.064702455e+002 +7.201102455e+002 +7.201102455e+002
12 0 +6.920556962e+002 +6.920556962e+002 +7.056956962e+002 +7.056956962e+002
14 0 +6.734672254e+002 +6.734672254e+002 +6.871072254e+002 +6.871072254e+002
24 0 +6.495504398e+002 +6.495504398e+002 +6.631904398e+002 +6.631904398e+002
34 0 +6.161151042e+002 +6.161151042e+002 +6.297551042e+002 +6.297551042e+002
88 0 +5.691130501e+002 +5.691130501e+002 +5.827530501e+002 +5.827530501e+002
552 0 +5.584394710e+002 +5.584394710e+002 +5.720794710e+002 +5.720794710e+002
693 0 +5.265784081e+002 +5.265784081e+002 +5.402184081e+002 +5.402184081e+002
900 0 +4.831396273e+002 +4.831396273e+002 +4.967796273e+002 +4.967796273e+002
2316 0 +4.720835856e+002 +4.720835856e+002 +4.857235856e+002 +4.857235856e+002
2331 0 +4.620931763e+002 +4.620931763e+002 +4.757331763e+002 +4.757331763e+002
2614 0 +4.517101142e+002 +4.517101142e+002 +4.653501142e+002 +4.653501142e+002
2701 0 +4.241432920e+002 +4.241432920e+002 +4.377832920e+002 +4.377832920e+002
2716 0 +4.121883747e+002 +4.121883747e+002 +4.258283747e+002 +4.258283747e+002
2747 0 +4.019283627e+002 +4.019283627e+002 +4.155683627e+002 +4.155683627e+002
2864 0 +3.956908626e+002 +3.956908626e+002 +4.093308626e+002 +4.093308626e+002
3412 0 +3.825817352e+002 +3.825817352e+002 +3.962217352e+002 +3.962217352e+002
3537 0 +3.697644092e+002 +3.697644092e+002 +3.834044092e+002 +3.834044092e+002
3649 0 +3.445676474e+002 +3.445676474e+002 +3.582076474e+002 +3.582076474e+002
5826 0 +3.296595269e+002 +3.296595269e+002 +3.432995269e+002 +3.432995269e+002
6681 0 +3.171337983e+002 +3.171337983e+002 +3.307737983e+002 +3.307737983e+002
7464 0 +3.153838639e+002 +3.153838639e+002 +3.290238639e+002 +3.290238639e+002
7678 0 +3.069842857e+002 +3.069842857e+002 +3.206242857e+002 +3.206242857e+002
8417 0 +2.991985879e+002 +2.991985879e+002 +3.128385879e+002 +3.128385879e+002
8602 0 +2.863265838e+002 +2.863265838e+002 +2.999665838e+002 +2.999665838e+002
9478 0 +2.722823780e+002 +2.722823780e+002 +2.859223780e+002 +2.859223780e+002
11487 0 +2.644222298e+002 +2.644222298e+002 +2.780622298e+002 +2.780622298e+002
13985 0 +2.626343239e+002 +2.626343239e+002 +2.762743239e+002 +2.762743239e+002
14061 0 +2.493348090e+002 +2.493348090e+002 +2.629748090e+002 +2.629748090e+002
21070 0 +2.447919340e+002 +2.447919340e+002 +2.584319340e+002 +2.584319340e+002
38930 0 +2.373037552e+002 +2.373037552e+002 +2.509437552e+002 +2.509437552e+002
39277 0 +2.164668054e+002 +2.164668054e+002 +2.301068054e+002 +2.301068054e+002
39886 0 +2.092332100e+002 +2.092332100e+002 +2.228732100e+002 +2.228732100e+002
40174 0 +2.085116258e+002 +2.085116258e+002 +2.221516258e+002 +2.221516258e+002
40205 0 +1.997107891e+002 +1.997107891e+002 +2.133507891e+002 +2.133507891e+002
40221 0 +1.887513823e+002 +1.887513823e+002 +2.023913823e+002 +2.023913823e+002
40309 0 +1.654364061e+002 +1.654364061e+002 +1.790764061e+002 +1.790764061e+002
40776 0 +1.475766400e+002 +1.475766400e+002 +1.612166400e+002 +1.612166400e+002
41261 0 +1.324785884e+002 +1.324785884e+002 +1.461185884e+002 +1.461185884e+002
41306 0 +1.242251297e+002 +1.242251297e+002 +1.378651297e+002 +1.378651297e+002
41328 0 +1.181038377e+002 +1.181038377e+002 +1.317438377e+002 +1.317438377e+002
41331 0 +1.169609509e+002 +1.169609509e+002 +1.306009509e+002 +1.306009509e+002
41406 0 +1.012853710e+002 +1.012853710e+002 +1.149253710e+002 +1.149253710e+002
41633 0 +9.933472438e+001 +9.933472438e+001 +1.129747244e+002 +1.129747244e+002
41932 0 +9.685088667e+001 +9.685088667e+001 +1.104908867e+002 +1.104908867e+002
42258 0 +8.758302573e+001 +8.758302573e+001 +1.012230257e+002 +1.012230257e+002
42632 0 +8.408835994e+001 +8.408835994e+001 +9.772835994e+001 +9.772835994e+001
42706 0 +7.881128833e+001 +7.881128833e+001 +9.245128833e+001 +9.245128833e+001
42862 0 +7.449922651e+001 +7.449922651e+001 +8.813922651e+001 +8.813922651e+001
42926 0 +6.659962753e+001 +6.659962753e+001 +8.023962753e+001 +8.023962753e+001
43224 0 +5.995369726e+001 +5.995369726e+001 +7.359369726e+001 +7.359369726e+001
43488 0 +5.679580190e+001 +5.679580190e+001 +7.043580190e+001 +7.043580190e+001
43718 0 +5.467835279e+001 +5.467835279e+001 +6.831835279e+001 +6.831835279e+001
43787 0 +5.337249184e+001 +5.337249184e+001 +6.701249184e+001 +6.701249184e+001
44102 0 +4.951957845e+001 +4.951957845e+001 +6.315957845e+001 +6.315957845e+001
44128 0 +4.824944490e+001 +4.824944490e+001 +6.188944490e+001 +6.188944490e+001
44421 0 +4.696688852e+001 +4.696688852e+001 +6.060688852e+001 +6.060688852e+001
44445 0 +4.592730697e+001 +4.592730697e+001 +5.956730697e+001 +5.956730697e+001
44546 0 +4.495575903e+001 +4.495575903e+001 +5.859575903e+001 +5.859575903e+001
44743 0 +3.966174010e+001 +3.966174010e+001 +5.330174010e+001 +5.330174010e+001
45319 0 +3.816331373e+001 +3.816331373e+001 +5.180331373e+001 +5.180331373e+001
45436 0 +3.799926536e+001 +3.799926536e+001 +5.163926536e+001 +5.163926536e+001
45588 0 +3.637648668e+001 +3.637648668e+001 +5.001648668e+001 +5.001648668e+001
46673 0 +3.381853769e+001 +3.381853769e+001 +4.745853769e+001 +4.745853769e+001
46724 0 +3.150146637e+001 +3.150146637e+001 +4.514146637e+001 +4.514146637e+001
46904 0 +3.087418772e+001 +3.087418772e+001 +4.451418772e+001 +4.451418772e+001
47631 0 +2.983755403e+001 +2.983755403e+001 +4.347755403e+001 +4.347755403e+001
47730 0 +2.934593762e+001 +2.934593762e+001 +4.298593762e+001 +4.298593762e+001
47740 0 +2.788163219e+001 +2.788163219e+001 +4.152163219e+001 +4.152163219e+001
47823 0 +2.716912272e+001 +2.716912272e+001 +4.080912272e+001 +4.080912272e+001
47966 0 +2.688156738e+001 +2.688156738e+001 +4.052156738e+001 +4.052156738e+001
48008 0 +2.627458539e+001 +2.627458539e+001 +3.991458539e+001 +3.991458539e+001
48699 0 +2.506965694e+001 +2.506965694e+001 +3.870965694e+001 +3.870965694e+001
49003 0 +2.421133183e+001 +2.421133183e+001 +3.785133183e+001 +3.785133183e+001
50303 0 +2.354667276e+001 +2.354667276e+001 +3.718667276e+001 +3.718667276e+001
50304 0 +2.196985313e+001 +2.196985313e+001 +3.560985313e+001 +3.560985313e+001
50727 0 +2.161743529e+001 +2.161743529e+001 +3.525743529e+001 +3.525743529e+001
50960 0 +2.128900795e+001 +2.128900795e+001 +3.492900795e+001 +3.492900795e+001
51705 0 +2.014844858e+001 +2.014844858e+001 +3.378844858e+001 +3.378844858e+001
52304 0 +1.869560860e+001 +1.869560860e+001 +3.233560860e+001 +3.233560860e+001
52941 0 +1.851058733e+001 +1.851058733e+001 +3.215058733e+001 +3.215058733e+001
53608 0 +1.778301480e+001 +1.778301480e+001 +3.142301480e+001 +3.142301480e+001
53638 0 +1.768486407e+001 +1.768486407e+001 +3.132486407e+001 +3.132486407e+001
53902 0 +1.732904457e+001 +1.732904457e+001 +3.096904457e+001 +3.096904457e+001
54705 0 +1.697409865e+001 +1.697409865e+001 +3.061409865e+001 +3.061409865e+001
56305 0 +1.649369644e+001 +1.649369644e+001 +3.013369644e+001 +3.013369644e+001
57941 0 +1.616858567e+001 +1.616858567e+001 +2.980858567e+001 +2.980858567e+001
58525 0 +1.578348176e+001 +1.578348176e+001 +2.942348176e+001 +2.942348176e+001
60215 0 +1.544340030e+001 +1.544340030e+001 +2.908340030e+001 +2.908340030e+001
67150 0 +1.513290467e+001 +1.513290467e+001 +2.877290467e+001 +2.877290467e+001
% f evaluations | g evaluations | best noise-free fitness - Fopt | noise-free fitness - Fopt (1.948000000000e+002) | measured fitness | best measured fitness | x1 | x2...
1 0 +6.980140668e+002 +6.980140668e+002 +8.928140668e+002 +8.928140668e+002
4 0 +6.783332441e+002 +6.783332441e+002 +8.731332441e+002 +8.731332441e+002
16 0 +6.636406813e+002 +6.636406813e+002 +8.584406813e+002 +8.584406813e+002
30 0 +5.885546352e+002 +5.885546352e+002 +7.833546352e+002 +7.833546352e+002
40 0 +5.648592863e+002 +5.648592863e+002 +7.596592863e+002 +7.596592863e+002
164 0 +5.089985169e+002 +5.089985169e+002 +7.037985169e+002 +7.037985169e+002
1589 0 +4.983572280e+002 +4.983572280e+002 +6.931572280e+002 +6.931572280e+002
1639 0 +4.891022673e+002 +4.891022673e+002 +6.839022673e+002 +6.839022673e+002
1845 0 +4.725617906e+002 +4.725617906e+002 +6.673617906e+002 +6.673617906e+002
1850 0 +4.642800992e+002 +4.642800992e+002 +6.590800992e+002 +6.590800992e+002
1891 0 +4.570112280e+002 +4.570112280e+002 +6.518112280e+002 +6.518112280e+002
1893 0 +4.439888522e+002 +4.439888522e+002 +6.387888522e+002 +6.387888522e+002
2066 0 +4.297778843e+002 +4.297778843e+002 +6.245778843e+002 +6.245778843e+002
2101 0 +4.016086771e+002 +4.016086771e+002 +5.964086771e+002 +5.964086771e+002
2629 0 +3.815563260e+002 +3.815563260e+002 +5.763563260e+002 +5.763563260e+002
2814 0 +3.706735503e+002 +3.706735503e+002 +5.654735503e+002 +5.654735503e+002
4769 0 +3.611500344e+002 +3.611500344e+002 +5.559500344e+002 +5.559500344e+002
5063 0 +3.538404083e+002 +3.538404083e+002 +5.486404083e+002 +5.486404083e+002
5795 0 +3.444764311e+002 +3.444764311e+002 +5.392764311e+002 +5.392764311e+002
5809 0 +3.383453857e+002 +3.383453857e+002 +5.331453857e+002 +5.331453857e+002
7322 0 +3.275628238e+002 +3.275628238e+002 +5.223628238e+002 +5.223628238e+002
8655 0 +3.126956165e+002 +3.126956165e+002 +5.074956165e+002 +5.074956165e+002
9862 0 +3.074169377e+002 +3.074169377e+002 +5.022169377e+002 +5.022169377e+002
30250 0 +2.943869260e+002 +2.943869260e+002 +4.891869260e+002 +4.891869260e+002
43764 0 +2.690907805e+002 +2.690907805e+002 +4.638907805e+002 +4.638907805e+002
49101 0 +2.517757902e+002 +2.517757902e+002 +4.465757902e+002 +4.465757902e+002
49211 0 +2.497158709e+002 +2.497158709e+002 +4.445158709e+002 +4.445158709e+002
49410 0 +2.335099944e+002 +2.335099944e+002 +4.283099944e+002 +4.283099944e+002
49438 0 +2.200013786e+002 +2.200013786e+002 +4.148013786e+002 +4.148013786e+002
50022 0 +2.165151388e+002 +2.165151388e+002 +4.113151388e+002 +4.113151388e+002
50132 0 +1.897316322e+002 +1.897316322e+002 +3.845316322e+002 +3.845316322e+002
50537 0 +1.822274013e+002 +1.822274013e+002 +3.770274013e+002 +3.770274013e+002
50735 0 +1.781915891e+002 +1.781915891e+002 +3.729915891e+002 +3.729915891e+002
50782 0 +1.731847181e+002 +1.731847181e+002 +3.679847181e+002 +3.679847181e+002
50928 0 +1.527049391e+002 +1.527049391e+002 +3.475049391e+002 +3.475049391e+002
51733 0 +1.477567048e+002 +1.477567048e+002 +3.425567048e+002 +3.425567048e+002
52017 0 +1.434307145e+002 +1.434307145e+002 +3.382307145e+002 +3.382307145e+002
52255 0 +1.332532641e+002 +1.332532641e+002 +3.280532641e+002 +3.280532641e+002
52563 0 +1.291274012e+002 +1.291274012e+002 +3.239274012e+002 +3.239274012e+002
52593 0 +1.243657623e+002 +1.243657623e+002 +3.191657623e+002 +3.191657623e+002
52670 0 +1.167413008e+002 +1.167413008e+002 +3.115413008e+002 +3.115413008e+002
52732 0 +1.110088142e+002 +1.110088142e+002 +3.058088142e+002 +3.058088142e+002
52846 0 +1.020437277e+002 +1.020437277e+002 +2.968437277e+002 +2.968437277e+002
53436 0 +9.733012066e+001 +9.733012066e+001 +2.921301207e+002 +2.921301207e+002
53559 0 +8.705535275e+001 +8.705535275e+001 +2.818553527e+002 +2.818553527e+002
54078 0 +8.344391462e+001 +8.344391462e+001 +2.782439146e+002 +2.782439146e+002
54166 0 +8.216469224e+001 +8.216469224e+001 +2.769646922e+002 +2.769646922e+002
54262 0 +8.108267851e+001 +8.108267851e+001 +2.758826785e+002 +2.758826785e+002
54271 0 +7.936341378e+001 +7.936341378e+001 +2.741634138e+002 +2.741634138e+002
54516 0 +7.748886429e+001 +7.748886429e+001 +2.722888643e+002 +2.722888643e+002
54740 0 +7.509318295e+001 +7.509318295e+001 +2.698931829e+002 +2.698931829e+002
54832 0 +7.201710982e+001 +7.201710982e+001 +2.668171098e+002 +2.668171098e+002
54866 0 +7.077552045e+001 +7.077552045e+001 +2.655755205e+002 +2.655755205e+002
55209 0 +6.758054552e+001 +6.758054552e+001 +2.623805455e+002 +2.623805455e+002
56074 0 +6.579571447e+001 +6.579571447e+001 +2.605957145e+002 +2.605957145e+002
56827 0 +6.441125726e+001 +6.441125726e+001 +2.592112573e+002 +2.592112573e+002
56954 0 +6.272440326e+001 +6.272440326e+001 +2.575244033e+002 +2.575244033e+002
57942 0 +6.068037650e+001 +6.068037650e+001 +2.554803765e+002 +2.554803765e+002
58088 0 +6.014113543e+001 +6.014113543e+001 +2.549411354e+002 +2.549411354e+002
58998 0 +5.871462745e+001 +5.871462745e+001 +2.535146274e+002 +2.535146274e+002
59442 0 +5.699808372e+001 +5.699808372e+001 +2.517980837e+002 +2.517980837e+002
60544 0 +5.611127961e+001 +5.611127961e+001 +2.509112796e+002 +2.509112796e+002
61804 0 +5.479377274e+001 +5.479377274e+001 +2.495937727e+002 +2.495937727e+002
66370 0 +5.364273776e+001 +5.364273776e+001 +2.484427378e+002 +2.484427378e+002
% f evaluations | g evaluations | best noise-free fitness - Fopt | noise-free fitness - Fopt (-1.335900000000e+002) | measured fitness | best measured fitness | x1 | x2...
1 0 +6.871280127e+002 +6.871280127e+002 +5.535380127e+002 +5.535380127e+002
25 0 +6.560550788e+002 +6.560550788e+002 +5.224650788e+002 +5.224650788e+002
27 0 +6.262235759e+002 +6.262235759e+002 +4.926335759e+002 +4.926335759e+002
62 0 +5.868510757e+002 +5.868510757e+002 +4.532610757e+002 +4.532610757e+002
192 0 +5.581299039e+002 +5.581299039e+002 +4.245399039e+002 +4.245399039e+002
508 0 +5.251592372e+002 +5.251592372e+002 +3.915692372e+002 +3.915692372e+002
1072 0 +5.155946469e+002 +5.155946469e+002 +3.820046469e+002 +3.820046469e+002
1219 0 +5.072592990e+002 +5.072592990e+002 +3.736692990e+002 +3.736692990e+002
1615 0 +4.942485796e+002 +4.942485796e+002 +3.606585796e+002 +3.606585796e+002
1865 0 +4.855947013e+002 +4.855947013e+002 +3.520047013e+002 +3.520047013e+002
1869 0 +4.659248109e+002 +4.659248109e+002 +3.323348109e+002 +3.323348109e+002
1892 0 +4.445545002e+002 +4.445545002e+002 +3.109645002e+002 +3.109645002e+002
2527 0 +4.345351503e+002 +4.345351503e+002 +3.009451503e+002 +3.009451503e+002
2721 0 +4.087300388e+002 +4.087300388e+002 +2.751400388e+002 +2.751400388e+002
2857 0 +3.963107658e+002 +3.963107658e+002 +2.627207658e+002 +2.627207658e+002
3765 0 +3.873461320e+002 +3.873461320e+002 +2.537561320e+002 +2.537561320e+002
3968 0 +3.591032902e+002 +3.591032902e+002 +2.255132902e+002 +2.255132902e+002
4367 0 +3.362167401e+002 +3.362167401e+002 +2.026267401e+002 +2.026267401e+002
5718 0 +3.249514903e+002 +3.249514903e+002 +1.913614903e+002 +1.913614903e+002
7838 0 +3.155068484e+002 +3.155068484e+002 +1.819168484e+002 +1.819168484e+002
8277 0 +2.977953590e+002 +2.977953590e+002 +1.642053590e+002 +1.642053590e+002
11438 0 +2.886411212e+002 +2.886411212e+002 +1.550511212e+002 +1.550511212e+002
31138 0 +2.644666139e+002 +2.644666139e+002 +1.308766139e+002 +1.308766139e+002
31687 0 +2.522254161e+002 +2.522254161e+002 +1.186354161e+002 +1.186354161e+002
32319 0 +2.489679544e+002 +2.489679544e+002 +1.153779544e+002 +1.153779544e+002
32328 0 +2.358921673e+002 +2.358921673e+002 +1.023021673e+002 +1.023021673e+002
32485 0 +2.156184793e+002 +2.156184793e+002 +8.202847929e+001 +8.202847929e+001
32506 0 +2.109011166e+002 +2.109011166e+002 +7.731111661e+001 +7.731111661e+001
32618 0 +2.020285551e+002 +2.020285551e+002 +6.843855511e+001 +6.843855511e+001
32716 0 +1.951941467e+002 +1.951941467e+002 +6.160414671e+001 +6.160414671e+001
32798 0 +1.868233871e+002 +1.868233871e+002 +5.323338713e+001 +5.323338713e+001
33163 0 +1.852841712e+002 +1.852841712e+002 +5.169417116e+001 +5.169417116e+001
33225 0 +1.814580874e+002 +1.814580874e+002 +4.786808739e+001 +4.786808739e+001
33311 0 +1.755255554e+002 +1.755255554e+002 +4.193555542e+001 +4.193555542e+001
33603 0 +1.699584409e+002 +1.699584409e+002 +3.636844086e+001 +3.636844086e+001
33683 0 +1.673853973e+002 +1.673853973e+002 +3.379539734e+001 +3.379539734e+001
33744 0 +1.572939800e+002 +1.572939800e+002 +2.370397998e+001 +2.370397998e+001
33924 0 +1.521835903e+002 +1.521835903e+002 +1.859359032e+001 +1.859359032e+001
33926 0 +1.378240137e+002 +1.378240137e+002 +4.234013679e+000 +4.234013679e+000
34172 0 +1.309823183e+002 +1.309823183e+002 -2.607681720e+000 -2.607681720e+000
34426 0 +1.203934308e+002 +1.203934308e+002 -1.319656920e+001 -1.319656920e+001
34967 0 +1.193716710e+002 +1.193716710e+002 -1.421832897e+001 -1.421832897e+001
35418 0 +1.153353272e+002 +1.153353272e+002 -1.825467280e+001 -1.825467280e+001
35777 0 +1.045593494e+002 +1.045593494e+002 -2.903065056e+001 -2.903065056e+001
36171 0 +9.882453749e+001 +9.882453749e+001 -3.476546251e+001 -3.476546251e+001
36386 0 +9.072643024e+001 +9.072643024e+001 -4.286356976e+001 -4.286356976e+001
37387 0 +8.772473290e+001 +8.772473290e+001 -4.586526710e+001 -4.586526710e+001
37501 0 +8.649532109e+001 +8.649532109e+001 -4.709467891e+001 -4.709467891e+001
37529 0 +8.493432349e+001 +8.493432349e+001 -4.865567651e+001 -4.865567651e+001
37619 0 +8.263842310e+001 +8.263842310e+001 -5.095157690e+001 -5.095157690e+001
37636 0 +7.642497030e+001 +7.642497030e+001 -5.716502970e+001 -5.716502970e+001
38012 0 +7.204572744e+001 +7.204572744e+001 -6.154427256e+001 -6.154427256e+001
38326 0 +7.071186868e+001 +7.071186868e+001 -6.287813132e+001 -6.287813132e+001
39116 0 +6.729602037e+001 +6.729602037e+001 -6.629397963e+001 -6.629397963e+001
39419 0 +6.574510697e+001 +6.574510697e+001 -6.784489303e+001 -6.784489303e+001
39528 0 +6.427024790e+001 +6.427024790e+001 -6.931975210e+001 -6.931975210e+001
39915 0 +6.256971897e+001 +6.256971897e+001 -7.102028103e+001 -7.102028103e+001
40475 0 +6.148606912e+001 +6.148606912e+001 -7.210393088e+001 -7.210393088e+001
41702 0 +6.023702873e+001 +6.023702873e+001 -7.335297127e+001 -7.335297127e+001
42542 0 +5.887983318e+001 +5.887983318e+001 -7.471016682e+001 -7.471016682e+001
44503 0 +5.749908789e+001 +5.749908789e+001 -7.609091211e+001 -7.609091211e+001
% f evaluations | g evaluations | best noise-free fitness - Fopt | noise-free fitness - Fopt (-3.085000000000e+001) | measured fitness | best measured fitness | x1 | x2...
1 0 +8.415857367e+002 +8.415857367e+002 +8.107357367e+002 +8.107357367e+002
2 0 +7.297105450e+002 +7.297105450e+002 +6.988605450e+002 +6.988605450e+002
10 0 +7.190357824e+002 +7.190357824e+002 +6.881857824e+002 +6.881857824e+002
13 0 +6.814768355e+002 +6.814768355e+002 +6.506268355e+002 +6.506268355e+002
18 0 +6.554482664e+002 +6.554482664e+002 +6.245982664e+002 +6.245982664e+002
21 0 +6.235768811e+002 +6.235768811e+002 +5.927268811e+002 +5.927268811e+002
110 0 +5.475823431e+002 +5.475823431e+002 +5.167323431e+002 +5.167323431e+002
1191 0 +5.087451151e+002 +5.087451151e+002 +4.778951151e+002 +4.778951151e+002
1302 0 +4.996455711e+002 +4.996455711e+002 +4.687955711e+002 +4.687955711e+002
1576 0 +4.655623375e+002 +4.655623375e+002 +4.347123375e+002 +4.347123375e+002
1583 0 +4.471053986e+002 +4.471053986e+002 +4.162553986e+002 +4.162553986e+002
1783 0 +4.272431642e+002 +4.272431642e+002 +3.963931642e+002 +3.963931642e+002
1982 0 +3.954666867e+002 +3.954666867e+002 +3.646166867e+002 +3.646166867e+002
2371 0 +3.606591947e+002 +3.606591947e+002 +3.298091947e+002 +3.298091947e+002
2553 0 +3.492902371e+002 +3.492902371e+002 +3.184402371e+002 +3.184402371e+002
7513 0 +3.347760034e+002 +3.347760034e+002 +3.039260034e+002 +3.039260034e+002
7944 0 +3.293249964e+002 +3.293249964e+002 +2.984749964e+002 +2.984749964e+002
9991 0 +3.209940238e+002 +3.209940238e+002 +2.901440238e+002 +2.901440238e+002
11185 0 +3.055861429e+002 +3.055861429e+002 +2.747361429e+002 +2.747361429e+002
20844 0 +2.973512940e+002 +2.973512940e+002 +2.665012940e+002 +2.665012940e+002
33561 0 +2.888427575e+002 +2.888427575e+002 +2.579927575e+002 +2.579927575e+002
51789 0 +2.773561237e+002 +2.773561237e+002 +2.465061237e+002 +2.465061237e+002
55489 0 +2.746241534e+002 +2.746241534e+002 +2.437741534e+002 +2.437741534e+002
65184 0 +2.492695484e+002 +2.492695484e+002 +2.184195484e+002 +2.184195484e+002
65884 0 +2.430587532e+002 +2.430587532e+002 +2.122087532e+002 +2.122087532e+002
66005 0 +2.261294410e+002 +2.261294410e+002 +1.952794410e+002 +1.952794410e+002
66045 0 +2.189384627e+002 +2.189384627e+002 +1.880884627e+002 +1.880884627e+002
66077 0 +1.994787948e+002 +1.994787948e+002 +1.686287948e+002 +1.686287948e+002
66230 0 +1.936423452e+002 +1.936423452e+002 +1.627923452e+002 +1.627923452e+002
66512 0 +1.869673094e+002 +1.869673094e+002 +1.561173094e+002 +1.561173094e+002
66569 0 +1.842560596e+002 +1.842560596e+002 +1.534060596e+002 +1.534060596e+002
66575 0 +1.658748809e+002 +1.658748809e+002 +1.350248809e+002 +1.350248809e+002
66639 0 +1.543100460e+002 +1.543100460e+002 +1.234600460e+002 +1.234600460e+002
66688 0 +1.504227764e+002 +1.504227764e+002 +1.195727764e+002 +1.195727764e+002
66987 0 +1.429489269e+002 +1.429489269e+002 +1.120989269e+002 +1.120989269e+002
67218 0 +1.371765453e+002 +1.371765453e+002 +1.063265453e+002 +1.063265453e+002
67525 0 +1.330023554e+002 +1.330023554e+002 +1.021523554e+002 +1.021523554e+002
67606 0 +1.259305419e+002 +1.259305419e+002 +9.508054187e+001 +9.508054187e+001
67671 0 +1.235086106e+002 +1.235086106e+002 +9.265861063e+001 +9.265861063e+001
67880 0 +1.179720327e+002 +1.179720327e+002 +8.712203267e+001 +8.712203267e+001
67958 0 +1.162874889e+002 +1.162874889e+002 +8.543748894e+001 +8.543748894e+001
68054 0 +1.144650399e+002 +1.144650399e+002 +8.361503986e+001 +8.361503986e+001
68353 0 +1.114562798e+002 +1.114562798e+002 +8.060627977e+001 +8.060627977e+001
68408 0 +1.047134130e+002 +1.047134130e+002 +7.386341299e+001 +7.386341299e+001
68425 0 +9.979051454e+001 +9.979051454e+001 +6.894051454e+001 +6.894051454e+001
68524 0 +9.658641187e+001 +9.658641187e+001 +6.573641187e+001 +6.573641187e+001
69316 0 +9.473847831e+001 +9.473847831e+001 +6.388847831e+001 +6.388847831e+001
69367 0 +9.196903368e+001 +9.196903368e+001 +6.111903368e+001 +6.111903368e+001
69368 0 +8.885452027e+001 +8.885452027e+001 +5.800452027e+001 +5.800452027e+001
69612 0 +8.684239822e+001 +8.684239822e+001 +5.599239822e+001 +5.599239822e+001
69998 0 +8.413557173e+001 +8.413557173e+001 +5.328557173e+001 +5.328557173e+001
70116 0 +8.169109174e+001 +8.169109174e+001 +5.084109174e+001 +5.084109174e+001
70341 0 +7.990278774e+001 +7.990278774e+001 +4.905278774e+001 +4.905278774e+001
70501 0 +7.838791739e+001 +7.838791739e+001 +4.753791739e+001 +4.753791739e+001
70743 0 +7.697827174e+001 +7.697827174e+001 +4.612827174e+001 +4.612827174e+001
71333 0 +7.415900307e+001 +7.415900307e+001 +4.330900307e+001 +4.330900307e+001
71388 0 +7.353601458e+001 +7.353601458e+001 +4.268601458e+001 +4.268601458e+001
72137 0 +7.181589690e+001 +7.181589690e+001 +4.096589690e+001 +4.096589690e+001
72139 0 +6.905185833e+001 +6.905185833e+001 +3.820185833e+001 +3.820185833e+001
72373 0 +6.756054774e+001 +6.756054774e+001 +3.671054774e+001 +3.671054774e+001
73349 0 +6.568526550e+001 +6.568526550e+001 +3.483526550e+001 +3.483526550e+001
74142 0 +6.422781399e+001 +6.422781399e+001 +3.337781399e+001 +3.337781399e+001
74370 0 +6.283681236e+001 +6.283681236e+001 +3.198681236e+001 +3.198681236e+001
74875 0 +6.147425833e+001 +6.147425833e+001 +3.062425833e+001 +3.062425833e+001
75429 0 +5.995401147e+001 +5.995401147e+001 +2.910401147e+001 +2.910401147e+001
76347 0 +5.860162860e+001 +5.860162860e+001 +2.775162860e+001 +2.775162860e+001
78356 0 +5.731073524e+001 +5.731073524e+001 +2.646073524e+001 +2.646073524e+001
80528 0 +5.609555304e+001 +5.609555304e+001 +2.524555304e+001 +2.524555304e+001
% f evaluations | g evaluations | best noise-free fitness - Fopt | noise-free fitness - Fopt (-9.200000000000e+000) | measured fitness | best measured fitness | x1 | x2...
1 0 +8.275021949e+002 +8.275021949e+002 +8.183021949e+002 +8.183021949e+002
2 0 +7.603597962e+002 +7.603597962e+002 +7.511597962e+002 +7.511597962e+002
4 0 +7.146579774e+002 +7.146579774e+002 +7.054579774e+002 +7.054579774e+002
12 0 +6.879011808e+002 +6.879011808e+002 +6.787011808e+002 +6.787011808e+002
27 0 +6.686339871e+002 +6.686339871e+002 +6.594339871e+002 +6.594339871e+002
64 0 +6.064064583e+002 +6.064064583e+002 +5.972064583e+002 +5.972064583e+002
71 0 +5.511012131e+002 +5.511012131e+002 +5.419012131e+002 +5.419012131e+002
192 0 +5.452825443e+002 +5.452825443e+002 +5.360825443e+002 +5.360825443e+002
1216 0 +5.279393336e+002 +5.279393336e+002 +5.187393336e+002 +5.187393336e+002
1231 0 +5.134880806e+002 +5.134880806e+002 +5.042880806e+002 +5.042880806e+002
1805 0 +5.092717392e+002 +5.092717392e+002 +5.000717392e+002 +5.000717392e+002
1810 0 +4.875635059e+002 +4.875635059e+002 +4.783635059e+002 +4.783635059e+002
2028 0 +4.728452879e+002 +4.728452879e+002 +4.636452879e+002 +4.636452879e+002
2092 0 +3.868904577e+002 +3.868904577e+002 +3.776904577e+002 +3.776904577e+002
3726 0 +3.708772504e+002 +3.708772504e+002 +3.616772504e+002 +3.616772504e+002
3967 0 +3.412940388e+002 +3.412940388e+002 +3.320940388e+002 +3.320940388e+002
5891 0 +3.272644745e+002 +3.272644745e+002 +3.180644745e+002 +3.180644745e+002
7079 0 +3.069482978e+002 +3.069482978e+002 +2.977482978e+002 +2.977482978e+002
7363 0 +2.958050782e+002 +2.958050782e+002 +2.866050782e+002 +2.866050782e+002
17380 0 +2.858330161e+002 +2.858330161e+002 +2.766330161e+002 +2.766330161e+002
48721 0 +2.810228604e+002 +2.810228604e+002 +2.718228604e+002 +2.718228604e+002
50561 0 +2.592257298e+002 +2.592257298e+002 +2.500257298e+002 +2.500257298e+002
50752 0 +2.412274368e+002 +2.412274368e+002 +2.320274368e+002 +2.320274368e+002
51099 0 +2.341815354e+002 +2.341815354e+002 +2.249815354e+002 +2.249815354e+002
51425 0 +1.795500353e+002 +1.795500353e+002 +1.703500353e+002 +1.703500353e+002
51979 0 +1.770613530e+002 +1.770613530e+002 +1.678613530e+002 +1.678613530e+002
52038 0 +1.660611793e+002 +1.660611793e+002 +1.568611793e+002 +1.568611793e+002
52162 0 +1.575569669e+002 +1.575569669e+002 +1.483569669e+002 +1.483569669e+002
52647 0 +1.547388997e+002 +1.547388997e+002 +1.455388997e+002 +1.455388997e+002
52816 0 +1.366292053e+002 +1.366292053e+002 +1.274292053e+002 +1.274292053e+002
52984 0 +1.331721778e+002 +1.331721778e+002 +1.239721778e+002 +1.239721778e+002
53239 0 +1.286531360e+002 +1.286531360e+002 +1.194531360e+002 +1.194531360e+002
53310 0 +1.189114389e+002 +1.189114389e+002 +1.097114389e+002 +1.097114389e+002
53534 0 +1.172709098e+002 +1.172709098e+002 +1.080709098e+002 +1.080709098e+002
53661 0 +1.138450780e+002 +1.138450780e+002 +1.046450780e+002 +1.046450780e+002
53721 0 +1.115779108e+002 +1.115779108e+002 +1.023779108e+002 +1.023779108e+002
54186 0 +1.064242911e+002 +1.064242911e+002 +9.722429111e+001 +9.722429111e+001
54917 0 +1.037294350e+002 +1.037294350e+002 +9.452943502e+001 +9.452943502e+001
55414 0 +1.018467109e+002 +1.018467109e+002 +9.264671091e+001 +9.264671091e+001
55472 0 +9.638147595e+001 +9.638147595e+001 +8.718147595e+001 +8.718147595e+001
55488 0 +9.386980360e+001 +9.386980360e+001 +8.466980360e+001 +8.466980360e+001
56074 0 +9.197338545e+001 +9.197338545e+001 +8.277338545e+001 +8.277338545e+001
56372 0 +8.828863369e+001 +8.828863369e+001 +7.908863369e+001 +7.908863369e+001
56424 0 +8.602351799e+001 +8.602351799e+001 +7.682351799e+001 +7.682351799e+001
56551 0 +8.419283012e+001 +8.419283012e+001 +7.499283012e+001 +7.499283012e+001
56607 0 +8.313147196e+001 +8.313147196e+001 +7.393147196e+001 +7.393147196e+001
56701 0 +8.005404578e+001 +8.005404578e+001 +7.085404578e+001 +7.085404578e+001
56882 0 +7.824289151e+001 +7.824289151e+001 +6.904289151e+001 +6.904289151e+001
56887 0 +7.744536443e+001 +7.744536443e+001 +6.824536443e+001 +6.824536443e+001
57228 0 +7.499749287e+001 +7.499749287e+001 +6.579749287e+001 +6.579749287e+001
57369 0 +7.352471034e+001 +7.352471034e+001 +6.432471034e+001 +6.432471034e+001
57768 0 +7.188233196e+001 +7.188233196e+001 +6.268233196e+001 +6.268233196e+001
57999 0 +7.067960154e+001 +7.067960154e+001 +6.147960154e+001 +6.147960154e+001
58664 0 +6.906496668e+001 +6.906496668e+001 +5.986496668e+001 +5.986496668e+001
59251 0 +6.755430932e+001 +6.755430932e+001 +5.835430932e+001 +5.835430932e+001
59818 0 +6.599832563e+001 +6.599832563e+001 +5.679832563e+001 +5.679832563e+001
61376 0 +6.455904882e+001 +6.455904882e+001 +5.535904882e+001 +5.535904882e+001
61701 0 +6.277369117e+001 +6.277369117e+001 +5.357369117e+001 +5.357369117e+001
62177 0 +6.143371374e+001 +6.143371374e+001 +5.223371374e+001 +5.223371374e+001
63877 0 +6.016773463e+001 +6.016773463e+001 +5.096773463e+001 +5.096773463e+001
66506 0 +5.872237057e+001 +5.872237057e+001 +4.952237057e+001 +4.952237057e+001
% f evaluations | g evaluations | best noise-free fitness - Fopt | noise-free fitness - Fopt (-2.037600000000e+002) | measured fitness | best measured fitness | x1 | x2...
1 0 +6.483904169e+002 +6.483904169e+002 +4.446304169e+002 +4.446304169e+002
65 0 +6.379959175e+002 +6.379959175e+002 +4.342359175e+002 +4.342359175e+002
101 0 +5.990918956e+002 +5.990918956e+002 +3.953318956e+002 +3.953318956e+002
125 0 +5.649688554e+002 +5.649688554e+002 +3.612088554e+002 +3.612088554e+002
267 0 +5.381998612e+002 +5.381998612e+002 +3.344398612e+002 +3.344398612e+002
522 0 +4.673829107e+002 +4.673829107e+002 +2.636229107e+002 +2.636229107e+002
1535 0 +4.502246711e+002 +4.502246711e+002 +2.464646711e+002 +2.464646711e+002
2028 0 +4.287121895e+002 +4.287121895e+002 +2.249521895e+002 +2.249521895e+002
2073 0 +4.214518327e+002 +4.214518327e+002 +2.176918327e+002 +2.176918327e+002
2092 0 +3.794941165e+002 +3.794941165e+002 +1.757341165e+002 +1.757341165e+002
2879 0 +3.556228080e+002 +3.556228080e+002 +1.518628080e+002 +1.518628080e+002
3120 0 +3.546435618e+002 +3.546435618e+002 +1.508835618e+002 +1.508835618e+002
3233 0 +3.315029334e+002 +3.315029334e+002 +1.277429334e+002 +1.277429334e+002
3332 0 +3.057287992e+002 +3.057287992e+002 +1.019687992e+002 +1.019687992e+002
3943 0 +2.861300470e+002 +2.861300470e+002 +8.237004702e+001 +8.237004702e+001
5007 0 +2.685381477e+002 +2.685381477e+002 +6.477814765e+001 +6.477814765e+001
10454 0 +2.599862848e+002 +2.599862848e+002 +5.622628477e+001 +5.622628477e+001
12235 0 +2.528512129e+002 +2.528512129e+002 +4.909121291e+001 +4.909121291e+001
20646 0 +2.421834979e+002 +2.421834979e+002 +3.842349788e+001 +3.842349788e+001
32597 0 +2.354451159e+002 +2.354451159e+002 +3.168511591e+001 +3.168511591e+001
40039 0 +2.240215805e+002 +2.240215805e+002 +2.026158047e+001 +2.026158047e+001
44113 0 +2.076055448e+002 +2.076055448e+002 +3.845544778e+000 +3.845544778e+000
44347 0 +2.005807760e+002 +2.005807760e+002 -3.179223965e+000 -3.179223965e+000
44372 0 +1.823162538e+002 +1.823162538e+002 -2.144374624e+001 -2.144374624e+001
44768 0 +1.725106824e+002 +1.725106824e+002 -3.124931763e+001 -3.124931763e+001
44835 0 +1.544383091e+002 +1.544383091e+002 -4.932169094e+001 -4.932169094e+001
44917 0 +1.333730088e+002 +1.333730088e+002 -7.038699125e+001 -7.038699125e+001
45580 0 +1.250041875e+002 +1.250041875e+002 -7.875581252e+001 -7.875581252e+001
45781 0 +1.150605114e+002 +1.150605114e+002 -8.869948864e+001 -8.869948864e+001
45948 0 +1.101582548e+002 +1.101582548e+002 -9.360174522e+001 -9.360174522e+001
46035 0 +9.784296235e+001 +9.784296235e+001 -1.059170377e+002 -1.059170377e+002
46348 0 +7.702866437e+001 +7.702866437e+001 -1.267313356e+002 -1.267313356e+002
46413 0 +7.524274142e+001 +7.524274142e+001 -1.285172586e+002 -1.285172586e+002
46957 0 +7.330945017e+001 +7.330945017e+001 -1.304505498e+002 -1.304505498e+002
47114 0 +6.242817706e+001 +6.242817706e+001 -1.413318229e+002 -1.413318229e+002
47276 0 +5.887920960e+001 +5.887920960e+001 -1.448807904e+002 -1.448807904e+002
47378 0 +5.687028003e+001 +5.687028003e+001 -1.468897200e+002 -1.468897200e+002
47526 0 +5.595570118e+001 +5.595570118e+001 -1.478042988e+002 -1.478042988e+002
47554 0 +5.087074638e+001 +5.087074638e+001 -1.528892536e+002 -1.528892536e+002
47648 0 +4.381498270e+001 +4.381498270e+001 -1.599450173e+002 -1.599450173e+002
48412 0 +3.560812243e+001 +3.560812243e+001 -1.681518776e+002 -1.681518776e+002
48496 0 +3.495710090e+001 +3.495710090e+001 -1.688028991e+002 -1.688028991e+002
48543 0 +3.466478157e+001 +3.466478157e+001 -1.690952184e+002 -1.690952184e+002
48790 0 +3.027486060e+001 +3.027486060e+001 -1.734851394e+002 -1.734851394e+002
49149 0 +2.971048962e+001 +2.971048962e+001 -1.740495104e+002 -1.740495104e+002
49600 0 +2.642663057e+001 +2.642663057e+001 -1.773333694e+002 -1.773333694e+002
49950 0 +2.503209491e+001 +2.503209491e+001 -1.787279051e+002 -1.787279051e+002
50404 0 +2.428957444e+001 +2.428957444e+001 -1.794704256e+002 -1.794704256e+002
50601 0 +2.351255815e+001 +2.351255815e+001 -1.802474418e+002 -1.802474418e+002
50768 0 +2.281017583e+001 +2.281017583e+001 -1.809498242e+002 -1.809498242e+002
50944 0 +2.172235107e+001 +2.172235107e+001 -1.820376489e+002 -1.820376489e+002
51398 0 +2.025052748e+001 +2.025052748e+001 -1.835094725e+002 -1.835094725e+002
52151 0 +1.976474691e+001 +1.976474691e+001 -1.839952531e+002 -1.839952531e+002
52379 0 +1.866377857e+001 +1.866377857e+001 -1.850962214e+002 -1.850962214e+002
52631 0 +1.761111267e+001 +1.761111267e+001 -1.861488873e+002 -1.861488873e+002
52732 0 +1.652149137e+001 +1.652149137e+001 -1.872385086e+002 -1.872385086e+002
53016 0 +1.561424448e+001 +1.561424448e+001 -1.881457555e+002 -1.881457555e+002
54226 0 +1.503076627e+001 +1.503076627e+001 -1.887292337e+002 -1.887292337e+002
54315 0 +1.478778209e+001 +1.478778209e+001 -1.889722179e+002 -1.889722179e+002
54322 0 +1.434344910e+001 +1.434344910e+001 -1.894165509e+002 -1.894165509e+002
54385 0 +1.403636992e+001 +1.403636992e+001 -1.897236301e+002 -1.897236301e+002
54926 0 +1.376797747e+001 +1.376797747e+001 -1.899920225e+002 -1.899920225e+002
55387 0 +1.348556872e+001 +1.348556872e+001 -1.902744313e+002 -1.902744313e+002
55513 0 +1.305828976e+001 +1.305828976e+001 -1.907017102e+002 -1.907017102e+002
56283 0 +1.260170656e+001 +1.260170656e+001 -1.911582934e+002 -1.911582934e+002
56543 0 +1.258153889e+001 +1.258153889e+001 -1.911784611e+002 -1.911784611e+002
57178 0 +1.224683517e+001 +1.224683517e+001 -1.915131648e+002 -1.915131648e+002
58567 0 +1.198040651e+001 +1.198040651e+001 -1.917795935e+002 -1.917795935e+002
59327 0 +1.173151782e+001 +1.173151782e+001 -1.920284822e+002 -1.920284822e+002
60245 0 +1.145239194e+001 +1.145239194e+001 -1.923076081e+002 -1.923076081e+002
61971 0 +1.119704676e+001 +1.119704676e+001 -1.925629532e+002 -1.925629532e+002
65691 0 +1.095923959e+001 +1.095923959e+001 -1.928007604e+002 -1.928007604e+002
% f evaluations | g evaluations | best noise-free fitness - Fopt | noise-free fitness - Fopt (3.399000000000e+001) | measured fitness | best measured fitness | x1 | x2...
1 0 +6.433090037e+002 +6.433090037e+002 +6.772990037e+002 +6.772990037e+002
18 0 +6.345159201e+002 +6.345159201e+002 +6.685059201e+002 +6.685059201e+002
127 0 +6.141830397e+002 +6.141830397e+002 +6.481730397e+002 +6.481730397e+002
132 0 +5.495404761e+002 +5.495404761e+002 +5.835304761e+002 +5.835304761e+002
644 0 +4.998207815e+002 +4.998207815e+002 +5.338107815e+002 +5.338107815e+002
1748 0 +4.781068123e+002 +4.781068123e+002 +5.120968123e+002 +5.120968123e+002
2041 0 +4.667996764e+002 +4.667996764e+002 +5.007896764e+002 +5.007896764e+002
2276 0 +4.411107277e+002 +4.411107277e+002 +4.751007277e+002 +4.751007277e+002
2349 0 +3.921076323e+002 +3.921076323e+002 +4.260976323e+002 +4.260976323e+002
2805 0 +3.715707498e+002 +3.715707498e+002 +4.055607498e+002 +4.055607498e+002
2985 0 +3.617688755e+002 +3.617688755e+002 +3.957588755e+002 +3.957588755e+002
3429 0 +3.416511888e+002 +3.416511888e+002 +3.756411888e+002 +3.756411888e+002
3965 0 +3.324498531e+002 +3.324498531e+002 +3.664398531e+002 +3.664398531e+002
3992 0 +3.252226668e+002 +3.252226668e+002 +3.592126668e+002 +3.592126668e+002
4079 0 +3.176613585e+002 +3.176613585e+002 +3.516513585e+002 +3.516513585e+002
4568 0 +2.995960137e+002 +2.995960137e+002 +3.335860137e+002 +3.335860137e+002
6338 0 +2.864383507e+002 +2.864383507e+002 +3.204283507e+002 +3.204283507e+002
7452 0 +2.813663173e+002 +2.813663173e+002 +3.153563173e+002 +3.153563173e+002
11553 0 +2.641907323e+002 +2.641907323e+002 +2.981807323e+002 +2.981807323e+002
13039 0 +2.589494625e+002 +2.589494625e+002 +2.929394625e+002 +2.929394625e+002
14109 0 +2.550601272e+002 +2.550601272e+002 +2.890501272e+002 +2.890501272e+002
31388 0 +2.299510486e+002 +2.299510486e+002 +2.639410486e+002 +2.639410486e+002
31576 0 +2.230809678e+002 +2.230809678e+002 +2.570709678e+002 +2.570709678e+002
32269 0 +2.042244835e+002 +2.042244835e+002 +2.382144835e+002 +2.382144835e+002
32301 0 +1.920322228e+002 +1.920322228e+002 +2.260222228e+002 +2.260222228e+002
32411 0 +1.772434900e+002 +1.772434900e+002 +2.112334900e+002 +2.112334900e+002
33002 0 +1.652933549e+002 +1.652933549e+002 +1.992833549e+002 +1.992833549e+002
33169 0 +1.534149251e+002 +1.534149251e+002 +1.874049251e+002 +1.874049251e+002
33431 0 +1.330157192e+002 +1.330157192e+002 +1.670057192e+002 +1.670057192e+002
33719 0 +1.244168267e+002 +1.244168267e+002 +1.584068267e+002 +1.584068267e+002
33917 0 +1.192726415e+002 +1.192726415e+002 +1.532626415e+002 +1.532626415e+002
33926 0 +1.112023879e+002 +1.112023879e+002 +1.451923879e+002 +1.451923879e+002
34031 0 +1.051480001e+002 +1.051480001e+002 +1.391380001e+002 +1.391380001e+002
34277 0 +1.019522643e+002 +1.019522643e+002 +1.359422643e+002 +1.359422643e+002
34504 0 +9.717697482e+001 +9.717697482e+001 +1.311669748e+002 +1.311669748e+002
34614 0 +9.358550958e+001 +9.358550958e+001 +1.275755096e+002 +1.275755096e+002
34711 0 +9.140621284e+001 +9.140621284e+001 +1.253962128e+002 +1.253962128e+002
34780 0 +8.694784755e+001 +8.694784755e+001 +1.209378476e+002 +1.209378476e+002
34814 0 +8.205474406e+001 +8.205474406e+001 +1.160447441e+002 +1.160447441e+002
34875 0 +8.095839893e+001 +8.095839893e+001 +1.149483989e+002 +1.149483989e+002
34892 0 +7.675273931e+001 +7.675273931e+001 +1.107427393e+002 +1.107427393e+002
35028 0 +7.435269970e+001 +7.435269970e+001 +1.083426997e+002 +1.083426997e+002
35149 0 +7.247846208e+001 +7.247846208e+001 +1.064684621e+002 +1.064684621e+002
35228 0 +7.006537368e+001 +7.006537368e+001 +1.040553737e+002 +1.040553737e+002
35230 0 +6.749436290e+001 +6.749436290e+001 +1.014843629e+002 +1.014843629e+002
35446 0 +6.347313418e+001 +6.347313418e+001 +9.746313418e+001 +9.746313418e+001
35544 0 +6.034071628e+001 +6.034071628e+001 +9.433071628e+001 +9.433071628e+001
35649 0 +6.009965062e+001 +6.009965062e+001 +9.408965062e+001 +9.408965062e+001
35818 0 +5.827440524e+001 +5.827440524e+001 +9.226440524e+001 +9.226440524e+001
35833 0 +5.650389335e+001 +5.650389335e+001 +9.049389335e+001 +9.049389335e+001
35933 0 +5.542822273e+001 +5.542822273e+001 +8.941822273e+001 +8.941822273e+001
36002 0 +5.474151906e+001 +5.474151906e+001 +8.873151906e+001 +8.873151906e+001
36010 0 +5.217455517e+001 +5.217455517e+001 +8.616455517e+001 +8.616455517e+001
36024 0 +4.957362878e+001 +4.957362878e+001 +8.356362878e+001 +8.356362878e+001
36094 0 +4.826589178e+001 +4.826589178e+001 +8.225589178e+001 +8.225589178e+001
36371 0 +4.784275197e+001 +4.784275197e+001 +8.183275197e+001 +8.183275197e+001
36775 0 +4.496389194e+001 +4.496389194e+001 +7.895389194e+001 +7.895389194e+001
36858 0 +4.378968157e+001 +4.378968157e+001 +7.777968157e+001 +7.777968157e+001
37246 0 +4.226007307e+001 +4.226007307e+001 +7.625007307e+001 +7.625007307e+001
37411 0 +4.155010090e+001 +4.155010090e+001 +7.554010090e+001 +7.554010090e+001
37419 0 +4.053919637e+001 +4.053919637e+001 +7.452919637e+001 +7.452919637e+001
37433 0 +3.897334743e+001 +3.897334743e+001 +7.296334743e+001 +7.296334743e+001
37493 0 +3.745275907e+001 +3.745275907e+001 +7.144275907e+001 +7.144275907e+001
37657 0 +3.563933175e+001 +3.563933175e+001 +6.962933175e+001 +6.962933175e+001
37928 0 +3.454564393e+001 +3.454564393e+001 +6.853564393e+001 +6.853564393e+001
38008 0 +3.243443399e+001 +3.243443399e+001 +6.642443399e+001 +6.642443399e+001
39213 0 +3.096941606e+001 +3.096941606e+001 +6.495941606e+001 +6.495941606e+001
39396 0 +3.007811823e+001 +3.007811823e+001 +6.406811823e+001 +6.406811823e+001
39655 0 +2.892506195e+001 +2.892506195e+001 +6.291506195e+001 +6.291506195e+001
39956 0 +2.832122145e+001 +2.832122145e+001 +6.231122145e+001 +6.231122145e+001
40033 0 +2.762618654e+001 +2.762618654e+001 +6.161618654e+001 +6.161618654e+001
40241 0 +2.742677705e+001 +2.742677705e+001 +6.141677705e+001 +6.141677705e+001
40417 0 +2.633906955e+001 +2.633906955e+001 +6.032906955e+001 +6.032906955e+001
40515 0 +2.569199378e+001 +2.569199378e+001 +5.968199378e+001 +5.968199378e+001
40618 0 +2.487447134e+001 +2.487447134e+001 +5.886447134e+001 +5.886447134e+001
40685 0 +2.447506765e+001 +2.447506765e+001 +5.846506765e+001 +5.846506765e+001
40830 0 +2.307469402e+001 +2.307469402e+001 +5.706469402e+001 +5.706469402e+001
41129 0 +2.231079600e+001 +2.231079600e+001 +5.630079600e+001 +5.630079600e+001
41546 0 +2.157756249e+001 +2.157756249e+001 +5.556756249e+001 +5.556756249e+001
41940 0 +2.136095575e+001 +2.136095575e+001 +5.535095575e+001 +5.535095575e+001
42095 0 +2.068336590e+001 +2.068336590e+001 +5.467336590e+001 +5.467336590e+001
42467 0 +2.014472511e+001 +2.014472511e+001 +5.413472511e+001 +5.413472511e+001
42905 0 +1.970594675e+001 +1.970594675e+001 +5.369594675e+001 +5.369594675e+001
43105 0 +1.926218910e+001 +1.926218910e+001 +5.325218910e+001 +5.325218910e+001
43127 0 +1.881377234e+001 +1.881377234e+001 +5.280377234e+001 +5.280377234e+001
43302 0 +1.834500158e+001 +1.834500158e+001 +5.233500158e+001 +5.233500158e+001
43949 0 +1.818171198e+001 +1.818171198e+001 +5.217171198e+001 +5.217171198e+001
45195 0 +1.770455102e+001 +1.770455102e+001 +5.169455102e+001 +5.169455102e+001
45604 0 +1.721086933e+001 +1.721086933e+001 +5.120086933e+001 +5.120086933e+001
46351 0 +1.653333641e+001 +1.653333641e+001 +5.052333641e+001 +5.052333641e+001
47162 0 +1.573313712e+001 +1.573313712e+001 +4.972313712e+001 +4.972313712e+001
47814 0 +1.540108062e+001 +1.540108062e+001 +4.939108062e+001 +4.939108062e+001
47933 0 +1.506313413e+001 +1.506313413e+001 +4.905313413e+001 +4.905313413e+001
48116 0 +1.458028559e+001 +1.458028559e+001 +4.857028559e+001 +4.857028559e+001
49044 0 +1.441184586e+001 +1.441184586e+001 +4.840184586e+001 +4.840184586e+001
49095 0 +1.405194724e+001 +1.405194724e+001 +4.804194724e+001 +4.804194724e+001
50073 0 +1.378960064e+001 +1.378960064e+001 +4.777960064e+001 +4.777960064e+001
50944 0 +1.332048176e+001 +1.332048176e+001 +4.731048176e+001 +4.731048176e+001
51469 0 +1.317011159e+001 +1.317011159e+001 +4.716011159e+001 +4.716011159e+001
52834 0 +1.285070172e+001 +1.285070172e+001 +4.684070172e+001 +4.684070172e+001
53855 0 +1.258773577e+001 +1.258773577e+001 +4.657773577e+001 +4.657773577e+001
55307 0 +1.228948038e+001 +1.228948038e+001 +4.627948038e+001 +4.627948038e+001
57508 0 +1.199778560e+001 +1.199778560e+001 +4.598778560e+001 +4.598778560e+001
64230 0 +1.174788744e+001 +1.174788744e+001 +4.573788744e+001 +4.573788744e+001
% f evaluations | g evaluations | best noise-free fitness - Fopt | noise-free fitness - Fopt (-1.000000000000e+003) | measured fitness | best measured fitness | x1 | x2...
1 0 +7.972449162e+002 +7.972449162e+002 -2.027550838e+002 -2.027550838e+002
3 0 +6.561913278e+002 +6.561913278e+002 -3.438086722e+002 -3.438086722e+002
10 0 +5.824800140e+002 +5.824800140e+002 -4.175199860e+002 -4.175199860e+002
128 0 +5.482085367e+002 +5.482085367e+002 -4.517914633e+002 -4.517914633e+002
433 0 +5.349346587e+002 +5.349346587e+002 -4.650653413e+002 -4.650653413e+002
492 0 +5.244483736e+002 +5.244483736e+002 -4.755516264e+002 -4.755516264e+002
555 0 +4.989727597e+002 +4.989727597e+002 -5.010272403e+002 -5.010272403e+002
902 0 +4.844572014e+002 +4.844572014e+002 -5.155427986e+002 -5.155427986e+002
1497 0 +4.779776478e+002 +4.779776478e+002 -5.220223522e+002 -5.220223522e+002
1901 0 +4.502156191e+002 +4.502156191e+002 -5.497843809e+002 -5.497843809e+002
2005 0 +4.360900471e+002 +4.360900471e+002 -5.639099529e+002 -5.639099529e+002
2227 0 +4.150992590e+002 +4.150992590e+002 -5.849007410e+002 -5.849007410e+002
2547 0 +3.554533059e+002 +3.554533059e+002 -6.445466941e+002 -6.445466941e+002
4064 0 +3.421582145e+002 +3.421582145e+002 -6.578417855e+002 -6.578417855e+002
4105 0 +3.185817041e+002 +3.185817041e+002 -6.814182959e+002 -6.814182959e+002
9833 0 +2.847082218e+002 +2.847082218e+002 -7.152917782e+002 -7.152917782e+002
23224 0 +2.813003523e+002 +2.813003523e+002 -7.186996477e+002 -7.186996477e+002
23665 0 +2.627214088e+002 +2.627214088e+002 -7.372785912e+002 -7.372785912e+002
24186 0 +2.541947115e+002 +2.541947115e+002 -7.458052885e+002 -7.458052885e+002
24493 0 +2.506344481e+002 +2.506344481e+002 -7.493655519e+002 -7.493655519e+002
24525 0 +2.199745298e+002 +2.199745298e+002 -7.800254702e+002 -7.800254702e+002
25022 0 +2.122154800e+002 +2.122154800e+002 -7.877845200e+002 -7.877845200e+002
25256 0 +2.023568214e+002 +2.023568214e+002 -7.976431786e+002 -7.976431786e+002
25507 0 +1.942743279e+002 +1.942743279e+002 -8.057256721e+002 -8.057256721e+002
25672 0 +1.875396642e+002 +1.875396642e+002 -8.124603358e+002 -8.124603358e+002
25894 0 +1.807137276e+002 +1.807137276e+002 -8.192862724e+002 -8.192862724e+002
26049 0 +1.714535673e+002 +1.714535673e+002 -8.285464327e+002 -8.285464327e+002
26103 0 +1.680983438e+002 +1.680983438e+002 -8.319016562e+002 -8.319016562e+002
26120 0 +1.634095468e+002 +1.634095468e+002 -8.365904532e+002 -8.365904532e+002
26141 0 +1.528574081e+002 +1.528574081e+002 -8.471425919e+002 -8.471425919e+002
26347 0 +1.497022848e+002 +1.497022848e+002 -8.502977152e+002 -8.502977152e+002
26411 0 +1.329929056e+002 +1.329929056e+002 -8.670070944e+002 -8.670070944e+002
26449 0 +1.265648150e+002 +1.265648150e+002 -8.734351850e+002 -8.734351850e+002
26614 0 +1.175881208e+002 +1.175881208e+002 -8.824118792e+002 -8.824118792e+002
26915 0 +1.144704800e+002 +1.144704800e+002 -8.855295200e+002 -8.855295200e+002
27093 0 +1.091859988e+002 +1.091859988e+002 -8.908140012e+002 -8.908140012e+002
27365 0 +1.057000051e+002 +1.057000051e+002 -8.942999949e+002 -8.942999949e+002
27419 0 +1.031595948e+002 +1.031595948e+002 -8.968404052e+002 -8.968404052e+002
27822 0 +9.783077197e+001 +9.783077197e+001 -9.021692280e+002 -9.021692280e+002
27911 0 +9.568809629e+001 +9.568809629e+001 -9.043119037e+002 -9.043119037e+002
28063 0 +9.432837703e+001 +9.432837703e+001 -9.056716230e+002 -9.056716230e+002
28242 0 +9.208098403e+001 +9.208098403e+001 -9.079190160e+002 -9.079190160e+002
28467 0 +9.056636138e+001 +9.056636138e+001 -9.094336386e+002 -9.094336386e+002
28512 0 +8.894360337e+001 +8.894360337e+001 -9.110563966e+002 -9.110563966e+002
28703 0 +8.047016892e+001 +8.047016892e+001 -9.195298311e+002 -9.195298311e+002
28748 0 +7.707513598e+001 +7.707513598e+001 -9.229248640e+002 -9.229248640e+002
29093 0 +7.537242676e+001 +7.537242676e+001 -9.246275732e+002 -9.246275732e+002
29409 0 +7.219635735e+001 +7.219635735e+001 -9.278036426e+002 -9.278036426e+002
29661 0 +7.048803637e+001 +7.048803637e+001 -9.295119636e+002 -9.295119636e+002
29729 0 +6.901322864e+001 +6.901322864e+001 -9.309867714e+002 -9.309867714e+002
30536 0 +6.700684765e+001 +6.700684765e+001 -9.329931524e+002 -9.329931524e+002
31208 0 +6.542262779e+001 +6.542262779e+001 -9.345773722e+002 -9.345773722e+002
31245 0 +6.233495775e+001 +6.233495775e+001 -9.376650422e+002 -9.376650422e+002
31558 0 +6.122396972e+001 +6.122396972e+001 -9.387760303e+002 -9.387760303e+002
32122 0 +6.002817067e+001 +6.002817067e+001 -9.399718293e+002 -9.399718293e+002
33012 0 +5.848357842e+001 +5.848357842e+001 -9.415164216e+002 -9.415164216e+002
34108 0 +5.745882569e+001 +5.745882569e+001 -9.425411743e+002 -9.425411743e+002
35106 0 +5.601120472e+001 +5.601120472e+001 -9.439887953e+002 -9.439887953e+002
37715 0 +5.492860499e+001 +5.492860499e+001 -9.450713950e+002 -9.450713950e+002
45919 0 +5.368361005e+001 +5.368361005e+001 -9.463163900e+002 -9.463163900e+002
% f evaluations | g evaluations | best noise-free fitness - Fopt | noise-free fitness - Fopt (-1.000000000000e+003) | measured fitness | best measured fitness | x1 | x2...
1 0 +7.058927941e+002 +7.058927941e+002 -2.941072059e+002 -2.941072059e+002
2 0 +6.878690378e+002 +6.878690378e+002 -3.121309622e+002 -3.121309622e+002
3 0 +6.436494437e+002 +6.436494437e+002 -3.563505563e+002 -3.563505563e+002
36 0 +6.110986169e+002 +6.110986169e+002 -3.889013831e+002 -3.889013831e+002
256 0 +5.686950152e+002 +5.686950152e+002 -4.313049848e+002 -4.313049848e+002
535 0 +5.237269783e+002 +5.237269783e+002 -4.762730217e+002 -4.762730217e+002
1665 0 +5.118631316e+002 +5.118631316e+002 -4.881368684e+002 -4.881368684e+002
1755 0 +4.679415437e+002 +4.679415437e+002 -5.320584563e+002 -5.320584563e+002
1868 0 +4.582354203e+002 +4.582354203e+002 -5.417645797e+002 -5.417645797e+002
2053 0 +4.365591848e+002 +4.365591848e+002 -5.634408152e+002 -5.634408152e+002
2101 0 +3.831027538e+002 +3.831027538e+002 -6.168972462e+002 -6.168972462e+002
3392 0 +3.762598140e+002 +3.762598140e+002 -6.237401860e+002 -6.237401860e+002
3589 0 +3.676418120e+002 +3.676418120e+002 -6.323581880e+002 -6.323581880e+002
4300 0 +3.589061945e+002 +3.589061945e+002 -6.410938055e+002 -6.410938055e+002
5230 0 +3.409588254e+002 +3.409588254e+002 -6.590411746e+002 -6.590411746e+002
5701 0 +3.371131373e+002 +3.371131373e+002 -6.628868627e+002 -6.628868627e+002
6854 0 +3.166212823e+002 +3.166212823e+002 -6.833787177e+002 -6.833787177e+002
8355 0 +3.091184754e+002 +3.091184754e+002 -6.908815246e+002 -6.908815246e+002
11213 0 +2.836726332e+002 +2.836726332e+002 -7.163273668e+002 -7.163273668e+002
28154 0 +2.649256819e+002 +2.649256819e+002 -7.350743181e+002 -7.350743181e+002
29092 0 +2.146433962e+002 +2.146433962e+002 -7.853566038e+002 -7.853566038e+002
29276 0 +2.084086275e+002 +2.084086275e+002 -7.915913725e+002 -7.915913725e+002
29459 0 +1.849757411e+002 +1.849757411e+002 -8.150242589e+002 -8.150242589e+002
29931 0 +1.769938254e+002 +1.769938254e+002 -8.230061746e+002 -8.230061746e+002
29980 0 +1.697709514e+002 +1.697709514e+002 -8.302290486e+002 -8.302290486e+002
30098 0 +1.611855461e+002 +1.611855461e+002 -8.388144539e+002 -8.388144539e+002
30566 0 +1.578570861e+002 +1.578570861e+002 -8.421429139e+002 -8.421429139e+002
30646 0 +1.280766003e+002 +1.280766003e+002 -8.719233997e+002 -8.719233997e+002
31098 0 +1.238949811e+002 +1.238949811e+002 -8.761050189e+002 -8.761050189e+002
31103 0 +1.207975539e+002 +1.207975539e+002 -8.792024461e+002 -8.792024461e+002
31250 0 +1.201571338e+002 +1.201571338e+002 -8.798428662e+002 -8.798428662e+002
31346 0 +1.055874015e+002 +1.055874015e+002 -8.944125985e+002 -8.944125985e+002
32076 0 +1.039050951e+002 +1.039050951e+002 -8.960949049e+002 -8.960949049e+002
32107 0 +1.018297432e+002 +1.018297432e+002 -8.981702568e+002 -8.981702568e+002
32116 0 +9.989910883e+001 +9.989910883e+001 -9.001008912e+002 -9.001008912e+002
32229 0 +9.466577612e+001 +9.466577612e+001 -9.053342239e+002 -9.053342239e+002
32605 0 +8.917481795e+001 +8.917481795e+001 -9.108251820e+002 -9.108251820e+002
32671 0 +8.857483915e+001 +8.857483915e+001 -9.114251608e+002 -9.114251608e+002
32877 0 +8.143807181e+001 +8.143807181e+001 -9.185619282e+002 -9.185619282e+002
33203 0 +7.978835367e+001 +7.978835367e+001 -9.202116463e+002 -9.202116463e+002
33298 0 +7.877441675e+001 +7.877441675e+001 -9.212255833e+002 -9.212255833e+002
33448 0 +7.366828386e+001 +7.366828386e+001 -9.263317161e+002 -9.263317161e+002
33711 0 +7.227934106e+001 +7.227934106e+001 -9.277206589e+002 -9.277206589e+002
34029 0 +6.947762832e+001 +6.947762832e+001 -9.305223717e+002 -9.305223717e+002
34294 0 +6.881521717e+001 +6.881521717e+001 -9.311847828e+002 -9.311847828e+002
34685 0 +6.731944813e+001 +6.731944813e+001 -9.326805519e+002 -9.326805519e+002
35960 0 +6.565481670e+001 +6.565481670e+001 -9.343451833e+002 -9.343451833e+002
35993 0 +6.441565086e+001 +6.441565086e+001 -9.355843491e+002 -9.355843491e+002
36347 0 +6.278360093e+001 +6.278360093e+001 -9.372163991e+002 -9.372163991e+002
36852 0 +6.139374909e+001 +6.139374909e+001 -9.386062509e+002 -9.386062509e+002
37623 0 +5.988673134e+001 +5.988673134e+001 -9.401132687e+002 -9.401132687e+002
38874 0 +5.849420772e+001 +5.849420772e+001 -9.415057923e+002 -9.415057923e+002
40012 0 +5.750425123e+001 +5.750425123e+001 -9.424957488e+002 -9.424957488e+002
41024 0 +5.623050116e+001 +5.623050116e+001 -9.437694988e+002 -9.437694988e+002
44013 0 +5.476261950e+001 +5.476261950e+001 -9.452373805e+002 -9.452373805e+002
47894 0 +5.365025330e+001 +5.365025330e+001 -9.463497467e+002 -9.463497467e+002
% f evaluations | g evaluations | best noise-free fitness - Fopt | noise-free fitness - Fopt (-1.272000000000e+001) | measured fitness | best measured fitness | x1 | x2...
1 0 +7.097172174e+002 +7.097172174e+002 +6.969972174e+002 +6.969972174e+002
2 0 +6.608014919e+002 +6.608014919e+002 +6.480814919e+002 +6.480814919e+002
16 0 +5.896764840e+002 +5.896764840e+002 +5.769564840e+002 +5.769564840e+002
257 0 +5.624168129e+002 +5.624168129e+002 +5.496968129e+002 +5.496968129e+002
524 0 +5.069366872e+002 +5.069366872e+002 +4.942166872e+002 +4.942166872e+002
1539 0 +4.972508446e+002 +4.972508446e+002 +4.845308446e+002 +4.845308446e+002
1678 0 +4.742131911e+002 +4.742131911e+002 +4.614931911e+002 +4.614931911e+002
1730 0 +4.595936744e+002 +4.595936744e+002 +4.468736744e+002 +4.468736744e+002
1760 0 +4.566020239e+002 +4.566020239e+002 +4.438820239e+002 +4.438820239e+002
1919 0 +4.410879740e+002 +4.410879740e+002 +4.283679740e+002 +4.283679740e+002
1957 0 +4.344890302e+002 +4.344890302e+002 +4.217690302e+002 +4.217690302e+002
1990 0 +4.243880491e+002 +4.243880491e+002 +4.116680491e+002 +4.116680491e+002
2130 0 +4.072571588e+002 +4.072571588e+002 +3.945371588e+002 +3.945371588e+002
2327 0 +3.884290644e+002 +3.884290644e+002 +3.757090644e+002 +3.757090644e+002
2816 0 +3.786185938e+002 +3.786185938e+002 +3.658985938e+002 +3.658985938e+002
2821 0 +3.671609631e+002 +3.671609631e+002 +3.544409631e+002 +3.544409631e+002
2852 0 +3.539987670e+002 +3.539987670e+002 +3.412787670e+002 +3.412787670e+002
2989 0 +3.419684503e+002 +3.419684503e+002 +3.292484503e+002 +3.292484503e+002
5368 0 +2.936023935e+002 +2.936023935e+002 +2.808823935e+002 +2.808823935e+002
30437 0 +2.708878172e+002 +2.708878172e+002 +2.581678172e+002 +2.581678172e+002
57379 0 +2.644663835e+002 +2.644663835e+002 +2.517463835e+002 +2.517463835e+002
57548 0 +2.579007987e+002 +2.579007987e+002 +2.451807987e+002 +2.451807987e+002
58141 0 +2.476430512e+002 +2.476430512e+002 +2.349230512e+002 +2.349230512e+002
58231 0 +2.419449152e+002 +2.419449152e+002 +2.292249152e+002 +2.292249152e+002
58256 0 +2.323850793e+002 +2.323850793e+002 +2.196650793e+002 +2.196650793e+002
58347 0 +2.278136692e+002 +2.278136692e+002 +2.150936692e+002 +2.150936692e+002
58423 0 +2.102191199e+002 +2.102191199e+002 +1.974991199e+002 +1.974991199e+002
58543 0 +1.547736476e+002 +1.547736476e+002 +1.420536476e+002 +1.420536476e+002
58833 0 +1.505804701e+002 +1.505804701e+002 +1.378604701e+002 +1.378604701e+002
59040 0 +1.387886879e+002 +1.387886879e+002 +1.260686879e+002 +1.260686879e+002
59326 0 +1.336936450e+002 +1.336936450e+002 +1.209736450e+002 +1.209736450e+002
59418 0 +1.231296503e+002 +1.231296503e+002 +1.104096503e+002 +1.104096503e+002
59543 0 +1.228827622e+002 +1.228827622e+002 +1.101627622e+002 +1.101627622e+002
59562 0 +1.151785819e+002 +1.151785819e+002 +1.024585819e+002 +1.024585819e+002
59657 0 +1.139212626e+002 +1.139212626e+002 +1.012012626e+002 +1.012012626e+002
59676 0 +1.081288447e+002 +1.081288447e+002 +9.540884471e+001 +9.540884471e+001
59952 0 +1.065662202e+002 +1.065662202e+002 +9.384622021e+001 +9.384622021e+001
60316 0 +9.592776814e+001 +9.592776814e+001 +8.320776814e+001 +8.320776814e+001
60856 0 +9.053518830e+001 +9.053518830e+001 +7.781518830e+001 +7.781518830e+001
61437 0 +8.726084071e+001 +8.726084071e+001 +7.454084071e+001 +7.454084071e+001
61533 0 +8.573667101e+001 +8.573667101e+001 +7.301667101e+001 +7.301667101e+001
61618 0 +8.373168701e+001 +8.373168701e+001 +7.101168701e+001 +7.101168701e+001
61954 0 +8.157905051e+001 +8.157905051e+001 +6.885905051e+001 +6.885905051e+001
62217 0 +8.124186568e+001 +8.124186568e+001 +6.852186568e+001 +6.852186568e+001
62262 0 +7.808989541e+001 +7.808989541e+001 +6.536989541e+001 +6.536989541e+001
62800 0 +7.495794571e+001 +7.495794571e+001 +6.223794571e+001 +6.223794571e+001
63555 0 +7.353083028e+001 +7.353083028e+001 +6.081083028e+001 +6.081083028e+001
63701 0 +7.156151765e+001 +7.156151765e+001 +5.884151765e+001 +5.884151765e+001
64517 0 +6.709941770e+001 +6.709941770e+001 +5.437941770e+001 +5.437941770e+001
64766 0 +6.589781804e+001 +6.589781804e+001 +5.317781804e+001 +5.317781804e+001
65224 0 +6.419483202e+001 +6.419483202e+001 +5.147483202e+001 +5.147483202e+001
66440 0 +6.278674629e+001 +6.278674629e+001 +5.006674629e+001 +5.006674629e+001
66988 0 +6.090548183e+001 +6.090548183e+001 +4.818548183e+001 +4.818548183e+001
67860 0 +5.997775804e+001 +5.997775804e+001 +4.725775804e+001 +4.725775804e+001
70286 0 +5.857381436e+001 +5.857381436e+001 +4.585381436e+001 +4.585381436e+001
72707 0 +5.752284748e+001 +5.752284748e+001 +4.480284748e+001 +4.480284748e+001
76692 0 +5.621068513e+001 +5.621068513e+001 +4.349068513e+001 +4.349068513e+001
% f evaluations | g evaluations | best noise-free fitness - Fopt | noise-free fitness - Fopt (-5.954000000000e+001) | measured fitness | best measured fitness | x1 | x2...
1 0 +8.676823671e+002 +8.676823671e+002 +8.081423671e+002 +8.081423671e+002
2 0 +6.369981757e+002 +6.369981757e+002 +5.774581757e+002 +5.774581757e+002
10 0 +6.062391107e+002 +6.062391107e+002 +5.466991107e+002 +5.466991107e+002
139 0 +5.816877160e+002 +5.816877160e+002 +5.221477160e+002 +5.221477160e+002
182 0 +5.370241333e+002 +5.370241333e+002 +4.774841333e+002 +4.774841333e+002
1341 0 +5.228412224e+002 +5.228412224e+002 +4.633012224e+002 +4.633012224e+002
2044 0 +4.980776853e+002 +4.980776853e+002 +4.385376853e+002 +4.385376853e+002
2442 0 +4.683053151e+002 +4.683053151e+002 +4.087653151e+002 +4.087653151e+002
2543 0 +4.611186018e+002 +4.611186018e+002 +4.015786018e+002 +4.015786018e+002
2659 0 +4.379788660e+002 +4.379788660e+002 +3.784388660e+002 +3.784388660e+002
2661 0 +4.235823018e+002 +4.235823018e+002 +3.640423018e+002 +3.640423018e+002
2885 0 +4.105257836e+002 +4.105257836e+002 +3.509857836e+002 +3.509857836e+002
2968 0 +3.996778012e+002 +3.996778012e+002 +3.401378012e+002 +3.401378012e+002
3313 0 +3.924958801e+002 +3.924958801e+002 +3.329558801e+002 +3.329558801e+002
3646 0 +3.768721105e+002 +3.768721105e+002 +3.173321105e+002 +3.173321105e+002
3834 0 +3.301763158e+002 +3.301763158e+002 +2.706363158e+002 +2.706363158e+002
6963 0 +3.054068034e+002 +3.054068034e+002 +2.458668034e+002 +2.458668034e+002
14773 0 +2.827057496e+002 +2.827057496e+002 +2.231657496e+002 +2.231657496e+002
25027 0 +2.574963204e+002 +2.574963204e+002 +1.979563204e+002 +1.979563204e+002
25934 0 +2.520376474e+002 +2.520376474e+002 +1.924976474e+002 +1.924976474e+002
26108 0 +2.412737976e+002 +2.412737976e+002 +1.817337976e+002 +1.817337976e+002
26122 0 +2.214370705e+002 +2.214370705e+002 +1.618970705e+002 +1.618970705e+002
26535 0 +1.969581187e+002 +1.969581187e+002 +1.374181187e+002 +1.374181187e+002
26917 0 +1.891631220e+002 +1.891631220e+002 +1.296231220e+002 +1.296231220e+002
26927 0 +1.812501454e+002 +1.812501454e+002 +1.217101454e+002 +1.217101454e+002
27195 0 +1.757888282e+002 +1.757888282e+002 +1.162488282e+002 +1.162488282e+002
27222 0 +1.700527381e+002 +1.700527381e+002 +1.105127381e+002 +1.105127381e+002
27795 0 +1.691703573e+002 +1.691703573e+002 +1.096303573e+002 +1.096303573e+002
28018 0 +1.582776370e+002 +1.582776370e+002 +9.873763696e+001 +9.873763696e+001
28034 0 +1.457238646e+002 +1.457238646e+002 +8.618386463e+001 +8.618386463e+001
29072 0 +1.407322270e+002 +1.407322270e+002 +8.119222700e+001 +8.119222700e+001
29611 0 +1.321205237e+002 +1.321205237e+002 +7.258052367e+001 +7.258052367e+001
29725 0 +1.171812389e+002 +1.171812389e+002 +5.764123893e+001 +5.764123893e+001
29875 0 +1.100475934e+002 +1.100475934e+002 +5.050759339e+001 +5.050759339e+001
30144 0 +1.095692090e+002 +1.095692090e+002 +5.002920900e+001 +5.002920900e+001
30344 0 +1.071355128e+002 +1.071355128e+002 +4.759551278e+001 +4.759551278e+001
30759 0 +1.021105291e+002 +1.021105291e+002 +4.257052908e+001 +4.257052908e+001
30769 0 +9.903331395e+001 +9.903331395e+001 +3.949331395e+001 +3.949331395e+001
31372 0 +9.534319803e+001 +9.534319803e+001 +3.580319803e+001 +3.580319803e+001
31524 0 +9.198396541e+001 +9.198396541e+001 +3.244396541e+001 +3.244396541e+001
31616 0 +8.946381751e+001 +8.946381751e+001 +2.992381751e+001 +2.992381751e+001
32006 0 +8.612985868e+001 +8.612985868e+001 +2.658985868e+001 +2.658985868e+001
32330 0 +8.342578642e+001 +8.342578642e+001 +2.388578642e+001 +2.388578642e+001
32637 0 +8.301589771e+001 +8.301589771e+001 +2.347589771e+001 +2.347589771e+001
32703 0 +7.809138458e+001 +7.809138458e+001 +1.855138458e+001 +1.855138458e+001
33202 0 +7.001272920e+001 +7.001272920e+001 +1.047272920e+001 +1.047272920e+001
34622 0 +6.890626386e+001 +6.890626386e+001 +9.366263863e+000 +9.366263863e+000
35453 0 +6.665810688e+001 +6.665810688e+001 +7.118106884e+000 +7.118106884e+000
35503 0 +6.543601770e+001 +6.543601770e+001 +5.896017703e+000 +5.896017703e+000
35846 0 +6.381869176e+001 +6.381869176e+001 +4.278691760e+000 +4.278691760e+000
35902 0 +6.276641077e+001 +6.276641077e+001 +3.226410766e+000 +3.226410766e+000
37921 0 +6.081836611e+001 +6.081836611e+001 +1.278366108e+000 +1.278366108e+000
38334 0 +5.956091054e+001 +5.956091054e+001 +2.091053991e-002 +2.091053991e-002
39105 0 +5.866462998e+001 +5.866462998e+001 -8.753700163e-001 -8.753700163e-001
40850 0 +5.751919262e+001 +5.751919262e+001 -2.020807380e+000 -2.020807380e+000
45187 0 +5.623147892e+001 +5.623147892e+001 -3.308521076e+000 -3.308521076e+000
% f evaluations | g evaluations | best noise-free fitness - Fopt | noise-free fitness - Fopt (-1.000000000000e+003) | measured fitness | best measured fitness | x1 | x2...
1 0 +7.186183171e+002 +7.186183171e+002 -2.813816829e+002 -2.813816829e+002
6 0 +6.852660458e+002 +6.852660458e+002 -3.147339542e+002 -3.147339542e+002
14 0 +6.338931522e+002 +6.338931522e+002 -3.661068478e+002 -3.661068478e+002
16 0 +6.194944270e+002 +6.194944270e+002 -3.805055730e+002 -3.805055730e+002
140 0 +6.130575996e+002 +6.130575996e+002 -3.869424004e+002 -3.869424004e+002
225 0 +5.859323503e+002 +5.859323503e+002 -4.140676497e+002 -4.140676497e+002
413 0 +5.614414982e+002 +5.614414982e+002 -4.385585018e+002 -4.385585018e+002
559 0 +5.368577378e+002 +5.368577378e+002 -4.631422622e+002 -4.631422622e+002
658 0 +5.242758168e+002 +5.242758168e+002 -4.757241832e+002 -4.757241832e+002
673 0 +5.119198960e+002 +5.119198960e+002 -4.880801040e+002 -4.880801040e+002
771 0 +4.924676715e+002 +4.924676715e+002 -5.075323285e+002 -5.075323285e+002
863 0 +4.705173779e+002 +4.705173779e+002 -5.294826221e+002 -5.294826221e+002
1138 0 +4.569534491e+002 +4.569534491e+002 -5.430465509e+002 -5.430465509e+002
1902 0 +4.313437163e+002 +4.313437163e+002 -5.686562837e+002 -5.686562837e+002
2281 0 +4.245307163e+002 +4.245307163e+002 -5.754692837e+002 -5.754692837e+002
2602 0 +3.858511983e+002 +3.858511983e+002 -6.141488017e+002 -6.141488017e+002
3647 0 +3.641375177e+002 +3.641375177e+002 -6.358624823e+002 -6.358624823e+002
3867 0 +3.419517803e+002 +3.419517803e+002 -6.580482197e+002 -6.580482197e+002
5460 0 +2.908374099e+002 +2.908374099e+002 -7.091625901e+002 -7.091625901e+002
17121 0 +2.738292108e+002 +2.738292108e+002 -7.261707892e+002 -7.261707892e+002
17723 0 +2.687553608e+002 +2.687553608e+002 -7.312446392e+002 -7.312446392e+002
17895 0 +2.454891825e+002 +2.454891825e+002 -7.545108175e+002 -7.545108175e+002
17908 0 +2.326235235e+002 +2.326235235e+002 -7.673764765e+002 -7.673764765e+002
18330 0 +1.860752710e+002 +1.860752710e+002 -8.139247290e+002 -8.139247290e+002
19386 0 +1.794647088e+002 +1.794647088e+002 -8.205352912e+002 -8.205352912e+002
19505 0 +1.746028217e+002 +1.746028217e+002 -8.253971783e+002 -8.253971783e+002
19525 0 +1.518037822e+002 +1.518037822e+002 -8.481962178e+002 -8.481962178e+002
19702 0 +1.485665352e+002 +1.485665352e+002 -8.514334648e+002 -8.514334648e+002
19818 0 +1.220249162e+002 +1.220249162e+002 -8.779750838e+002 -8.779750838e+002
20068 0 +1.175254090e+002 +1.175254090e+002 -8.824745910e+002 -8.824745910e+002
20603 0 +1.170865024e+002 +1.170865024e+002 -8.829134976e+002 -8.829134976e+002
20998 0 +1.108045556e+002 +1.108045556e+002 -8.891954444e+002 -8.891954444e+002
21004 0 +8.604447018e+001 +8.604447018e+001 -9.139555298e+002 -9.139555298e+002
21604 0 +8.032704468e+001 +8.032704468e+001 -9.196729553e+002 -9.196729553e+002
21786 0 +7.914084614e+001 +7.914084614e+001 -9.208591539e+002 -9.208591539e+002
22067 0 +7.626676867e+001 +7.626676867e+001 -9.237332313e+002 -9.237332313e+002
22320 0 +7.459189201e+001 +7.459189201e+001 -9.254081080e+002 -9.254081080e+002
22428 0 +7.298436571e+001 +7.298436571e+001 -9.270156343e+002 -9.270156343e+002
22480 0 +7.081138712e+001 +7.081138712e+001 -9.291886129e+002 -9.291886129e+002
22819 0 +7.061791093e+001 +7.061791093e+001 -9.293820891e+002 -9.293820891e+002
22929 0 +6.798978408e+001 +6.798978408e+001 -9.320102159e+002 -9.320102159e+002
23635 0 +6.714389594e+001 +6.714389594e+001 -9.328561041e+002 -9.328561041e+002
23789 0 +6.510032817e+001 +6.510032817e+001 -9.348996718e+002 -9.348996718e+002
23826 0 +6.261963944e+001 +6.261963944e+001 -9.373803606e+002 -9.373803606e+002
24173 0 +6.117972458e+001 +6.117972458e+001 -9.388202754e+002 -9.388202754e+002
25753 0 +6.025025908e+001 +6.025025908e+001 -9.397497409e+002 -9.397497409e+002
26210 0 +5.852758089e+001 +5.852758089e+001 -9.414724191e+002 -9.414724191e+002
27362 0 +5.734601182e+001 +5.734601182e+001 -9.426539882e+002 -9.426539882e+002
29004 0 +5.614294886e+001 +5.614294886e+001 -9.438570511e+002 -9.438570511e+002
% f evaluations | g evaluations | best noise-free fitness - Fopt | noise-free fitness - Fopt (4.303000000000e+001) | measured fitness | best measured fitness | x1 | x2...
1 0 +6.936210753e+002 +6.936210753e+002 +7.366510753e+002 +7.366510753e+002
9 0 +6.397491858e+002 +6.397491858e+002 +6.827791858e+002 +6.827791858e+002
33 0 +6.294698219e+002 +6.294698219e+002 +6.724998219e+002 +6.724998219e+002
37 0 +5.721210618e+002 +5.721210618e+002 +6.151510618e+002 +6.151510618e+002
224 0 +5.296272976e+002 +5.296272976e+002 +5.726572976e+002 +5.726572976e+002
1271 0 +5.245902406e+002 +5.245902406e+002 +5.676202406e+002 +5.676202406e+002
1305 0 +4.675283165e+002 +4.675283165e+002 +5.105583165e+002 +5.105583165e+002
1558 0 +4.363506566e+002 +4.363506566e+002 +4.793806566e+002 +4.793806566e+002
1610 0 +4.064025596e+002 +4.064025596e+002 +4.494325596e+002 +4.494325596e+002
1820 0 +3.237702515e+002 +3.237702515e+002 +3.668002515e+002 +3.668002515e+002
3574 0 +3.160367393e+002 +3.160367393e+002 +3.590667393e+002 +3.590667393e+002
4362 0 +2.873200919e+002 +2.873200919e+002 +3.303500919e+002 +3.303500919e+002
7689 0 +2.767246795e+002 +2.767246795e+002 +3.197546795e+002 +3.197546795e+002
8610 0 +2.654455162e+002 +2.654455162e+002 +3.084755162e+002 +3.084755162e+002
13091 0 +2.608984030e+002 +2.608984030e+002 +3.039284030e+002 +3.039284030e+002
24607 0 +2.187519190e+002 +2.187519190e+002 +2.617819190e+002 +2.617819190e+002
45062 0 +1.875056699e+002 +1.875056699e+002 +2.305356699e+002 +2.305356699e+002
45370 0 +1.726515751e+002 +1.726515751e+002 +2.156815751e+002 +2.156815751e+002
46118 0 +1.613512040e+002 +1.613512040e+002 +2.043812040e+002 +2.043812040e+002
46558 0 +1.517925922e+002 +1.517925922e+002 +1.948225922e+002 +1.948225922e+002
46632 0 +1.461687866e+002 +1.461687866e+002 +1.891987866e+002 +1.891987866e+002
46652 0 +1.368958572e+002 +1.368958572e+002 +1.799258572e+002 +1.799258572e+002
46946 0 +1.290951265e+002 +1.290951265e+002 +1.721251265e+002 +1.721251265e+002
47327 0 +1.278640457e+002 +1.278640457e+002 +1.708940457e+002 +1.708940457e+002
47353 0 +1.249584010e+002 +1.249584010e+002 +1.679884010e+002 +1.679884010e+002
47369 0 +1.153396158e+002 +1.153396158e+002 +1.583696158e+002 +1.583696158e+002
47593 0 +1.025370133e+002 +1.025370133e+002 +1.455670133e+002 +1.455670133e+002
47704 0 +9.671325383e+001 +9.671325383e+001 +1.397432538e+002 +1.397432538e+002
48057 0 +9.092073197e+001 +9.092073197e+001 +1.339507320e+002 +1.339507320e+002
48235 0 +8.749777487e+001 +8.749777487e+001 +1.305277749e+002 +1.305277749e+002
48310 0 +7.652625614e+001 +7.652625614e+001 +1.195562561e+002 +1.195562561e+002
48745 0 +7.069450862e+001 +7.069450862e+001 +1.137245086e+002 +1.137245086e+002
48835 0 +6.878919081e+001 +6.878919081e+001 +1.118191908e+002 +1.118191908e+002
48904 0 +6.466657288e+001 +6.466657288e+001 +1.076965729e+002 +1.076965729e+002
49044 0 +6.350770312e+001 +6.350770312e+001 +1.065377031e+002 +1.065377031e+002
49107 0 +6.159700724e+001 +6.159700724e+001 +1.046270072e+002 +1.046270072e+002
49109 0 +5.735865064e+001 +5.735865064e+001 +1.003886506e+002 +1.003886506e+002
49262 0 +5.005560520e+001 +5.005560520e+001 +9.308560520e+001 +9.308560520e+001
49534 0 +4.822464950e+001 +4.822464950e+001 +9.125464950e+001 +9.125464950e+001
50258 0 +4.542078543e+001 +4.542078543e+001 +8.845078543e+001 +8.845078543e+001
50282 0 +4.384873279e+001 +4.384873279e+001 +8.687873279e+001 +8.687873279e+001
50283 0 +4.190063891e+001 +4.190063891e+001 +8.493063891e+001 +8.493063891e+001
50339 0 +4.114428263e+001 +4.114428263e+001 +8.417428263e+001 +8.417428263e+001
50461 0 +3.720891616e+001 +3.720891616e+001 +8.023891616e+001 +8.023891616e+001
50868 0 +3.702572878e+001 +3.702572878e+001 +8.005572878e+001 +8.005572878e+001
50988 0 +3.442037973e+001 +3.442037973e+001 +7.745037973e+001 +7.745037973e+001
51639 0 +3.386045923e+001 +3.386045923e+001 +7.689045923e+001 +7.689045923e+001
51711 0 +3.134599036e+001 +3.134599036e+001 +7.437599036e+001 +7.437599036e+001
51882 0 +3.060802273e+001 +3.060802273e+001 +7.363802273e+001 +7.363802273e+001
51935 0 +2.961544647e+001 +2.961544647e+001 +7.264544647e+001 +7.264544647e+001
52145 0 +2.832286097e+001 +2.832286097e+001 +7.135286097e+001 +7.135286097e+001
52313 0 +2.786836383e+001 +2.786836383e+001 +7.089836383e+001 +7.089836383e+001
52335 0 +2.703174719e+001 +2.703174719e+001 +7.006174719e+001 +7.006174719e+001
52369 0 +2.660450885e+001 +2.660450885e+001 +6.963450885e+001 +6.963450885e+001
52527 0 +2.614599000e+001 +2.614599000e+001 +6.917599000e+001 +6.917599000e+001
52711 0 +2.522051536e+001 +2.522051536e+001 +6.825051536e+001 +6.825051536e+001
52849 0 +2.426108240e+001 +2.426108240e+001 +6.729108240e+001 +6.729108240e+001
52885 0 +2.328257615e+001 +2.328257615e+001 +6.631257615e+001 +6.631257615e+001
53376 0 +2.205786274e+001 +2.205786274e+001 +6.508786274e+001 +6.508786274e+001
54070 0 +2.159231396e+001 +2.159231396e+001 +6.462231396e+001 +6.462231396e+001
54562 0 +2.136963541e+001 +2.136963541e+001 +6.439963541e+001 +6.439963541e+001
54907 0 +2.082928542e+001 +2.082928542e+001 +6.385928542e+001 +6.385928542e+001
55216 0 +2.003563445e+001 +2.003563445e+001 +6.306563445e+001 +6.306563445e+001
55626 0 +1.974964085e+001 +1.974964085e+001 +6.277964085e+001 +6.277964085e+001
55760 0 +1.948792930e+001 +1.948792930e+001 +6.251792930e+001 +6.251792930e+001
56454 0 +1.886288103e+001 +1.886288103e+001 +6.189288103e+001 +6.189288103e+001
56661 0 +1.848981246e+001 +1.848981246e+001 +6.151981246e+001 +6.151981246e+001
57020 0 +1.814150120e+001 +1.814150120e+001 +6.117150120e+001 +6.117150120e+001
57817 0 +1.774387762e+001 +1.774387762e+001 +6.077387762e+001 +6.077387762e+001
58401 0 +1.734296895e+001 +1.734296895e+001 +6.037296895e+001 +6.037296895e+001
58404 0 +1.697172424e+001 +1.697172424e+001 +6.000172424e+001 +6.000172424e+001
59117 0 +1.651612536e+001 +1.651612536e+001 +5.954612536e+001 +5.954612536e+001
59941 0 +1.611578400e+001 +1.611578400e+001 +5.914578400e+001 +5.914578400e+001
61455 0 +1.578208650e+001 +1.578208650e+001 +5.881208650e+001 +5.881208650e+001
62069 0 +1.539635086e+001 +1.539635086e+001 +5.842635086e+001 +5.842635086e+001
64462 0 +1.512465831e+001 +1.512465831e+001 +5.815465831e+001 +5.815465831e+001
68978 0 +1.478148754e+001 +1.478148754e+001 +5.781148754e+001 +5.781148754e+001
