% f evaluations | g evaluations | best noise-free fitness - Fopt | noise-free fitness - Fopt (1.026100000000e+002) | measured fitness | best measured fitness | x1 | x2...
1 0 +5.020986298e+001 +5.020986298e+001 +1.528198630e+002 +1.528198630e+002 -1.3194e-001 -1.5677e+000 +1.1602e+000
2 0 +4.689449677e+001 +4.689449677e+001 +1.495044968e+002 +1.495044968e+002 +2.3685e+000 +4.1289e-001 +1.2200e+000
8 0 +4.183676071e+001 +4.183676071e+001 +1.444467607e+002 +1.444467607e+002 +6.8750e-001 +4.9072e-001 -1.4478e+000
14 0 +3.156798602e+001 +3.156798602e+001 +1.341779860e+002 +1.341779860e+002 -1.2066e+000 +1.1021e+000 +7.3999e-001
15 0 +1.903991081e+001 +1.903991081e+001 +1.216499108e+002 +1.216499108e+002 -7.3465e-001 -8.5355e-001 -1.1465e+000
34 0 +1.695289418e+001 +1.695289418e+001 +1.195628942e+002 +1.195628942e+002 +1.4019e+000 -1.6696e+000 +1.2418e+000
54 0 +1.584107516e+001 +1.584107516e+001 +1.184510752e+002 +1.184510752e+002 +5.5979e-001 -2.0590e-001 +6.8136e-001
118 0 +1.535373770e+001 +1.535373770e+001 +1.179637377e+002 +1.179637377e+002 -1.9671e+000 +4.5833e-001 -1.3423e+000
414 0 +1.058259165e+001 +1.058259165e+001 +1.131925917e+002 +1.131925917e+002 -1.3465e+000 -9.1143e-002 -2.7843e+000
467 0 +8.538303790e+000 +8.538303790e+000 +1.111483038e+002 +1.111483038e+002 +4.7507e-001 -5.0009e-001 +1.0037e+000
2876 0 +7.323530983e+000 +7.323530983e+000 +1.099335310e+002 +1.099335310e+002 -1.7358e+000 +1.5606e+000 -1.6034e+000
2910 0 +6.040108094e+000 +6.040108094e+000 +1.086501081e+002 +1.086501081e+002 -1.8237e+000 +2.5585e+000 -2.9039e+000
3062 0 +5.601067993e+000 +5.601067993e+000 +1.082110680e+002 +1.082110680e+002 -1.6903e+000 +1.2079e+000 -2.4877e+000
5671 0 +5.002078951e+000 +5.002078951e+000 +1.076120790e+002 +1.076120790e+002 -2.0835e+000 +1.9052e+000 -2.5787e+000
6363 0 +4.575536977e+000 +4.575536977e+000 +1.071855370e+002 +1.071855370e+002 -2.5261e+000 +1.7051e+000 -2.0704e+000
7017 0 +4.208705135e+000 +4.208705135e+000 +1.068187051e+002 +1.068187051e+002 -2.9146e+000 +2.3633e+000 -2.3164e+000
7566 0 +3.931860348e+000 +3.931860348e+000 +1.065418603e+002 +1.065418603e+002 -2.8740e+000 +1.8167e+000 -2.5400e+000
% f evaluations | g evaluations | best noise-free fitness - Fopt | noise-free fitness - Fopt (9.330000000000e+001) | measured fitness | best measured fitness | x1 | x2...
1 0 +3.200900047e+001 +3.200900047e+001 +1.253090005e+002 +1.253090005e+002 -5.5206e-001 -1.8964e+000 +2.3667e+000
5 0 +2.734785886e+001 +2.734785886e+001 +1.206478589e+002 +1.206478589e+002 +9.1657e-001 -1.4790e-001 -5.5261e-001
23 0 +2.625975222e+001 +2.625975222e+001 +1.195597522e+002 +1.195597522e+002 -8.4678e-001 -9.5402e-001 +2.5319e-001
29 0 +1.968758483e+001 +1.968758483e+001 +1.129875848e+002 +1.129875848e+002 +1.9470e-001 -1.1944e+000 +6.3055e-001
31 0 +1.154577630e+001 +1.154577630e+001 +1.048457763e+002 +1.048457763e+002 -6.8643e-001 -6.5781e-001 +1.4366e+000
421 0 +4.370664818e+000 +4.370664818e+000 +9.767066482e+001 +9.767066482e+001 -8.8300e-001 -8.5966e-001 +8.1811e-001
1577 0 +3.806884746e+000 +3.806884746e+000 +9.710688475e+001 +9.710688475e+001 -7.3711e-001 -1.6934e+000 +8.1680e-001
3021 0 +2.245956909e+000 +2.245956909e+000 +9.554595691e+001 +9.554595691e+001 -1.0936e+000 -1.3807e+000 +7.7526e-001
4402 0 +6.951381920e-001 +6.951381920e-001 +9.399513819e+001 +9.399513819e+001 -9.1271e-001 -1.1539e+000 +1.3769e+000
6602 0 +5.728166447e-001 +5.728166447e-001 +9.387281664e+001 +9.387281664e+001 -8.9362e-001 -1.2994e+000 +1.1887e+000
12903 0 +5.448587765e-001 +5.448587765e-001 +9.384485878e+001 +9.384485878e+001 -1.1178e+000 -1.2224e+000 +9.7244e-001
14351 0 +5.067879304e-001 +5.067879304e-001 +9.380678793e+001 +9.380678793e+001 -1.1176e+000 -1.2219e+000 +9.7321e-001
14359 0 +4.040366493e-001 +4.040366493e-001 +9.370403665e+001 +9.370403665e+001 -1.1175e+000 -1.2190e+000 +9.7706e-001
14657 0 +3.940324937e-001 +3.940324937e-001 +9.369403249e+001 +9.369403249e+001 -1.1188e+000 -1.2152e+000 +9.7806e-001
15242 0 +3.868594779e-001 +3.868594779e-001 +9.368685948e+001 +9.368685948e+001 -1.1204e+000 -1.2135e+000 +9.7934e-001
15626 0 +3.777941818e-001 +3.777941818e-001 +9.367779418e+001 +9.367779418e+001 -1.1210e+000 -1.2121e+000 +9.7889e-001
16462 0 +3.697281673e-001 +3.697281673e-001 +9.366972817e+001 +9.366972817e+001 -1.1194e+000 -1.2146e+000 +9.7902e-001
% f evaluations | g evaluations | best noise-free fitness - Fopt | noise-free fitness - Fopt (1.364000000000e+001) | measured fitness | best measured fitness | x1 | x2...
1 0 +5.325546784e+001 +5.325546784e+001 +6.689546784e+001 +6.689546784e+001 -6.4072e-003 -1.4726e+000 -2.1283e-001
4 0 +4.711021846e+001 +4.711021846e+001 +6.075021846e+001 +6.075021846e+001 -7.7938e-001 -5.0415e-001 +7.5228e-001
6 0 +4.307969330e+001 +4.307969330e+001 +5.671969330e+001 +5.671969330e+001 +9.6894e-001 +1.7972e-001 +8.7468e-001
7 0 +3.956471808e+001 +3.956471808e+001 +5.320471808e+001 +5.320471808e+001 +1.0770e-001 +5.3686e-001 +6.4967e-004
8 0 +3.664233382e+001 +3.664233382e+001 +5.028233382e+001 +5.028233382e+001 +1.9625e+000 +6.6216e-001 +1.1468e+000
9 0 +3.044469111e+001 +3.044469111e+001 +4.408469111e+001 +4.408469111e+001 -6.5758e-002 +8.9914e-001 +7.9473e-001
11 0 +1.836818113e+001 +1.836818113e+001 +3.200818113e+001 +3.200818113e+001 -5.7980e-002 -1.8841e-002 +2.0380e+000
74 0 +9.430407239e+000 +9.430407239e+000 +2.307040724e+001 +2.307040724e+001 +9.7825e-001 +2.0438e+000 +1.2122e+000
99 0 +9.045208118e+000 +9.045208118e+000 +2.268520812e+001 +2.268520812e+001 -2.3658e+000 -1.2644e+000 -4.2468e-001
227 0 +7.320184739e+000 +7.320184739e+000 +2.096018474e+001 +2.096018474e+001 +1.4342e+000 +1.3080e+000 +2.8000e-001
1095 0 +3.252114553e+000 +3.252114553e+000 +1.689211455e+001 +1.689211455e+001 +1.1903e+000 +1.3741e+000 +7.7919e-001
1791 0 +3.016355270e+000 +3.016355270e+000 +1.665635527e+001 +1.665635527e+001 +1.6317e+000 +1.1664e+000 +1.6011e+000
3716 0 +2.902482613e+000 +2.902482613e+000 +1.654248261e+001 +1.654248261e+001 +1.3895e+000 +1.1417e+000 +1.4070e+000
4202 0 +2.000986704e+000 +2.000986704e+000 +1.564098670e+001 +1.564098670e+001 +1.3154e+000 +1.5414e+000 +1.4455e+000
6922 0 +1.210026945e+000 +1.210026945e+000 +1.485002695e+001 +1.485002695e+001 +9.4397e-001 +1.4547e+000 +1.4243e+000
8589 0 +8.165570285e-001 +8.165570285e-001 +1.445655703e+001 +1.445655703e+001 +1.0879e+000 +1.4747e+000 +1.5173e+000
13483 0 +7.591423837e-001 +7.591423837e-001 +1.439914238e+001 +1.439914238e+001 +1.0884e+000 +1.4812e+000 +1.5149e+000
13530 0 +7.537975045e-001 +7.537975045e-001 +1.439379750e+001 +1.439379750e+001 +1.0948e+000 +1.4802e+000 +1.5160e+000
13977 0 +6.285790530e-001 +6.285790530e-001 +1.426857905e+001 +1.426857905e+001 +1.0816e+000 +1.4748e+000 +1.5153e+000
15023 0 +6.127627107e-001 +6.127627107e-001 +1.425276271e+001 +1.425276271e+001 +1.0874e+000 +1.4792e+000 +1.5149e+000
15242 0 +5.961389404e-001 +5.961389404e-001 +1.423613894e+001 +1.423613894e+001 +1.0860e+000 +1.4779e+000 +1.5148e+000
% f evaluations | g evaluations | best noise-free fitness - Fopt | noise-free fitness - Fopt (1.948000000000e+002) | measured fitness | best measured fitness | x1 | x2...
1 0 +4.819270912e+001 +4.819270912e+001 +2.429927091e+002 +2.429927091e+002 -6.0528e-001 -1.0249e+000 -9.1484e-002
4 0 +3.201341527e+001 +3.201341527e+001 +2.268134153e+002 +2.268134153e+002 +1.2515e+000 -1.6873e-001 +5.2348e-002
5 0 +1.774181602e+001 +1.774181602e+001 +2.125418160e+002 +2.125418160e+002 -8.4210e-001 +1.0774e+000 +1.0866e+000
35 0 +1.412098057e+001 +1.412098057e+001 +2.089209806e+002 +2.089209806e+002 +1.9464e-001 -1.3394e+000 -1.6574e-001
91 0 +1.259832866e+001 +1.259832866e+001 +2.073983287e+002 +2.073983287e+002 +4.2882e-001 -1.5878e+000 -3.4847e-001
176 0 +1.064444478e+001 +1.064444478e+001 +2.054444448e+002 +2.054444448e+002 +1.2549e+000 -1.4869e+000 -1.3694e+000
413 0 +7.663244184e+000 +7.663244184e+000 +2.024632442e+002 +2.024632442e+002 +4.9419e-001 -8.2888e-001 -1.1369e+000
511 0 +5.456421778e+000 +5.456421778e+000 +2.002564218e+002 +2.002564218e+002 +1.3477e+000 -1.6396e+000 -1.4272e+000
838 0 +4.149640562e+000 +4.149640562e+000 +1.989496406e+002 +1.989496406e+002 +9.4109e-001 -7.4199e-001 -1.0226e+000
1707 0 +4.055152548e+000 +4.055152548e+000 +1.988551525e+002 +1.988551525e+002 +9.7307e-001 -7.8136e-001 -1.6476e+000
2617 0 +3.496105567e+000 +3.496105567e+000 +1.982961056e+002 +1.982961056e+002 +1.2261e+000 -9.5520e-001 -1.3906e+000
3029 0 +1.488627440e+000 +1.488627440e+000 +1.962886274e+002 +1.962886274e+002 +1.2805e+000 -1.0742e+000 -1.6945e+000
4244 0 +1.294881740e+000 +1.294881740e+000 +1.960948817e+002 +1.960948817e+002 +9.5584e-001 -1.3153e+000 -9.3210e-001
4655 0 +1.104087957e+000 +1.104087957e+000 +1.959040880e+002 +1.959040880e+002 +1.2766e+000 -1.0458e+000 -1.0761e+000
5795 0 +5.588356274e-001 +5.588356274e-001 +1.953588356e+002 +1.953588356e+002 +1.1648e+000 -1.5516e+000 -1.2943e+000
10263 0 +3.706871161e-001 +3.706871161e-001 +1.951706871e+002 +1.951706871e+002 +1.2216e+000 -1.2918e+000 -1.1852e+000
20472 0 +3.047710659e-001 +3.047710659e-001 +1.951047711e+002 +1.951047711e+002 +1.3706e+000 -1.2229e+000 -1.0671e+000
23543 0 +2.913527022e-001 +2.913527022e-001 +1.950913527e+002 +1.950913527e+002 +1.3450e+000 -1.2674e+000 -1.0021e+000
23548 0 +2.873828255e-001 +2.873828255e-001 +1.950873828e+002 +1.950873828e+002 +1.3444e+000 -1.2679e+000 -1.0021e+000
% f evaluations | g evaluations | best noise-free fitness - Fopt | noise-free fitness - Fopt (-1.335900000000e+002) | measured fitness | best measured fitness | x1 | x2...
1 0 +3.758911006e+001 +3.758911006e+001 -9.600088994e+001 -9.600088994e+001 -6.4559e-001 -1.9444e-001 -6.1096e-001
3 0 +2.572285160e+001 +2.572285160e+001 -1.078671484e+002 -1.078671484e+002 -9.9200e-002 -2.4578e-002 -1.0884e+000
14 0 +2.560006032e+001 +2.560006032e+001 -1.079899397e+002 -1.079899397e+002 +1.9279e-001 -8.0363e-001 -5.7480e-001
39 0 +2.059869846e+001 +2.059869846e+001 -1.129913015e+002 -1.129913015e+002 -1.5951e+000 +1.6136e-001 -1.5093e-001
45 0 +1.829628586e+001 +1.829628586e+001 -1.152937141e+002 -1.152937141e+002 +4.0354e-001 -1.5031e+000 +8.7225e-003
75 0 +1.479463869e+001 +1.479463869e+001 -1.187953613e+002 -1.187953613e+002 -9.9022e-001 +7.6733e-001 -2.7449e-001
409 0 +1.015087103e+001 +1.015087103e+001 -1.234391290e+002 -1.234391290e+002 -7.9699e-001 +1.2118e+000 +1.7386e+000
513 0 +7.608693447e+000 +7.608693447e+000 -1.259813066e+002 -1.259813066e+002 -1.5708e+000 +1.6085e+000 +1.8118e+000
531 0 +6.594365025e+000 +6.594365025e+000 -1.269956350e+002 -1.269956350e+002 -1.1931e+000 +1.5022e+000 +7.3717e-001
1061 0 +5.317293337e+000 +5.317293337e+000 -1.282727067e+002 -1.282727067e+002 -7.6563e-001 +1.4030e+000 +6.7696e-001
1558 0 +4.587381014e+000 +4.587381014e+000 -1.290026190e+002 -1.290026190e+002 -1.6273e+000 +8.9136e-001 +1.8204e+000
1619 0 +3.418647764e+000 +3.418647764e+000 -1.301713522e+002 -1.301713522e+002 -1.1945e+000 +8.2228e-001 +9.5195e-001
1899 0 +2.403985738e+000 +2.403985738e+000 -1.311860143e+002 -1.311860143e+002 -7.6686e-001 +9.6176e-001 +1.6990e+000
2409 0 +2.054362557e+000 +2.054362557e+000 -1.315356374e+002 -1.315356374e+002 -1.2425e+000 +1.3015e+000 +1.2814e+000
3572 0 +1.985257875e+000 +1.985257875e+000 -1.316047421e+002 -1.316047421e+002 -7.4513e-001 +1.3496e+000 +1.3705e+000
5737 0 +1.719069806e+000 +1.719069806e+000 -1.318709302e+002 -1.318709302e+002 -1.2019e+000 +1.5909e+000 +8.4077e-001
7053 0 +1.593492780e+000 +1.593492780e+000 -1.319965072e+002 -1.319965072e+002 -1.7295e+000 +1.3617e+000 +1.3591e+000
7317 0 +1.272399458e+000 +1.272399458e+000 -1.323176005e+002 -1.323176005e+002 -1.4022e+000 +8.7527e-001 +1.4167e+000
8579 0 +8.341160739e-001 +8.341160739e-001 -1.327558839e+002 -1.327558839e+002 -1.5043e+000 +1.3784e+000 +1.0085e+000
10246 0 +6.440393045e-001 +6.440393045e-001 -1.329459607e+002 -1.329459607e+002 -1.3942e+000 +1.1852e+000 +9.8917e-001
10581 0 +4.019747421e-001 +4.019747421e-001 -1.331880253e+002 -1.331880253e+002 -1.3877e+000 +1.2284e+000 +1.0344e+000
13741 0 +3.740109676e-001 +3.740109676e-001 -1.332159890e+002 -1.332159890e+002 -1.3944e+000 +1.1885e+000 +9.8915e-001
% f evaluations | g evaluations | best noise-free fitness - Fopt | noise-free fitness - Fopt (-3.085000000000e+001) | measured fitness | best measured fitness | x1 | x2...
1 0 +2.417899160e+001 +2.417899160e+001 -6.671008403e+000 -6.671008403e+000 -8.4845e-001 +2.7515e-001 -1.4104e+000
23 0 +1.986277501e+001 +1.986277501e+001 -1.098722499e+001 -1.098722499e+001 -1.9724e-001 +6.3330e-001 +1.1076e+000
94 0 +1.117421710e+001 +1.117421710e+001 -1.967578290e+001 -1.967578290e+001 +1.1976e+000 +1.0471e+000 +1.9116e+000
559 0 +2.301539546e+000 +2.301539546e+000 -2.854846045e+001 -2.854846045e+001 +1.1670e+000 +1.0283e+000 +1.4099e+000
4478 0 +1.399036680e+000 +1.399036680e+000 -2.945096332e+001 -2.945096332e+001 +1.0021e+000 +1.0553e+000 +1.1972e+000
4855 0 +1.326519438e+000 +1.326519438e+000 -2.952348056e+001 -2.952348056e+001 +1.6425e+000 +1.5213e+000 +1.1255e+000
5601 0 +7.796132314e-001 +7.796132314e-001 -3.007038677e+001 -3.007038677e+001 +1.3313e+000 +1.4554e+000 +1.1045e+000
8802 0 +6.641768067e-001 +6.641768067e-001 -3.018582319e+001 -3.018582319e+001 +1.2020e+000 +1.3325e+000 +1.1014e+000
9106 0 +3.722852547e-001 +3.722852547e-001 -3.047771475e+001 -3.047771475e+001 +1.2709e+000 +1.2517e+000 +1.0242e+000
11331 0 +2.445072059e-001 +2.445072059e-001 -3.060549279e+001 -3.060549279e+001 +1.2677e+000 +1.2456e+000 +1.0335e+000
11826 0 +1.964806592e-001 +1.964806592e-001 -3.065351934e+001 -3.065351934e+001 +1.2689e+000 +1.2472e+000 +1.0328e+000
14022 0 +1.944348134e-001 +1.944348134e-001 -3.065556519e+001 -3.065556519e+001 +1.2689e+000 +1.2475e+000 +1.0315e+000
15244 0 +1.904027360e-001 +1.904027360e-001 -3.065959726e+001 -3.065959726e+001 +1.2686e+000 +1.2461e+000 +1.0328e+000
% f evaluations | g evaluations | best noise-free fitness - Fopt | noise-free fitness - Fopt (-9.200000000000e+000) | measured fitness | best measured fitness | x1 | x2...
1 0 +6.165905989e+001 +6.165905989e+001 +5.245905989e+001 +5.245905989e+001 +1.1504e+000 +6.4251e-001 +6.2538e-001
2 0 +4.977210271e+001 +4.977210271e+001 +4.057210271e+001 +4.057210271e+001 -6.9590e-001 +4.9532e-001 +9.8541e-001
4 0 +3.520438163e+001 +3.520438163e+001 +2.600438163e+001 +2.600438163e+001 +6.6201e-001 -1.7753e+000 -7.0169e-001
5 0 +2.234004264e+001 +2.234004264e+001 +1.314004264e+001 +1.314004264e+001 -1.8204e-001 -1.5962e+000 +5.8622e-001
10 0 +1.667453901e+001 +1.667453901e+001 +7.474539012e+000 +7.474539012e+000 -3.9074e-001 +1.4327e-002 -6.9611e-002
76 0 +1.339017258e+001 +1.339017258e+001 +4.190172580e+000 +4.190172580e+000 -2.0686e+000 +7.2540e-001 -7.7433e-001
92 0 +1.006634192e+001 +1.006634192e+001 +8.663419238e-001 +8.663419238e-001 -9.2176e-001 +2.0498e-001 -5.9611e-001
596 0 +9.976615503e+000 +9.976615503e+000 +7.766155028e-001 +7.766155028e-001 -7.4662e-001 +2.4868e+000 -5.0700e-001
648 0 +7.307590766e+000 +7.307590766e+000 -1.892409234e+000 -1.892409234e+000 -8.6304e-001 +2.2732e+000 -1.0365e+000
729 0 +5.427159340e+000 +5.427159340e+000 -3.772840660e+000 -3.772840660e+000 -1.7944e+000 +1.7093e+000 -1.2145e+000
1685 0 +2.773203162e+000 +2.773203162e+000 -6.426796838e+000 -6.426796838e+000 -1.7657e+000 +1.3480e+000 -1.7724e+000
2939 0 +2.625915933e+000 +2.625915933e+000 -6.574084067e+000 -6.574084067e+000 -1.2769e+000 +1.0223e+000 -1.5967e+000
3020 0 +2.532541446e+000 +2.532541446e+000 -6.667458554e+000 -6.667458554e+000 -1.2820e+000 +1.5987e+000 -1.3683e+000
3234 0 +2.505432518e+000 +2.505432518e+000 -6.694567482e+000 -6.694567482e+000 -1.4934e+000 +1.0402e+000 -1.3047e+000
3634 0 +2.308644889e+000 +2.308644889e+000 -6.891355111e+000 -6.891355111e+000 -1.3852e+000 +1.0250e+000 -1.1395e+000
3983 0 +1.612873336e+000 +1.612873336e+000 -7.587126664e+000 -7.587126664e+000 -1.2502e+000 +1.1559e+000 -1.4433e+000
5131 0 +1.536997704e+000 +1.536997704e+000 -7.663002296e+000 -7.663002296e+000 -1.4762e+000 +1.3334e+000 -1.4066e+000
5756 0 +7.488075812e-001 +7.488075812e-001 -8.451192419e+000 -8.451192419e+000 -1.4031e+000 +1.4027e+000 -1.2499e+000
6395 0 +5.094399330e-001 +5.094399330e-001 -8.690560067e+000 -8.690560067e+000 -1.3720e+000 +1.2294e+000 -1.4200e+000
8270 0 +3.941906641e-001 +3.941906641e-001 -8.805809336e+000 -8.805809336e+000 -1.4149e+000 +1.2914e+000 -1.4262e+000
8808 0 +3.041954663e-001 +3.041954663e-001 -8.895804534e+000 -8.895804534e+000 -1.4246e+000 +1.2817e+000 -1.4205e+000
10544 0 +2.886734244e-001 +2.886734244e-001 -8.911326576e+000 -8.911326576e+000 -1.4184e+000 +1.2881e+000 -1.4245e+000
11034 0 +2.701687575e-001 +2.701687575e-001 -8.929831242e+000 -8.929831242e+000 -1.4193e+000 +1.2880e+000 -1.4214e+000
11111 0 +2.568014231e-001 +2.568014231e-001 -8.943198577e+000 -8.943198577e+000 -1.4200e+000 +1.2869e+000 -1.4223e+000
12617 0 +2.477854883e-001 +2.477854883e-001 -8.952214512e+000 -8.952214512e+000 -1.4210e+000 +1.2849e+000 -1.4228e+000
13513 0 +2.422585324e-001 +2.422585324e-001 -8.957741468e+000 -8.957741468e+000 -1.4202e+000 +1.2860e+000 -1.4219e+000
% f evaluations | g evaluations | best noise-free fitness - Fopt | noise-free fitness - Fopt (-2.037600000000e+002) | measured fitness | best measured fitness | x1 | x2...
1 0 +5.821217244e+001 +5.821217244e+001 -1.455478276e+002 -1.455478276e+002 +4.4836e-001 +1.8510e+000 -7.2508e-001
3 0 +4.986879702e+001 +4.986879702e+001 -1.538912030e+002 -1.538912030e+002 -4.5792e-001 +1.1224e+000 -1.4638e-001
4 0 +3.256989720e+001 +3.256989720e+001 -1.711901028e+002 -1.711901028e+002 -4.0315e-001 +9.1523e-001 +1.3285e+000
12 0 +2.891146574e+001 +2.891146574e+001 -1.748485343e+002 -1.748485343e+002 +6.3018e-002 +6.5195e-002 -2.1000e+000
18 0 +2.219869763e+001 +2.219869763e+001 -1.815613024e+002 -1.815613024e+002 -1.5667e+000 -2.2644e-001 -4.8398e-001
35 0 +2.173939184e+001 +2.173939184e+001 -1.820206082e+002 -1.820206082e+002 -6.4632e-001 +2.5573e+000 -1.0209e-001
59 0 +2.029145695e+001 +2.029145695e+001 -1.834685430e+002 -1.834685430e+002 -3.2927e-001 +6.0276e-002 -1.5297e+000
61 0 +1.520083011e+001 +1.520083011e+001 -1.885591699e+002 -1.885591699e+002 +5.3562e-002 -9.2161e-001 -1.1270e+000
96 0 +1.174101492e+001 +1.174101492e+001 -1.920189851e+002 -1.920189851e+002 +1.4537e-001 +1.3071e+000 +1.4381e+000
204 0 +1.117384537e+001 +1.117384537e+001 -1.925861546e+002 -1.925861546e+002 -5.4767e-001 -2.7506e-001 -8.0179e-001
315 0 +1.052119463e+001 +1.052119463e+001 -1.932388054e+002 -1.932388054e+002 -6.5332e-001 -1.5198e+000 -6.9824e-001
509 0 +9.440856096e+000 +9.440856096e+000 -1.943191439e+002 -1.943191439e+002 -6.7229e-001 -1.2005e+000 -2.1853e+000
837 0 +8.949769436e+000 +8.949769436e+000 -1.948102306e+002 -1.948102306e+002 -1.0384e+000 -8.1942e-001 -2.2992e+000
1103 0 +7.123127126e+000 +7.123127126e+000 -1.966368729e+002 -1.966368729e+002 -1.9634e+000 -1.4900e+000 -9.4970e-001
1182 0 +6.395967088e+000 +6.395967088e+000 -1.973640329e+002 -1.973640329e+002 -1.6439e+000 -8.6337e-001 -1.1215e+000
1601 0 +4.664536705e+000 +4.664536705e+000 -1.990954633e+002 -1.990954633e+002 -1.4231e+000 -3.6458e-001 -1.4771e+000
1712 0 +4.327363787e+000 +4.327363787e+000 -1.994326362e+002 -1.994326362e+002 -1.1743e+000 -9.5234e-001 -8.1650e-001
1943 0 +3.980520624e+000 +3.980520624e+000 -1.997794794e+002 -1.997794794e+002 -1.5173e+000 -1.2969e+000 -1.1659e+000
2378 0 +2.150016271e+000 +2.150016271e+000 -2.016099837e+002 -2.016099837e+002 -1.0306e+000 -8.1916e-001 -1.6129e+000
2541 0 +1.585238975e+000 +1.585238975e+000 -2.021747610e+002 -2.021747610e+002 -1.2229e+000 -1.6208e+000 -1.2006e+000
3609 0 +9.796925981e-001 +9.796925981e-001 -2.027803074e+002 -2.027803074e+002 -1.3237e+000 -1.5138e+000 -1.5650e+000
4373 0 +5.731506621e-001 +5.731506621e-001 -2.031868493e+002 -2.031868493e+002 -1.2575e+000 -1.2464e+000 -1.2511e+000
5767 0 +3.378861926e-001 +3.378861926e-001 -2.034221138e+002 -2.034221138e+002 -1.3438e+000 -1.1495e+000 -1.2751e+000
18586 0 +3.224861675e-001 +3.224861675e-001 -2.034375138e+002 -2.034375138e+002 -9.8970e-001 -1.1915e+000 -1.2253e+000
18786 0 +3.144764648e-001 +3.144764648e-001 -2.034455235e+002 -2.034455235e+002 -9.8798e-001 -1.1992e+000 -1.2271e+000
18837 0 +2.948779727e-001 +2.948779727e-001 -2.034651220e+002 -2.034651220e+002 -9.8768e-001 -1.1978e+000 -1.2262e+000
% f evaluations | g evaluations | best noise-free fitness - Fopt | noise-free fitness - Fopt (3.399000000000e+001) | measured fitness | best measured fitness | x1 | x2...
1 0 +4.569450070e+001 +4.569450070e+001 +7.968450070e+001 +7.968450070e+001 +1.0468e+000 +1.3672e+000 +5.0149e-001
2 0 +4.049299295e+001 +4.049299295e+001 +7.448299295e+001 +7.448299295e+001 -1.7192e+000 -6.6314e-001 +9.1473e-001
4 0 +3.743444542e+001 +3.743444542e+001 +7.142444542e+001 +7.142444542e+001 -2.9909e-001 +2.0040e+000 +4.4736e-001
9 0 +3.714990623e+001 +3.714990623e+001 +7.113990623e+001 +7.113990623e+001 +2.2681e+000 +1.4805e+000 -9.2036e-002
10 0 +2.481663220e+001 +2.481663220e+001 +5.880663220e+001 +5.880663220e+001 -6.9391e-001 +2.6649e-001 +6.5643e-001
12 0 +2.312539211e+001 +2.312539211e+001 +5.711539211e+001 +5.711539211e+001 -1.5802e+000 -1.5676e+000 +2.6721e-001
19 0 +1.023499887e+001 +1.023499887e+001 +4.422499887e+001 +4.422499887e+001 +1.4944e+000 +6.9966e-001 -1.4134e+000
747 0 +7.671817718e+000 +7.671817718e+000 +4.166181772e+001 +4.166181772e+001 +2.2834e+000 +1.4618e+000 -9.8638e-001
1655 0 +7.182601040e+000 +7.182601040e+000 +4.117260104e+001 +4.117260104e+001 +1.9610e+000 +1.5219e+000 -1.8881e+000
1902 0 +5.416526439e+000 +5.416526439e+000 +3.940652644e+001 +3.940652644e+001 +3.2330e+000 +1.5876e+000 -2.5164e+000
2616 0 +4.772475193e+000 +4.772475193e+000 +3.876247519e+001 +3.876247519e+001 +1.4017e+000 +2.8741e+000 -1.7996e+000
4497 0 +4.654086753e+000 +4.654086753e+000 +3.864408675e+001 +3.864408675e+001 +2.2117e+000 +2.4013e+000 -1.9540e+000
5017 0 +3.750577270e+000 +3.750577270e+000 +3.774057727e+001 +3.774057727e+001 +2.3313e+000 +2.1996e+000 -1.9160e+000
7984 0 +3.537895932e+000 +3.537895932e+000 +3.752789593e+001 +3.752789593e+001 +1.9073e+000 +2.4518e+000 -2.0646e+000
10187 0 +3.196632872e+000 +3.196632872e+000 +3.718663287e+001 +3.718663287e+001 +2.0495e+000 +2.2704e+000 -2.1330e+000
10383 0 +3.087635208e+000 +3.087635208e+000 +3.707763521e+001 +3.707763521e+001 +2.0493e+000 +2.2784e+000 -2.1428e+000
% f evaluations | g evaluations | best noise-free fitness - Fopt | noise-free fitness - Fopt (-1.000000000000e+003) | measured fitness | best measured fitness | x1 | x2...
1 0 +4.988729993e+001 +4.988729993e+001 -9.501127001e+002 -9.501127001e+002 +7.8887e-002 +2.0130e+000 -5.0380e-001
2 0 +2.304997158e+001 +2.304997158e+001 -9.769500284e+002 -9.769500284e+002 +7.2613e-001 +4.7734e-001 -6.6977e-001
4 0 +1.771850710e+001 +1.771850710e+001 -9.822814929e+002 -9.822814929e+002 -4.2013e-001 -6.2202e-001 +1.4410e-001
32 0 +1.547722837e+001 +1.547722837e+001 -9.845227716e+002 -9.845227716e+002 -2.2157e+000 -1.4482e+000 +3.8668e-002
288 0 +1.330690719e+001 +1.330690719e+001 -9.866930928e+002 -9.866930928e+002 +1.2374e-001 +1.5050e+000 +5.5449e-002
327 0 +1.156245784e+001 +1.156245784e+001 -9.884375422e+002 -9.884375422e+002 -3.8464e-001 -3.8788e-001 +1.9423e+000
345 0 +7.432717890e+000 +7.432717890e+000 -9.925672821e+002 -9.925672821e+002 +5.5145e-001 +1.3002e+000 -7.1325e-001
791 0 +5.066179043e+000 +5.066179043e+000 -9.949338210e+002 -9.949338210e+002 +2.0394e+000 +6.1391e-001 -8.7236e-001
912 0 +3.359882281e+000 +3.359882281e+000 -9.966401177e+002 -9.966401177e+002 +5.6856e-001 +1.0912e+000 -7.8692e-001
2120 0 +9.986505379e-001 +9.986505379e-001 -9.990013495e+002 -9.990013495e+002 +9.7850e-001 +1.2841e+000 -1.2965e+000
5348 0 +4.431515275e-001 +4.431515275e-001 -9.995568485e+002 -9.995568485e+002 +1.4448e+000 +1.2266e+000 -1.3547e+000
7579 0 +2.379831209e-001 +2.379831209e-001 -9.997620169e+002 -9.997620169e+002 +1.2491e+000 +1.2444e+000 -1.2541e+000
% f evaluations | g evaluations | best noise-free fitness - Fopt | noise-free fitness - Fopt (-1.000000000000e+003) | measured fitness | best measured fitness | x1 | x2...
1 0 +4.645119070e+001 +4.645119070e+001 -9.535488093e+002 -9.535488093e+002 +3.4488e-002 -1.4032e+000 +4.9802e-001
8 0 +4.258208802e+001 +4.258208802e+001 -9.574179120e+002 -9.574179120e+002 +3.8868e-001 -9.2080e-001 -1.1021e+000
11 0 +4.121470746e+001 +4.121470746e+001 -9.587852925e+002 -9.587852925e+002 +3.2771e-001 +4.1695e-001 -1.7388e+000
12 0 +3.314903504e+001 +3.314903504e+001 -9.668509650e+002 -9.668509650e+002 -5.9144e-001 +1.6706e+000 +8.1258e-001
17 0 +3.300325723e+001 +3.300325723e+001 -9.669967428e+002 -9.669967428e+002 -7.8695e-001 +1.1549e-001 +7.7844e-001
27 0 +2.606393972e+001 +2.606393972e+001 -9.739360603e+002 -9.739360603e+002 +1.6487e+000 +2.4555e+000 +9.7167e-001
31 0 +1.757812441e+001 +1.757812441e+001 -9.824218756e+002 -9.824218756e+002 -1.5829e+000 -7.3756e-001 -8.5730e-001
35 0 +1.517287282e+001 +1.517287282e+001 -9.848271272e+002 -9.848271272e+002 -8.8769e-001 -1.0094e-001 -1.4530e+000
177 0 +1.024337875e+001 +1.024337875e+001 -9.897566213e+002 -9.897566213e+002 +1.1113e+000 +1.1255e+000 +1.2147e+000
224 0 +8.133317348e+000 +8.133317348e+000 -9.918666827e+002 -9.918666827e+002 +1.3668e+000 +2.1276e-001 +1.6092e+000
529 0 +5.464282319e+000 +5.464282319e+000 -9.945357177e+002 -9.945357177e+002 +9.9821e-001 +1.4602e+000 +1.6986e+000
1070 0 +2.090417857e+000 +2.090417857e+000 -9.979095821e+002 -9.979095821e+002 +1.3856e+000 +5.7540e-001 +1.2561e+000
2973 0 +1.900367723e+000 +1.900367723e+000 -9.980996323e+002 -9.980996323e+002 +1.2499e+000 +1.5862e+000 +1.4983e+000
3065 0 +1.830912765e+000 +1.830912765e+000 -9.981690872e+002 -9.981690872e+002 +1.3479e+000 +1.2949e+000 +1.4421e+000
7406 0 +1.176634250e+000 +1.176634250e+000 -9.988233657e+002 -9.988233657e+002 +1.1972e+000 +1.0306e+000 +1.4985e+000
9342 0 +8.946634698e-001 +8.946634698e-001 -9.991053365e+002 -9.991053365e+002 +1.2723e+000 +1.1357e+000 +1.0706e+000
9517 0 +6.355659740e-001 +6.355659740e-001 -9.993644340e+002 -9.993644340e+002 +1.0676e+000 +1.0971e+000 +1.4906e+000
27205 0 +3.904415754e-001 +3.904415754e-001 -9.996095584e+002 -9.996095584e+002 +1.3663e+000 +1.4169e+000 +1.3075e+000
% f evaluations | g evaluations | best noise-free fitness - Fopt | noise-free fitness - Fopt (-1.272000000000e+001) | measured fitness | best measured fitness | x1 | x2...
1 0 +3.365182842e+001 +3.365182842e+001 +2.093182842e+001 +2.093182842e+001 -7.4659e-001 -1.6361e+000 +3.0131e-001
4 0 +2.889780241e+001 +2.889780241e+001 +1.617780241e+001 +1.617780241e+001 +1.7838e+000 +1.9188e-002 +8.4201e-001
21 0 +2.786282540e+001 +2.786282540e+001 +1.514282540e+001 +1.514282540e+001 +6.1586e-001 +1.4664e-001 +1.6519e-001
22 0 +2.457622805e+001 +2.457622805e+001 +1.185622805e+001 +1.185622805e+001 +9.1182e-001 +8.5839e-001 +3.1837e-001
48 0 +2.409263640e+001 +2.409263640e+001 +1.137263640e+001 +1.137263640e+001 +1.1648e+000 +1.0513e+000 +1.0902e+000
51 0 +2.376797871e+001 +2.376797871e+001 +1.104797871e+001 +1.104797871e+001 +6.5089e-001 -1.1015e-001 -1.1826e+000
62 0 +2.134334919e+001 +2.134334919e+001 +8.623349187e+000 +8.623349187e+000 -1.9404e-001 +1.1802e+000 +1.9524e-001
92 0 +1.704889116e+001 +1.704889116e+001 +4.328891156e+000 +4.328891156e+000 -1.6231e+000 -1.6804e+000 -1.2052e+000
121 0 +1.262567657e+001 +1.262567657e+001 -9.432343309e-002 -9.432343309e-002 -1.8312e+000 -1.2110e+000 -2.3650e+000
181 0 +8.644724869e+000 +8.644724869e+000 -4.075275131e+000 -4.075275131e+000 +1.5588e-001 +8.7080e-001 +8.1228e-001
371 0 +7.092285710e+000 +7.092285710e+000 -5.627714290e+000 -5.627714290e+000 +1.6706e+000 +2.1162e-001 +7.9620e-001
1055 0 +6.693508937e+000 +6.693508937e+000 -6.026491063e+000 -6.026491063e+000 +1.6319e+000 +1.5163e+000 +1.0498e+000
1289 0 +6.456383440e+000 +6.456383440e+000 -6.263616560e+000 -6.263616560e+000 +2.0942e+000 +1.3613e+000 +9.5804e-001
1367 0 +4.390451371e+000 +4.390451371e+000 -8.329548629e+000 -8.329548629e+000 +2.0762e+000 +1.6637e+000 +1.5540e+000
1589 0 +3.596917255e+000 +3.596917255e+000 -9.123082745e+000 -9.123082745e+000 +9.4811e-001 +7.5324e-001 +5.7271e-001
2281 0 +2.592096526e+000 +2.592096526e+000 -1.012790347e+001 -1.012790347e+001 +1.3074e+000 +1.0819e+000 +8.2398e-001
2397 0 +2.408968248e+000 +2.408968248e+000 -1.031103175e+001 -1.031103175e+001 +1.5097e+000 +1.1378e+000 +1.5051e+000
2672 0 +9.202464664e-001 +9.202464664e-001 -1.179975353e+001 -1.179975353e+001 +1.1174e+000 +1.1330e+000 +1.1609e+000
3122 0 +2.729377818e-001 +2.729377818e-001 -1.244706222e+001 -1.244706222e+001 +1.1919e+000 +1.0232e+000 +1.2666e+000
14444 0 +2.179707957e-001 +2.179707957e-001 -1.250202920e+001 -1.250202920e+001 +1.4411e+000 +1.3456e+000 +1.2222e+000
15623 0 +1.927535568e-001 +1.927535568e-001 -1.252724644e+001 -1.252724644e+001 +1.4404e+000 +1.3442e+000 +1.2249e+000
16164 0 +1.890121156e-001 +1.890121156e-001 -1.253098788e+001 -1.253098788e+001 +1.4411e+000 +1.3439e+000 +1.2263e+000
16987 0 +1.855221043e-001 +1.855221043e-001 -1.253447790e+001 -1.253447790e+001 +1.4414e+000 +1.3441e+000 +1.2268e+000
% f evaluations | g evaluations | best noise-free fitness - Fopt | noise-free fitness - Fopt (-5.954000000000e+001) | measured fitness | best measured fitness | x1 | x2...
1 0 +6.182801831e+001 +6.182801831e+001 +2.288018309e+000 +2.288018309e+000 -3.4220e-001 +1.1322e+000 +1.3691e+000
2 0 +3.524776791e+001 +3.524776791e+001 -2.429223209e+001 -2.429223209e+001 -1.0352e+000 +2.1312e-001 +6.2434e-002
6 0 +2.378976531e+001 +2.378976531e+001 -3.575023469e+001 -3.575023469e+001 +7.2913e-001 -1.3082e-001 -2.9619e-001
26 0 +2.126800950e+001 +2.126800950e+001 -3.827199050e+001 -3.827199050e+001 +3.0332e-001 -2.6245e-001 +1.5158e+000
43 0 +1.928289516e+001 +1.928289516e+001 -4.025710484e+001 -4.025710484e+001 -4.0463e-001 +1.9441e+000 +9.2647e-002
66 0 +1.721275063e+001 +1.721275063e+001 -4.232724937e+001 -4.232724937e+001 -5.9703e-001 -7.5344e-001 +2.2874e-001
78 0 +1.475374685e+001 +1.475374685e+001 -4.478625315e+001 -4.478625315e+001 -7.6796e-001 -8.8634e-001 +5.2800e-001
292 0 +1.225237481e+001 +1.225237481e+001 -4.728762519e+001 -4.728762519e+001 +1.4595e+000 +1.1480e+000 -1.3774e+000
334 0 +8.312096296e+000 +8.312096296e+000 -5.122790370e+001 -5.122790370e+001 -4.2192e-001 -1.1323e+000 +1.8728e+000
722 0 +4.158395141e+000 +4.158395141e+000 -5.538160486e+001 -5.538160486e+001 -1.4052e+000 -1.5814e+000 +4.2653e-001
1440 0 +1.980462487e+000 +1.980462487e+000 -5.755953751e+001 -5.755953751e+001 -1.5513e+000 -1.3304e+000 +1.6103e+000
2530 0 +1.665424697e+000 +1.665424697e+000 -5.787457530e+001 -5.787457530e+001 -8.8146e-001 -1.1748e+000 +1.1515e+000
3212 0 +1.451995464e+000 +1.451995464e+000 -5.808800454e+001 -5.808800454e+001 -1.0431e+000 -1.2128e+000 +1.4353e+000
6629 0 +1.040158784e+000 +1.040158784e+000 -5.849984122e+001 -5.849984122e+001 -1.3597e+000 -1.0839e+000 +1.2506e+000
8519 0 +6.981170539e-001 +6.981170539e-001 -5.884188295e+001 -5.884188295e+001 -1.3397e+000 -1.0836e+000 +1.2617e+000
9177 0 +2.636079420e-001 +2.636079420e-001 -5.927639206e+001 -5.927639206e+001 -1.3386e+000 -1.0959e+000 +1.2635e+000
9565 0 +1.800176178e-001 +1.800176178e-001 -5.935998238e+001 -5.935998238e+001 -1.3431e+000 -1.0894e+000 +1.2598e+000
11887 0 +1.503731888e-001 +1.503731888e-001 -5.938962681e+001 -5.938962681e+001 -1.3427e+000 -1.0909e+000 +1.2598e+000
12077 0 +1.363049706e-001 +1.363049706e-001 -5.940369503e+001 -5.940369503e+001 -1.3405e+000 -1.0924e+000 +1.2612e+000
14956 0 +1.340326413e-001 +1.340326413e-001 -5.940596736e+001 -5.940596736e+001 -1.3384e+000 -1.0924e+000 +1.2629e+000
% f evaluations | g evaluations | best noise-free fitness - Fopt | noise-free fitness - Fopt (-1.000000000000e+003) | measured fitness | best measured fitness | x1 | x2...
1 0 +4.150424615e+001 +4.150424615e+001 -9.584957539e+002 -9.584957539e+002 +1.0036e+000 -9.1913e-001 +1.1581e+000
2 0 +3.423777427e+001 +3.423777427e+001 -9.657622257e+002 -9.657622257e+002 +4.1405e-001 +3.6070e-002 +9.8285e-001
3 0 +2.862411749e+001 +2.862411749e+001 -9.713758825e+002 -9.713758825e+002 +1.9145e-001 +6.0950e-001 -1.5234e+000
6 0 +2.164986595e+001 +2.164986595e+001 -9.783501341e+002 -9.783501341e+002 +9.6917e-001 +9.8337e-001 -6.1298e-001
9 0 +2.023539303e+001 +2.023539303e+001 -9.797646070e+002 -9.797646070e+002 -3.9769e-001 +1.0507e+000 -3.4046e-001
31 0 +1.620624464e+001 +1.620624464e+001 -9.837937554e+002 -9.837937554e+002 -1.2997e+000 -2.3742e-001 +2.6279e+000
63 0 +1.508029296e+001 +1.508029296e+001 -9.849197070e+002 -9.849197070e+002 +3.7868e-001 +3.2798e-001 +1.1093e-002
261 0 +9.831091799e+000 +9.831091799e+000 -9.901689082e+002 -9.901689082e+002 +6.8201e-001 +6.2353e-001 -1.7692e+000
363 0 +8.515722742e+000 +8.515722742e+000 -9.914842773e+002 -9.914842773e+002 +8.8125e-001 +1.5002e+000 -1.3283e+000
691 0 +6.295715329e+000 +6.295715329e+000 -9.937042847e+002 -9.937042847e+002 +3.2979e-001 +1.5496e+000 -9.2665e-001
1370 0 +5.295377095e+000 +5.295377095e+000 -9.947046229e+002 -9.947046229e+002 +1.7386e+000 +8.0044e-001 -1.3028e+000
1660 0 +4.650659971e+000 +4.650659971e+000 -9.953493400e+002 -9.953493400e+002 +1.0230e+000 +4.5689e-001 -1.3856e+000
1718 0 +1.349500753e+000 +1.349500753e+000 -9.986504992e+002 -9.986504992e+002 +8.9635e-001 +1.3809e+000 -1.3362e+000
4969 0 +7.553074867e-001 +7.553074867e-001 -9.992446925e+002 -9.992446925e+002 +1.5120e+000 +1.1242e+000 -1.1666e+000
9737 0 +6.048619438e-001 +6.048619438e-001 -9.993951381e+002 -9.993951381e+002 +1.3970e+000 +1.1276e+000 -1.1829e+000
20566 0 +4.313146931e-001 +4.313146931e-001 -9.995686853e+002 -9.995686853e+002 +1.4121e+000 +1.1336e+000 -1.1816e+000
21687 0 +2.506455820e-001 +2.506455820e-001 -9.997493544e+002 -9.997493544e+002 +1.4018e+000 +1.1293e+000 -1.1853e+000
24581 0 +2.247650903e-001 +2.247650903e-001 -9.997752349e+002 -9.997752349e+002 +1.2931e+000 +1.1331e+000 -1.2036e+000
24912 0 +2.025248293e-001 +2.025248293e-001 -9.997974752e+002 -9.997974752e+002 +1.2940e+000 +1.1352e+000 -1.2072e+000
25068 0 +1.529938096e-001 +1.529938096e-001 -9.998470062e+002 -9.998470062e+002 +1.2927e+000 +1.1338e+000 -1.2059e+000
25125 0 +1.323969315e-001 +1.323969315e-001 -9.998676031e+002 -9.998676031e+002 +1.2924e+000 +1.1342e+000 -1.2057e+000
25134 0 +7.872631476e-002 +7.872631476e-002 -9.999212737e+002 -9.999212737e+002 +1.2883e+000 +1.1330e+000 -1.2087e+000
26589 0 +7.258331748e-002 +7.258331748e-002 -9.999274167e+002 -9.999274167e+002 +1.2849e+000 +1.1320e+000 -1.2122e+000
26709 0 +7.010939987e-002 +7.010939987e-002 -9.999298906e+002 -9.999298906e+002 +1.2855e+000 +1.1318e+000 -1.2111e+000
27070 0 +6.831131502e-002 +6.831131502e-002 -9.999316887e+002 -9.999316887e+002 +1.2855e+000 +1.1318e+000 -1.2104e+000
28529 0 +6.740443575e-002 +6.740443575e-002 -9.999325956e+002 -9.999325956e+002 +1.2858e+000 +1.1321e+000 -1.2108e+000
% f evaluations | g evaluations | best noise-free fitness - Fopt | noise-free fitness - Fopt (4.303000000000e+001) | measured fitness | best measured fitness | x1 | x2...
1 0 +6.340001821e+001 +6.340001821e+001 +1.064300182e+002 +1.064300182e+002 -1.3323e+000 +2.4996e-001 +8.6036e-001
2 0 +3.508104522e+001 +3.508104522e+001 +7.811104522e+001 +7.811104522e+001 +6.8135e-001 +5.1387e-001 +9.5530e-001
10 0 +3.460678280e+001 +3.460678280e+001 +7.763678280e+001 +7.763678280e+001 +1.4988e+000 -6.3023e-001 +5.8507e-003
14 0 +2.689984278e+001 +2.689984278e+001 +6.992984278e+001 +6.992984278e+001 +2.2832e-001 +1.3083e+000 +7.3713e-001
19 0 +2.476341746e+001 +2.476341746e+001 +6.779341746e+001 +6.779341746e+001 -9.7746e-001 +1.9715e+000 -1.5078e-001
36 0 +2.436514979e+001 +2.436514979e+001 +6.739514979e+001 +6.739514979e+001 +1.5891e+000 -1.4417e+000 +2.6046e+000
37 0 +1.782272484e+001 +1.782272484e+001 +6.085272484e+001 +6.085272484e+001 -3.0342e-001 -2.2092e+000 -5.8775e-001
92 0 +1.726644487e+001 +1.726644487e+001 +6.029644487e+001 +6.029644487e+001 -4.9868e-001 -8.4099e-001 -4.7188e-002
168 0 +1.605280628e+001 +1.605280628e+001 +5.908280628e+001 +5.908280628e+001 +2.1291e-001 +4.2333e-001 +4.8212e-001
353 0 +1.313141433e+001 +1.313141433e+001 +5.616141433e+001 +5.616141433e+001 +7.9140e-001 +1.1917e+000 +5.0359e-001
688 0 +6.190583278e+000 +6.190583278e+000 +4.922058328e+001 +4.922058328e+001 +2.1673e+000 +1.6880e+000 +9.6246e-001
2643 0 +6.071858366e+000 +6.071858366e+000 +4.910185837e+001 +4.910185837e+001 +2.1319e+000 +1.6921e+000 +3.2694e+000
2782 0 +5.147134883e+000 +5.147134883e+000 +4.817713488e+001 +4.817713488e+001 +1.9452e+000 +2.6517e+000 +1.8987e+000
2837 0 +4.859973042e+000 +4.859973042e+000 +4.788997304e+001 +4.788997304e+001 +2.5928e+000 +1.5176e+000 +1.3318e+000
3539 0 +3.975695606e+000 +3.975695606e+000 +4.700569561e+001 +4.700569561e+001 +1.6872e+000 +1.7842e+000 +1.9106e+000
4003 0 +3.442846486e+000 +3.442846486e+000 +4.647284649e+001 +4.647284649e+001 +1.7479e+000 +1.9020e+000 +1.7873e+000
9314 0 +3.360746868e+000 +3.360746868e+000 +4.639074687e+001 +4.639074687e+001 +1.9274e+000 +2.2049e+000 +2.4876e+000
10229 0 +3.240176191e+000 +3.240176191e+000 +4.627017619e+001 +4.627017619e+001 +2.0038e+000 +2.3241e+000 +2.3489e+000
