% f evaluations | g evaluations | best noise-free fitness - Fopt | noise-free fitness - Fopt (6.870000000000e+000) | measured fitness | best measured fitness | x1 | x2...
1 0 +1.566006212e+001 +1.566006212e+001 +2.253006212e+001 +2.253006212e+001 +2.4044e+000 -2.9722e-001 -7.7051e-001
3 0 +8.639871095e+000 +8.639871095e+000 +1.550987109e+001 +1.550987109e+001 -8.8868e-002 -8.5603e-001 +8.0080e-001
22 0 +3.685741041e+000 +3.685741041e+000 +1.055574104e+001 +1.055574104e+001 +1.4712e+000 +5.2963e-001 +6.4390e-002
23 0 +1.799214490e+000 +1.799214490e+000 +8.669214490e+000 +8.669214490e+000 -5.9343e-001 -2.8018e-001 +1.0623e+000
1601 0 +1.279612093e+000 +1.279612093e+000 +8.149612093e+000 +8.149612093e+000 +2.7850e-002 +1.7668e-001 +3.3091e-001
6462 0 +7.071034834e-001 +7.071034834e-001 +7.577103483e+000 +7.577103483e+000 -7.1850e-001 -9.2260e-001 +5.0547e-001
16439 0 +5.033685063e-001 +5.033685063e-001 +7.373368506e+000 +7.373368506e+000 -9.0393e-001 -8.8020e-001 +2.7061e-001
17317 0 +2.690324932e-001 +2.690324932e-001 +7.139032493e+000 +7.139032493e+000 -9.0613e-001 -8.7317e-001 +2.7385e-001
18071 0 +2.363017804e-001 +2.363017804e-001 +7.106301780e+000 +7.106301780e+000 -9.0621e-001 -8.7280e-001 +2.7478e-001
19569 0 +1.716548277e-001 +1.716548277e-001 +7.041654828e+000 +7.041654828e+000 -9.0665e-001 -8.7134e-001 +2.7551e-001
19941 0 +1.573401619e-001 +1.573401619e-001 +7.027340162e+000 +7.027340162e+000 -9.0686e-001 -8.7140e-001 +2.7585e-001
20551 0 +1.531751474e-001 +1.531751474e-001 +7.023175147e+000 +7.023175147e+000 -9.0649e-001 -8.7199e-001 +2.7467e-001
20613 0 +1.469636504e-001 +1.469636504e-001 +7.016963650e+000 +7.016963650e+000 -9.0680e-001 -8.7102e-001 +2.7573e-001
20675 0 +1.328832751e-001 +1.328832751e-001 +7.002883275e+000 +7.002883275e+000 -9.0654e-001 -8.7104e-001 +2.7525e-001
21131 0 +1.316777482e-001 +1.316777482e-001 +7.001677748e+000 +7.001677748e+000 -9.0663e-001 -8.7174e-001 +2.7485e-001
21485 0 +1.201446780e-001 +1.201446780e-001 +6.990144678e+000 +6.990144678e+000 -9.0670e-001 -8.7109e-001 +2.7531e-001
21782 0 +9.492263174e-002 +9.492263174e-002 +6.964922632e+000 +6.964922632e+000 -9.0679e-001 -8.7050e-001 +2.7553e-001
22095 0 +7.825387168e-002 +7.825387168e-002 +6.948253872e+000 +6.948253872e+000 -9.0687e-001 -8.7094e-001 +2.7528e-001
22123 0 +6.983253579e-002 +6.983253579e-002 +6.939832536e+000 +6.939832536e+000 -9.0715e-001 -8.7020e-001 +2.7592e-001
22322 0 +6.519131347e-002 +6.519131347e-002 +6.935191313e+000 +6.935191313e+000 -9.0702e-001 -8.7051e-001 +2.7562e-001
22765 0 +6.187465706e-002 +6.187465706e-002 +6.931874657e+000 +6.931874657e+000 -9.0712e-001 -8.7019e-001 +2.7558e-001
23040 0 +5.874154107e-002 +5.874154107e-002 +6.928741541e+000 +6.928741541e+000 -9.0696e-001 -8.7033e-001 +2.7554e-001
23234 0 +4.620194603e-002 +4.620194603e-002 +6.916201946e+000 +6.916201946e+000 -9.0717e-001 -8.6995e-001 +2.7589e-001
23309 0 +3.989633876e-002 +3.989633876e-002 +6.909896339e+000 +6.909896339e+000 -9.0706e-001 -8.7022e-001 +2.7563e-001
23362 0 +2.689703712e-002 +2.689703712e-002 +6.896897037e+000 +6.896897037e+000 -9.0720e-001 -8.6981e-001 +2.7574e-001
24482 0 +2.353697701e-002 +2.353697701e-002 +6.893536977e+000 +6.893536977e+000 -9.0711e-001 -8.6992e-001 +2.7574e-001
24617 0 +1.848691478e-002 +1.848691478e-002 +6.888486915e+000 +6.888486915e+000 -9.0713e-001 -8.7003e-001 +2.7569e-001
24818 0 +1.654753747e-002 +1.654753747e-002 +6.886547537e+000 +6.886547537e+000 -9.0716e-001 -8.6990e-001 +2.7578e-001
24941 0 +8.733578590e-003 +8.733578590e-003 +6.878733579e+000 +6.878733579e+000 -9.0718e-001 -8.6985e-001 +2.7579e-001
25481 0 +7.661348003e-003 +7.661348003e-003 +6.877661348e+000 +6.877661348e+000 -9.0718e-001 -8.6984e-001 +2.7577e-001
26079 0 +3.569173174e-003 +3.569173174e-003 +6.873569173e+000 +6.873569173e+000 -9.0721e-001 -8.6977e-001 +2.7581e-001
27355 0 +3.249967224e-003 +3.249967224e-003 +6.873249967e+000 +6.873249967e+000 -9.0720e-001 -8.6980e-001 +2.7580e-001
27948 0 +1.411774981e-003 +1.411774981e-003 +6.871411775e+000 +6.871411775e+000 -9.0720e-001 -8.6980e-001 +2.7580e-001
29493 0 +1.123849178e-003 +1.123849178e-003 +6.871123849e+000 +6.871123849e+000 -9.0720e-001 -8.6980e-001 +2.7580e-001
29924 0 +8.638010721e-004 +8.638010721e-004 +6.870863801e+000 +6.870863801e+000 -9.0720e-001 -8.6979e-001 +2.7580e-001
30056 0 +5.819149861e-004 +5.819149861e-004 +6.870581915e+000 +6.870581915e+000 -9.0720e-001 -8.6979e-001 +2.7580e-001
30352 0 +5.173241627e-004 +5.173241627e-004 +6.870517324e+000 +6.870517324e+000 -9.0720e-001 -8.6979e-001 +2.7580e-001
30764 0 +3.570158079e-004 +3.570158079e-004 +6.870357016e+000 +6.870357016e+000 -9.0720e-001 -8.6979e-001 +2.7580e-001
31390 0 +3.437452392e-004 +3.437452392e-004 +6.870343745e+000 +6.870343745e+000 -9.0720e-001 -8.6979e-001 +2.7580e-001
31439 0 +3.302713399e-004 +3.302713399e-004 +6.870330271e+000 +6.870330271e+000 -9.0720e-001 -8.6979e-001 +2.7580e-001
31634 0 +3.089734861e-004 +3.089734861e-004 +6.870308973e+000 +6.870308973e+000 -9.0720e-001 -8.6979e-001 +2.7580e-001
31745 0 +2.747336152e-004 +2.747336152e-004 +6.870274734e+000 +6.870274734e+000 -9.0720e-001 -8.6979e-001 +2.7580e-001
31969 0 +2.572910186e-004 +2.572910186e-004 +6.870257291e+000 +6.870257291e+000 -9.0720e-001 -8.6979e-001 +2.7580e-001
32076 0 +2.323185227e-004 +2.323185227e-004 +6.870232319e+000 +6.870232319e+000 -9.0720e-001 -8.6979e-001 +2.7580e-001
32110 0 +1.933941999e-004 +1.933941999e-004 +6.870193394e+000 +6.870193394e+000 -9.0720e-001 -8.6979e-001 +2.7580e-001
32701 0 +1.622750924e-004 +1.622750924e-004 +6.870162275e+000 +6.870162275e+000 -9.0720e-001 -8.6979e-001 +2.7580e-001
32812 0 +1.342331789e-004 +1.342331789e-004 +6.870134233e+000 +6.870134233e+000 -9.0720e-001 -8.6979e-001 +2.7580e-001
33017 0 +1.199429750e-004 +1.199429750e-004 +6.870119943e+000 +6.870119943e+000 -9.0720e-001 -8.6979e-001 +2.7580e-001
33461 0 +3.952935470e-005 +3.952935470e-005 +6.870039529e+000 +6.870039529e+000 -9.0720e-001 -8.6979e-001 +2.7580e-001
36146 0 +3.137070012e-005 +3.137070012e-005 +6.870031371e+000 +6.870031371e+000 -9.0720e-001 -8.6979e-001 +2.7580e-001
36448 0 +2.896921455e-005 +2.896921455e-005 +6.870028969e+000 +6.870028969e+000 -9.0720e-001 -8.6979e-001 +2.7580e-001
36628 0 +1.974457366e-005 +1.974457366e-005 +6.870019745e+000 +6.870019745e+000 -9.0720e-001 -8.6979e-001 +2.7580e-001
37667 0 +1.445746618e-005 +1.445746618e-005 +6.870014457e+000 +6.870014457e+000 -9.0720e-001 -8.6979e-001 +2.7580e-001
37830 0 +1.221907300e-005 +1.221907300e-005 +6.870012219e+000 +6.870012219e+000 -9.0720e-001 -8.6979e-001 +2.7580e-001
37952 0 +1.111787815e-005 +1.111787815e-005 +6.870011118e+000 +6.870011118e+000 -9.0720e-001 -8.6979e-001 +2.7580e-001
38116 0 +9.616516600e-006 +9.616516600e-006 +6.870009617e+000 +6.870009617e+000 -9.0720e-001 -8.6979e-001 +2.7580e-001
38805 0 +9.330796057e-006 +9.330796057e-006 +6.870009331e+000 +6.870009331e+000 -9.0720e-001 -8.6979e-001 +2.7580e-001
38989 0 +7.809100955e-006 +7.809100955e-006 +6.870007809e+000 +6.870007809e+000 -9.0720e-001 -8.6979e-001 +2.7580e-001
39170 0 +6.899360385e-006 +6.899360385e-006 +6.870006899e+000 +6.870006899e+000 -9.0720e-001 -8.6979e-001 +2.7580e-001
39250 0 +6.584430141e-006 +6.584430141e-006 +6.870006584e+000 +6.870006584e+000 -9.0720e-001 -8.6979e-001 +2.7580e-001
39267 0 +5.538581932e-006 +5.538581932e-006 +6.870005539e+000 +6.870005539e+000 -9.0720e-001 -8.6979e-001 +2.7580e-001
39319 0 +5.159199759e-006 +5.159199759e-006 +6.870005159e+000 +6.870005159e+000 -9.0720e-001 -8.6979e-001 +2.7580e-001
39538 0 +4.720915573e-006 +4.720915573e-006 +6.870004721e+000 +6.870004721e+000 -9.0720e-001 -8.6979e-001 +2.7580e-001
39995 0 +4.298825709e-006 +4.298825709e-006 +6.870004299e+000 +6.870004299e+000 -9.0720e-001 -8.6979e-001 +2.7580e-001
40559 0 +4.213812767e-006 +4.213812767e-006 +6.870004214e+000 +6.870004214e+000 -9.0720e-001 -8.6979e-001 +2.7580e-001
40650 0 +4.006575251e-006 +4.006575251e-006 +6.870004007e+000 +6.870004007e+000 -9.0720e-001 -8.6979e-001 +2.7580e-001
40661 0 +1.789928114e-006 +1.789928114e-006 +6.870001790e+000 +6.870001790e+000 -9.0720e-001 -8.6979e-001 +2.7580e-001
40673 0 +1.519621105e-006 +1.519621105e-006 +6.870001520e+000 +6.870001520e+000 -9.0720e-001 -8.6979e-001 +2.7580e-001
41769 0 +1.286759334e-006 +1.286759334e-006 +6.870001287e+000 +6.870001287e+000 -9.0720e-001 -8.6979e-001 +2.7580e-001
42152 0 +1.175814796e-006 +1.175814796e-006 +6.870001176e+000 +6.870001176e+000 -9.0720e-001 -8.6979e-001 +2.7580e-001
42610 0 +1.071216440e-006 +1.071216440e-006 +6.870001071e+000 +6.870001071e+000 -9.0720e-001 -8.6979e-001 +2.7580e-001
42655 0 +8.782727150e-007 +8.782727150e-007 +6.870000878e+000 +6.870000878e+000 -9.0720e-001 -8.6979e-001 +2.7580e-001
42816 0 +6.640042347e-007 +6.640042347e-007 +6.870000664e+000 +6.870000664e+000 -9.0720e-001 -8.6979e-001 +2.7580e-001
44115 0 +5.934845717e-007 +5.934845717e-007 +6.870000593e+000 +6.870000593e+000 -9.0720e-001 -8.6979e-001 +2.7580e-001
44124 0 +3.785394727e-007 +3.785394727e-007 +6.870000379e+000 +6.870000379e+000 -9.0720e-001 -8.6979e-001 +2.7580e-001
44651 0 +3.440902070e-007 +3.440902070e-007 +6.870000344e+000 +6.870000344e+000 -9.0720e-001 -8.6979e-001 +2.7580e-001
45077 0 +2.561462829e-007 +2.561462829e-007 +6.870000256e+000 +6.870000256e+000 -9.0720e-001 -8.6979e-001 +2.7580e-001
45884 0 +2.253593196e-007 +2.253593196e-007 +6.870000225e+000 +6.870000225e+000 -9.0720e-001 -8.6979e-001 +2.7580e-001
45898 0 +1.882982765e-007 +1.882982765e-007 +6.870000188e+000 +6.870000188e+000 -9.0720e-001 -8.6979e-001 +2.7580e-001
46680 0 +1.803252836e-007 +1.803252836e-007 +6.870000180e+000 +6.870000180e+000 -9.0720e-001 -8.6979e-001 +2.7580e-001
46745 0 +1.143925923e-007 +1.143925923e-007 +6.870000114e+000 +6.870000114e+000 -9.0720e-001 -8.6979e-001 +2.7580e-001
46792 0 +9.925575650e-008 +9.925575650e-008 +6.870000099e+000 +6.870000099e+000 -9.0720e-001 -8.6979e-001 +2.7580e-001
47187 0 +6.425177990e-008 +6.425177990e-008 +6.870000064e+000 +6.870000064e+000 -9.0720e-001 -8.6979e-001 +2.7580e-001
48905 0 +4.986805013e-008 +4.986805013e-008 +6.870000050e+000 +6.870000050e+000 -9.0720e-001 -8.6979e-001 +2.7580e-001
49251 0 +4.443843427e-008 +4.443843427e-008 +6.870000044e+000 +6.870000044e+000 -9.0720e-001 -8.6979e-001 +2.7580e-001
49306 0 +3.783616531e-008 +3.783616531e-008 +6.870000038e+000 +6.870000038e+000 -9.0720e-001 -8.6979e-001 +2.7580e-001
49515 0 +2.612186734e-008 +2.612186734e-008 +6.870000026e+000 +6.870000026e+000 -9.0720e-001 -8.6979e-001 +2.7580e-001
50042 0 +5.527215130e-009 +5.527215130e-009 +6.870000006e+000 +6.870000006e+000 -9.0720e-001 -8.6979e-001 +2.7580e-001
66541 0 +0.000000000e+000 +0.000000000e+000 +6.870000000e+000 +6.870000000e+000 -9.0720e-001 -8.6979e-001 +2.7580e-001
% f evaluations | g evaluations | best noise-free fitness - Fopt | noise-free fitness - Fopt (1.000000000000e-002) | measured fitness | best measured fitness | x1 | x2...
1 0 +4.331714325e+001 +4.331714325e+001 +4.332714325e+001 +4.332714325e+001 +5.3712e-001 +1.1756e+000 -6.5893e-001
2 0 +2.471505028e+001 +2.471505028e+001 +2.472505028e+001 +2.472505028e+001 +3.9119e-001 +7.4147e-001 -1.9148e+000
4 0 +1.374117839e+001 +1.374117839e+001 +1.375117839e+001 +1.375117839e+001 -4.4658e-001 -4.0958e-001 +1.1292e+000
10 0 +9.808007490e+000 +9.808007490e+000 +9.818007490e+000 +9.818007490e+000 +1.9076e+000 -1.3201e-002 +4.3637e-001
12 0 +8.929637870e+000 +8.929637870e+000 +8.939637870e+000 +8.939637870e+000 +1.9458e-001 -7.0249e-001 -1.2423e+000
43 0 +6.583659886e+000 +6.583659886e+000 +6.593659886e+000 +6.593659886e+000 +1.0327e+000 +1.3082e+000 -4.6867e-001
66 0 +5.911854831e+000 +5.911854831e+000 +5.921854831e+000 +5.921854831e+000 -2.5631e+000 +1.0091e+000 -1.0753e+000
116 0 +4.187631133e+000 +4.187631133e+000 +4.197631133e+000 +4.197631133e+000 -1.1059e+000 -5.7869e-002 -2.2384e+000
213 0 +1.259855512e+000 +1.259855512e+000 +1.269855512e+000 +1.269855512e+000 +7.4571e-001 +2.4049e-001 +9.8264e-001
4195 0 +8.926170147e-001 +8.926170147e-001 +9.026170147e-001 +9.026170147e-001 -1.0806e+000 +1.7360e+000 +7.2514e-002
10836 0 +8.069222031e-001 +8.069222031e-001 +8.169222031e-001 +8.169222031e-001 -4.8672e-001 +1.0118e+000 +1.7053e-001
12031 0 +7.376111162e-001 +7.376111162e-001 +7.476111162e-001 +7.476111162e-001 -4.9117e-001 +1.0119e+000 +1.6931e-001
14071 0 +4.688702390e-001 +4.688702390e-001 +4.788702390e-001 +4.788702390e-001 -4.8492e-001 +1.0136e+000 +1.7280e-001
15275 0 +3.325616113e-001 +3.325616113e-001 +3.425616113e-001 +3.425616113e-001 -4.8822e-001 +1.0146e+000 +1.7054e-001
16302 0 +3.212587778e-001 +3.212587778e-001 +3.312587778e-001 +3.312587778e-001 -4.8831e-001 +1.0201e+000 +1.7241e-001
17038 0 +3.112968439e-001 +3.112968439e-001 +3.212968439e-001 +3.212968439e-001 -4.8902e-001 +1.0183e+000 +1.7161e-001
17252 0 +2.117702101e-001 +2.117702101e-001 +2.217702101e-001 +2.217702101e-001 -4.8849e-001 +1.0158e+000 +1.7133e-001
17555 0 +2.054531120e-001 +2.054531120e-001 +2.154531120e-001 +2.154531120e-001 -4.8753e-001 +1.0180e+000 +1.7191e-001
17819 0 +2.021351083e-001 +2.021351083e-001 +2.121351083e-001 +2.121351083e-001 -4.8820e-001 +1.0162e+000 +1.7112e-001
17891 0 +1.913343145e-001 +1.913343145e-001 +2.013343145e-001 +2.013343145e-001 -4.8880e-001 +1.0168e+000 +1.7143e-001
18063 0 +1.870438880e-001 +1.870438880e-001 +1.970438880e-001 +1.970438880e-001 -4.8815e-001 +1.0171e+000 +1.7187e-001
18235 0 +1.218362651e-001 +1.218362651e-001 +1.318362651e-001 +1.318362651e-001 -4.8806e-001 +1.0181e+000 +1.7198e-001
18368 0 +1.175819549e-001 +1.175819549e-001 +1.275819549e-001 +1.275819549e-001 -4.8762e-001 +1.0168e+000 +1.7178e-001
18472 0 +9.292093536e-002 +9.292093536e-002 +1.029209354e-001 +1.029209354e-001 -4.8793e-001 +1.0169e+000 +1.7160e-001
18508 0 +8.978289402e-002 +8.978289402e-002 +9.978289402e-002 +9.978289402e-002 -4.8821e-001 +1.0167e+000 +1.7147e-001
19342 0 +6.261989802e-002 +6.261989802e-002 +7.261989802e-002 +7.261989802e-002 -4.8811e-001 +1.0176e+000 +1.7171e-001
19910 0 +3.916516077e-002 +3.916516077e-002 +4.916516077e-002 +4.916516077e-002 -4.8807e-001 +1.0175e+000 +1.7174e-001
20251 0 +3.371579268e-002 +3.371579268e-002 +4.371579268e-002 +4.371579268e-002 -4.8785e-001 +1.0171e+000 +1.7178e-001
20595 0 +2.930581001e-002 +2.930581001e-002 +3.930581001e-002 +3.930581001e-002 -4.8787e-001 +1.0170e+000 +1.7176e-001
21067 0 +2.107055402e-002 +2.107055402e-002 +3.107055402e-002 +3.107055402e-002 -4.8800e-001 +1.0171e+000 +1.7173e-001
21854 0 +1.394844665e-002 +1.394844665e-002 +2.394844665e-002 +2.394844665e-002 -4.8791e-001 +1.0173e+000 +1.7183e-001
22107 0 +1.351216882e-002 +1.351216882e-002 +2.351216882e-002 +2.351216882e-002 -4.8790e-001 +1.0172e+000 +1.7180e-001
22677 0 +1.205751876e-002 +1.205751876e-002 +2.205751876e-002 +2.205751876e-002 -4.8795e-001 +1.0173e+000 +1.7178e-001
22694 0 +9.816609304e-003 +9.816609304e-003 +1.981660930e-002 +1.981660930e-002 -4.8790e-001 +1.0172e+000 +1.7180e-001
22741 0 +8.771863086e-003 +8.771863086e-003 +1.877186309e-002 +1.877186309e-002 -4.8792e-001 +1.0172e+000 +1.7177e-001
22962 0 +7.727329827e-003 +7.727329827e-003 +1.772732983e-002 +1.772732983e-002 -4.8791e-001 +1.0172e+000 +1.7180e-001
23063 0 +4.808488396e-003 +4.808488396e-003 +1.480848840e-002 +1.480848840e-002 -4.8793e-001 +1.0172e+000 +1.7177e-001
23333 0 +1.867553069e-003 +1.867553069e-003 +1.186755307e-002 +1.186755307e-002 -4.8793e-001 +1.0172e+000 +1.7178e-001
25004 0 +1.792891068e-003 +1.792891068e-003 +1.179289107e-002 +1.179289107e-002 -4.8793e-001 +1.0172e+000 +1.7178e-001
25424 0 +1.517040164e-003 +1.517040164e-003 +1.151704016e-002 +1.151704016e-002 -4.8792e-001 +1.0172e+000 +1.7178e-001
25854 0 +9.958970894e-004 +9.958970894e-004 +1.099589709e-002 +1.099589709e-002 -4.8793e-001 +1.0172e+000 +1.7178e-001
26520 0 +7.450492896e-004 +7.450492896e-004 +1.074504929e-002 +1.074504929e-002 -4.8793e-001 +1.0172e+000 +1.7178e-001
26679 0 +6.251366502e-004 +6.251366502e-004 +1.062513665e-002 +1.062513665e-002 -4.8793e-001 +1.0172e+000 +1.7178e-001
27610 0 +4.667622682e-004 +4.667622682e-004 +1.046676227e-002 +1.046676227e-002 -4.8793e-001 +1.0172e+000 +1.7178e-001
27676 0 +4.042178648e-004 +4.042178648e-004 +1.040421786e-002 +1.040421786e-002 -4.8793e-001 +1.0172e+000 +1.7178e-001
28613 0 +2.777397076e-004 +2.777397076e-004 +1.027773971e-002 +1.027773971e-002 -4.8793e-001 +1.0172e+000 +1.7178e-001
28832 0 +1.637786369e-004 +1.637786369e-004 +1.016377864e-002 +1.016377864e-002 -4.8793e-001 +1.0172e+000 +1.7178e-001
29052 0 +1.558236626e-004 +1.558236626e-004 +1.015582366e-002 +1.015582366e-002 -4.8793e-001 +1.0172e+000 +1.7178e-001
29488 0 +7.214072523e-005 +7.214072523e-005 +1.007214073e-002 +1.007214073e-002 -4.8793e-001 +1.0172e+000 +1.7178e-001
30394 0 +9.652805017e-006 +9.652805017e-006 +1.000965281e-002 +1.000965281e-002 -4.8793e-001 +1.0172e+000 +1.7178e-001
34829 0 +5.676679546e-006 +5.676679546e-006 +1.000567668e-002 +1.000567668e-002 -4.8793e-001 +1.0172e+000 +1.7178e-001
35564 0 +1.861642824e-006 +1.861642824e-006 +1.000186164e-002 +1.000186164e-002 -4.8793e-001 +1.0172e+000 +1.7178e-001
36890 0 +1.596119994e-006 +1.596119994e-006 +1.000159612e-002 +1.000159612e-002 -4.8793e-001 +1.0172e+000 +1.7178e-001
36927 0 +1.497797903e-006 +1.497797903e-006 +1.000149780e-002 +1.000149780e-002 -4.8793e-001 +1.0172e+000 +1.7178e-001
37077 0 +1.244405224e-006 +1.244405224e-006 +1.000124441e-002 +1.000124441e-002 -4.8793e-001 +1.0172e+000 +1.7178e-001
37160 0 +6.734978770e-007 +6.734978770e-007 +1.000067350e-002 +1.000067350e-002 -4.8793e-001 +1.0172e+000 +1.7178e-001
37817 0 +6.534034913e-007 +6.534034913e-007 +1.000065340e-002 +1.000065340e-002 -4.8793e-001 +1.0172e+000 +1.7178e-001
38013 0 +5.605513495e-007 +5.605513495e-007 +1.000056055e-002 +1.000056055e-002 -4.8793e-001 +1.0172e+000 +1.7178e-001
38264 0 +5.253684273e-007 +5.253684273e-007 +1.000052537e-002 +1.000052537e-002 -4.8793e-001 +1.0172e+000 +1.7178e-001
38513 0 +4.919517092e-007 +4.919517092e-007 +1.000049195e-002 +1.000049195e-002 -4.8793e-001 +1.0172e+000 +1.7178e-001
38859 0 +4.894302154e-007 +4.894302154e-007 +1.000048943e-002 +1.000048943e-002 -4.8793e-001 +1.0172e+000 +1.7178e-001
38964 0 +4.768103838e-007 +4.768103838e-007 +1.000047681e-002 +1.000047681e-002 -4.8793e-001 +1.0172e+000 +1.7178e-001
39099 0 +2.520643563e-007 +2.520643563e-007 +1.000025206e-002 +1.000025206e-002 -4.8793e-001 +1.0172e+000 +1.7178e-001
39406 0 +1.896590371e-007 +1.896590371e-007 +1.000018966e-002 +1.000018966e-002 -4.8793e-001 +1.0172e+000 +1.7178e-001
39423 0 +1.698314760e-007 +1.698314760e-007 +1.000016983e-002 +1.000016983e-002 -4.8793e-001 +1.0172e+000 +1.7178e-001
39671 0 +1.524819365e-007 +1.524819365e-007 +1.000015248e-002 +1.000015248e-002 -4.8793e-001 +1.0172e+000 +1.7178e-001
39852 0 +1.339459716e-007 +1.339459716e-007 +1.000013395e-002 +1.000013395e-002 -4.8793e-001 +1.0172e+000 +1.7178e-001
40597 0 +7.344164659e-008 +7.344164659e-008 +1.000007344e-002 +1.000007344e-002 -4.8793e-001 +1.0172e+000 +1.7178e-001
41247 0 +4.099216398e-008 +4.099216398e-008 +1.000004099e-002 +1.000004099e-002 -4.8793e-001 +1.0172e+000 +1.7178e-001
42133 0 +3.539575867e-008 +3.539575867e-008 +1.000003540e-002 +1.000003540e-002 -4.8793e-001 +1.0172e+000 +1.7178e-001
42670 0 +3.248583772e-008 +3.248583772e-008 +1.000003249e-002 +1.000003249e-002 -4.8793e-001 +1.0172e+000 +1.7178e-001
43065 0 +2.046167926e-008 +2.046167926e-008 +1.000002046e-002 +1.000002046e-002 -4.8793e-001 +1.0172e+000 +1.7178e-001
43127 0 +1.362364197e-008 +1.362364197e-008 +1.000001362e-002 +1.000001362e-002 -4.8793e-001 +1.0172e+000 +1.7178e-001
43790 0 +4.261684339e-009 +4.261684339e-009 +1.000000426e-002 +1.000000426e-002 -4.8793e-001 +1.0172e+000 +1.7178e-001
60501 0 +0.000000000e+000 +0.000000000e+000 +1.000000000e-002 +1.000000000e-002 -4.8793e-001 +1.0172e+000 +1.7178e-001
% f evaluations | g evaluations | best noise-free fitness - Fopt | noise-free fitness - Fopt (-1.306100000000e+002) | measured fitness | best measured fitness | x1 | x2...
1 0 +1.271676064e+001 +1.271676064e+001 -1.178932394e+002 -1.178932394e+002 +1.0992e+000 -1.1674e+000 -8.6969e-001
4 0 +9.439270996e+000 +9.439270996e+000 -1.211707290e+002 -1.211707290e+002 -2.3614e-002 +2.1077e+000 -1.8169e+000
7 0 +7.509644434e+000 +7.509644434e+000 -1.231003556e+002 -1.231003556e+002 +8.3249e-001 +1.0167e+000 +1.1817e+000
14 0 +6.722725594e+000 +6.722725594e+000 -1.238872744e+002 -1.238872744e+002 -4.8856e-001 -1.4945e+000 +8.0124e-002
63 0 +4.832039896e+000 +4.832039896e+000 -1.257779601e+002 -1.257779601e+002 -2.3030e-002 -7.9559e-001 +6.4266e-001
120 0 +4.457344038e+000 +4.457344038e+000 -1.261526560e+002 -1.261526560e+002 -2.0409e-001 -5.7921e-001 -1.2072e+000
201 0 +2.321338430e+000 +2.321338430e+000 -1.282886616e+002 -1.282886616e+002 -4.6640e-001 +5.4042e-001 +5.6981e-001
428 0 +2.169712597e+000 +2.169712597e+000 -1.284402874e+002 -1.284402874e+002 -3.4813e-001 +1.6095e+000 +4.8374e-001
687 0 +1.496135927e+000 +1.496135927e+000 -1.291138641e+002 -1.291138641e+002 +2.9335e-001 -1.1617e+000 -2.4494e+000
1063 0 +1.259697245e+000 +1.259697245e+000 -1.293503028e+002 -1.293503028e+002 -1.6432e+000 +3.2834e-001 -2.3154e-001
4632 0 +6.195991313e-001 +6.195991313e-001 -1.299904009e+002 -1.299904009e+002 +1.2180e+000 +4.3586e-001 -5.3771e-001
10294 0 +2.469862342e-001 +2.469862342e-001 -1.303630138e+002 -1.303630138e+002 +7.3180e-001 +2.4268e-001 -6.3442e-001
11408 0 +2.442428648e-001 +2.442428648e-001 -1.303657571e+002 -1.303657571e+002 +7.3145e-001 +2.4379e-001 -6.3581e-001
11428 0 +1.425713308e-001 +1.425713308e-001 -1.304674287e+002 -1.304674287e+002 +7.3266e-001 +2.4268e-001 -6.3355e-001
12286 0 +1.029740591e-001 +1.029740591e-001 -1.305070259e+002 -1.305070259e+002 +7.3141e-001 +2.4161e-001 -6.3232e-001
12389 0 +6.606421016e-002 +6.606421016e-002 -1.305439358e+002 -1.305439358e+002 +7.3213e-001 +2.4232e-001 -6.3321e-001
12819 0 +5.711789547e-002 +5.711789547e-002 -1.305528821e+002 -1.305528821e+002 +7.3188e-001 +2.4236e-001 -6.3344e-001
13529 0 +4.120013937e-002 +4.120013937e-002 -1.305687999e+002 -1.305687999e+002 +7.3191e-001 +2.4188e-001 -6.3257e-001
14187 0 +3.181877296e-002 +3.181877296e-002 -1.305781812e+002 -1.305781812e+002 +7.3179e-001 +2.4197e-001 -6.3278e-001
15307 0 +3.098639249e-002 +3.098639249e-002 -1.305790136e+002 -1.305790136e+002 +7.3195e-001 +2.4211e-001 -6.3297e-001
15805 0 +1.749013077e-002 +1.749013077e-002 -1.305925099e+002 -1.305925099e+002 +7.3188e-001 +2.4214e-001 -6.3302e-001
16215 0 +1.135423768e-002 +1.135423768e-002 -1.305986458e+002 -1.305986458e+002 +7.3188e-001 +2.4210e-001 -6.3295e-001
16659 0 +9.695705434e-003 +9.695705434e-003 -1.306003043e+002 -1.306003043e+002 +7.3184e-001 +2.4205e-001 -6.3286e-001
17232 0 +5.675393403e-003 +5.675393403e-003 -1.306043246e+002 -1.306043246e+002 +7.3186e-001 +2.4208e-001 -6.3292e-001
17433 0 +5.350003159e-003 +5.350003159e-003 -1.306046500e+002 -1.306046500e+002 +7.3185e-001 +2.4207e-001 -6.3291e-001
17499 0 +4.641820581e-003 +4.641820581e-003 -1.306053582e+002 -1.306053582e+002 +7.3183e-001 +2.4207e-001 -6.3291e-001
17544 0 +3.160973128e-003 +3.160973128e-003 -1.306068390e+002 -1.306068390e+002 +7.3184e-001 +2.4207e-001 -6.3291e-001
17672 0 +2.316541095e-003 +2.316541095e-003 -1.306076835e+002 -1.306076835e+002 +7.3184e-001 +2.4207e-001 -6.3291e-001
18165 0 +1.999856650e-003 +1.999856650e-003 -1.306080001e+002 -1.306080001e+002 +7.3184e-001 +2.4208e-001 -6.3292e-001
18338 0 +1.387766552e-003 +1.387766552e-003 -1.306086122e+002 -1.306086122e+002 +7.3184e-001 +2.4207e-001 -6.3291e-001
19174 0 +1.201258506e-003 +1.201258506e-003 -1.306087987e+002 -1.306087987e+002 +7.3184e-001 +2.4208e-001 -6.3292e-001
19581 0 +1.164688831e-003 +1.164688831e-003 -1.306088353e+002 -1.306088353e+002 +7.3184e-001 +2.4208e-001 -6.3291e-001
19970 0 +8.414794615e-004 +8.414794615e-004 -1.306091585e+002 -1.306091585e+002 +7.3184e-001 +2.4208e-001 -6.3292e-001
20500 0 +7.743142555e-004 +7.743142555e-004 -1.306092257e+002 -1.306092257e+002 +7.3184e-001 +2.4208e-001 -6.3292e-001
20565 0 +3.895714028e-004 +3.895714028e-004 -1.306096104e+002 -1.306096104e+002 +7.3184e-001 +2.4208e-001 -6.3292e-001
21112 0 +3.704784941e-004 +3.704784941e-004 -1.306096295e+002 -1.306096295e+002 +7.3184e-001 +2.4208e-001 -6.3292e-001
21243 0 +1.212664661e-004 +1.212664661e-004 -1.306098787e+002 -1.306098787e+002 +7.3184e-001 +2.4208e-001 -6.3292e-001
21736 0 +1.013838546e-004 +1.013838546e-004 -1.306098986e+002 -1.306098986e+002 +7.3184e-001 +2.4208e-001 -6.3292e-001
22538 0 +9.204593835e-005 +9.204593835e-005 -1.306099080e+002 -1.306099080e+002 +7.3184e-001 +2.4208e-001 -6.3292e-001
22729 0 +7.999740302e-005 +7.999740302e-005 -1.306099200e+002 -1.306099200e+002 +7.3184e-001 +2.4208e-001 -6.3292e-001
22885 0 +5.989932518e-005 +5.989932518e-005 -1.306099401e+002 -1.306099401e+002 +7.3184e-001 +2.4208e-001 -6.3292e-001
22981 0 +3.989702134e-005 +3.989702134e-005 -1.306099601e+002 -1.306099601e+002 +7.3184e-001 +2.4208e-001 -6.3292e-001
24003 0 +3.694249256e-005 +3.694249256e-005 -1.306099631e+002 -1.306099631e+002 +7.3184e-001 +2.4208e-001 -6.3292e-001
24356 0 +2.527809991e-005 +2.527809991e-005 -1.306099747e+002 -1.306099747e+002 +7.3184e-001 +2.4208e-001 -6.3292e-001
24867 0 +7.946535106e-006 +7.946535106e-006 -1.306099921e+002 -1.306099921e+002 +7.3184e-001 +2.4208e-001 -6.3292e-001
27005 0 +6.081000862e-006 +6.081000862e-006 -1.306099939e+002 -1.306099939e+002 +7.3184e-001 +2.4208e-001 -6.3292e-001
27022 0 +5.918302605e-006 +5.918302605e-006 -1.306099941e+002 -1.306099941e+002 +7.3184e-001 +2.4208e-001 -6.3292e-001
27704 0 +5.124239578e-006 +5.124239578e-006 -1.306099949e+002 -1.306099949e+002 +7.3184e-001 +2.4208e-001 -6.3292e-001
27769 0 +4.017005921e-006 +4.017005921e-006 -1.306099960e+002 -1.306099960e+002 +7.3184e-001 +2.4208e-001 -6.3292e-001
27834 0 +3.719252391e-006 +3.719252391e-006 -1.306099963e+002 -1.306099963e+002 +7.3184e-001 +2.4208e-001 -6.3292e-001
28033 0 +2.087119640e-006 +2.087119640e-006 -1.306099979e+002 -1.306099979e+002 +7.3184e-001 +2.4208e-001 -6.3292e-001
28564 0 +1.909505244e-006 +1.909505244e-006 -1.306099981e+002 -1.306099981e+002 +7.3184e-001 +2.4208e-001 -6.3292e-001
29056 0 +1.109819721e-006 +1.109819721e-006 -1.306099989e+002 -1.306099989e+002 +7.3184e-001 +2.4208e-001 -6.3292e-001
30164 0 +6.143476980e-007 +6.143476980e-007 -1.306099994e+002 -1.306099994e+002 +7.3184e-001 +2.4208e-001 -6.3292e-001
30272 0 +4.212748479e-007 +4.212748479e-007 -1.306099996e+002 -1.306099996e+002 +7.3184e-001 +2.4208e-001 -6.3292e-001
30515 0 +1.835562387e-007 +1.835562387e-007 -1.306099998e+002 -1.306099998e+002 +7.3184e-001 +2.4208e-001 -6.3292e-001
31677 0 +1.657046482e-007 +1.657046482e-007 -1.306099998e+002 -1.306099998e+002 +7.3184e-001 +2.4208e-001 -6.3292e-001
32190 0 +1.495592983e-007 +1.495592983e-007 -1.306099999e+002 -1.306099999e+002 +7.3184e-001 +2.4208e-001 -6.3292e-001
32342 0 +1.448603939e-007 +1.448603939e-007 -1.306099999e+002 -1.306099999e+002 +7.3184e-001 +2.4208e-001 -6.3292e-001
32569 0 +1.386280815e-007 +1.386280815e-007 -1.306099999e+002 -1.306099999e+002 +7.3184e-001 +2.4208e-001 -6.3292e-001
32618 0 +1.076047056e-007 +1.076047056e-007 -1.306099999e+002 -1.306099999e+002 +7.3184e-001 +2.4208e-001 -6.3292e-001
32640 0 +8.903268167e-008 +8.903268167e-008 -1.306099999e+002 -1.306099999e+002 +7.3184e-001 +2.4208e-001 -6.3292e-001
32867 0 +7.891713949e-008 +7.891713949e-008 -1.306099999e+002 -1.306099999e+002 +7.3184e-001 +2.4208e-001 -6.3292e-001
33205 0 +2.511316666e-008 +2.511316666e-008 -1.306100000e+002 -1.306100000e+002 +7.3184e-001 +2.4208e-001 -6.3292e-001
35050 0 +1.972651376e-008 +1.972651376e-008 -1.306100000e+002 -1.306100000e+002 +7.3184e-001 +2.4208e-001 -6.3292e-001
35263 0 +1.917720738e-008 +1.917720738e-008 -1.306100000e+002 -1.306100000e+002 +7.3184e-001 +2.4208e-001 -6.3292e-001
35672 0 +1.130942451e-008 +1.130942451e-008 -1.306100000e+002 -1.306100000e+002 +7.3184e-001 +2.4208e-001 -6.3292e-001
35848 0 +8.936495988e-009 +8.936495988e-009 -1.306100000e+002 -1.306100000e+002 +7.3184e-001 +2.4208e-001 -6.3292e-001
50683 0 +0.000000000e+000 +0.000000000e+000 -1.306100000e+002 -1.306100000e+002 +7.3184e-001 +2.4208e-001 -6.3292e-001
% f evaluations | g evaluations | best noise-free fitness - Fopt | noise-free fitness - Fopt (-2.231200000000e+002) | measured fitness | best measured fitness | x1 | x2...
1 0 +3.332085268e+001 +3.332085268e+001 -1.897991473e+002 -1.897991473e+002 -5.8862e-001 +1.8308e+000 -9.3646e-001
5 0 +1.901918732e+001 +1.901918732e+001 -2.041008127e+002 -2.041008127e+002 -1.5652e-001 -1.5929e+000 +1.8139e+000
7 0 +8.787381745e+000 +8.787381745e+000 -2.143326183e+002 -2.143326183e+002 +1.1705e+000 +1.1979e+000 -3.6002e-001
11 0 +8.183673175e+000 +8.183673175e+000 -2.149363268e+002 -2.149363268e+002 -8.3930e-001 -6.6746e-001 -1.6127e+000
41 0 +4.149260027e+000 +4.149260027e+000 -2.189707400e+002 -2.189707400e+002 -3.6472e-001 +5.4408e-001 +4.6197e-001
77 0 +2.846066604e+000 +2.846066604e+000 -2.202739334e+002 -2.202739334e+002 +1.5411e+000 -1.8650e-001 +1.3056e+000
173 0 +2.060998469e+000 +2.060998469e+000 -2.210590015e+002 -2.210590015e+002 -9.8381e-003 +1.2220e+000 +1.2715e+000
2192 0 +1.928381627e+000 +1.928381627e+000 -2.211916184e+002 -2.211916184e+002 -5.1677e-001 +1.4819e-001 -1.7660e+000
2463 0 +1.722915081e+000 +1.722915081e+000 -2.213970849e+002 -2.213970849e+002 +3.7464e-001 +4.9963e-001 -1.1148e+000
3877 0 +1.074123769e+000 +1.074123769e+000 -2.220458762e+002 -2.220458762e+002 -6.7567e-001 +7.0989e-002 -7.5105e-001
8051 0 +1.020822791e+000 +1.020822791e+000 -2.220991772e+002 -2.220991772e+002 -6.1162e-002 +6.3734e-001 -1.3159e+000
8777 0 +6.768163030e-001 +6.768163030e-001 -2.224431837e+002 -2.224431837e+002 -2.3516e-002 +2.8351e-001 -9.4021e-001
18935 0 +5.917330440e-001 +5.917330440e-001 -2.225282670e+002 -2.225282670e+002 -2.8158e-001 +4.0811e-001 -8.3350e-001
19063 0 +5.073840989e-001 +5.073840989e-001 -2.226126159e+002 -2.226126159e+002 -2.8247e-001 +4.1393e-001 -8.3674e-001
19530 0 +4.980648233e-001 +4.980648233e-001 -2.226219352e+002 -2.226219352e+002 -2.8125e-001 +4.0422e-001 -8.3329e-001
19607 0 +4.693129300e-001 +4.693129300e-001 -2.226506871e+002 -2.226506871e+002 -2.8209e-001 +4.1047e-001 -8.3498e-001
20014 0 +1.979994291e-001 +1.979994291e-001 -2.229220006e+002 -2.229220006e+002 -2.8313e-001 +4.1431e-001 -8.3742e-001
22253 0 +1.788504460e-001 +1.788504460e-001 -2.229411496e+002 -2.229411496e+002 -2.8342e-001 +4.1613e-001 -8.3805e-001
22659 0 +1.418886496e-001 +1.418886496e-001 -2.229781114e+002 -2.229781114e+002 -2.8399e-001 +4.1844e-001 -8.3940e-001
22848 0 +1.065682354e-001 +1.065682354e-001 -2.230134318e+002 -2.230134318e+002 -2.8435e-001 +4.2030e-001 -8.3983e-001
23827 0 +5.962566663e-002 +5.962566663e-002 -2.230603743e+002 -2.230603743e+002 -2.8435e-001 +4.2045e-001 -8.4005e-001
24499 0 +5.462252131e-002 +5.462252131e-002 -2.230653775e+002 -2.230653775e+002 -2.8441e-001 +4.2118e-001 -8.4017e-001
24531 0 +5.136310687e-002 +5.136310687e-002 -2.230686369e+002 -2.230686369e+002 -2.8435e-001 +4.2063e-001 -8.4002e-001
25433 0 +4.144131891e-002 +4.144131891e-002 -2.230785587e+002 -2.230785587e+002 -2.8445e-001 +4.2092e-001 -8.4023e-001
25462 0 +4.026799746e-002 +4.026799746e-002 -2.230797320e+002 -2.230797320e+002 -2.8443e-001 +4.2082e-001 -8.4014e-001
25604 0 +2.806999808e-002 +2.806999808e-002 -2.230919300e+002 -2.230919300e+002 -2.8448e-001 +4.2127e-001 -8.4024e-001
26560 0 +1.259089883e-002 +1.259089883e-002 -2.231074091e+002 -2.231074091e+002 -2.8450e-001 +4.2124e-001 -8.4027e-001
30311 0 +1.242574110e-002 +1.242574110e-002 -2.231075743e+002 -2.231075743e+002 -2.8448e-001 +4.2119e-001 -8.4025e-001
30321 0 +1.119717205e-002 +1.119717205e-002 -2.231088028e+002 -2.231088028e+002 -2.8449e-001 +4.2121e-001 -8.4026e-001
30703 0 +9.858207725e-003 +9.858207725e-003 -2.231101418e+002 -2.231101418e+002 -2.8450e-001 +4.2127e-001 -8.4028e-001
31465 0 +9.352201617e-003 +9.352201617e-003 -2.231106478e+002 -2.231106478e+002 -2.8450e-001 +4.2126e-001 -8.4028e-001
32528 0 +9.262155361e-003 +9.262155361e-003 -2.231107378e+002 -2.231107378e+002 -2.8451e-001 +4.2131e-001 -8.4030e-001
32537 0 +8.688665268e-003 +8.688665268e-003 -2.231113113e+002 -2.231113113e+002 -2.8451e-001 +4.2129e-001 -8.4030e-001
34256 0 +8.475372779e-003 +8.475372779e-003 -2.231115246e+002 -2.231115246e+002 -2.8451e-001 +4.2129e-001 -8.4030e-001
34409 0 +8.258522750e-003 +8.258522750e-003 -2.231117415e+002 -2.231117415e+002 -2.8450e-001 +4.2129e-001 -8.4029e-001
34919 0 +8.097892316e-003 +8.097892316e-003 -2.231119021e+002 -2.231119021e+002 -2.8450e-001 +4.2129e-001 -8.4029e-001
35208 0 +7.941511657e-003 +7.941511657e-003 -2.231120585e+002 -2.231120585e+002 -2.8450e-001 +4.2129e-001 -8.4029e-001
% f evaluations | g evaluations | best noise-free fitness - Fopt | noise-free fitness - Fopt (-4.443000000000e+001) | measured fitness | best measured fitness | x1 | x2...
1 0 +3.782729300e+001 +3.782729300e+001 -6.602707005e+000 -6.602707005e+000 -4.2604e-002 -7.8519e-002 -6.5390e-001
2 0 +6.174144646e+000 +6.174144646e+000 -3.825585535e+001 -3.825585535e+001 +4.2263e-001 +1.0975e+000 -1.9399e+000
19 0 +4.081984216e+000 +4.081984216e+000 -4.034801578e+001 -4.034801578e+001 +8.3252e-001 -9.8111e-001 +1.9354e-001
235 0 +3.527467508e+000 +3.527467508e+000 -4.090253249e+001 -4.090253249e+001 +2.2112e+000 +2.5510e-001 -9.1685e-001
275 0 +2.861590891e+000 +2.861590891e+000 -4.156840911e+001 -4.156840911e+001 -6.7743e-001 +1.0303e+000 -2.4319e-001
439 0 +2.714806635e+000 +2.714806635e+000 -4.171519337e+001 -4.171519337e+001 +1.5834e-001 -5.8832e-001 -1.5527e-002
718 0 +2.552909842e+000 +2.552909842e+000 -4.187709016e+001 -4.187709016e+001 -7.7223e-001 +8.2373e-002 +4.0269e-001
778 0 +2.475174051e+000 +2.475174051e+000 -4.195482595e+001 -4.195482595e+001 -4.5233e-001 +3.5779e-001 +1.8005e-001
826 0 +1.861059097e+000 +1.861059097e+000 -4.256894090e+001 -4.256894090e+001 +1.1751e-001 -1.6992e-001 +4.7884e-001
1958 0 +1.628473577e+000 +1.628473577e+000 -4.280152642e+001 -4.280152642e+001 +3.0864e-001 -2.7472e-001 +2.5436e-001
6073 0 +9.767973110e-001 +9.767973110e-001 -4.345320269e+001 -4.345320269e+001 +7.5886e-001 +1.9692e-002 -4.0738e-001
9836 0 +8.030936530e-001 +8.030936530e-001 -4.362690635e+001 -4.362690635e+001 +8.4006e-001 -5.1171e-001 -4.7273e-001
11267 0 +4.954741957e-001 +4.954741957e-001 -4.393452580e+001 -4.393452580e+001 +7.3180e-001 -3.3697e-001 -5.6750e-001
14644 0 +4.853789255e-001 +4.853789255e-001 -4.394462107e+001 -4.394462107e+001 +7.8764e-001 -4.2398e-001 -5.2048e-001
16403 0 +2.066576820e-001 +2.066576820e-001 -4.422334232e+001 -4.422334232e+001 +7.8459e-001 -4.2468e-001 -5.2013e-001
17528 0 +1.777536540e-001 +1.777536540e-001 -4.425224635e+001 -4.425224635e+001 +7.8748e-001 -4.2204e-001 -5.1944e-001
17687 0 +1.510631095e-001 +1.510631095e-001 -4.427893689e+001 -4.427893689e+001 +7.8749e-001 -4.2141e-001 -5.1899e-001
18143 0 +1.308072863e-001 +1.308072863e-001 -4.429919271e+001 -4.429919271e+001 +7.8466e-001 -4.2565e-001 -5.2046e-001
18810 0 +1.257315066e-001 +1.257315066e-001 -4.430426849e+001 -4.430426849e+001 +7.8533e-001 -4.2512e-001 -5.2050e-001
18882 0 +1.141056642e-001 +1.141056642e-001 -4.431589434e+001 -4.431589434e+001 +7.8451e-001 -4.2565e-001 -5.2039e-001
18892 0 +1.055001166e-001 +1.055001166e-001 -4.432449988e+001 -4.432449988e+001 +7.8568e-001 -4.2447e-001 -5.2020e-001
18998 0 +3.122915362e-002 +3.122915362e-002 -4.439877085e+001 -4.439877085e+001 +7.8486e-001 -4.2508e-001 -5.2029e-001
19878 0 +2.522967271e-002 +2.522967271e-002 -4.440477033e+001 -4.440477033e+001 +7.8522e-001 -4.2460e-001 -5.2010e-001
20644 0 +2.248325931e-002 +2.248325931e-002 -4.440751674e+001 -4.440751674e+001 +7.8482e-001 -4.2510e-001 -5.2027e-001
21351 0 +1.634660464e-002 +1.634660464e-002 -4.441365340e+001 -4.441365340e+001 +7.8509e-001 -4.2477e-001 -5.2018e-001
21721 0 +1.511234035e-002 +1.511234035e-002 -4.441488766e+001 -4.441488766e+001 +7.8515e-001 -4.2470e-001 -5.2015e-001
22230 0 +1.241845310e-002 +1.241845310e-002 -4.441758155e+001 -4.441758155e+001 +7.8520e-001 -4.2459e-001 -5.2011e-001
22590 0 +8.721050908e-003 +8.721050908e-003 -4.442127895e+001 -4.442127895e+001 +7.8508e-001 -4.2476e-001 -5.2017e-001
22632 0 +8.677860253e-003 +8.677860253e-003 -4.442132214e+001 -4.442132214e+001 +7.8511e-001 -4.2469e-001 -5.2013e-001
23299 0 +7.743722362e-003 +7.743722362e-003 -4.442225628e+001 -4.442225628e+001 +7.8514e-001 -4.2468e-001 -5.2014e-001
23491 0 +7.251719783e-003 +7.251719783e-003 -4.442274828e+001 -4.442274828e+001 +7.8510e-001 -4.2474e-001 -5.2016e-001
23532 0 +6.733897176e-003 +6.733897176e-003 -4.442326610e+001 -4.442326610e+001 +7.8516e-001 -4.2466e-001 -5.2014e-001
23876 0 +2.086152325e-003 +2.086152325e-003 -4.442791385e+001 -4.442791385e+001 +7.8511e-001 -4.2471e-001 -5.2014e-001
24712 0 +1.417872672e-003 +1.417872672e-003 -4.442858213e+001 -4.442858213e+001 +7.8511e-001 -4.2470e-001 -5.2014e-001
24795 0 +1.230761505e-003 +1.230761505e-003 -4.442876924e+001 -4.442876924e+001 +7.8512e-001 -4.2469e-001 -5.2014e-001
26503 0 +1.143834572e-003 +1.143834572e-003 -4.442885617e+001 -4.442885617e+001 +7.8512e-001 -4.2469e-001 -5.2014e-001
27005 0 +9.033021916e-004 +9.033021916e-004 -4.442909670e+001 -4.442909670e+001 +7.8512e-001 -4.2470e-001 -5.2014e-001
27050 0 +8.841553214e-004 +8.841553214e-004 -4.442911584e+001 -4.442911584e+001 +7.8512e-001 -4.2469e-001 -5.2014e-001
27450 0 +7.402931097e-004 +7.402931097e-004 -4.442925971e+001 -4.442925971e+001 +7.8512e-001 -4.2469e-001 -5.2014e-001
27571 0 +4.627238250e-004 +4.627238250e-004 -4.442953728e+001 -4.442953728e+001 +7.8512e-001 -4.2470e-001 -5.2014e-001
27678 0 +4.322519213e-004 +4.322519213e-004 -4.442956775e+001 -4.442956775e+001 +7.8512e-001 -4.2470e-001 -5.2014e-001
29011 0 +4.254948889e-004 +4.254948889e-004 -4.442957451e+001 -4.442957451e+001 +7.8512e-001 -4.2470e-001 -5.2014e-001
29045 0 +3.525684828e-004 +3.525684828e-004 -4.442964743e+001 -4.442964743e+001 +7.8512e-001 -4.2470e-001 -5.2014e-001
30570 0 +3.382489581e-004 +3.382489581e-004 -4.442966175e+001 -4.442966175e+001 +7.8512e-001 -4.2470e-001 -5.2014e-001
30855 0 +3.283477930e-004 +3.283477930e-004 -4.442967165e+001 -4.442967165e+001 +7.8512e-001 -4.2470e-001 -5.2014e-001
30977 0 +3.126270464e-004 +3.126270464e-004 -4.442968737e+001 -4.442968737e+001 +7.8512e-001 -4.2470e-001 -5.2014e-001
% f evaluations | g evaluations | best noise-free fitness - Fopt | noise-free fitness - Fopt (2.557800000000e+002) | measured fitness | best measured fitness | x1 | x2...
1 0 +4.112928484e+001 +4.112928484e+001 +2.969092848e+002 +2.969092848e+002 +3.1707e-001 +1.4708e+000 +5.0894e-001
2 0 +1.889999220e+001 +1.889999220e+001 +2.746799922e+002 +2.746799922e+002 -2.6663e+000 +2.2571e+000 +6.0488e-001
3 0 +9.364269376e+000 +9.364269376e+000 +2.651442694e+002 +2.651442694e+002 +1.0081e+000 -1.2208e-001 +4.2850e-001
13 0 +3.025788414e+000 +3.025788414e+000 +2.588057884e+002 +2.588057884e+002 +1.3421e+000 -2.1164e-001 -3.6121e-001
151 0 +2.614426449e+000 +2.614426449e+000 +2.583944264e+002 +2.583944264e+002 -4.4426e-001 -2.6112e-001 +5.8428e-001
190 0 +1.486056865e+000 +1.486056865e+000 +2.572660569e+002 +2.572660569e+002 +1.4876e+000 -1.7920e-001 -1.8149e+000
367 0 +7.136180767e-001 +7.136180767e-001 +2.564936181e+002 +2.564936181e+002 +5.7342e-002 +1.1640e+000 +5.6158e-001
25318 0 +6.874178684e-001 +6.874178684e-001 +2.564674179e+002 +2.564674179e+002 +6.5694e-001 -4.3999e-001 +2.3964e+000
25430 0 +4.369378652e-001 +4.369378652e-001 +2.562169379e+002 +2.562169379e+002 +6.6990e-001 -4.5082e-001 +2.3973e+000
25492 0 +3.798647373e-001 +3.798647373e-001 +2.561598647e+002 +2.561598647e+002 +6.6802e-001 -4.4860e-001 +2.3961e+000
25819 0 +3.697864043e-001 +3.697864043e-001 +2.561497864e+002 +2.561497864e+002 +6.7687e-001 -4.5527e-001 +2.3953e+000
26483 0 +2.935439099e-001 +2.935439099e-001 +2.560735439e+002 +2.560735439e+002 +6.7278e-001 -4.5229e-001 +2.3961e+000
26663 0 +2.747594560e-001 +2.747594560e-001 +2.560547595e+002 +2.560547595e+002 +6.7316e-001 -4.5314e-001 +2.3963e+000
26808 0 +1.324820736e-001 +1.324820736e-001 +2.559124821e+002 +2.559124821e+002 +6.7625e-001 -4.5513e-001 +2.3963e+000
28294 0 +1.255578816e-001 +1.255578816e-001 +2.559055579e+002 +2.559055579e+002 +6.7485e-001 -4.5449e-001 +2.3972e+000
29002 0 +9.306761186e-002 +9.306761186e-002 +2.558730676e+002 +2.558730676e+002 +6.7425e-001 -4.5384e-001 +2.3969e+000
29638 0 +7.289405618e-002 +7.289405618e-002 +2.558528941e+002 +2.558528941e+002 +6.7449e-001 -4.5404e-001 +2.3969e+000
30516 0 +6.265958694e-002 +6.265958694e-002 +2.558426596e+002 +2.558426596e+002 +6.7512e-001 -4.5454e-001 +2.3969e+000
30602 0 +6.063696254e-002 +6.063696254e-002 +2.558406370e+002 +2.558406370e+002 +6.7511e-001 -4.5455e-001 +2.3969e+000
33118 0 +5.412109921e-002 +5.412109921e-002 +2.558341211e+002 +2.558341211e+002 +6.7529e-001 -4.5469e-001 +2.3969e+000
33815 0 +5.071022505e-002 +5.071022505e-002 +2.558307102e+002 +2.558307102e+002 +6.7498e-001 -4.5444e-001 +2.3969e+000
34138 0 +4.695274002e-002 +4.695274002e-002 +2.558269527e+002 +2.558269527e+002 +6.7506e-001 -4.5450e-001 +2.3969e+000
34935 0 +4.456340159e-002 +4.456340159e-002 +2.558245634e+002 +2.558245634e+002 +6.7515e-001 -4.5457e-001 +2.3969e+000
% f evaluations | g evaluations | best noise-free fitness - Fopt | noise-free fitness - Fopt (1.000000000000e+003) | measured fitness | best measured fitness | x1 | x2...
1 0 +3.945124890e+001 +3.945124890e+001 +1.039451249e+003 +1.039451249e+003 +6.8090e-001 -1.4594e+000 -5.9522e-001
2 0 +7.271891499e+000 +7.271891499e+000 +1.007271891e+003 +1.007271891e+003 -9.3224e-001 -1.8235e+000 -7.4855e-001
11 0 +4.649812735e+000 +4.649812735e+000 +1.004649813e+003 +1.004649813e+003 +1.6936e-001 +7.2575e-001 +1.2254e-001
47 0 +1.527466248e+000 +1.527466248e+000 +1.001527466e+003 +1.001527466e+003 -1.8453e-001 -2.5662e-001 +5.8563e-001
960 0 +1.361767397e+000 +1.361767397e+000 +1.001361767e+003 +1.001361767e+003 -7.9965e-001 -6.1096e-001 -1.9963e-001
3505 0 +1.182655682e+000 +1.182655682e+000 +1.001182656e+003 +1.001182656e+003 -9.6260e-002 -6.3283e-001 +6.0324e-001
4494 0 +1.162679254e+000 +1.162679254e+000 +1.001162679e+003 +1.001162679e+003 -3.5538e-001 -6.3748e-001 +5.8745e-001
6610 0 +7.429767311e-001 +7.429767311e-001 +1.000742977e+003 +1.000742977e+003 -3.7375e-001 -4.6217e-001 +6.7372e-001
11038 0 +5.959737235e-001 +5.959737235e-001 +1.000595974e+003 +1.000595974e+003 -2.7181e-001 -4.5207e-001 +5.6516e-001
12813 0 +5.047977374e-001 +5.047977374e-001 +1.000504798e+003 +1.000504798e+003 -2.6932e-001 -4.5371e-001 +5.6280e-001
13413 0 +4.737474097e-001 +4.737474097e-001 +1.000473747e+003 +1.000473747e+003 -2.7047e-001 -4.5356e-001 +5.6076e-001
13776 0 +4.619038873e-001 +4.619038873e-001 +1.000461904e+003 +1.000461904e+003 -2.6971e-001 -4.5356e-001 +5.6308e-001
13805 0 +2.753278759e-001 +2.753278759e-001 +1.000275328e+003 +1.000275328e+003 -2.6995e-001 -4.5508e-001 +5.5723e-001
14285 0 +2.641794766e-001 +2.641794766e-001 +1.000264179e+003 +1.000264179e+003 -2.6932e-001 -4.5485e-001 +5.5853e-001
16951 0 +2.170227840e-001 +2.170227840e-001 +1.000217023e+003 +1.000217023e+003 -2.6976e-001 -4.5444e-001 +5.5934e-001
17273 0 +2.098118880e-001 +2.098118880e-001 +1.000209812e+003 +1.000209812e+003 -2.6976e-001 -4.5452e-001 +5.5911e-001
% f evaluations | g evaluations | best noise-free fitness - Fopt | noise-free fitness - Fopt (-1.869500000000e+002) | measured fitness | best measured fitness | x1 | x2...
1 0 +2.396489180e+001 +2.396489180e+001 -1.629851082e+002 -1.629851082e+002 -1.0630e+000 +1.7674e+000 +1.1413e+000
3 0 +1.279583551e+001 +1.279583551e+001 -1.741541645e+002 -1.741541645e+002 -5.8218e-001 +2.5398e-001 +8.0414e-001
12 0 +6.697320323e+000 +6.697320323e+000 -1.802526797e+002 -1.802526797e+002 -5.9177e-001 -5.9574e-001 +6.4716e-001
22 0 +4.684688688e+000 +4.684688688e+000 -1.822653113e+002 -1.822653113e+002 -4.8266e-001 +1.0325e+000 +2.4875e+000
182 0 +2.774928694e+000 +2.774928694e+000 -1.841750713e+002 -1.841750713e+002 -1.4299e+000 +8.1667e-001 +1.1661e+000
200 0 +2.680641436e+000 +2.680641436e+000 -1.842693586e+002 -1.842693586e+002 -2.5960e+000 +3.9977e-001 -1.8904e-001
384 0 +2.222676135e+000 +2.222676135e+000 -1.847273239e+002 -1.847273239e+002 +8.8399e-001 -4.3566e-001 +1.0367e+000
435 0 +2.157498281e+000 +2.157498281e+000 -1.847925017e+002 -1.847925017e+002 -1.3706e+000 -7.5167e-001 +2.0639e+000
723 0 +2.005887414e+000 +2.005887414e+000 -1.849441126e+002 -1.849441126e+002 -2.1162e+000 +1.1253e+000 +3.7032e-001
2969 0 +1.808793665e+000 +1.808793665e+000 -1.851412063e+002 -1.851412063e+002 -1.1351e+000 -1.1766e+000 +6.5850e-001
4034 0 +1.646778446e+000 +1.646778446e+000 -1.853032216e+002 -1.853032216e+002 -8.1818e-001 -1.2967e+000 +2.8701e+000
4351 0 +8.076931986e-001 +8.076931986e-001 -1.861423068e+002 -1.861423068e+002 -7.9848e-001 -7.9832e-001 +1.4705e+000
16710 0 +6.050199806e-001 +6.050199806e-001 -1.863449800e+002 -1.863449800e+002 -1.2612e+000 -1.0400e+000 +2.0150e+000
18313 0 +5.168936815e-001 +5.168936815e-001 -1.864331063e+002 -1.864331063e+002 -1.2646e+000 -1.0382e+000 +2.0136e+000
18416 0 +4.285254275e-001 +4.285254275e-001 -1.865214746e+002 -1.865214746e+002 -1.2599e+000 -1.0415e+000 +2.0174e+000
19473 0 +3.904427253e-001 +3.904427253e-001 -1.865595573e+002 -1.865595573e+002 -1.2610e+000 -1.0392e+000 +2.0170e+000
19553 0 +3.212987122e-001 +3.212987122e-001 -1.866287013e+002 -1.866287013e+002 -1.2597e+000 -1.0412e+000 +2.0172e+000
19779 0 +2.150229547e-001 +2.150229547e-001 -1.867349770e+002 -1.867349770e+002 -1.2577e+000 -1.0431e+000 +2.0185e+000
20353 0 +2.108954007e-001 +2.108954007e-001 -1.867391046e+002 -1.867391046e+002 -1.2588e+000 -1.0418e+000 +2.0174e+000
20436 0 +1.894309477e-001 +1.894309477e-001 -1.867605691e+002 -1.867605691e+002 -1.2587e+000 -1.0420e+000 +2.0174e+000
20615 0 +1.663362255e-001 +1.663362255e-001 -1.867836638e+002 -1.867836638e+002 -1.2580e+000 -1.0426e+000 +2.0181e+000
20800 0 +1.242059158e-001 +1.242059158e-001 -1.868257941e+002 -1.868257941e+002 -1.2575e+000 -1.0425e+000 +2.0183e+000
21290 0 +1.000473440e-001 +1.000473440e-001 -1.868499527e+002 -1.868499527e+002 -1.2569e+000 -1.0429e+000 +2.0183e+000
21601 0 +7.849683096e-002 +7.849683096e-002 -1.868715032e+002 -1.868715032e+002 -1.2572e+000 -1.0429e+000 +2.0184e+000
21774 0 +6.798871744e-002 +6.798871744e-002 -1.868820113e+002 -1.868820113e+002 -1.2569e+000 -1.0430e+000 +2.0184e+000
21781 0 +5.947940909e-002 +5.947940909e-002 -1.868905206e+002 -1.868905206e+002 -1.2569e+000 -1.0435e+000 +2.0188e+000
21846 0 +4.932590558e-002 +4.932590558e-002 -1.869006741e+002 -1.869006741e+002 -1.2568e+000 -1.0432e+000 +2.0186e+000
22903 0 +3.002766249e-002 +3.002766249e-002 -1.869199723e+002 -1.869199723e+002 -1.2570e+000 -1.0432e+000 +2.0186e+000
23488 0 +1.011505729e-002 +1.011505729e-002 -1.869398849e+002 -1.869398849e+002 -1.2568e+000 -1.0434e+000 +2.0187e+000
25454 0 +8.398168180e-003 +8.398168180e-003 -1.869416018e+002 -1.869416018e+002 -1.2568e+000 -1.0433e+000 +2.0186e+000
25725 0 +5.649395030e-003 +5.649395030e-003 -1.869443506e+002 -1.869443506e+002 -1.2568e+000 -1.0433e+000 +2.0187e+000
26544 0 +4.911834638e-003 +4.911834638e-003 -1.869450882e+002 -1.869450882e+002 -1.2568e+000 -1.0434e+000 +2.0187e+000
26645 0 +3.671746456e-003 +3.671746456e-003 -1.869463283e+002 -1.869463283e+002 -1.2568e+000 -1.0434e+000 +2.0187e+000
26914 0 +3.498403074e-003 +3.498403074e-003 -1.869465016e+002 -1.869465016e+002 -1.2568e+000 -1.0434e+000 +2.0187e+000
27185 0 +3.022396500e-003 +3.022396500e-003 -1.869469776e+002 -1.869469776e+002 -1.2568e+000 -1.0434e+000 +2.0187e+000
27758 0 +1.752645058e-003 +1.752645058e-003 -1.869482474e+002 -1.869482474e+002 -1.2568e+000 -1.0434e+000 +2.0187e+000
28200 0 +1.658098973e-003 +1.658098973e-003 -1.869483419e+002 -1.869483419e+002 -1.2568e+000 -1.0434e+000 +2.0187e+000
28678 0 +1.434692764e-003 +1.434692764e-003 -1.869485653e+002 -1.869485653e+002 -1.2568e+000 -1.0434e+000 +2.0187e+000
29030 0 +9.593936001e-004 +9.593936001e-004 -1.869490406e+002 -1.869490406e+002 -1.2568e+000 -1.0434e+000 +2.0187e+000
29599 0 +6.392196036e-004 +6.392196036e-004 -1.869493608e+002 -1.869493608e+002 -1.2568e+000 -1.0434e+000 +2.0187e+000
30264 0 +6.162759817e-004 +6.162759817e-004 -1.869493837e+002 -1.869493837e+002 -1.2568e+000 -1.0434e+000 +2.0187e+000
30285 0 +4.715672420e-004 +4.715672420e-004 -1.869495284e+002 -1.869495284e+002 -1.2568e+000 -1.0434e+000 +2.0187e+000
30658 0 +3.749013130e-004 +3.749013130e-004 -1.869496251e+002 -1.869496251e+002 -1.2568e+000 -1.0434e+000 +2.0187e+000
30708 0 +3.166988972e-004 +3.166988972e-004 -1.869496833e+002 -1.869496833e+002 -1.2568e+000 -1.0434e+000 +2.0187e+000
30949 0 +2.359062573e-004 +2.359062573e-004 -1.869497641e+002 -1.869497641e+002 -1.2568e+000 -1.0434e+000 +2.0187e+000
31097 0 +1.997094079e-004 +1.997094079e-004 -1.869498003e+002 -1.869498003e+002 -1.2568e+000 -1.0434e+000 +2.0187e+000
31939 0 +1.237488958e-004 +1.237488958e-004 -1.869498763e+002 -1.869498763e+002 -1.2568e+000 -1.0434e+000 +2.0187e+000
31960 0 +1.023954466e-004 +1.023954466e-004 -1.869498976e+002 -1.869498976e+002 -1.2568e+000 -1.0434e+000 +2.0187e+000
32316 0 +9.357978820e-005 +9.357978820e-005 -1.869499064e+002 -1.869499064e+002 -1.2568e+000 -1.0434e+000 +2.0187e+000
32590 0 +7.096111381e-005 +7.096111381e-005 -1.869499290e+002 -1.869499290e+002 -1.2568e+000 -1.0434e+000 +2.0187e+000
32809 0 +6.090203269e-005 +6.090203269e-005 -1.869499391e+002 -1.869499391e+002 -1.2568e+000 -1.0434e+000 +2.0187e+000
32853 0 +5.811873328e-005 +5.811873328e-005 -1.869499419e+002 -1.869499419e+002 -1.2568e+000 -1.0434e+000 +2.0187e+000
33164 0 +4.426234602e-005 +4.426234602e-005 -1.869499557e+002 -1.869499557e+002 -1.2568e+000 -1.0434e+000 +2.0187e+000
33961 0 +2.318499295e-005 +2.318499295e-005 -1.869499768e+002 -1.869499768e+002 -1.2568e+000 -1.0434e+000 +2.0187e+000
34099 0 +1.574084357e-005 +1.574084357e-005 -1.869499843e+002 -1.869499843e+002 -1.2568e+000 -1.0434e+000 +2.0187e+000
35084 0 +7.910886353e-006 +7.910886353e-006 -1.869499921e+002 -1.869499921e+002 -1.2568e+000 -1.0434e+000 +2.0187e+000
35643 0 +4.318894355e-006 +4.318894355e-006 -1.869499957e+002 -1.869499957e+002 -1.2568e+000 -1.0434e+000 +2.0187e+000
36852 0 +3.708572905e-006 +3.708572905e-006 -1.869499963e+002 -1.869499963e+002 -1.2568e+000 -1.0434e+000 +2.0187e+000
37621 0 +3.409171768e-006 +3.409171768e-006 -1.869499966e+002 -1.869499966e+002 -1.2568e+000 -1.0434e+000 +2.0187e+000
37820 0 +2.396904165e-006 +2.396904165e-006 -1.869499976e+002 -1.869499976e+002 -1.2568e+000 -1.0434e+000 +2.0187e+000
38037 0 +2.150484988e-006 +2.150484988e-006 -1.869499978e+002 -1.869499978e+002 -1.2568e+000 -1.0434e+000 +2.0187e+000
38947 0 +1.183609953e-006 +1.183609953e-006 -1.869499988e+002 -1.869499988e+002 -1.2568e+000 -1.0434e+000 +2.0187e+000
39065 0 +1.020103326e-006 +1.020103326e-006 -1.869499990e+002 -1.869499990e+002 -1.2568e+000 -1.0434e+000 +2.0187e+000
40019 0 +9.848711784e-007 +9.848711784e-007 -1.869499990e+002 -1.869499990e+002 -1.2568e+000 -1.0434e+000 +2.0187e+000
40078 0 +4.095018653e-007 +4.095018653e-007 -1.869499996e+002 -1.869499996e+002 -1.2568e+000 -1.0434e+000 +2.0187e+000
40492 0 +3.718199366e-007 +3.718199366e-007 -1.869499996e+002 -1.869499996e+002 -1.2568e+000 -1.0434e+000 +2.0187e+000
40793 0 +3.147330574e-007 +3.147330574e-007 -1.869499997e+002 -1.869499997e+002 -1.2568e+000 -1.0434e+000 +2.0187e+000
40992 0 +2.787118945e-007 +2.787118945e-007 -1.869499997e+002 -1.869499997e+002 -1.2568e+000 -1.0434e+000 +2.0187e+000
42071 0 +2.227390326e-007 +2.227390326e-007 -1.869499998e+002 -1.869499998e+002 -1.2568e+000 -1.0434e+000 +2.0187e+000
42365 0 +1.736062529e-007 +1.736062529e-007 -1.869499998e+002 -1.869499998e+002 -1.2568e+000 -1.0434e+000 +2.0187e+000
42964 0 +9.860761452e-008 +9.860761452e-008 -1.869499999e+002 -1.869499999e+002 -1.2568e+000 -1.0434e+000 +2.0187e+000
43011 0 +9.329261275e-008 +9.329261275e-008 -1.869499999e+002 -1.869499999e+002 -1.2568e+000 -1.0434e+000 +2.0187e+000
43523 0 +8.751831615e-008 +8.751831615e-008 -1.869499999e+002 -1.869499999e+002 -1.2568e+000 -1.0434e+000 +2.0187e+000
43719 0 +4.916822149e-008 +4.916822149e-008 -1.869500000e+002 -1.869500000e+002 -1.2568e+000 -1.0434e+000 +2.0187e+000
43785 0 +2.673462518e-008 +2.673462518e-008 -1.869500000e+002 -1.869500000e+002 -1.2568e+000 -1.0434e+000 +2.0187e+000
44242 0 +2.256115295e-008 +2.256115295e-008 -1.869500000e+002 -1.869500000e+002 -1.2568e+000 -1.0434e+000 +2.0187e+000
45559 0 +1.338148081e-008 +1.338148081e-008 -1.869500000e+002 -1.869500000e+002 -1.2568e+000 -1.0434e+000 +2.0187e+000
46391 0 +6.951552223e-009 +6.951552223e-009 -1.869500000e+002 -1.869500000e+002 -1.2568e+000 -1.0434e+000 +2.0187e+000
61706 0 +0.000000000e+000 +0.000000000e+000 -1.869500000e+002 -1.869500000e+002 -1.2568e+000 -1.0434e+000 +2.0187e+000
% f evaluations | g evaluations | best noise-free fitness - Fopt | noise-free fitness - Fopt (5.859500000000e+002) | measured fitness | best measured fitness | x1 | x2...
1 0 +3.290747700e+001 +3.290747700e+001 +6.188574770e+002 +6.188574770e+002 +1.6992e-001 -8.6383e-002 -8.8466e-001
3 0 +1.829534283e+001 +1.829534283e+001 +6.042453428e+002 +6.042453428e+002 -9.9658e-002 +2.6080e-001 +2.1564e-001
6 0 +1.374717374e+001 +1.374717374e+001 +5.996971737e+002 +5.996971737e+002 +5.6532e-001 +5.7376e-002 -8.3758e-001
25 0 +5.421829488e+000 +5.421829488e+000 +5.913718295e+002 +5.913718295e+002 -1.0999e+000 -6.6237e-001 -1.3249e+000
31 0 +5.076622288e+000 +5.076622288e+000 +5.910266223e+002 +5.910266223e+002 +1.7768e+000 -3.3246e-001 -6.5796e-001
144 0 +1.530124422e+000 +1.530124422e+000 +5.874801244e+002 +5.874801244e+002 -2.4012e-001 -7.0126e-001 -1.0322e+000
193 0 +1.250984099e+000 +1.250984099e+000 +5.872009841e+002 +5.872009841e+002 +3.5953e+000 -1.4166e+000 +1.1713e+000
358 0 +6.996629509e-001 +6.996629509e-001 +5.866496630e+002 +5.866496630e+002 -9.1481e-001 +2.6651e+000 -1.5165e+000
11530 0 +5.867915007e-001 +5.867915007e-001 +5.865367915e+002 +5.865367915e+002 +1.6318e+000 -1.1788e+000 -1.9080e+000
13002 0 +4.431757287e-001 +4.431757287e-001 +5.863931757e+002 +5.863931757e+002 +1.6202e+000 -1.1728e+000 -1.9121e+000
13091 0 +3.462957844e-001 +3.462957844e-001 +5.862962958e+002 +5.862962958e+002 +1.6228e+000 -1.1734e+000 -1.9109e+000
13187 0 +3.140358385e-001 +3.140358385e-001 +5.862640358e+002 +5.862640358e+002 +1.6264e+000 -1.1759e+000 -1.9080e+000
14300 0 +2.507107308e-001 +2.507107308e-001 +5.862007107e+002 +5.862007107e+002 +1.6220e+000 -1.1733e+000 -1.9113e+000
15042 0 +1.492679257e-001 +1.492679257e-001 +5.860992679e+002 +5.860992679e+002 +1.6243e+000 -1.1745e+000 -1.9102e+000
17464 0 +1.424402876e-001 +1.424402876e-001 +5.860924403e+002 +5.860924403e+002 +1.6255e+000 -1.1751e+000 -1.9096e+000
17545 0 +1.209008518e-001 +1.209008518e-001 +5.860709009e+002 +5.860709009e+002 +1.6266e+000 -1.1757e+000 -1.9091e+000
17619 0 +1.183748928e-001 +1.183748928e-001 +5.860683749e+002 +5.860683749e+002 +1.6269e+000 -1.1758e+000 -1.9089e+000
17965 0 +1.137841786e-001 +1.137841786e-001 +5.860637842e+002 +5.860637842e+002 +1.6278e+000 -1.1762e+000 -1.9086e+000
18157 0 +8.295776770e-002 +8.295776770e-002 +5.860329578e+002 +5.860329578e+002 +1.6281e+000 -1.1764e+000 -1.9085e+000
18723 0 +5.156919992e-002 +5.156919992e-002 +5.860015692e+002 +5.860015692e+002 +1.6286e+000 -1.1767e+000 -1.9081e+000
20249 0 +4.789632923e-002 +4.789632923e-002 +5.859978963e+002 +5.859978963e+002 +1.6285e+000 -1.1766e+000 -1.9082e+000
20583 0 +3.639246279e-002 +3.639246279e-002 +5.859863925e+002 +5.859863925e+002 +1.6287e+000 -1.1767e+000 -1.9082e+000
21542 0 +3.629835171e-002 +3.629835171e-002 +5.859862984e+002 +5.859862984e+002 +1.6288e+000 -1.1768e+000 -1.9081e+000
21870 0 +3.491688478e-002 +3.491688478e-002 +5.859849169e+002 +5.859849169e+002 +1.6287e+000 -1.1767e+000 -1.9081e+000
22395 0 +3.415027377e-002 +3.415027377e-002 +5.859841503e+002 +5.859841503e+002 +1.6288e+000 -1.1768e+000 -1.9081e+000
22510 0 +3.085188163e-002 +3.085188163e-002 +5.859808519e+002 +5.859808519e+002 +1.6288e+000 -1.1768e+000 -1.9081e+000
24892 0 +2.922190306e-002 +2.922190306e-002 +5.859792219e+002 +5.859792219e+002 +1.6288e+000 -1.1768e+000 -1.9081e+000
25908 0 +2.807856744e-002 +2.807856744e-002 +5.859780786e+002 +5.859780786e+002 +1.6289e+000 -1.1768e+000 -1.9081e+000
27426 0 +2.751643925e-002 +2.751643925e-002 +5.859775164e+002 +5.859775164e+002 +1.6288e+000 -1.1768e+000 -1.9081e+000
28598 0 +2.691042483e-002 +2.691042483e-002 +5.859769104e+002 +5.859769104e+002 +1.6288e+000 -1.1768e+000 -1.9081e+000
% f evaluations | g evaluations | best noise-free fitness - Fopt | noise-free fitness - Fopt (2.871600000000e+002) | measured fitness | best measured fitness | x1 | x2...
1 0 +3.539726081e+001 +3.539726081e+001 +3.225572608e+002 +3.225572608e+002 -9.9476e-002 -1.3988e+000 +5.9744e-001
2 0 +1.144692683e+001 +1.144692683e+001 +2.986069268e+002 +2.986069268e+002 -5.8439e-002 +1.0061e+000 +7.3367e-001
7 0 +3.858994835e+000 +3.858994835e+000 +2.910189948e+002 +2.910189948e+002 -1.0671e+000 +7.4943e-001 -2.4758e-002
9 0 +3.160072291e+000 +3.160072291e+000 +2.903200723e+002 +2.903200723e+002 -1.4760e+000 -4.1476e-002 -1.8453e+000
38 0 +1.388205495e+000 +1.388205495e+000 +2.885482055e+002 +2.885482055e+002 -4.8271e-002 -1.7982e+000 -4.9144e-001
53 0 +4.367975900e-001 +4.367975900e-001 +2.875967976e+002 +2.875967976e+002 -5.6154e-001 +1.0774e+000 +1.6060e-001
20195 0 +3.921402061e-001 +3.921402061e-001 +2.875521402e+002 +2.875521402e+002 -1.1634e-001 +1.0051e-001 -3.3913e-001
21257 0 +3.851304253e-001 +3.851304253e-001 +2.875451304e+002 +2.875451304e+002 -1.1489e-001 +1.0083e-001 -3.3944e-001
21529 0 +3.429183528e-001 +3.429183528e-001 +2.875029184e+002 +2.875029184e+002 -1.1122e-001 +1.0697e-001 -3.5391e-001
21587 0 +2.862639255e-001 +2.862639255e-001 +2.874462639e+002 +2.874462639e+002 -1.1351e-001 +1.0324e-001 -3.4455e-001
21702 0 +2.568498517e-001 +2.568498517e-001 +2.874168499e+002 +2.874168499e+002 -1.1327e-001 +1.0338e-001 -3.4634e-001
21706 0 +2.265401309e-001 +2.265401309e-001 +2.873865401e+002 +2.873865401e+002 -1.1302e-001 +1.0329e-001 -3.4482e-001
21983 0 +1.325591287e-001 +1.325591287e-001 +2.872925591e+002 +2.872925591e+002 -1.1435e-001 +1.0270e-001 -3.4425e-001
22623 0 +1.064767563e-001 +1.064767563e-001 +2.872664768e+002 +2.872664768e+002 -1.1368e-001 +1.0298e-001 -3.4455e-001
23157 0 +9.288456665e-002 +9.288456665e-002 +2.872528846e+002 +2.872528846e+002 -1.1417e-001 +1.0242e-001 -3.4362e-001
23273 0 +8.656083185e-002 +8.656083185e-002 +2.872465608e+002 +2.872465608e+002 -1.1393e-001 +1.0311e-001 -3.4508e-001
23312 0 +3.371648367e-002 +3.371648367e-002 +2.871937165e+002 +2.871937165e+002 -1.1373e-001 +1.0306e-001 -3.4502e-001
23527 0 +3.194873761e-002 +3.194873761e-002 +2.871919487e+002 +2.871919487e+002 -1.1397e-001 +1.0292e-001 -3.4480e-001
24511 0 +1.860084858e-002 +1.860084858e-002 +2.871786008e+002 +2.871786008e+002 -1.1395e-001 +1.0290e-001 -3.4481e-001
24512 0 +1.582505060e-002 +1.582505060e-002 +2.871758251e+002 +2.871758251e+002 -1.1394e-001 +1.0286e-001 -3.4469e-001
26120 0 +1.147836015e-002 +1.147836015e-002 +2.871714784e+002 +2.871714784e+002 -1.1391e-001 +1.0292e-001 -3.4483e-001
28515 0 +9.531866884e-003 +9.531866884e-003 +2.871695319e+002 +2.871695319e+002 -1.1392e-001 +1.0291e-001 -3.4480e-001
28652 0 +7.468600501e-003 +7.468600501e-003 +2.871674686e+002 +2.871674686e+002 -1.1389e-001 +1.0295e-001 -3.4488e-001
29612 0 +6.646404739e-003 +6.646404739e-003 +2.871666464e+002 +2.871666464e+002 -1.1389e-001 +1.0294e-001 -3.4487e-001
29959 0 +5.107754485e-003 +5.107754485e-003 +2.871651078e+002 +2.871651078e+002 -1.1389e-001 +1.0294e-001 -3.4486e-001
30632 0 +4.572331476e-003 +4.572331476e-003 +2.871645723e+002 +2.871645723e+002 -1.1389e-001 +1.0294e-001 -3.4487e-001
30714 0 +4.349241849e-003 +4.349241849e-003 +2.871643492e+002 +2.871643492e+002 -1.1389e-001 +1.0294e-001 -3.4486e-001
31210 0 +3.786242594e-003 +3.786242594e-003 +2.871637862e+002 +2.871637862e+002 -1.1389e-001 +1.0295e-001 -3.4488e-001
31454 0 +3.495871997e-003 +3.495871997e-003 +2.871634959e+002 +2.871634959e+002 -1.1389e-001 +1.0294e-001 -3.4487e-001
31628 0 +3.381979192e-003 +3.381979192e-003 +2.871633820e+002 +2.871633820e+002 -1.1389e-001 +1.0295e-001 -3.4488e-001
32264 0 +3.046642091e-003 +3.046642091e-003 +2.871630466e+002 +2.871630466e+002 -1.1388e-001 +1.0296e-001 -3.4490e-001
32729 0 +2.429691635e-003 +2.429691635e-003 +2.871624297e+002 +2.871624297e+002 -1.1387e-001 +1.0296e-001 -3.4491e-001
33189 0 +2.103891857e-003 +2.103891857e-003 +2.871621039e+002 +2.871621039e+002 -1.1388e-001 +1.0296e-001 -3.4490e-001
33259 0 +1.950457356e-003 +1.950457356e-003 +2.871619505e+002 +2.871619505e+002 -1.1388e-001 +1.0296e-001 -3.4490e-001
33644 0 +1.812199151e-003 +1.812199151e-003 +2.871618122e+002 +2.871618122e+002 -1.1388e-001 +1.0296e-001 -3.4490e-001
33875 0 +1.614299785e-003 +1.614299785e-003 +2.871616143e+002 +2.871616143e+002 -1.1388e-001 +1.0296e-001 -3.4491e-001
34338 0 +1.465591593e-003 +1.465591593e-003 +2.871614656e+002 +2.871614656e+002 -1.1388e-001 +1.0296e-001 -3.4490e-001
34503 0 +1.380282302e-003 +1.380282302e-003 +2.871613803e+002 +2.871613803e+002 -1.1388e-001 +1.0296e-001 -3.4491e-001
34743 0 +1.309638908e-003 +1.309638908e-003 +2.871613096e+002 +2.871613096e+002 -1.1388e-001 +1.0296e-001 -3.4491e-001
35190 0 +1.191912142e-003 +1.191912142e-003 +2.871611919e+002 +2.871611919e+002 -1.1388e-001 +1.0296e-001 -3.4491e-001
35217 0 +1.155308602e-003 +1.155308602e-003 +2.871611553e+002 +2.871611553e+002 -1.1388e-001 +1.0296e-001 -3.4491e-001
35449 0 +9.936790780e-004 +9.936790780e-004 +2.871609937e+002 +2.871609937e+002 -1.1388e-001 +1.0296e-001 -3.4491e-001
35935 0 +9.450951964e-004 +9.450951964e-004 +2.871609451e+002 +2.871609451e+002 -1.1388e-001 +1.0296e-001 -3.4491e-001
36409 0 +8.639992420e-004 +8.639992420e-004 +2.871608640e+002 +2.871608640e+002 -1.1388e-001 +1.0296e-001 -3.4491e-001
36537 0 +8.507557873e-004 +8.507557873e-004 +2.871608508e+002 +2.871608508e+002 -1.1388e-001 +1.0296e-001 -3.4491e-001
36611 0 +7.774019894e-004 +7.774019894e-004 +2.871607774e+002 +2.871607774e+002 -1.1387e-001 +1.0296e-001 -3.4492e-001
36952 0 +7.200429198e-004 +7.200429198e-004 +2.871607200e+002 +2.871607200e+002 -1.1388e-001 +1.0296e-001 -3.4492e-001
37433 0 +7.063093752e-004 +7.063093752e-004 +2.871607063e+002 +2.871607063e+002 -1.1388e-001 +1.0296e-001 -3.4492e-001
37830 0 +6.628702001e-004 +6.628702001e-004 +2.871606629e+002 +2.871606629e+002 -1.1387e-001 +1.0296e-001 -3.4492e-001
37984 0 +6.428414332e-004 +6.428414332e-004 +2.871606428e+002 +2.871606428e+002 -1.1387e-001 +1.0296e-001 -3.4492e-001
38243 0 +5.833541385e-004 +5.833541385e-004 +2.871605834e+002 +2.871605834e+002 -1.1387e-001 +1.0296e-001 -3.4492e-001
38277 0 +5.208731822e-004 +5.208731822e-004 +2.871605209e+002 +2.871605209e+002 -1.1387e-001 +1.0296e-001 -3.4492e-001
39760 0 +4.902977420e-004 +4.902977420e-004 +2.871604903e+002 +2.871604903e+002 -1.1387e-001 +1.0296e-001 -3.4492e-001
41824 0 +4.869958379e-004 +4.869958379e-004 +2.871604870e+002 +2.871604870e+002 -1.1387e-001 +1.0296e-001 -3.4492e-001
43283 0 +4.761908648e-004 +4.761908648e-004 +2.871604762e+002 +2.871604762e+002 -1.1387e-001 +1.0296e-001 -3.4492e-001
46533 0 +4.674377901e-004 +4.674377901e-004 +2.871604674e+002 +2.871604674e+002 -1.1387e-001 +1.0296e-001 -3.4492e-001
% f evaluations | g evaluations | best noise-free fitness - Fopt | noise-free fitness - Fopt (-3.943800000000e+002) | measured fitness | best measured fitness | x1 | x2...
1 0 +2.097701806e+001 +2.097701806e+001 -3.734029819e+002 -3.734029819e+002 -6.1394e-001 +1.4305e+000 +5.2398e-001
7 0 +1.640559019e+001 +1.640559019e+001 -3.779744098e+002 -3.779744098e+002 +8.7758e-001 +5.9499e-001 -6.7354e-001
9 0 +7.309155617e+000 +7.309155617e+000 -3.870708444e+002 -3.870708444e+002 -6.0241e-001 +5.2020e-001 +1.9375e+000
15 0 +5.302857005e+000 +5.302857005e+000 -3.890771430e+002 -3.890771430e+002 -2.4928e-001 -1.9672e+000 +1.3101e+000
64 0 +5.120074337e+000 +5.120074337e+000 -3.892599257e+002 -3.892599257e+002 -2.0672e+000 -1.5010e+000 -1.7519e+000
166 0 +2.614098633e+000 +2.614098633e+000 -3.917659014e+002 -3.917659014e+002 -3.9850e-001 +6.7400e-002 +6.5130e-002
815 0 +2.308735039e+000 +2.308735039e+000 -3.920712650e+002 -3.920712650e+002 +5.1664e-001 +6.3476e-002 -2.3629e-001
1152 0 +1.572270220e+000 +1.572270220e+000 -3.928077298e+002 -3.928077298e+002 -5.1486e-001 +9.3967e-001 -1.4620e-001
1467 0 +6.269089921e-001 +6.269089921e-001 -3.937530910e+002 -3.937530910e+002 -3.1763e-001 +1.1185e+000 -1.3164e+000
12979 0 +5.283819271e-001 +5.283819271e-001 -3.938516181e+002 -3.938516181e+002 -9.9434e-001 +9.5738e-001 +2.4811e-001
13091 0 +4.732152889e-001 +4.732152889e-001 -3.939067847e+002 -3.939067847e+002 -9.9754e-001 +9.5709e-001 +2.5183e-001
13702 0 +3.273425223e-001 +3.273425223e-001 -3.940526575e+002 -3.940526575e+002 -9.9685e-001 +9.5593e-001 +2.5072e-001
13844 0 +3.131927927e-001 +3.131927927e-001 -3.940668072e+002 -3.940668072e+002 -9.9697e-001 +9.5759e-001 +2.4903e-001
13899 0 +2.236258556e-001 +2.236258556e-001 -3.941563741e+002 -3.941563741e+002 -9.9776e-001 +9.5687e-001 +2.5119e-001
14252 0 +2.034199988e-001 +2.034199988e-001 -3.941765800e+002 -3.941765800e+002 -9.9696e-001 +9.5709e-001 +2.4948e-001
14608 0 +1.989832512e-001 +1.989832512e-001 -3.941810167e+002 -3.941810167e+002 -9.9748e-001 +9.5701e-001 +2.4978e-001
14831 0 +1.249046341e-001 +1.249046341e-001 -3.942550954e+002 -3.942550954e+002 -9.9809e-001 +9.5658e-001 +2.5079e-001
14946 0 +1.089598198e-001 +1.089598198e-001 -3.942710402e+002 -3.942710402e+002 -9.9810e-001 +9.5648e-001 +2.5126e-001
15545 0 +9.823012313e-002 +9.823012313e-002 -3.942817699e+002 -3.942817699e+002 -9.9759e-001 +9.5649e-001 +2.5080e-001
15707 0 +7.820761424e-002 +7.820761424e-002 -3.943017924e+002 -3.943017924e+002 -9.9767e-001 +9.5639e-001 +2.5101e-001
16210 0 +7.535070340e-002 +7.535070340e-002 -3.943046493e+002 -3.943046493e+002 -9.9849e-001 +9.5567e-001 +2.5245e-001
16253 0 +5.256118767e-002 +5.256118767e-002 -3.943274388e+002 -3.943274388e+002 -9.9799e-001 +9.5591e-001 +2.5194e-001
16605 0 +3.137973256e-002 +3.137973256e-002 -3.943486203e+002 -3.943486203e+002 -9.9797e-001 +9.5603e-001 +2.5164e-001
17628 0 +2.906143246e-002 +2.906143246e-002 -3.943509386e+002 -3.943509386e+002 -9.9818e-001 +9.5602e-001 +2.5179e-001
17773 0 +1.590254625e-002 +1.590254625e-002 -3.943640975e+002 -3.943640975e+002 -9.9802e-001 +9.5604e-001 +2.5168e-001
18901 0 +1.270678133e-002 +1.270678133e-002 -3.943672932e+002 -3.943672932e+002 -9.9809e-001 +9.5598e-001 +2.5176e-001
19096 0 +6.428659243e-003 +6.428659243e-003 -3.943735713e+002 -3.943735713e+002 -9.9810e-001 +9.5600e-001 +2.5176e-001
19792 0 +5.591634180e-003 +5.591634180e-003 -3.943744084e+002 -3.943744084e+002 -9.9808e-001 +9.5604e-001 +2.5172e-001
20109 0 +3.542587013e-003 +3.542587013e-003 -3.943764574e+002 -3.943764574e+002 -9.9808e-001 +9.5602e-001 +2.5174e-001
20446 0 +2.266898537e-003 +2.266898537e-003 -3.943777331e+002 -3.943777331e+002 -9.9808e-001 +9.5602e-001 +2.5173e-001
21953 0 +1.547234479e-003 +1.547234479e-003 -3.943784528e+002 -3.943784528e+002 -9.9808e-001 +9.5603e-001 +2.5173e-001
22011 0 +1.119438447e-003 +1.119438447e-003 -3.943788806e+002 -3.943788806e+002 -9.9809e-001 +9.5602e-001 +2.5174e-001
22406 0 +9.056832293e-004 +9.056832293e-004 -3.943790943e+002 -3.943790943e+002 -9.9809e-001 +9.5602e-001 +2.5174e-001
22621 0 +8.299542760e-004 +8.299542760e-004 -3.943791700e+002 -3.943791700e+002 -9.9809e-001 +9.5602e-001 +2.5174e-001
22727 0 +4.298079119e-004 +4.298079119e-004 -3.943795702e+002 -3.943795702e+002 -9.9809e-001 +9.5602e-001 +2.5174e-001
23944 0 +3.908926832e-004 +3.908926832e-004 -3.943796091e+002 -3.943796091e+002 -9.9809e-001 +9.5602e-001 +2.5174e-001
24024 0 +2.373622677e-004 +2.373622677e-004 -3.943797626e+002 -3.943797626e+002 -9.9809e-001 +9.5602e-001 +2.5174e-001
24901 0 +2.280144755e-004 +2.280144755e-004 -3.943797720e+002 -3.943797720e+002 -9.9809e-001 +9.5602e-001 +2.5174e-001
25307 0 +2.069747266e-004 +2.069747266e-004 -3.943797930e+002 -3.943797930e+002 -9.9809e-001 +9.5602e-001 +2.5174e-001
25813 0 +7.829940176e-005 +7.829940176e-005 -3.943799217e+002 -3.943799217e+002 -9.9809e-001 +9.5602e-001 +2.5174e-001
26290 0 +6.991261421e-005 +6.991261421e-005 -3.943799301e+002 -3.943799301e+002 -9.9809e-001 +9.5602e-001 +2.5174e-001
27568 0 +6.039879332e-005 +6.039879332e-005 -3.943799396e+002 -3.943799396e+002 -9.9809e-001 +9.5602e-001 +2.5174e-001
27574 0 +5.884277886e-005 +5.884277886e-005 -3.943799412e+002 -3.943799412e+002 -9.9809e-001 +9.5602e-001 +2.5174e-001
27657 0 +4.488962770e-005 +4.488962770e-005 -3.943799551e+002 -3.943799551e+002 -9.9809e-001 +9.5602e-001 +2.5174e-001
27980 0 +4.430769030e-005 +4.430769030e-005 -3.943799557e+002 -3.943799557e+002 -9.9809e-001 +9.5602e-001 +2.5174e-001
28089 0 +3.668077068e-005 +3.668077068e-005 -3.943799633e+002 -3.943799633e+002 -9.9809e-001 +9.5602e-001 +2.5174e-001
28350 0 +2.468360975e-005 +2.468360975e-005 -3.943799753e+002 -3.943799753e+002 -9.9809e-001 +9.5602e-001 +2.5174e-001
28544 0 +1.502552948e-005 +1.502552948e-005 -3.943799850e+002 -3.943799850e+002 -9.9809e-001 +9.5602e-001 +2.5174e-001
29014 0 +1.161542389e-005 +1.161542389e-005 -3.943799884e+002 -3.943799884e+002 -9.9809e-001 +9.5602e-001 +2.5174e-001
29808 0 +9.658217095e-006 +9.658217095e-006 -3.943799903e+002 -3.943799903e+002 -9.9809e-001 +9.5602e-001 +2.5174e-001
29904 0 +8.795607187e-006 +8.795607187e-006 -3.943799912e+002 -3.943799912e+002 -9.9809e-001 +9.5602e-001 +2.5174e-001
30058 0 +6.645569727e-006 +6.645569727e-006 -3.943799934e+002 -3.943799934e+002 -9.9809e-001 +9.5602e-001 +2.5174e-001
30468 0 +6.360816087e-006 +6.360816087e-006 -3.943799936e+002 -3.943799936e+002 -9.9809e-001 +9.5602e-001 +2.5174e-001
30470 0 +4.445369143e-006 +4.445369143e-006 -3.943799956e+002 -3.943799956e+002 -9.9809e-001 +9.5602e-001 +2.5174e-001
30989 0 +2.900939421e-006 +2.900939421e-006 -3.943799971e+002 -3.943799971e+002 -9.9809e-001 +9.5602e-001 +2.5174e-001
32106 0 +1.733007480e-006 +1.733007480e-006 -3.943799983e+002 -3.943799983e+002 -9.9809e-001 +9.5602e-001 +2.5174e-001
32179 0 +8.700821468e-007 +8.700821468e-007 -3.943799991e+002 -3.943799991e+002 -9.9809e-001 +9.5602e-001 +2.5174e-001
33460 0 +6.667817729e-007 +6.667817729e-007 -3.943799993e+002 -3.943799993e+002 -9.9809e-001 +9.5602e-001 +2.5174e-001
33537 0 +2.509145816e-007 +2.509145816e-007 -3.943799997e+002 -3.943799997e+002 -9.9809e-001 +9.5602e-001 +2.5174e-001
35984 0 +1.566255037e-007 +1.566255037e-007 -3.943799998e+002 -3.943799998e+002 -9.9809e-001 +9.5602e-001 +2.5174e-001
35996 0 +7.201941798e-008 +7.201941798e-008 -3.943799999e+002 -3.943799999e+002 -9.9809e-001 +9.5602e-001 +2.5174e-001
36359 0 +7.074174846e-008 +7.074174846e-008 -3.943799999e+002 -3.943799999e+002 -9.9809e-001 +9.5602e-001 +2.5174e-001
37284 0 +6.807937325e-008 +6.807937325e-008 -3.943799999e+002 -3.943799999e+002 -9.9809e-001 +9.5602e-001 +2.5174e-001
37571 0 +4.979091273e-008 +4.979091273e-008 -3.943800000e+002 -3.943800000e+002 -9.9809e-001 +9.5602e-001 +2.5174e-001
38042 0 +4.151758048e-008 +4.151758048e-008 -3.943800000e+002 -3.943800000e+002 -9.9809e-001 +9.5602e-001 +2.5174e-001
38410 0 +3.916795777e-008 +3.916795777e-008 -3.943800000e+002 -3.943800000e+002 -9.9809e-001 +9.5602e-001 +2.5174e-001
38454 0 +3.535888027e-008 +3.535888027e-008 -3.943800000e+002 -3.943800000e+002 -9.9809e-001 +9.5602e-001 +2.5174e-001
38626 0 +3.231639312e-008 +3.231639312e-008 -3.943800000e+002 -3.943800000e+002 -9.9809e-001 +9.5602e-001 +2.5174e-001
38631 0 +3.077911970e-008 +3.077911970e-008 -3.943800000e+002 -3.943800000e+002 -9.9809e-001 +9.5602e-001 +2.5174e-001
38751 0 +2.974411473e-008 +2.974411473e-008 -3.943800000e+002 -3.943800000e+002 -9.9809e-001 +9.5602e-001 +2.5174e-001
38988 0 +1.364293212e-008 +1.364293212e-008 -3.943800000e+002 -3.943800000e+002 -9.9809e-001 +9.5602e-001 +2.5174e-001
39241 0 +1.104183411e-008 +1.104183411e-008 -3.943800000e+002 -3.943800000e+002 -9.9809e-001 +9.5602e-001 +2.5174e-001
39271 0 +1.029735586e-008 +1.029735586e-008 -3.943800000e+002 -3.943800000e+002 -9.9809e-001 +9.5602e-001 +2.5174e-001
39407 0 +9.706980109e-009 +9.706980109e-009 -3.943800000e+002 -3.943800000e+002 -9.9809e-001 +9.5602e-001 +2.5174e-001
52251 0 +0.000000000e+000 +0.000000000e+000 -3.943800000e+002 -3.943800000e+002 -9.9809e-001 +9.5602e-001 +2.5174e-001
% f evaluations | g evaluations | best noise-free fitness - Fopt | noise-free fitness - Fopt (5.443000000000e+001) | measured fitness | best measured fitness | x1 | x2...
1 0 +3.507394886e+001 +3.507394886e+001 +8.950394886e+001 +8.950394886e+001 +7.7567e-001 -1.9921e-001 -7.6915e-001
2 0 +2.418414755e+001 +2.418414755e+001 +7.861414755e+001 +7.861414755e+001 +1.6809e+000 -5.3835e-001 -8.5734e-001
6 0 +2.396065214e+001 +2.396065214e+001 +7.839065214e+001 +7.839065214e+001 -1.2636e-001 -9.1028e-001 -1.6625e+000
7 0 +2.093234721e+001 +2.093234721e+001 +7.536234721e+001 +7.536234721e+001 -6.7173e-001 -7.5801e-002 +3.1245e-001
10 0 +7.464942359e+000 +7.464942359e+000 +6.189494236e+001 +6.189494236e+001 +2.5214e-001 +2.9549e-002 +8.2895e-001
25 0 +4.592160996e+000 +4.592160996e+000 +5.902216100e+001 +5.902216100e+001 -1.2667e+000 -8.2500e-001 +2.3735e-001
43 0 +4.262866331e+000 +4.262866331e+000 +5.869286633e+001 +5.869286633e+001 -8.0018e-001 +2.3418e-001 +6.3109e-001
116 0 +2.719151727e+000 +2.719151727e+000 +5.714915173e+001 +5.714915173e+001 -6.4703e-001 +7.2028e-001 -8.7853e-001
541 0 +2.491156818e+000 +2.491156818e+000 +5.692115682e+001 +5.692115682e+001 -1.6196e+000 +8.6211e-001 -7.2581e-001
1302 0 +1.606307335e+000 +1.606307335e+000 +5.603630733e+001 +5.603630733e+001 +1.8544e+000 +7.2942e-001 +1.6544e+000
5126 0 +8.504619559e-001 +8.504619559e-001 +5.528046196e+001 +5.528046196e+001 -5.8713e-001 -3.2234e-001 +2.2484e+000
6102 0 +6.143302994e-001 +6.143302994e-001 +5.504433030e+001 +5.504433030e+001 -4.9385e-001 -2.6401e-001 +2.2425e+000
9436 0 +2.745583431e-001 +2.745583431e-001 +5.470455834e+001 +5.470455834e+001 -4.5245e-001 -2.1345e-001 +2.2512e+000
12803 0 +2.321909255e-001 +2.321909255e-001 +5.466219093e+001 +5.466219093e+001 -4.9814e-001 -2.5276e-001 +2.2459e+000
12910 0 +1.788759741e-001 +1.788759741e-001 +5.460887597e+001 +5.460887597e+001 -4.9725e-001 -2.5397e-001 +2.2466e+000
13412 0 +1.645345288e-001 +1.645345288e-001 +5.459453453e+001 +5.459453453e+001 -4.9764e-001 -2.5169e-001 +2.2481e+000
13750 0 +1.192466472e-001 +1.192466472e-001 +5.454924665e+001 +5.454924665e+001 -4.9745e-001 -2.5333e-001 +2.2468e+000
13852 0 +6.724461975e-002 +6.724461975e-002 +5.449724462e+001 +5.449724462e+001 -4.9758e-001 -2.5454e-001 +2.2453e+000
14160 0 +6.587911149e-002 +6.587911149e-002 +5.449587911e+001 +5.449587911e+001 -4.9771e-001 -2.5480e-001 +2.2449e+000
15300 0 +6.042030027e-002 +6.042030027e-002 +5.449042030e+001 +5.449042030e+001 -4.9759e-001 -2.5399e-001 +2.2459e+000
15699 0 +4.111404028e-002 +4.111404028e-002 +5.447111404e+001 +5.447111404e+001 -4.9767e-001 -2.5376e-001 +2.2460e+000
15901 0 +1.895054357e-002 +1.895054357e-002 +5.444895054e+001 +5.444895054e+001 -4.9779e-001 -2.5419e-001 +2.2454e+000
16060 0 +1.477797869e-002 +1.477797869e-002 +5.444477798e+001 +5.444477798e+001 -4.9776e-001 -2.5427e-001 +2.2453e+000
17628 0 +8.306213713e-003 +8.306213713e-003 +5.443830621e+001 +5.443830621e+001 -4.9776e-001 -2.5421e-001 +2.2454e+000
17918 0 +3.983487565e-003 +3.983487565e-003 +5.443398349e+001 +5.443398349e+001 -4.9775e-001 -2.5429e-001 +2.2454e+000
18694 0 +1.934244429e-003 +1.934244429e-003 +5.443193424e+001 +5.443193424e+001 -4.9775e-001 -2.5428e-001 +2.2454e+000
20009 0 +1.346971854e-003 +1.346971854e-003 +5.443134697e+001 +5.443134697e+001 -4.9775e-001 -2.5428e-001 +2.2454e+000
21592 0 +9.238692580e-004 +9.238692580e-004 +5.443092387e+001 +5.443092387e+001 -4.9775e-001 -2.5429e-001 +2.2454e+000
22510 0 +6.273349194e-004 +6.273349194e-004 +5.443062733e+001 +5.443062733e+001 -4.9775e-001 -2.5429e-001 +2.2454e+000
22749 0 +2.915970346e-004 +2.915970346e-004 +5.443029160e+001 +5.443029160e+001 -4.9775e-001 -2.5428e-001 +2.2454e+000
25369 0 +2.708392921e-004 +2.708392921e-004 +5.443027084e+001 +5.443027084e+001 -4.9775e-001 -2.5428e-001 +2.2454e+000
25412 0 +2.504883678e-004 +2.504883678e-004 +5.443025049e+001 +5.443025049e+001 -4.9775e-001 -2.5428e-001 +2.2454e+000
25481 0 +1.534563215e-004 +1.534563215e-004 +5.443015346e+001 +5.443015346e+001 -4.9775e-001 -2.5428e-001 +2.2454e+000
26029 0 +9.621341600e-005 +9.621341600e-005 +5.443009621e+001 +5.443009621e+001 -4.9775e-001 -2.5428e-001 +2.2454e+000
26676 0 +5.773914956e-005 +5.773914956e-005 +5.443005774e+001 +5.443005774e+001 -4.9775e-001 -2.5428e-001 +2.2454e+000
35304 0 +5.685864493e-005 +5.685864493e-005 +5.443005686e+001 +5.443005686e+001 -4.9775e-001 -2.5428e-001 +2.2454e+000
36146 0 +5.611486556e-005 +5.611486556e-005 +5.443005611e+001 +5.443005611e+001 -4.9775e-001 -2.5428e-001 +2.2454e+000
36706 0 +5.431492814e-005 +5.431492814e-005 +5.443005431e+001 +5.443005431e+001 -4.9775e-001 -2.5428e-001 +2.2454e+000
36788 0 +5.356601039e-005 +5.356601039e-005 +5.443005357e+001 +5.443005357e+001 -4.9775e-001 -2.5428e-001 +2.2454e+000
36899 0 +5.014332182e-005 +5.014332182e-005 +5.443005014e+001 +5.443005014e+001 -4.9775e-001 -2.5428e-001 +2.2454e+000
37107 0 +4.675404118e-005 +4.675404118e-005 +5.443004675e+001 +5.443004675e+001 -4.9775e-001 -2.5428e-001 +2.2454e+000
37208 0 +4.493395230e-005 +4.493395230e-005 +5.443004493e+001 +5.443004493e+001 -4.9775e-001 -2.5428e-001 +2.2454e+000
37252 0 +4.387096087e-005 +4.387096087e-005 +5.443004387e+001 +5.443004387e+001 -4.9775e-001 -2.5428e-001 +2.2454e+000
37378 0 +4.259260361e-005 +4.259260361e-005 +5.443004259e+001 +5.443004259e+001 -4.9775e-001 -2.5428e-001 +2.2454e+000
39439 0 +4.117604445e-005 +4.117604445e-005 +5.443004118e+001 +5.443004118e+001 -4.9775e-001 -2.5428e-001 +2.2454e+000
39755 0 +4.033340646e-005 +4.033340646e-005 +5.443004033e+001 +5.443004033e+001 -4.9775e-001 -2.5428e-001 +2.2454e+000
40132 0 +3.934934159e-005 +3.934934159e-005 +5.443003935e+001 +5.443003935e+001 -4.9775e-001 -2.5428e-001 +2.2454e+000
42526 0 +3.848053779e-005 +3.848053779e-005 +5.443003848e+001 +5.443003848e+001 -4.9775e-001 -2.5428e-001 +2.2454e+000
% f evaluations | g evaluations | best noise-free fitness - Fopt | noise-free fitness - Fopt (1.396900000000e+002) | measured fitness | best measured fitness | x1 | x2...
1 0 +1.395906887e+001 +1.395906887e+001 +1.536490689e+002 +1.536490689e+002 +1.1364e+000 +8.9236e-001 +1.6144e+000
2 0 +1.215590364e+001 +1.215590364e+001 +1.518459036e+002 +1.518459036e+002 +1.0029e+000 +8.0796e-001 +1.3798e+000
7 0 +4.811161505e+000 +4.811161505e+000 +1.445011615e+002 +1.445011615e+002 -1.1481e+000 +1.1324e+000 -1.5547e+000
27 0 +4.279926470e+000 +4.279926470e+000 +1.439699265e+002 +1.439699265e+002 -1.5406e+000 +1.7937e-001 +2.2994e-001
80 0 +1.971033017e+000 +1.971033017e+000 +1.416610330e+002 +1.416610330e+002 +3.1535e-001 -4.4064e-001 -1.8511e+000
541 0 +1.141220919e+000 +1.141220919e+000 +1.408312209e+002 +1.408312209e+002 -2.7824e-001 +1.1920e-001 +1.5685e+000
3687 0 +1.109970851e+000 +1.109970851e+000 +1.407999709e+002 +1.407999709e+002 +1.9644e+000 -4.4741e-001 -6.0494e-001
5112 0 +5.919095561e-001 +5.919095561e-001 +1.402819096e+002 +1.402819096e+002 +7.9522e-001 -3.8476e+000 -4.3113e+000
7519 0 +4.102043408e-001 +4.102043408e-001 +1.401002043e+002 +1.401002043e+002 +9.8372e-001 +2.0462e+000 -4.3397e+000
% f evaluations | g evaluations | best noise-free fitness - Fopt | noise-free fitness - Fopt (-5.794000000000e+001) | measured fitness | best measured fitness | x1 | x2...
1 0 +4.901286858e+001 +4.901286858e+001 -8.927131425e+000 -8.927131425e+000 +1.8808e+000 +1.0240e+000 +3.5525e-001
2 0 +3.007889707e+001 +3.007889707e+001 -2.786110293e+001 -2.786110293e+001 +1.1648e+000 -3.3245e-001 +1.0392e-001
3 0 +1.842505320e+001 +1.842505320e+001 -3.951494680e+001 -3.951494680e+001 -6.5883e-001 +7.7862e-001 -1.5669e+000
5 0 +8.571435655e+000 +8.571435655e+000 -4.936856435e+001 -4.936856435e+001 +1.8852e+000 +1.3494e-001 +1.3753e-001
45 0 +1.768212972e+000 +1.768212972e+000 -5.617178703e+001 -5.617178703e+001 +4.4930e-001 -4.0034e-001 +1.2435e+000
5256 0 +1.550360677e+000 +1.550360677e+000 -5.638963932e+001 -5.638963932e+001 -1.1749e+000 -1.1434e-001 +1.0074e+000
6737 0 +1.174098803e+000 +1.174098803e+000 -5.676590120e+001 -5.676590120e+001 -1.2726e+000 -1.1764e-001 +1.0485e+000
8976 0 +9.652797243e-001 +9.652797243e-001 -5.697472028e+001 -5.697472028e+001 -1.1700e+000 -6.8314e-002 +9.9246e-001
12783 0 +7.489984894e-001 +7.489984894e-001 -5.719100151e+001 -5.719100151e+001 -1.1944e+000 -1.6484e-001 +1.1542e+000
16803 0 +7.150102057e-001 +7.150102057e-001 -5.722498979e+001 -5.722498979e+001 -1.0928e+000 +4.6872e-002 +1.1940e+000
16870 0 +6.149842319e-001 +6.149842319e-001 -5.732501577e+001 -5.732501577e+001 -1.0915e+000 +5.6043e-002 +1.1911e+000
17961 0 +5.312145110e-001 +5.312145110e-001 -5.740878549e+001 -5.740878549e+001 -1.0926e+000 +5.1138e-002 +1.1934e+000
18075 0 +4.382145207e-001 +4.382145207e-001 -5.750178548e+001 -5.750178548e+001 -1.0928e+000 +5.1259e-002 +1.1938e+000
19210 0 +3.380109486e-001 +3.380109486e-001 -5.760198905e+001 -5.760198905e+001 -1.0922e+000 +5.9390e-002 +1.1920e+000
19502 0 +2.427756886e-001 +2.427756886e-001 -5.769722431e+001 -5.769722431e+001 -1.0921e+000 +5.9210e-002 +1.1919e+000
% f evaluations | g evaluations | best noise-free fitness - Fopt | noise-free fitness - Fopt (1.253900000000e+002) | measured fitness | best measured fitness | x1 | x2...
1 0 +1.534989053e+001 +1.534989053e+001 +1.407398905e+002 +1.407398905e+002 +9.4314e-001 -1.5550e-001 +1.0205e+000
4 0 +1.352080393e+001 +1.352080393e+001 +1.389108039e+002 +1.389108039e+002 +1.9429e-001 -2.0409e+000 +5.2078e-001
5 0 +1.010135132e+001 +1.010135132e+001 +1.354913513e+002 +1.354913513e+002 +4.4787e-001 +5.4204e-001 +3.7524e-001
7 0 +6.914243217e+000 +6.914243217e+000 +1.323042432e+002 +1.323042432e+002 -9.9093e-001 +3.4717e-001 -1.9249e+000
66 0 +5.603781669e+000 +5.603781669e+000 +1.309937817e+002 +1.309937817e+002 +1.1957e+000 +1.6799e+000 +2.6551e+000
70 0 +3.217219202e+000 +3.217219202e+000 +1.286072192e+002 +1.286072192e+002 -4.8813e-001 -1.8094e-001 -2.0027e+000
193 0 +2.661609088e+000 +2.661609088e+000 +1.280516091e+002 +1.280516091e+002 -4.7087e-001 +4.6091e-001 +9.8095e-001
422 0 +1.207277036e+000 +1.207277036e+000 +1.265972770e+002 +1.265972770e+002 -9.0807e-001 -7.1389e-001 -1.1170e-001
1747 0 +1.014570728e+000 +1.014570728e+000 +1.264045707e+002 +1.264045707e+002 -1.1822e+000 -1.5874e-001 +1.3747e-001
5909 0 +4.870987979e-001 +4.870987979e-001 +1.258770988e+002 +1.258770988e+002 -1.7081e+000 -3.9942e-001 +1.5692e+000
27263 0 +2.594129322e-001 +2.594129322e-001 +1.256494129e+002 +1.256494129e+002 -1.1855e+000 +2.9283e-001 +2.6177e+000
30133 0 +2.297756143e-001 +2.297756143e-001 +1.256197756e+002 +1.256197756e+002 -1.1852e+000 +2.9555e-001 +2.6129e+000
30961 0 +1.959338906e-001 +1.959338906e-001 +1.255859339e+002 +1.255859339e+002 -1.1853e+000 +2.9393e-001 +2.6156e+000
31028 0 +1.570602057e-001 +1.570602057e-001 +1.255470602e+002 +1.255470602e+002 -1.1853e+000 +2.9545e-001 +2.6132e+000
31208 0 +9.439762712e-002 +9.439762712e-002 +1.254843976e+002 +1.254843976e+002 -1.1854e+000 +2.9454e-001 +2.6142e+000
32884 0 +8.593388720e-002 +8.593388720e-002 +1.254759339e+002 +1.254759339e+002 -1.1853e+000 +2.9484e-001 +2.6150e+000
33038 0 +5.093099589e-002 +5.093099589e-002 +1.254409310e+002 +1.254409310e+002 -1.1852e+000 +2.9480e-001 +2.6147e+000
33224 0 +4.766442676e-002 +4.766442676e-002 +1.254376644e+002 +1.254376644e+002 -1.1852e+000 +2.9474e-001 +2.6153e+000
33230 0 +4.382121571e-002 +4.382121571e-002 +1.254338212e+002 +1.254338212e+002 -1.1852e+000 +2.9462e-001 +2.6152e+000
33416 0 +3.611732182e-002 +3.611732182e-002 +1.254261173e+002 +1.254261173e+002 -1.1851e+000 +2.9506e-001 +2.6150e+000
33898 0 +1.456814259e-002 +1.456814259e-002 +1.254045681e+002 +1.254045681e+002 -1.1851e+000 +2.9494e-001 +2.6151e+000
34872 0 +1.111040294e-002 +1.111040294e-002 +1.254011104e+002 +1.254011104e+002 -1.1852e+000 +2.9480e-001 +2.6152e+000
35190 0 +1.056594151e-002 +1.056594151e-002 +1.254005659e+002 +1.254005659e+002 -1.1851e+000 +2.9482e-001 +2.6154e+000
35354 0 +7.203512937e-003 +7.203512937e-003 +1.253972035e+002 +1.253972035e+002 -1.1851e+000 +2.9480e-001 +2.6153e+000
35477 0 +4.190502553e-003 +4.190502553e-003 +1.253941905e+002 +1.253941905e+002 -1.1851e+000 +2.9483e-001 +2.6153e+000
37156 0 +1.813889576e-003 +1.813889576e-003 +1.253918139e+002 +1.253918139e+002 -1.1851e+000 +2.9482e-001 +2.6153e+000
37634 0 +1.724869544e-003 +1.724869544e-003 +1.253917249e+002 +1.253917249e+002 -1.1851e+000 +2.9483e-001 +2.6153e+000
38798 0 +1.314441493e-003 +1.314441493e-003 +1.253913144e+002 +1.253913144e+002 -1.1851e+000 +2.9482e-001 +2.6153e+000
38844 0 +9.010478433e-004 +9.010478433e-004 +1.253909010e+002 +1.253909010e+002 -1.1851e+000 +2.9483e-001 +2.6153e+000
39103 0 +7.412838115e-004 +7.412838115e-004 +1.253907413e+002 +1.253907413e+002 -1.1851e+000 +2.9483e-001 +2.6153e+000
39378 0 +6.806832577e-004 +6.806832577e-004 +1.253906807e+002 +1.253906807e+002 -1.1851e+000 +2.9482e-001 +2.6153e+000
39715 0 +5.878858333e-004 +5.878858333e-004 +1.253905879e+002 +1.253905879e+002 -1.1851e+000 +2.9483e-001 +2.6153e+000
39849 0 +5.063736516e-004 +5.063736516e-004 +1.253905064e+002 +1.253905064e+002 -1.1851e+000 +2.9482e-001 +2.6153e+000
39953 0 +3.323335132e-004 +3.323335132e-004 +1.253903323e+002 +1.253903323e+002 -1.1851e+000 +2.9483e-001 +2.6153e+000
41551 0 +3.121840559e-004 +3.121840559e-004 +1.253903122e+002 +1.253903122e+002 -1.1851e+000 +2.9483e-001 +2.6153e+000
41964 0 +3.071715255e-004 +3.071715255e-004 +1.253903072e+002 +1.253903072e+002 -1.1851e+000 +2.9483e-001 +2.6153e+000
42267 0 +2.619324476e-004 +2.619324476e-004 +1.253902619e+002 +1.253902619e+002 -1.1851e+000 +2.9483e-001 +2.6153e+000
42322 0 +1.794691073e-004 +1.794691073e-004 +1.253901795e+002 +1.253901795e+002 -1.1851e+000 +2.9483e-001 +2.6153e+000
42817 0 +1.671001949e-004 +1.671001949e-004 +1.253901671e+002 +1.253901671e+002 -1.1851e+000 +2.9483e-001 +2.6153e+000
43005 0 +1.414691481e-004 +1.414691481e-004 +1.253901415e+002 +1.253901415e+002 -1.1851e+000 +2.9483e-001 +2.6153e+000
43078 0 +1.409725012e-004 +1.409725012e-004 +1.253901410e+002 +1.253901410e+002 -1.1851e+000 +2.9483e-001 +2.6153e+000
43190 0 +8.338343982e-005 +8.338343982e-005 +1.253900834e+002 +1.253900834e+002 -1.1851e+000 +2.9483e-001 +2.6153e+000
43629 0 +8.314282293e-005 +8.314282293e-005 +1.253900831e+002 +1.253900831e+002 -1.1851e+000 +2.9483e-001 +2.6153e+000
43683 0 +8.074669897e-005 +8.074669897e-005 +1.253900807e+002 +1.253900807e+002 -1.1851e+000 +2.9483e-001 +2.6153e+000
43908 0 +3.008698580e-005 +3.008698580e-005 +1.253900301e+002 +1.253900301e+002 -1.1851e+000 +2.9483e-001 +2.6153e+000
45341 0 +1.688368317e-005 +1.688368317e-005 +1.253900169e+002 +1.253900169e+002 -1.1851e+000 +2.9483e-001 +2.6153e+000
46299 0 +1.200731720e-005 +1.200731720e-005 +1.253900120e+002 +1.253900120e+002 -1.1851e+000 +2.9483e-001 +2.6153e+000
46365 0 +1.054308197e-005 +1.054308197e-005 +1.253900105e+002 +1.253900105e+002 -1.1851e+000 +2.9483e-001 +2.6153e+000
46445 0 +1.034660623e-005 +1.034660623e-005 +1.253900103e+002 +1.253900103e+002 -1.1851e+000 +2.9483e-001 +2.6153e+000
47030 0 +9.757781484e-006 +9.757781484e-006 +1.253900098e+002 +1.253900098e+002 -1.1851e+000 +2.9483e-001 +2.6153e+000
47248 0 +7.045133046e-006 +7.045133046e-006 +1.253900070e+002 +1.253900070e+002 -1.1851e+000 +2.9483e-001 +2.6153e+000
47376 0 +5.007317682e-006 +5.007317682e-006 +1.253900050e+002 +1.253900050e+002 -1.1851e+000 +2.9483e-001 +2.6153e+000
48710 0 +4.008118452e-006 +4.008118452e-006 +1.253900040e+002 +1.253900040e+002 -1.1851e+000 +2.9483e-001 +2.6153e+000
48788 0 +2.663955982e-006 +2.663955982e-006 +1.253900027e+002 +1.253900027e+002 -1.1851e+000 +2.9483e-001 +2.6153e+000
49072 0 +2.127113362e-006 +2.127113362e-006 +1.253900021e+002 +1.253900021e+002 -1.1851e+000 +2.9483e-001 +2.6153e+000
50007 0 +1.287899039e-006 +1.287899039e-006 +1.253900013e+002 +1.253900013e+002 -1.1851e+000 +2.9483e-001 +2.6153e+000
50880 0 +5.838532786e-007 +5.838532786e-007 +1.253900006e+002 +1.253900006e+002 -1.1851e+000 +2.9483e-001 +2.6153e+000
52580 0 +5.242746539e-007 +5.242746539e-007 +1.253900005e+002 +1.253900005e+002 -1.1851e+000 +2.9483e-001 +2.6153e+000
52618 0 +4.712100861e-007 +4.712100861e-007 +1.253900005e+002 +1.253900005e+002 -1.1851e+000 +2.9483e-001 +2.6153e+000
52857 0 +3.400462987e-007 +3.400462987e-007 +1.253900003e+002 +1.253900003e+002 -1.1851e+000 +2.9483e-001 +2.6153e+000
53312 0 +2.831695554e-007 +2.831695554e-007 +1.253900003e+002 +1.253900003e+002 -1.1851e+000 +2.9483e-001 +2.6153e+000
53440 0 +2.567364561e-007 +2.567364561e-007 +1.253900003e+002 +1.253900003e+002 -1.1851e+000 +2.9483e-001 +2.6153e+000
53571 0 +1.894343029e-007 +1.894343029e-007 +1.253900002e+002 +1.253900002e+002 -1.1851e+000 +2.9483e-001 +2.6153e+000
54647 0 +1.736932376e-007 +1.736932376e-007 +1.253900002e+002 +1.253900002e+002 -1.1851e+000 +2.9483e-001 +2.6153e+000
54728 0 +8.789216110e-008 +8.789216110e-008 +1.253900001e+002 +1.253900001e+002 -1.1851e+000 +2.9483e-001 +2.6153e+000
55008 0 +4.288673949e-008 +4.288673949e-008 +1.253900000e+002 +1.253900000e+002 -1.1851e+000 +2.9483e-001 +2.6153e+000
55424 0 +3.876013466e-008 +3.876013466e-008 +1.253900000e+002 +1.253900000e+002 -1.1851e+000 +2.9483e-001 +2.6153e+000
55502 0 +2.465905879e-008 +2.465905879e-008 +1.253900000e+002 +1.253900000e+002 -1.1851e+000 +2.9483e-001 +2.6153e+000
56382 0 +1.041408382e-008 +1.041408382e-008 +1.253900000e+002 +1.253900000e+002 -1.1851e+000 +2.9483e-001 +2.6153e+000
58167 0 +8.996948964e-009 +8.996948964e-009 +1.253900000e+002 +1.253900000e+002 -1.1851e+000 +2.9483e-001 +2.6153e+000
75357 0 +0.000000000e+000 +0.000000000e+000 +1.253900000e+002 +1.253900000e+002 -1.1851e+000 +2.9483e-001 +2.6153e+000
