% function evaluation | noise-free fitness - Fopt (1.238300000000e+02) | best noise-free fitness - Fopt | measured fitness | best measured fitness | x1 | x2...
1 +4.272942313e+04 +4.272942313e+04 +4.285325313e+04 +4.285325313e+04 -1.0300e+00 -2.5667e+00 +1.6917e+00 +1.0678e+00 -3.2339e+00
7 +1.085937074e+04 +1.085937074e+04 +1.098320074e+04 +1.098320074e+04 -1.1175e+00 -1.5667e+00 +1.4319e+00 +1.2848e+00 -2.3150e+00
13 +4.313960830e+03 +4.313960830e+03 +4.437790830e+03 +4.437790830e+03 -1.1483e+00 -1.0568e+00 +1.3056e+00 +1.3446e+00 -1.7980e+00
19 +1.630729151e+03 +1.630729151e+03 +1.754559151e+03 +1.754559151e+03 -1.1531e+00 -5.9745e-01 +1.1879e+00 +1.3632e+00 -1.3214e+00
25 +8.032613918e+02 +8.032613918e+02 +9.270913918e+02 +9.270913918e+02 -1.1262e+00 -2.6237e-01 +1.0902e+00 +1.3518e+00 -9.8571e-01
31 +5.002308490e+02 +5.002308490e+02 +6.240608490e+02 +6.240608490e+02 -1.0711e+00 +9.8993e-03 +9.9528e-01 +1.3238e+00 -7.3575e-01
37 +3.646136809e+02 +3.646136809e+02 +4.884436809e+02 +4.884436809e+02 -9.9159e-01 +2.4117e-01 +8.9893e-01 +1.2839e+00 -5.4870e-01
49 +2.090529339e+02 +2.090529339e+02 +3.328829339e+02 +3.328829339e+02 -7.3167e-01 +7.0102e-01 +6.6048e-01 +1.1515e+00 -2.5272e-01
61 +1.181109113e+02 +1.181109113e+02 +2.419409113e+02 +2.419409113e+02 -4.0102e-01 +1.0180e+00 +4.2666e-01 +9.6632e-01 -1.3901e-01
67 +7.669144036e+01 +7.669144036e+01 +2.005214404e+02 +2.005214404e+02 -2.3186e-01 +1.0548e+00 +3.3593e-01 +8.5730e-01 -1.9385e-01
73 +5.004825252e+01 +5.004825252e+01 +1.738782525e+02 +1.738782525e+02 -1.1808e-01 +9.9150e-01 +2.9138e-01 +7.6971e-01 -3.0642e-01
85 +3.720060541e+01 +3.720060541e+01 +1.610306054e+02 +1.610306054e+02 -7.8684e-02 +8.3592e-01 +2.9108e-01 +7.0243e-01 -4.4922e-01
103 +1.654221375e+01 +1.654221375e+01 +1.403722138e+02 +1.403722138e+02 -1.3107e-01 +6.0995e-01 +2.4730e-01 +5.0878e-01 -4.5037e-01
109 +7.333152269e+00 +7.333152269e+00 +1.311631523e+02 +1.311631523e+02 -1.4779e-01 +5.6393e-01 +1.8444e-01 +3.7853e-01 -3.5480e-01
115 +4.724784814e+00 +4.724784814e+00 +1.285547848e+02 +1.285547848e+02 -1.4076e-01 +5.7189e-01 +1.3909e-01 +3.1229e-01 -2.8441e-01
127 +3.492004649e+00 +3.492004649e+00 +1.273220046e+02 +1.273220046e+02 -1.0526e-01 +6.2461e-01 +9.8767e-02 +2.9713e-01 -2.3053e-01
145 +2.033827523e+00 +2.033827523e+00 +1.258638275e+02 +1.258638275e+02 -5.9935e-02 +6.5283e-01 +5.8331e-02 +3.3602e-01 -1.9817e-01
157 +1.579497454e+00 +1.579497454e+00 +1.254094975e+02 +1.254094975e+02 -6.9352e-02 +5.9658e-01 +4.9945e-02 +3.2773e-01 -2.0216e-01
217 +6.819338128e-01 +6.819338128e-01 +1.245119338e+02 +1.245119338e+02 -2.8057e-04 +2.8455e-01 +4.2349e-01 +3.5672e-01 -1.2924e-01
223 +5.778759427e-01 +5.778759427e-01 +1.244078759e+02 +1.244078759e+02 +2.9062e-02 +2.1841e-01 +4.7452e-01 +3.5166e-01 -1.0416e-01
247 +2.939628752e-01 +2.939628752e-01 +1.241239629e+02 +1.241239629e+02 +1.2422e-01 -3.2222e-03 +6.1046e-01 +2.6874e-01 -3.6668e-02
253 +2.005236377e-01 +2.005236377e-01 +1.240305236e+02 +1.240305236e+02 +1.5528e-01 -7.0303e-02 +6.3561e-01 +2.2403e-01 -8.8464e-03
259 +1.494131692e-01 +1.494131692e-01 +1.239794132e+02 +1.239794132e+02 +1.8750e-01 -1.3178e-01 +6.6387e-01 +1.9334e-01 +2.1033e-02
265 +7.309693035e-02 +7.309693035e-02 +1.239030969e+02 +1.239030969e+02 +2.5216e-01 -2.4071e-01 +7.0111e-01 +1.3144e-01 +7.5288e-02
277 +6.094056922e-02 +6.094056922e-02 +1.238909406e+02 +1.238909406e+02 +2.8433e-01 -3.0049e-01 +7.2784e-01 +1.0112e-01 +1.0130e-01
283 +3.096637241e-02 +3.096637241e-02 +1.238609664e+02 +1.238609664e+02 +3.2839e-01 -3.6295e-01 +7.5105e-01 +6.0011e-02 +1.3746e-01
289 +1.361459095e-02 +1.361459095e-02 +1.238436146e+02 +1.238436146e+02 +3.6780e-01 -4.2228e-01 +7.6667e-01 +1.8657e-02 +1.7071e-01
295 +6.229981867e-03 +6.229981867e-03 +1.238362300e+02 +1.238362300e+02 +4.1698e-01 -4.9764e-01 +7.9067e-01 -3.0591e-02 +2.1428e-01
307 +7.980782399e-05 +7.980782399e-05 +1.238300798e+02 +1.238300798e+02 +4.6232e-01 -5.6016e-01 +8.0579e-01 -7.6491e-02 +2.5456e-01
313 +1.032275944e-05 +1.032275944e-05 +1.238300103e+02 +1.238300103e+02 +4.6066e-01 -5.5711e-01 +8.0479e-01 -7.4669e-02 +2.5281e-01
319 +1.371061856e-06 +1.371061856e-06 +1.238300014e+02 +1.238300014e+02 +4.6240e-01 -5.5956e-01 +8.0553e-01 -7.6371e-02 +2.5433e-01
325 +5.848148987e-08 +5.848148987e-08 +1.238300001e+02 +1.238300001e+02 +4.6328e-01 -5.6080e-01 +8.0585e-01 -7.7260e-02 +2.5511e-01
331 +7.279226111e-10 +7.279226111e-10 +1.238300000e+02 +1.238300000e+02 +4.6339e-01 -5.6095e-01 +8.0588e-01 -7.7374e-02 +2.5521e-01
% function evaluation | noise-free fitness - Fopt (4.751000000000e+01) | best noise-free fitness - Fopt | measured fitness | best measured fitness | x1 | x2...
1 +5.161215117e+03 +5.161215117e+03 +5.208725117e+03 +5.208725117e+03 +3.6488e+00 +2.3201e+00 +1.7716e+00 +1.7873e-01 +1.4517e+00
7 +1.935591073e+03 +1.935591073e+03 +1.983101073e+03 +1.983101073e+03 +3.5253e+00 +1.4637e+00 +7.7163e-01 +7.1515e-01 +6.3729e-01
13 +1.486832460e+03 +1.486832460e+03 +1.534342460e+03 +1.534342460e+03 +3.2625e+00 +1.1817e+00 +6.9958e-01 +5.6424e-01 +4.4405e-01
19 +3.147511221e+02 +3.147511221e+02 +3.622611221e+02 +3.622611221e+02 +1.6432e+00 -5.5584e-01 +2.5558e-01 -3.6570e-01 -7.4681e-01
31 +1.626947768e+02 +1.626947768e+02 +2.102047768e+02 +2.102047768e+02 +1.8579e+00 -2.0684e-01 +3.2705e-01 -7.3797e-02 -4.5064e-01
37 +1.472049572e+02 +1.472049572e+02 +1.947149572e+02 +1.947149572e+02 +1.7203e+00 -3.2875e-01 +2.6201e-01 -1.3399e-01 -4.8361e-01
49 +9.618267791e+01 +9.618267791e+01 +1.436926779e+02 +1.436926779e+02 +1.0091e+00 -7.4184e-01 -1.7379e-01 -1.3972e-01 -2.1720e-01
67 +5.955158648e+01 +5.955158648e+01 +1.070615865e+02 +1.070615865e+02 +8.2810e-01 -6.6510e-01 -2.7202e-01 +1.1175e-01 -1.9050e-01
85 +3.287198550e+01 +3.287198550e+01 +8.038198550e+01 +8.038198550e+01 +3.7073e-01 -7.7920e-01 -4.4405e-01 +3.9507e-01 -3.6759e-01
91 +1.152348321e+01 +1.152348321e+01 +5.903348321e+01 +5.903348321e+01 +2.0574e-01 -1.0751e+00 -3.8174e-01 +5.1803e-01 -6.2432e-01
97 +8.486399470e+00 +8.486399470e+00 +5.599639947e+01 +5.599639947e+01 +1.9000e-01 -1.0760e+00 -4.0857e-01 +5.1828e-01 -5.7122e-01
103 +5.005013300e+00 +5.005013300e+00 +5.251501330e+01 +5.251501330e+01 +1.2589e-01 -1.1550e+00 -4.4882e-01 +5.6639e-01 -5.1378e-01
175 +3.979315612e+00 +3.979315612e+00 +5.148931561e+01 +5.148931561e+01 +3.4410e-01 -1.1468e+00 -5.6864e-01 +5.5167e-01 -5.5167e-01
673 +2.350524042e+00 +2.350524042e+00 +4.986052404e+01 +4.986052404e+01 -6.5689e-01 +9.9589e-02 +3.4380e-01 +2.3041e-01 -3.8243e-03
697 +1.420642178e+00 +1.420642178e+00 +4.893064218e+01 +4.893064218e+01 -6.6943e-01 +1.2895e-01 +7.8012e-02 +1.3794e-01 +9.6326e-02
715 +9.692662808e-01 +9.692662808e-01 +4.847926628e+01 +4.847926628e+01 -6.1165e-01 +1.5284e-01 -1.1129e-01 +1.3436e-02 +1.6073e-01
727 +5.350664493e-01 +5.350664493e-01 +4.804506645e+01 +4.804506645e+01 -4.1832e-01 +2.0199e-01 -3.1488e-01 -1.4218e-01 +1.7439e-01
739 +3.563872839e-01 +3.563872839e-01 +4.786638728e+01 +4.786638728e+01 -3.3085e-01 +2.3062e-01 -4.2394e-01 -2.1200e-01 +1.9768e-01
751 +2.408227421e-01 +2.408227421e-01 +4.775082274e+01 +4.775082274e+01 -2.1665e-01 +2.7659e-01 -5.0225e-01 -2.8440e-01 +2.1030e-01
763 +1.180066369e-01 +1.180066369e-01 +4.762800664e+01 +4.762800664e+01 -7.5563e-02 +3.1313e-01 -5.7045e-01 -3.3327e-01 +2.0640e-01
769 +8.052692530e-02 +8.052692530e-02 +4.759052693e+01 +4.759052693e+01 -7.8924e-03 +3.4371e-01 -6.0851e-01 -3.6358e-01 +2.0511e-01
775 +4.787932564e-02 +4.787932564e-02 +4.755787933e+01 +4.755787933e+01 +6.0108e-02 +3.6757e-01 -6.3503e-01 -3.8762e-01 +2.0403e-01
781 +3.772207642e-02 +3.772207642e-02 +4.754772208e+01 +4.754772208e+01 +2.0308e-01 +4.1383e-01 -6.9926e-01 -4.3984e-01 +2.0146e-01
793 +5.928018850e-03 +5.928018850e-03 +4.751592802e+01 +4.751592802e+01 +3.0369e-01 +4.5057e-01 -7.2886e-01 -4.6053e-01 +1.9438e-01
805 +1.485702251e-03 +1.485702251e-03 +4.751148570e+01 +4.751148570e+01 +3.5182e-01 +4.6809e-01 -7.4987e-01 -4.7674e-01 +1.9323e-01
811 +4.402448395e-04 +4.402448395e-04 +4.751044024e+01 +4.751044024e+01 +3.6207e-01 +4.7363e-01 -7.5435e-01 -4.7994e-01 +1.9325e-01
817 +1.974293410e-04 +1.974293410e-04 +4.751019743e+01 +4.751019743e+01 +3.7292e-01 +4.7765e-01 -7.5789e-01 -4.8295e-01 +1.9262e-01
823 +1.634950890e-05 +1.634950890e-05 +4.751001635e+01 +4.751001635e+01 +3.8811e-01 +4.8315e-01 -7.6307e-01 -4.8681e-01 +1.9193e-01
829 +2.224242763e-07 +2.224242763e-07 +4.751000022e+01 +4.751000022e+01 +3.9294e-01 +4.8491e-01 -7.6482e-01 -4.8802e-01 +1.9166e-01
835 +1.989840825e-08 +1.989840825e-08 +4.751000002e+01 +4.751000002e+01 +3.9317e-01 +4.8500e-01 -7.6489e-01 -4.8806e-01 +1.9165e-01
841 +2.196365756e-09 +2.196365756e-09 +4.751000000e+01 +4.751000000e+01 +3.9331e-01 +4.8505e-01 -7.6495e-01 -4.8810e-01 +1.9165e-01
% function evaluation | noise-free fitness - Fopt (5.534000000000e+01) | best noise-free fitness - Fopt | measured fitness | best measured fitness | x1 | x2...
1 +4.386434731e+04 +4.386434731e+04 +4.391968731e+04 +4.391968731e+04 +4.0315e+00 -4.2766e+00 -7.0595e-01 +7.5427e-01 +3.3587e+00
7 +1.187535881e+04 +1.187535881e+04 +1.193069881e+04 +1.193069881e+04 +3.0315e+00 -3.5887e+00 -1.1241e+00 +2.6011e-01 +3.2867e+00
13 +4.738308061e+03 +4.738308061e+03 +4.793648061e+03 +4.793648061e+03 +2.5875e+00 -3.1147e+00 -1.4417e+00 +4.3081e-02 +3.1219e+00
19 +1.469004963e+03 +1.469004963e+03 +1.524344963e+03 +1.524344963e+03 +2.2100e+00 -2.6220e+00 -1.8114e+00 -1.0963e-01 +2.9010e+00
25 +4.864214767e+02 +4.864214767e+02 +5.417614767e+02 +5.417614767e+02 +1.9729e+00 -2.2618e+00 -2.1083e+00 -1.8014e-01 +2.7148e+00
31 +2.767726475e+02 +2.767726475e+02 +3.321126475e+02 +3.321126475e+02 +1.8507e+00 -2.0389e+00 -2.2919e+00 -2.1262e-01 +2.5906e+00
43 +2.424295499e+02 +2.424295499e+02 +2.977695499e+02 +2.977695499e+02 +1.8282e+00 -1.9022e+00 -2.3623e+00 -2.4357e-01 +2.5092e+00
205 +1.569507608e+02 +1.569507608e+02 +2.122907608e+02 +2.122907608e+02 +1.8622e+00 -1.0403e+00 -1.6842e+00 -2.7680e-01 +9.5018e-01
247 +7.950274358e+01 +7.950274358e+01 +1.348427436e+02 +1.348427436e+02 +3.2227e-01 -2.9755e-01 +1.2615e-01 +5.6792e-01 -4.1679e-01
253 +2.841471201e+01 +2.841471201e+01 +8.375471201e+01 +8.375471201e+01 -1.2662e-01 -3.7930e-01 +5.3157e-01 +3.8041e-01 -5.7612e-01
265 +1.641284497e+01 +1.641284497e+01 +7.175284497e+01 +7.175284497e+01 +2.8393e-04 -5.4756e-01 +3.5297e-01 +2.0324e-01 -3.5803e-01
271 +1.085094660e+01 +1.085094660e+01 +6.619094660e+01 +6.619094660e+01 -1.0256e-01 -5.8229e-01 +4.6482e-01 +1.6645e-01 -3.2901e-01
277 +8.366078715e+00 +8.366078715e+00 +6.370607872e+01 +6.370607872e+01 -1.6230e-01 -5.9995e-01 +5.5971e-01 +1.5211e-01 -2.8435e-01
289 +5.386766674e+00 +5.386766674e+00 +6.072676667e+01 +6.072676667e+01 -9.5942e-02 -5.6534e-01 +6.5415e-01 +1.8909e-01 -1.7181e-01
301 +3.849685304e+00 +3.849685304e+00 +5.918968530e+01 +5.918968530e+01 +5.3575e-02 -4.4760e-01 +6.7461e-01 +2.0292e-01 -2.5851e-01
361 +2.476845860e+00 +2.476845860e+00 +5.781684586e+01 +5.781684586e+01 +1.6791e-01 -1.4305e-01 +6.8968e-01 +9.9663e-02 -3.5073e-01
379 +1.534876551e+00 +1.534876551e+00 +5.687487655e+01 +5.687487655e+01 +2.5636e-03 +2.9827e-01 +4.4151e-01 +1.1534e-01 -3.6433e-01
403 +9.812338834e-01 +9.812338834e-01 +5.632123388e+01 +5.632123388e+01 +2.6970e-02 +3.7605e-01 +3.8117e-01 +1.0154e-01 -3.7536e-01
421 +6.230868060e-01 +6.230868060e-01 +5.596308681e+01 +5.596308681e+01 -3.7130e-02 +6.1094e-01 +1.4114e-02 +4.2739e-02 -2.7841e-01
439 +2.691242661e-01 +2.691242661e-01 +5.560912427e+01 +5.560912427e+01 -1.5155e-02 +6.4047e-01 -1.1539e-01 +1.4872e-03 -2.1368e-01
451 +2.171446382e-01 +2.171446382e-01 +5.555714464e+01 +5.555714464e+01 -7.4656e-03 +6.3933e-01 -1.1557e-01 -1.0101e-02 -2.0935e-01
463 +1.100465501e-01 +1.100465501e-01 +5.545004655e+01 +5.545004655e+01 +1.5991e-02 +7.1572e-01 -3.8436e-01 -9.1018e-02 -9.2066e-02
469 +7.178330851e-02 +7.178330851e-02 +5.541178331e+01 +5.541178331e+01 +2.3668e-02 +7.0038e-01 -3.7859e-01 -9.6007e-02 -8.6097e-02
475 +4.191853654e-02 +4.191853654e-02 +5.538191854e+01 +5.538191854e+01 +3.1317e-02 +7.2342e-01 -4.5002e-01 -1.2436e-01 -4.9948e-02
487 +2.877826236e-02 +2.877826236e-02 +5.536877826e+01 +5.536877826e+01 +4.4047e-02 +7.4349e-01 -5.2929e-01 -1.5409e-01 -1.1071e-02
493 +1.682797859e-02 +1.682797859e-02 +5.535682798e+01 +5.535682798e+01 +5.4236e-02 +7.5091e-01 -5.7156e-01 -1.7280e-01 +1.2443e-02
499 +5.636429834e-03 +5.636429834e-03 +5.534563643e+01 +5.534563643e+01 +7.1694e-02 +7.6274e-01 -6.5729e-01 -2.0988e-01 +6.1017e-02
505 +2.351079373e-03 +2.351079373e-03 +5.534235108e+01 +5.534235108e+01 +8.2087e-02 +7.6735e-01 -6.8895e-01 -2.2590e-01 +8.1409e-02
517 +5.206609014e-04 +5.206609014e-04 +5.534052066e+01 +5.534052066e+01 +9.0014e-02 +7.7510e-01 -7.2701e-01 -2.4217e-01 +1.0234e-01
523 +9.136061700e-05 +9.136061700e-05 +5.534009136e+01 +5.534009136e+01 +9.2648e-02 +7.7652e-01 -7.4073e-01 -2.4872e-01 +1.1007e-01
529 +1.766671875e-05 +1.766671875e-05 +5.534001767e+01 +5.534001767e+01 +9.3332e-02 +7.7671e-01 -7.4271e-01 -2.4968e-01 +1.1147e-01
535 +6.756409263e-07 +6.756409263e-07 +5.534000068e+01 +5.534000068e+01 +9.4598e-02 +7.7745e-01 -7.4761e-01 -2.5197e-01 +1.1441e-01
541 +5.635726552e-08 +5.635726552e-08 +5.534000006e+01 +5.534000006e+01 +9.4692e-02 +7.7747e-01 -7.4794e-01 -2.5216e-01 +1.1462e-01
547 +8.295586440e-11 +8.295586440e-11 +5.534000000e+01 +5.534000000e+01 +9.4736e-02 +7.7751e-01 -7.4815e-01 -2.5225e-01 +1.1474e-01
% function evaluation | noise-free fitness - Fopt (-9.033000000000e+01) | best noise-free fitness - Fopt | measured fitness | best measured fitness | x1 | x2...
1 +1.949299778e+05 +1.949299778e+05 +1.948396478e+05 +1.948396478e+05 +3.8109e+00 -4.8130e+00 +1.9006e+00 -4.6863e+00 -1.6375e+00
7 +6.706161051e+04 +6.706161051e+04 +6.697128051e+04 +6.697128051e+04 +2.8382e+00 -3.9687e+00 +1.7710e+00 -3.6863e+00 -2.1142e+00
13 +2.278445824e+04 +2.278445824e+04 +2.269412824e+04 +2.269412824e+04 +2.1942e+00 -3.0138e+00 +1.6292e+00 -2.9920e+00 -2.2709e+00
19 +7.738968726e+03 +7.738968726e+03 +7.648638726e+03 +7.648638726e+03 +1.6700e+00 -2.2230e+00 +1.4963e+00 -2.5043e+00 -2.3228e+00
25 +2.984195990e+03 +2.984195990e+03 +2.893865990e+03 +2.893865990e+03 +1.2492e+00 -1.6379e+00 +1.3807e+00 -2.1845e+00 -2.3171e+00
31 +1.416554445e+03 +1.416554445e+03 +1.326224445e+03 +1.326224445e+03 +9.0433e-01 -1.2085e+00 +1.2795e+00 -1.9734e+00 -2.2811e+00
37 +8.852361757e+02 +8.852361757e+02 +7.949061757e+02 +7.949061757e+02 +6.2715e-01 -9.0487e-01 +1.1923e+00 -1.8377e+00 -2.2310e+00
49 +6.020517904e+02 +6.020517904e+02 +5.117217904e+02 +5.117217904e+02 +2.3298e-01 -5.6555e-01 +1.0509e+00 -1.7050e+00 -2.1195e+00
73 +3.460522532e+02 +3.460522532e+02 +2.557222532e+02 +2.557222532e+02 -3.3881e-01 -6.2176e-01 +6.8613e-01 -1.7741e+00 -1.7663e+00
103 +2.340480229e+02 +2.340480229e+02 +1.437180229e+02 +1.437180229e+02 -6.4191e-01 -9.7742e-01 +8.5149e-02 -1.7698e+00 -1.5832e+00
163 +1.526743000e+02 +1.526743000e+02 +6.234429996e+01 +6.234429996e+01 -1.3806e+00 -7.2803e-01 -3.1883e-01 -9.4669e-01 -1.0127e+00
187 +7.333136731e+01 +7.333136731e+01 -1.699863269e+01 -1.699863269e+01 -1.1080e+00 -8.4832e-01 -5.6982e-01 +1.9947e-01 -9.2852e-01
193 +5.483489875e+01 +5.483489875e+01 -3.549510125e+01 -3.549510125e+01 -9.7048e-01 -7.3232e-01 -5.9416e-01 +7.2352e-01 -9.4876e-01
199 +3.961359960e+01 +3.961359960e+01 -5.071640040e+01 -5.071640040e+01 -9.8042e-01 -6.3927e-01 -4.8944e-01 +7.5113e-01 -9.2538e-01
223 +2.381693760e+01 +2.381693760e+01 -6.651306240e+01 -6.651306240e+01 -9.1923e-01 -4.0972e-01 -1.3456e-01 +1.0447e+00 -8.0139e-01
253 +9.067678580e+00 +9.067678580e+00 -8.126232142e+01 -8.126232142e+01 -8.3154e-01 +1.5992e-01 +1.8564e-01 +1.2268e+00 -5.3728e-01
265 +6.035019430e+00 +6.035019430e+00 -8.429498057e+01 -8.429498057e+01 -7.8595e-01 +3.4660e-01 +2.4125e-01 +1.2068e+00 -4.8489e-01
307 +3.978518306e+00 +3.978518306e+00 -8.635148169e+01 -8.635148169e+01 -7.5979e-01 +3.8072e-01 +2.2446e-01 +1.1115e+00 -5.2069e-01
535 +2.492397660e+00 +2.492397660e+00 -8.783760234e+01 -8.783760234e+01 +3.8692e-02 -6.8518e-01 -4.5759e-01 +1.4651e-01 +5.6367e-02
577 +1.427904436e+00 +1.427904436e+00 -8.890209556e+01 -8.890209556e+01 +3.4804e-01 -5.8411e-01 -4.3948e-02 +1.5302e-01 +1.0807e-01
589 +9.938139940e-01 +9.938139940e-01 -8.933618601e+01 -8.933618601e+01 +3.8259e-01 -4.9016e-01 +4.9452e-02 +1.7396e-01 +1.6025e-01
613 +4.463891020e-01 +4.463891020e-01 -8.988361090e+01 -8.988361090e+01 +4.7963e-01 -1.9215e-01 +2.9394e-01 +7.6115e-02 +1.7351e-01
625 +3.117569867e-01 +3.117569867e-01 -9.001824301e+01 -9.001824301e+01 +5.1675e-01 -9.2816e-02 +3.6956e-01 +5.0965e-02 +1.8141e-01
637 +1.905442149e-01 +1.905442149e-01 -9.013945579e+01 -9.013945579e+01 +5.3437e-01 -8.2468e-03 +4.1293e-01 +1.5036e-02 +1.6468e-01
643 +1.569531908e-01 +1.569531908e-01 -9.017304681e+01 -9.017304681e+01 +5.4506e-01 +5.6967e-02 +4.5515e-01 -1.6249e-02 +1.6078e-01
655 +8.751778082e-02 +8.751778082e-02 -9.024248222e+01 -9.024248222e+01 +5.7169e-01 +2.9320e-01 +5.9126e-01 -1.4338e-01 +1.1466e-01
667 +4.138905309e-02 +4.138905309e-02 -9.028861095e+01 -9.028861095e+01 +5.7303e-01 +3.0921e-01 +5.9126e-01 -1.5611e-01 +1.0734e-01
673 +3.769110948e-02 +3.769110948e-02 -9.029230889e+01 -9.029230889e+01 +5.7094e-01 +3.1793e-01 +5.9244e-01 -1.6598e-01 +9.6233e-02
679 +1.721235347e-02 +1.721235347e-02 -9.031278765e+01 -9.031278765e+01 +5.7552e-01 +3.7493e-01 +6.2343e-01 -1.9824e-01 +8.6111e-02
685 +1.053571690e-02 +1.053571690e-02 -9.031946428e+01 -9.031946428e+01 +5.8028e-01 +4.3451e-01 +6.5486e-01 -2.3583e-01 +7.1804e-02
691 +5.952506542e-03 +5.952506542e-03 -9.032404749e+01 -9.032404749e+01 +5.7898e-01 +4.4998e-01 +6.6111e-01 -2.4770e-01 +6.6234e-02
697 +1.528335314e-03 +1.528335314e-03 -9.032847166e+01 -9.032847166e+01 +5.8187e-01 +5.0315e-01 +6.8882e-01 -2.8192e-01 +4.9313e-02
703 +1.948436071e-04 +1.948436071e-04 -9.032980516e+01 -9.032980516e+01 +5.8387e-01 +5.3494e-01 +7.0386e-01 -3.0338e-01 +3.9063e-02
709 +2.474401872e-05 +2.474401872e-05 -9.032997526e+01 -9.032997526e+01 +5.8384e-01 +5.4384e-01 +7.0804e-01 -3.0952e-01 +3.5910e-02
715 +1.004116872e-05 +1.004116872e-05 -9.032998996e+01 -9.032998996e+01 +5.8418e-01 +5.5293e-01 +7.1258e-01 -3.1552e-01 +3.3154e-02
721 +2.362781331e-06 +2.362781331e-06 -9.032999764e+01 -9.032999764e+01 +5.8414e-01 +5.5068e-01 +7.1151e-01 -3.1420e-01 +3.3748e-02
727 +2.947368074e-07 +2.947368074e-07 -9.032999971e+01 -9.032999971e+01 +5.8405e-01 +5.5002e-01 +7.1112e-01 -3.1368e-01 +3.3976e-02
733 +2.721677106e-09 +2.721677106e-09 -9.033000000e+01 -9.033000000e+01 +5.8409e-01 +5.5054e-01 +7.1139e-01 -3.1403e-01 +3.3819e-02
% function evaluation | noise-free fitness - Fopt (6.561000000000e+01) | best noise-free fitness - Fopt | measured fitness | best measured fitness | x1 | x2...
1 +4.370557152e+03 +4.370557152e+03 +4.436167152e+03 +4.436167152e+03 +9.4749e-02 -2.0764e+00 -4.5746e+00 -9.6617e-01 +6.3707e-01
7 +8.244977488e+01 +8.244977488e+01 +1.480597749e+02 +1.480597749e+02 +9.3331e-03 -1.3384e+00 -4.2321e+00 -5.4341e-01 +1.6371e+00
13 +4.021332804e+01 +4.021332804e+01 +1.058233280e+02 +1.058233280e+02 -3.8232e-02 -1.3354e+00 -4.2090e+00 -4.6363e-01 +1.6685e+00
19 +2.280097398e+00 +2.280097398e+00 +6.789009740e+01 +6.789009740e+01 -1.3457e-01 -1.3421e+00 -4.1484e+00 -3.1369e-01 +1.7495e+00
103 +1.572666459e+00 +1.572666459e+00 +6.718266646e+01 +6.718266646e+01 -1.7556e-01 -1.2816e+00 -3.9814e+00 -3.1984e-01 +1.6742e+00
133 +7.519474581e-01 +7.519474581e-01 +6.636194746e+01 +6.636194746e+01 -3.1246e-01 -7.7019e-01 -2.7712e+00 -4.5770e-01 +9.8619e-01
151 +5.858968867e-01 +5.858968867e-01 +6.619589689e+01 +6.619589689e+01 -3.3697e-01 -6.6703e-01 -2.4824e+00 -4.8035e-01 +8.2668e-01
169 +3.775902201e-01 +3.775902201e-01 +6.598759022e+01 +6.598759022e+01 -3.8030e-01 -5.2744e-01 -2.0989e+00 -5.2154e-01 +6.3304e-01
181 +1.701068171e-01 +1.701068171e-01 +6.578010682e+01 +6.578010682e+01 -4.0836e-01 -3.8852e-01 -1.6605e+00 -5.4829e-01 +4.2716e-01
193 +1.167583472e-01 +1.167583472e-01 +6.572675835e+01 +6.572675835e+01 -4.2312e-01 -3.1720e-01 -1.4405e+00 -5.6155e-01 +3.2119e-01
199 +8.533347597e-02 +8.533347597e-02 +6.569533348e+01 +6.569533348e+01 -4.2534e-01 -2.9845e-01 -1.3706e+00 -5.6159e-01 +2.9008e-01
205 +4.843352995e-02 +4.843352995e-02 +6.565843353e+01 +6.565843353e+01 -4.2837e-01 -2.7074e-01 -1.2600e+00 -5.6033e-01 +2.4378e-01
217 +3.860463812e-02 +3.860463812e-02 +6.564860464e+01 +6.564860464e+01 -4.3348e-01 -2.4091e-01 -1.1547e+00 -5.6326e-01 +1.9739e-01
223 +1.896257373e-02 +1.896257373e-02 +6.562896257e+01 +6.562896257e+01 -4.3614e-01 -2.1888e-01 -1.0629e+00 -5.6314e-01 +1.6138e-01
229 +6.846260265e-03 +6.846260265e-03 +6.561684626e+01 +6.561684626e+01 -4.3768e-01 -2.0233e-01 -9.8860e-01 -5.6311e-01 +1.3353e-01
241 +3.850071823e-03 +3.850071823e-03 +6.561385007e+01 +6.561385007e+01 -4.3962e-01 -1.8619e-01 -9.2242e-01 -5.6384e-01 +1.0695e-01
247 +5.648036019e-04 +5.648036019e-04 +6.561056480e+01 +6.561056480e+01 -4.3980e-01 -1.7740e-01 -8.7717e-01 -5.6334e-01 +9.0779e-02
253 +1.914528887e-04 +1.914528887e-04 +6.561019145e+01 +6.561019145e+01 -4.4005e-01 -1.7266e-01 -8.5487e-01 -5.6295e-01 +8.2306e-02
259 +2.709418709e-05 +2.709418709e-05 +6.561002709e+01 +6.561002709e+01 -4.3995e-01 -1.7060e-01 -8.4368e-01 -5.6225e-01 +7.8305e-02
265 +5.165520321e-06 +5.165520321e-06 +6.561000517e+01 +6.561000517e+01 -4.4004e-01 -1.6937e-01 -8.3843e-01 -5.6206e-01 +7.6279e-02
271 +4.808452729e-07 +4.808452729e-07 +6.561000048e+01 +6.561000048e+01 -4.4001e-01 -1.6961e-01 -8.3959e-01 -5.6199e-01 +7.6750e-02
277 +1.089723867e-08 +1.089723867e-08 +6.561000001e+01 +6.561000001e+01 -4.4000e-01 -1.6972e-01 -8.4017e-01 -5.6198e-01 +7.6979e-02
283 +1.502243663e-09 +1.502243663e-09 +6.561000000e+01 +6.561000000e+01 -4.3999e-01 -1.6972e-01 -8.4018e-01 -5.6198e-01 +7.6981e-02
% function evaluation | noise-free fitness - Fopt (1.238300000000e+02) | best noise-free fitness - Fopt | measured fitness | best measured fitness | x1 | x2...
1 +1.022161840e+04 +1.022161840e+04 +1.034544840e+04 +1.034544840e+04 -2.7204e+00 +2.4995e-01 +1.1660e+00 +3.1179e+00 -4.4139e+00
7 +3.301969894e+03 +3.301969894e+03 +3.425799894e+03 +3.425799894e+03 -2.7703e+00 +1.2134e+00 +9.0835e-01 +3.1880e+00 -3.4139e+00
19 +1.868991878e+03 +1.868991878e+03 +1.992821878e+03 +1.992821878e+03 -2.5181e+00 +1.6959e+00 +7.3223e-01 +2.7037e+00 -2.4510e+00
25 +1.463707216e+03 +1.463707216e+03 +1.587537216e+03 +1.587537216e+03 -2.2089e+00 +1.8022e+00 +6.2265e-01 +2.3049e+00 -1.9393e+00
31 +8.606048594e+02 +8.606048594e+02 +9.844348594e+02 +9.844348594e+02 -1.5021e+00 +1.8281e+00 +4.0042e-01 +1.4936e+00 -1.0635e+00
37 +3.579315960e+02 +3.579315960e+02 +4.817615960e+02 +4.817615960e+02 -5.7036e-01 +1.6799e+00 +9.6206e-02 +5.0110e-01 -9.8522e-02
43 +1.773835777e+02 +1.773835777e+02 +3.012135777e+02 +3.012135777e+02 -2.8484e-02 +1.4635e+00 -1.3273e-01 -1.7679e-02 +3.8860e-01
49 +1.022180524e+02 +1.022180524e+02 +2.260480524e+02 +2.260480524e+02 +1.2020e-01 +1.2821e+00 -2.5256e-01 -9.3582e-02 +4.5844e-01
55 +4.046990979e+01 +4.046990979e+01 +1.642999098e+02 +1.642999098e+02 +7.2643e-02 +1.0771e+00 -3.2442e-01 +7.8259e-02 +2.7903e-01
61 +1.799932247e+01 +1.799932247e+01 +1.418293225e+02 +1.418293225e+02 -6.0267e-02 +9.3006e-01 -3.3396e-01 +3.0943e-01 +2.0530e-02
67 +1.533404152e+01 +1.533404152e+01 +1.391640415e+02 +1.391640415e+02 -8.7730e-02 +8.7500e-01 -3.3598e-01 +3.5384e-01 -5.1945e-02
79 +7.750943721e+00 +7.750943721e+00 +1.315809437e+02 +1.315809437e+02 -1.1422e-01 +7.2040e-01 -3.2306e-01 +3.3106e-01 -1.9646e-01
85 +4.164590138e+00 +4.164590138e+00 +1.279945901e+02 +1.279945901e+02 -1.1722e-01 +6.5978e-01 -2.9904e-01 +2.5956e-01 -2.4624e-01
91 +2.759475078e+00 +2.759475078e+00 +1.265894751e+02 +1.265894751e+02 -1.1954e-01 +6.5299e-01 -2.7431e-01 +2.0214e-01 -2.5694e-01
97 +2.478231053e+00 +2.478231053e+00 +1.263082311e+02 +1.263082311e+02 -1.3146e-01 +6.6712e-01 -2.5899e-01 +1.9328e-01 -2.6273e-01
175 +1.514092148e+00 +1.514092148e+00 +1.253440921e+02 +1.253440921e+02 -3.6875e-02 +5.6379e-01 +1.2075e-01 +3.5552e-01 -1.8483e-01
187 +9.822317125e-01 +9.822317125e-01 +1.248122317e+02 +1.248122317e+02 -3.6392e-02 +3.8064e-01 +3.2777e-01 +3.7645e-01 -1.4322e-01
211 +5.403329434e-01 +5.403329434e-01 +1.243703329e+02 +1.243703329e+02 +3.5222e-02 +2.1204e-01 +4.8296e-01 +3.3473e-01 -1.0593e-01
223 +3.684197070e-01 +3.684197070e-01 +1.241984197e+02 +1.241984197e+02 +8.8546e-02 +7.5160e-02 +5.4994e-01 +2.9173e-01 -5.1221e-02
229 +2.433165302e-01 +2.433165302e-01 +1.240733165e+02 +1.240733165e+02 +1.3880e-01 -4.2579e-02 +6.2442e-01 +2.4854e-01 -1.5660e-02
241 +1.416772072e-01 +1.416772072e-01 +1.239716772e+02 +1.239716772e+02 +1.9700e-01 -1.3361e-01 +6.6406e-01 +1.8814e-01 +2.3595e-02
247 +9.546665171e-02 +9.546665171e-02 +1.239254667e+02 +1.239254667e+02 +2.5516e-01 -2.4714e-01 +7.1685e-01 +1.3287e-01 +7.7059e-02
253 +5.908287498e-02 +5.908287498e-02 +1.238890829e+02 +1.238890829e+02 +2.9680e-01 -3.2247e-01 +7.2935e-01 +8.7233e-02 +1.1268e-01
259 +3.494268179e-02 +3.494268179e-02 +1.238649427e+02 +1.238649427e+02 +3.1393e-01 -3.4113e-01 +7.3887e-01 +7.2938e-02 +1.2566e-01
271 +2.338081349e-02 +2.338081349e-02 +1.238533808e+02 +1.238533808e+02 +3.5206e-01 -4.0122e-01 +7.6313e-01 +3.5270e-02 +1.5758e-01
277 +1.016361582e-02 +1.016361582e-02 +1.238401636e+02 +1.238401636e+02 +3.8739e-01 -4.5070e-01 +7.7624e-01 -2.4591e-03 +1.8943e-01
283 +3.470892625e-03 +3.470892625e-03 +1.238334709e+02 +1.238334709e+02 +4.3421e-01 -5.2010e-01 +7.9739e-01 -4.6863e-02 +2.2861e-01
289 +1.374816067e-03 +1.374816067e-03 +1.238313748e+02 +1.238313748e+02 +4.3460e-01 -5.1943e-01 +7.9439e-01 -4.7582e-02 +2.2957e-01
295 +3.767656348e-04 +3.767656348e-04 +1.238303768e+02 +1.238303768e+02 +4.4884e-01 -5.4134e-01 +8.0032e-01 -6.3147e-02 +2.4271e-01
301 +7.147615727e-05 +7.147615727e-05 +1.238300715e+02 +1.238300715e+02 +4.5846e-01 -5.5448e-01 +8.0422e-01 -7.2527e-02 +2.5093e-01
307 +2.727557757e-06 +2.727557757e-06 +1.238300027e+02 +1.238300027e+02 +4.6218e-01 -5.5921e-01 +8.0546e-01 -7.6163e-02 +2.5415e-01
313 +7.013404968e-08 +7.013404968e-08 +1.238300001e+02 +1.238300001e+02 +4.6350e-01 -5.6111e-01 +8.0593e-01 -7.7480e-02 +2.5530e-01
319 +4.031761591e-10 +4.031761591e-10 +1.238300000e+02 +1.238300000e+02 +4.6339e-01 -5.6095e-01 +8.0588e-01 -7.7373e-02 +2.5521e-01
% function evaluation | noise-free fitness - Fopt (4.751000000000e+01) | best noise-free fitness - Fopt | measured fitness | best measured fitness | x1 | x2...
1 +2.753017782e+05 +2.753017782e+05 +2.753492882e+05 +2.753492882e+05 -6.3972e-01 -4.9521e+00 -4.7940e+00 -7.1368e-01 +3.8005e+00
7 +1.251153070e+05 +1.251153070e+05 +1.251628170e+05 +1.251628170e+05 -8.7497e-01 -4.5767e+00 -4.1162e+00 -7.5794e-01 +2.8005e+00
13 +3.662323936e+04 +3.662323936e+04 +3.667074936e+04 +3.667074936e+04 -1.1637e+00 -4.0829e+00 -3.2960e+00 -7.6741e-01 +1.5717e+00
19 +1.400642201e+04 +1.400642201e+04 +1.405393201e+04 +1.405393201e+04 -1.3459e+00 -3.7417e+00 -2.7808e+00 -7.1467e-01 +8.1308e-01
25 +6.023549066e+03 +6.023549066e+03 +6.071059066e+03 +6.071059066e+03 -1.4913e+00 -3.4420e+00 -2.3583e+00 -6.1360e-01 +2.2503e-01
31 +3.377969070e+03 +3.377969070e+03 +3.425479070e+03 +3.425479070e+03 -1.5955e+00 -3.1998e+00 -2.0310e+00 -4.8690e-01 -1.8612e-01
37 +2.321574056e+03 +2.321574056e+03 +2.369084056e+03 +2.369084056e+03 -1.6729e+00 -2.9906e+00 -1.7511e+00 -3.4158e-01 -4.8953e-01
49 +1.422260443e+03 +1.422260443e+03 +1.469770443e+03 +1.469770443e+03 -1.7784e+00 -2.5970e+00 -1.2051e+00 +1.7127e-02 -9.2865e-01
61 +8.527108010e+02 +8.527108010e+02 +9.002208010e+02 +9.002208010e+02 -1.8523e+00 -2.0686e+00 -4.0672e-01 +5.9176e-01 -1.3438e+00
79 +3.715664516e+02 +3.715664516e+02 +4.190764516e+02 +4.190764516e+02 -1.6290e+00 -1.8194e+00 +2.2468e-01 +1.0251e+00 -1.0107e+00
109 +2.179284537e+02 +2.179284537e+02 +2.654384537e+02 +2.654384537e+02 -1.2168e+00 -1.8021e+00 +1.2618e-01 +8.7808e-01 -2.2827e-01
115 +1.455779030e+02 +1.455779030e+02 +1.930879030e+02 +1.930879030e+02 -1.0361e+00 -1.4676e+00 +2.6268e-01 +8.8636e-01 -1.0885e-01
121 +8.229572647e+01 +8.229572647e+01 +1.298057265e+02 +1.298057265e+02 -8.5013e-01 -1.0246e+00 +4.4327e-01 +9.0132e-01 -6.5424e-02
127 +4.398268436e+01 +4.398268436e+01 +9.149268436e+01 +9.149268436e+01 -6.5504e-01 -5.6402e-01 +5.9801e-01 +8.8545e-01 -3.0426e-02
133 +2.603015289e+01 +2.603015289e+01 +7.354015289e+01 +7.354015289e+01 -4.4167e-01 -9.7593e-02 +7.1319e-01 +8.2922e-01 +2.5783e-02
139 +2.230086481e+01 +2.230086481e+01 +6.981086481e+01 +6.981086481e+01 -4.2729e-01 -6.4735e-02 +6.7416e-01 +7.8311e-01 +1.7799e-02
145 +1.512173251e+01 +1.512173251e+01 +6.263173251e+01 +6.263173251e+01 -4.5735e-01 -1.0177e-01 +4.8852e-01 +6.2966e-01 -5.2713e-02
193 +8.792960348e+00 +8.792960348e+00 +5.630296035e+01 +5.630296035e+01 -3.1082e-01 +5.2421e-02 -3.0773e-02 -1.4181e-02 +5.8485e-02
247 +6.058635006e+00 +6.058635006e+00 +5.356863501e+01 +5.356863501e+01 -2.5056e-01 +2.2393e-01 -2.4374e-01 -2.0096e-01 +8.3378e-02
259 +1.528390835e+00 +1.528390835e+00 +4.903839084e+01 +4.903839084e+01 -2.2975e-01 +3.1690e-01 -5.0502e-01 -2.7068e-01 +1.7271e-01
265 +2.805373990e-01 +2.805373990e-01 +4.779053740e+01 +4.779053740e+01 -2.3195e-01 +2.7252e-01 -4.7243e-01 -2.4435e-01 +2.0121e-01
277 +2.047902566e-01 +2.047902566e-01 +4.771479026e+01 +4.771479026e+01 -2.2631e-01 +2.7539e-01 -4.8574e-01 -2.6492e-01 +2.0725e-01
325 +1.582698331e-01 +1.582698331e-01 +4.766826983e+01 +4.766826983e+01 -1.4071e-01 +3.0364e-01 -5.4260e-01 -3.0912e-01 +2.1087e-01
337 +6.401124149e-02 +6.401124149e-02 +4.757401124e+01 +4.757401124e+01 +5.5312e-02 +3.6682e-01 -6.3828e-01 -3.8806e-01 +2.0787e-01
343 +2.372885766e-02 +2.372885766e-02 +4.753372886e+01 +4.753372886e+01 +1.4790e-01 +3.9631e-01 -6.6792e-01 -4.1403e-01 +2.0056e-01
355 +1.534458167e-02 +1.534458167e-02 +4.752534458e+01 +4.752534458e+01 +2.0988e-01 +4.1649e-01 -6.9582e-01 -4.3677e-01 +1.9855e-01
361 +8.950384457e-03 +8.950384457e-03 +4.751895038e+01 +4.751895038e+01 +2.5473e-01 +4.3289e-01 -7.1379e-01 -4.5013e-01 +1.9704e-01
367 +1.822695871e-03 +1.822695871e-03 +4.751182270e+01 +4.751182270e+01 +3.2112e-01 +4.5857e-01 -7.3878e-01 -4.6831e-01 +1.9488e-01
373 +1.046771871e-03 +1.046771871e-03 +4.751104677e+01 +4.751104677e+01 +3.7834e-01 +4.7932e-01 -7.6094e-01 -4.8538e-01 +1.9276e-01
379 +7.616652802e-05 +7.616652802e-05 +4.751007617e+01 +4.751007617e+01 +3.7869e-01 +4.7967e-01 -7.5977e-01 -4.8411e-01 +1.9235e-01
385 +4.898897103e-06 +4.898897103e-06 +4.751000490e+01 +4.751000490e+01 +3.8948e-01 +4.8364e-01 -7.6358e-01 -4.8708e-01 +1.9183e-01
391 +7.825492077e-08 +7.825492077e-08 +4.751000008e+01 +4.751000008e+01 +3.9330e-01 +4.8503e-01 -7.6495e-01 -4.8810e-01 +1.9165e-01
397 +4.664940434e-09 +4.664940434e-09 +4.751000000e+01 +4.751000000e+01 +3.9327e-01 +4.8504e-01 -7.6493e-01 -4.8809e-01 +1.9165e-01
% function evaluation | noise-free fitness - Fopt (5.534000000000e+01) | best noise-free fitness - Fopt | measured fitness | best measured fitness | x1 | x2...
1 +2.167429278e+04 +2.167429278e+04 +2.172963278e+04 +2.172963278e+04 +5.1779e-01 -3.0088e+00 -9.3125e-01 +4.3581e+00 +1.4172e+00
7 +6.074948837e+03 +6.074948837e+03 +6.130288837e+03 +6.130288837e+03 +7.0831e-01 -2.3373e+00 -3.5687e-01 +3.3581e+00 +1.1040e+00
13 +2.166492556e+03 +2.166492556e+03 +2.221832556e+03 +2.221832556e+03 +5.8067e-01 -1.8804e+00 -1.6902e-01 +2.6697e+00 +9.6749e-01
19 +7.460516891e+02 +7.460516891e+02 +8.013916891e+02 +8.013916891e+02 +4.9752e-01 -1.5470e+00 -4.2538e-03 +2.0758e+00 +8.7290e-01
25 +2.885841668e+02 +2.885841668e+02 +3.439241668e+02 +3.439241668e+02 +4.3042e-01 -1.3234e+00 +1.0874e-01 +1.6167e+00 +8.0299e-01
31 +1.315050171e+02 +1.315050171e+02 +1.868450171e+02 +1.868450171e+02 +3.6819e-01 -1.1676e+00 +1.8946e-01 +1.2508e+00 +7.4431e-01
37 +7.641942973e+01 +7.641942973e+01 +1.317594297e+02 +1.317594297e+02 +3.0848e-01 -1.0593e+00 +2.4837e-01 +9.6327e-01 +6.9233e-01
43 +5.542029190e+01 +5.542029190e+01 +1.107602919e+02 +1.107602919e+02 +2.4925e-01 -9.8153e-01 +2.9448e-01 +7.3396e-01 +6.4340e-01
61 +3.659756656e+01 +3.659756656e+01 +9.193756656e+01 +9.193756656e+01 +4.5847e-02 -8.3038e-01 +4.1563e-01 +2.2867e-01 +4.7874e-01
79 +1.401445244e+01 +1.401445244e+01 +6.935445244e+01 +6.935445244e+01 -2.6305e-01 -8.6003e-01 +5.5773e-01 +1.7568e-01 +1.9232e-01
97 +9.087745587e+00 +9.087745587e+00 +6.442774559e+01 +6.442774559e+01 -2.2688e-01 -8.6568e-01 +5.8082e-01 +3.1047e-01 +1.8266e-01
109 +4.947709999e+00 +4.947709999e+00 +6.028771000e+01 +6.028771000e+01 -2.1836e-01 -7.7931e-01 +7.2031e-01 +3.9265e-01 +8.0164e-02
211 +3.741740349e+00 +3.741740349e+00 +5.908174035e+01 +5.908174035e+01 +7.2502e-03 -6.4327e-01 +7.1369e-01 +1.5845e-01 -2.7744e-01
253 +2.234941001e+00 +2.234941001e+00 +5.757494100e+01 +5.757494100e+01 +1.3706e-01 -1.3238e-01 +6.7322e-01 +1.2600e-01 -3.5984e-01
277 +1.401014420e+00 +1.401014420e+00 +5.674101442e+01 +5.674101442e+01 +6.6377e-02 +2.0370e-01 +5.2104e-01 +9.2404e-02 -3.8007e-01
295 +8.796633270e-01 +8.796633270e-01 +5.621966333e+01 +5.621966333e+01 +1.1669e-02 +4.3934e-01 +3.3328e-01 +9.0946e-02 -3.5929e-01
301 +5.357659598e-01 +5.357659598e-01 +5.587576596e+01 +5.587576596e+01 +3.3389e-04 +5.0934e-01 +1.4734e-01 +5.9941e-02 -3.1043e-01
319 +3.612558862e-01 +3.612558862e-01 +5.570125589e+01 +5.570125589e+01 -1.1488e-02 +6.0717e-01 -2.4477e-02 +6.5057e-03 -2.3320e-01
331 +2.118125819e-01 +2.118125819e-01 +5.555181258e+01 +5.555181258e+01 -2.6989e-03 +6.3431e-01 -1.4175e-01 -1.2847e-02 -2.0113e-01
337 +1.578360747e-01 +1.578360747e-01 +5.549783607e+01 +5.549783607e+01 -3.2716e-03 +6.6586e-01 -2.1689e-01 -3.7792e-02 -1.6939e-01
349 +7.359848136e-02 +7.359848136e-02 +5.541359848e+01 +5.541359848e+01 +1.8213e-02 +7.1214e-01 -3.7648e-01 -9.4515e-02 -8.9143e-02
355 +3.387871660e-02 +3.387871660e-02 +5.537387872e+01 +5.537387872e+01 +4.2683e-02 +7.2947e-01 -4.8872e-01 -1.4234e-01 -2.9065e-02
367 +2.089435473e-02 +2.089435473e-02 +5.536089435e+01 +5.536089435e+01 +5.8292e-02 +7.5375e-01 -5.9494e-01 -1.8106e-01 +2.2417e-02
373 +1.082797428e-02 +1.082797428e-02 +5.535082797e+01 +5.535082797e+01 +5.9183e-02 +7.5185e-01 -5.9485e-01 -1.8313e-01 +2.7030e-02
379 +5.551491911e-03 +5.551491911e-03 +5.534555149e+01 +5.534555149e+01 +6.9358e-02 +7.6146e-01 -6.4259e-01 -2.0396e-01 +5.3837e-02
385 +1.157366876e-03 +1.157366876e-03 +5.534115737e+01 +5.534115737e+01 +8.4751e-02 +7.7225e-01 -7.0777e-01 -2.3307e-01 +9.0513e-02
391 +2.214051508e-04 +2.214051508e-04 +5.534022141e+01 +5.534022141e+01 +8.9918e-02 +7.7434e-01 -7.2701e-01 -2.4271e-01 +1.0226e-01
397 +1.510582896e-04 +1.510582896e-04 +5.534015106e+01 +5.534015106e+01 +9.5856e-02 +7.7840e-01 -7.5490e-01 -2.5502e-01 +1.1852e-01
403 +2.712833670e-06 +2.712833670e-06 +5.534000271e+01 +5.534000271e+01 +9.4244e-02 +7.7715e-01 -7.4600e-01 -2.5124e-01 +1.1349e-01
409 +2.729964805e-07 +2.729964805e-07 +5.534000027e+01 +5.534000027e+01 +9.4626e-02 +7.7747e-01 -7.4772e-01 -2.5206e-01 +1.1448e-01
415 +4.975525769e-09 +4.975525769e-09 +5.534000000e+01 +5.534000000e+01 +9.4744e-02 +7.7752e-01 -7.4819e-01 -2.5226e-01 +1.1476e-01
