% f evaluations | g evaluations | best noise-free fitness - Fopt | noise-free fitness - Fopt (-9.210000000000e+000) | measured fitness | best measured fitness | x1 | x2...
1 0 +2.113542036e+002 +2.113542036e+002 +2.021442036e+002 +2.021442036e+002 +8.3790e-001 -1.6121e+000 +1.2466e+000 -1.8042e-001 -1.1923e+000 -4.0157e-001 -1.5316e+000 -7.1860e-001 +1.9204e-001 -6.0238e-002
3 0 +2.045954174e+002 +2.045954174e+002 +1.953854174e+002 +1.953854174e+002 +8.5587e-002 +1.6727e+000 +2.4971e+000 +1.9442e-001 -3.7793e-001 -1.5422e+000 +1.7444e+000 +2.7042e-001 -3.1999e-002 +1.2057e+000
4 0 +1.939714491e+002 +1.939714491e+002 +1.847614491e+002 +1.847614491e+002 +8.3314e-001 +2.1598e+000 -2.4437e-001 -8.8945e-001 -1.4700e+000 -3.8576e-001 +1.3139e+000 +4.2217e-001 +3.8067e-002 +2.5505e-001
8 0 +1.782940751e+002 +1.782940751e+002 +1.690840751e+002 +1.690840751e+002 +8.5503e-001 +1.2317e+000 +9.4775e-002 -1.6620e+000 -1.3582e+000 -7.9208e-002 +6.2672e-001 -5.3099e-001 +2.1255e+000 -7.3530e-001
31 0 +1.730064612e+002 +1.730064612e+002 +1.637964612e+002 +1.637964612e+002 +8.2194e-001 +1.2745e-001 +9.6188e-002 +3.3108e-001 +2.9016e-001 -4.7615e-001 +1.8671e+000 -2.6411e-001 -9.0527e-002 -2.5617e+000
94 0 +1.686977531e+002 +1.686977531e+002 +1.594877531e+002 +1.594877531e+002 +8.5350e-001 -1.5409e-002 +9.8852e-001 +1.6905e+000 -1.9824e+000 +2.0082e+000 -1.0071e+000 +5.5126e-001 +9.9296e-001 -1.0474e+000
98 0 +1.605271423e+002 +1.605271423e+002 +1.513171423e+002 +1.513171423e+002 -7.2033e-001 -1.3797e-001 -1.0170e-002 +3.5645e-001 -5.0953e-001 +1.8909e-001 +1.9744e+000 -1.5607e-001 +2.6863e+000 -1.2843e+000
114 0 +1.437601977e+002 +1.437601977e+002 +1.345501977e+002 +1.345501977e+002 -8.1188e-001 -1.4939e-001 -6.1020e-002 +1.8762e+000 +1.5922e+000 +9.5724e-001 +2.1159e+000 +2.2912e+000 +6.3477e-001 -3.0171e+000
179 0 +1.356024814e+002 +1.356024814e+002 +1.263924814e+002 +1.263924814e+002 +2.1680e+000 +2.3049e+000 +5.4167e-001 +1.8751e+000 -6.7814e-001 +6.9755e-002 +8.0923e-001 -1.0949e+000 +3.3051e+000 -3.3737e+000
202 0 +1.289139812e+002 +1.289139812e+002 +1.197039812e+002 +1.197039812e+002 -1.1984e+000 -1.6178e+000 +1.2522e+000 -1.5366e-001 -1.1220e+000 +4.0038e+000 +2.3181e+000 +1.3908e+000 -6.1870e-001 -4.5146e+000
208 0 +1.099187334e+002 +1.099187334e+002 +1.007087334e+002 +1.007087334e+002 +9.1181e-001 -8.5301e-001 +1.1052e+000 +1.5633e+000 -1.3427e-001 +1.5532e+000 +6.7518e-001 +2.4859e+000 +4.6699e+000 -2.9257e+000
239 0 +1.028973898e+002 +1.028973898e+002 +9.368738980e+001 +9.368738980e+001 +2.6809e+000 +1.4154e-001 +7.6080e-001 -5.7160e-001 +9.5999e-001 -3.4361e+000 +3.7395e+000 +2.0636e+000 +5.6544e+000 -4.5127e+000
257 0 +8.649113293e+001 +8.649113293e+001 +7.728113293e+001 +7.728113293e+001 +1.6131e+000 +2.5499e+000 +2.1551e+000 -1.6706e+000 -1.7722e+000 +1.1390e+000 +5.0193e+000 +2.5611e+000 +2.2111e+000 -4.8248e+000
309 0 +4.840495121e+001 +4.840495121e+001 +3.919495121e+001 +3.919495121e+001 +6.8031e+000 +2.6711e-002 +1.1142e+000 +5.8247e+000 -1.5049e+000 +4.0852e+000 +2.5001e+000 +6.8444e+000 +8.8108e+000 -3.9117e+000
325 0 +4.652037105e+001 +4.652037105e+001 +3.731037105e+001 +3.731037105e+001 +2.1424e+000 -1.0480e+000 +2.6050e+000 -4.8331e-002 -1.9367e-001 +2.8835e+000 +5.4361e+000 +6.6996e+000 +7.7601e+000 -7.2000e+000
415 0 +3.935667392e+001 +3.935667392e+001 +3.014667392e+001 +3.014667392e+001 +2.5492e+000 -7.8435e+000 +3.7620e+000 +2.2718e+000 -3.4486e+000 +2.7578e+000 +5.5660e+000 +1.3141e+001 +5.3225e+000 -9.5068e+000
439 0 +2.603138959e+001 +2.603138959e+001 +1.682138959e+001 +1.682138959e+001 +4.3588e+000 +1.6509e+000 +5.3718e+000 +8.0020e+000 -3.4710e+000 +1.3391e+001 +4.6321e+000 +2.4807e+000 +1.0158e+001 -5.3188e+000
606 0 +2.566174500e+001 +2.566174500e+001 +1.645174500e+001 +1.645174500e+001 -1.5274e+001 +8.2847e-001 +1.0819e+001 +8.2790e+000 -8.0928e+000 +5.3687e+000 +9.5210e+000 +2.2446e+001 +6.4519e+000 -1.4285e+001
617 0 +1.622317746e+001 +1.622317746e+001 +7.013177464e+000 +7.013177464e+000 +7.9578e+000 +1.5872e+001 +1.7669e+001 -2.5301e+000 -3.1832e+001 +1.5192e+001 +1.6703e+001 +1.2024e+001 +1.4973e+001 -2.1731e+001
634 0 +0.000000000e+000 +0.000000000e+000 -9.210000000e+000 -9.210000000e+000 +1.7464e+001 +6.0381e+000 +2.4122e+001 +9.4938e+000 -1.4844e+001 +8.8920e+000 +1.8231e+001 +3.3539e+001 +5.6901e+000 -7.3902e+000
% f evaluations | g evaluations | best noise-free fitness - Fopt | noise-free fitness - Fopt (6.559900000000e+002) | measured fitness | best measured fitness | x1 | x2...
1 0 +2.109157568e+002 +2.109157568e+002 +8.669057568e+002 +8.669057568e+002 -7.5378e-001 +2.2112e-001 -1.0485e+000 -5.2638e-001 -3.2429e-001 -4.4653e-001 +8.7827e-001 -1.2729e+000 -9.8992e-001 +4.6081e-001
5 0 +1.828556642e+002 +1.828556642e+002 +8.388456642e+002 +8.388456642e+002 -1.0973e+000 -1.2301e+000 -1.1003e+000 -1.2552e+000 -1.2908e+000 +1.4118e+000 -3.0500e+000 +6.3950e-001 -5.8028e-001 -8.6782e-002
8 0 +1.808675971e+002 +1.808675971e+002 +8.368575971e+002 +8.368575971e+002 +1.0643e+000 +3.4404e-001 -1.4252e+000 -9.6961e-001 -2.3853e-001 -2.0235e-001 -8.0993e-001 -3.1350e-001 -5.3831e-001 -1.5133e+000
9 0 +1.754949056e+002 +1.754949056e+002 +8.314849056e+002 +8.314849056e+002 -3.3681e-001 -5.2156e-001 +3.1193e-001 -2.1175e+000 +8.1714e-001 -1.8350e+000 -1.7058e+000 +7.4393e-001 -1.0540e+000 -8.7388e-001
51 0 +1.607564094e+002 +1.607564094e+002 +8.167464094e+002 +8.167464094e+002 +5.9236e-001 -8.5626e-001 -1.0766e-001 +1.7736e+000 -3.6328e-001 -3.3293e-001 -8.3118e-002 +4.8935e-001 -4.5481e-001 -2.8844e+000
108 0 +1.246694112e+002 +1.246694112e+002 +7.806594112e+002 +7.806594112e+002 -2.2970e+000 -9.6406e-001 -2.0988e+000 -3.6558e-001 -1.7618e+000 -2.6974e+000 -3.1973e+000 +1.4888e+000 +4.9170e-001 -4.3462e+000
221 0 +1.189198547e+002 +1.189198547e+002 +7.749098547e+002 +7.749098547e+002 -5.4860e-001 -1.9663e+000 -2.4750e+000 +3.5129e-001 -1.0293e+000 +1.8101e-001 -1.2958e+000 +2.8260e+000 -4.3675e-001 -5.5570e+000
244 0 +1.031986582e+002 +1.031986582e+002 +7.591886582e+002 +7.591886582e+002 -5.4422e-001 -1.6187e+000 +1.5216e+000 +7.6480e-001 +2.1167e-001 +1.0277e+000 -3.5271e+000 +4.3195e+000 -1.6707e+000 -4.9573e+000
248 0 +9.776139057e+001 +9.776139057e+001 +7.537513906e+002 +7.537513906e+002 +3.2764e+000 -7.2966e-001 +2.4302e+000 +4.5639e-001 -3.3320e+000 -2.6804e+000 -1.9010e+000 -9.4475e-001 -4.3318e+000 -4.9834e+000
302 0 +8.818090439e+001 +8.818090439e+001 +7.441709044e+002 +7.441709044e+002 +4.2133e+000 -1.5661e+000 -3.5163e+000 -2.9907e+000 +3.7886e-001 -1.9129e+000 -6.7701e-001 +6.3205e+000 -2.7860e+000 -6.6530e+000
345 0 +8.337719380e+001 +8.337719380e+001 +7.393671938e+002 +7.393671938e+002 +1.7139e+000 -1.9247e+000 +9.6547e-001 -3.5451e+000 +1.2371e+000 -5.2355e+000 -6.8863e+000 +1.9972e+000 -5.8978e+000 -3.7598e+000
387 0 +8.305112819e+001 +8.305112819e+001 +7.390411282e+002 +7.390411282e+002 -2.9296e-001 -6.2934e+000 -2.7231e+000 -2.6783e+000 -3.9830e+000 -2.1196e+000 +1.7308e+000 +2.8324e+000 -5.1670e+000 -6.3143e+000
388 0 +7.875365299e+001 +7.875365299e+001 +7.347436530e+002 +7.347436530e+002 +7.7879e-002 -6.5788e-001 +3.8908e+000 -2.7524e+000 -3.2255e+000 +6.4626e-001 -3.0045e+000 +4.6331e+000 -9.7164e+000 -9.2072e+000
396 0 +7.115492881e+001 +7.115492881e+001 +7.271449288e+002 +7.271449288e+002 +1.1052e+000 -1.9269e+000 -7.7277e-001 +7.9258e+000 +2.7528e+000 -4.6892e+000 +1.1946e+000 +6.2520e+000 -4.3804e+000 -1.0914e+001
404 0 +3.782054270e+001 +3.782054270e+001 +6.938105427e+002 +6.938105427e+002 +2.8694e+000 +4.7535e+000 -1.3254e+000 +7.3626e+000 -1.3030e+000 -3.1423e+000 -7.8171e+000 +7.0738e+000 -5.8701e+000 -1.0602e+001
501 0 +2.193350206e+001 +2.193350206e+001 +6.779235021e+002 +6.779235021e+002 +8.2911e+000 -1.7534e+001 -1.2700e+001 +2.2432e+000 +7.4802e-001 -1.3066e+001 -8.9117e+000 +6.7584e+000 -1.2347e+001 -1.4155e+001
567 0 +1.339754579e+001 +1.339754579e+001 +6.693875458e+002 +6.693875458e+002 -5.3500e+000 -9.8064e+000 -7.4395e+000 +3.5855e+000 -5.6796e+000 -1.0514e+001 -8.1103e+000 +5.4555e+000 -9.0994e+000 -1.5400e+001
637 0 +1.027581654e+001 +1.027581654e+001 +6.662658165e+002 +6.662658165e+002 -2.6153e-001 -3.3498e+001 -1.1004e+001 +2.6726e+000 -2.2404e+001 -1.8106e+001 -1.9490e+001 +2.2171e+001 -6.2166e+000 -2.7071e+001
802 0 +0.000000000e+000 +0.000000000e+000 +6.559900000e+002 +6.559900000e+002 +1.0946e+001 -2.2329e+001 -9.7412e+000 +1.0182e+001 -6.1920e+000 -5.4960e+001 -2.6032e+001 +5.0296e+001 -1.0049e+001 -4.9110e+001
% f evaluations | g evaluations | best noise-free fitness - Fopt | noise-free fitness - Fopt (6.671000000000e+001) | measured fitness | best measured fitness | x1 | x2...
1 0 +2.246590946e+002 +2.246590946e+002 +2.913690946e+002 +2.913690946e+002 +4.8659e-001 +8.9452e-001 -6.2989e-001 +1.1244e-001 +1.4938e-003 -2.1612e+000 -1.0969e+000 +8.1151e-001 +3.7623e-001 +1.5331e+000
2 0 +1.924150844e+002 +1.924150844e+002 +2.591250844e+002 +2.591250844e+002 +2.9595e-001 +2.3464e+000 -1.3801e-003 -2.4652e-001 -1.0549e+000 +1.1518e+000 +9.6264e-001 -4.3974e-001 -1.7616e-002 -1.0681e+000
9 0 +1.761813752e+002 +1.761813752e+002 +2.428913752e+002 +2.428913752e+002 +3.0215e-002 -3.8023e-001 -3.5316e-001 +2.9199e-001 -8.2072e-001 +1.5349e+000 +5.2966e-001 -1.4480e+000 -2.7687e-001 -1.4609e+000
28 0 +1.603094631e+002 +1.603094631e+002 +2.270194631e+002 +2.270194631e+002 +8.8756e-001 -1.0908e+000 -1.7700e+000 -6.8729e-001 -3.3034e-001 +5.2082e-001 -9.2976e-001 -1.3656e+000 +1.8105e+000 -1.2734e+000
109 0 +1.379468604e+002 +1.379468604e+002 +2.046568604e+002 +2.046568604e+002 +1.7810e+000 -2.0411e+000 -2.2680e+000 +1.1329e+000 -7.0376e-001 +6.2215e+000 -3.7617e-002 -1.4655e+000 +1.6832e+000 -1.7402e+000
124 0 +1.306807535e+002 +1.306807535e+002 +1.973907535e+002 +1.973907535e+002 -1.4959e-001 -1.1526e-001 -3.2943e+000 +2.3127e+000 -7.3064e-001 +1.5587e+000 -2.6929e+000 +5.8270e-001 +2.4112e+000 -2.7581e+000
137 0 +1.243227432e+002 +1.243227432e+002 +1.910327432e+002 +1.910327432e+002 -7.8181e-001 -1.5763e+000 +8.7845e-002 +2.7828e+000 -1.3077e+000 -2.5169e+000 -1.7245e+000 -3.1476e+000 +1.3344e+000 -3.9559e+000
202 0 +9.329671754e+001 +9.329671754e+001 +1.600067175e+002 +1.600067175e+002 -2.0225e+000 +1.0512e+000 -4.2113e+000 +8.8018e-001 -2.1279e+000 +4.0606e+000 -3.8633e+000 +8.4198e-001 +3.5110e+000 -4.0883e+000
209 0 +7.528714467e+001 +7.528714467e+001 +1.419971447e+002 +1.419971447e+002 +3.4996e+000 -2.2783e+000 -1.2976e+000 +2.6209e+000 -6.1850e+000 +4.0447e+000 -4.4558e+000 -3.1826e+000 +4.6452e-001 -6.3968e+000
250 0 +5.860025638e+001 +5.860025638e+001 +1.253102564e+002 +1.253102564e+002 +5.1763e-001 -2.3345e+000 +1.0477e+000 +3.5614e+000 -5.2236e+000 -2.2626e+000 -5.1817e+000 -4.7559e+000 +6.5215e+000 -4.1111e+000
339 0 +3.834173804e+001 +3.834173804e+001 +1.050517380e+002 +1.050517380e+002 -4.6645e+000 -1.0064e+001 -5.2285e+000 +1.7351e+000 -4.7350e+000 +1.1499e+001 +1.5139e+000 -7.6734e+000 +7.7489e+000 -7.1965e+000
386 0 +3.641287585e+001 +3.641287585e+001 +1.031228759e+002 +1.031228759e+002 +8.8502e+000 -2.3927e+000 -5.9438e+000 +1.1993e+001 -7.2477e+000 +1.0962e+001 -3.0512e+000 -3.3069e+000 +5.2102e+000 -7.7060e+000
408 0 +2.515372581e+001 +2.515372581e+001 +9.186372581e+001 +9.186372581e+001 -8.8849e+000 +4.0907e-001 -1.3187e+001 +5.0833e+000 -4.7246e+000 +3.0956e+000 -2.7255e+000 -1.1537e+001 +1.1137e+001 -7.1293e+000
510 0 +2.014749310e+001 +2.014749310e+001 +8.685749310e+001 +8.685749310e+001 +1.0991e+000 -2.9494e+000 -4.7800e+000 +1.7010e+001 -1.0350e+000 +1.3133e+001 -7.4417e+000 -4.1071e+001 +3.4490e+001 -7.2859e+000
540 0 +8.445521253e+000 +8.445521253e+000 +7.515552125e+001 +7.515552125e+001 +2.2425e+000 -3.0898e+001 -8.1395e+000 +5.1642e+000 -8.0799e+000 +4.6653e+000 -1.0120e+001 -8.9448e+000 +2.8662e+001 -1.3166e+001
688 0 +3.166467195e+000 +3.166467195e+000 +6.987646720e+001 +6.987646720e+001 -1.5533e+001 -2.5483e+000 -2.7034e+001 +1.7660e+001 -8.7380e+000 +2.1680e+001 -3.5030e+001 -1.8629e+001 +1.7125e+001 -3.9535e+001
728 0 +2.241359907e+000 +2.241359907e+000 +6.895135991e+001 +6.895135991e+001 -2.7586e+000 -1.5309e+001 -1.0499e+001 +3.0352e+001 -3.2717e+001 +3.8816e+001 -3.4258e+001 -5.4073e+001 +2.0189e+001 -2.9284e+001
819 0 +0.000000000e+000 +0.000000000e+000 +6.671000000e+001 +6.671000000e+001 -9.6694e+000 -7.3465e+001 -9.2354e+000 +1.7675e+001 -1.0902e+001 +2.3839e+001 -2.4125e+001 -7.8621e+001 +5.1727e+001 -2.0270e+001
% f evaluations | g evaluations | best noise-free fitness - Fopt | noise-free fitness - Fopt (9.416700000000e+002) | measured fitness | best measured fitness | x1 | x2...
1 0 +1.961636526e+002 +1.961636526e+002 +1.137833653e+003 +1.137833653e+003 +7.7592e-001 +2.9295e-001 -9.9570e-001 +6.8783e-001 -5.8000e-001 -1.8692e+000 -4.9917e-001 -8.3993e-001 -5.5254e-001 +1.8881e-001
2 0 +1.889418484e+002 +1.889418484e+002 +1.130611848e+003 +1.130611848e+003 -1.1973e+000 -1.8036e+000 +5.0812e-001 +1.4625e+000 +5.3179e-001 -2.9245e-001 +3.0163e-002 -1.1764e+000 +7.0925e-001 +4.0943e-001
7 0 +1.746570800e+002 +1.746570800e+002 +1.116327080e+003 +1.116327080e+003 +4.0094e-001 -2.0479e-002 +3.7264e-001 +1.4255e-001 -3.3660e+000 -2.8814e-001 -2.5570e+000 -2.1900e-001 +3.5886e-001 -2.7750e-001
9 0 +1.688164968e+002 +1.688164968e+002 +1.110486497e+003 +1.110486497e+003 +2.1141e+000 -3.9723e-001 +1.5392e-001 +2.6501e-001 +2.5928e+000 -6.3793e-001 -2.8951e+000 -2.0694e+000 +3.7786e-001 -1.2457e+000
26 0 +1.625188307e+002 +1.625188307e+002 +1.104188831e+003 +1.104188831e+003 -2.4000e-001 +3.9666e-002 +1.5459e-001 -1.2224e-001 -4.0395e-001 -1.2862e+000 -8.7452e-001 -3.4063e-001 +6.0913e-001 -2.5082e+000
102 0 +1.519728899e+002 +1.519728899e+002 +1.093642890e+003 +1.093642890e+003 +1.2992e+000 +1.4899e+000 +1.4165e+000 +8.8921e-001 -1.2439e+000 -1.2996e+000 +9.6170e-001 -2.0378e+000 +1.8248e+000 -2.1307e+000
130 0 +1.397114575e+002 +1.397114575e+002 +1.081381458e+003 +1.081381458e+003 -2.5169e+000 -2.6829e+000 +2.9058e+000 +1.0222e+000 +1.1828e+000 -3.7128e+000 +1.2357e+000 -9.8277e-001 +1.1489e+000 -3.2501e+000
142 0 +1.368349169e+002 +1.368349169e+002 +1.078504917e+003 +1.078504917e+003 +1.4595e+000 -1.4472e-001 +1.9347e+000 +2.4362e+000 +3.5784e-001 -2.7541e+000 -3.2222e+000 -3.4897e+000 +1.3081e+000 -5.4026e-001
155 0 +9.466572685e+001 +9.466572685e+001 +1.036335727e+003 +1.036335727e+003 -7.3414e-001 +2.9090e+000 +1.0768e+000 +2.4740e+000 -1.0757e+000 -4.5929e-001 -2.5445e+000 -4.6806e+000 +1.6354e+000 -4.8403e+000
202 0 +7.863398900e+001 +7.863398900e+001 +1.020303989e+003 +1.020303989e+003 -4.1098e+000 -7.0777e-001 +2.7091e+000 -1.8626e+000 -3.4473e+000 -2.7680e-001 -3.8833e+000 -4.8142e+000 +2.3710e+000 -4.4353e+000
312 0 +6.007237357e+001 +6.007237357e+001 +1.001742374e+003 +1.001742374e+003 +4.0311e+000 -6.6668e-001 -4.2203e+000 +7.2043e-001 -2.0111e+000 -1.5143e+000 -9.4105e+000 -1.1825e+001 +1.0867e+001 -8.2569e+000
345 0 +5.081343014e+001 +5.081343014e+001 +9.924834301e+002 +9.924834301e+002 -6.0752e+000 -3.8606e+000 +2.7931e+000 +1.4029e+001 +4.2642e+000 -2.3289e+000 -5.3645e+000 -3.2847e+000 +5.7692e+000 -1.0405e+001
358 0 +4.228154253e+001 +4.228154253e+001 +9.839515425e+002 +9.839515425e+002 -8.9366e-001 -8.6225e-001 +3.8404e+000 -5.6908e-002 +1.2849e+000 -6.3110e+000 -7.3729e+000 -9.4777e+000 +4.6753e+000 -7.9154e+000
417 0 +2.023032107e+001 +2.023032107e+001 +9.619003211e+002 +9.619003211e+002 +1.1376e+001 -6.0608e+000 +5.8093e+000 +7.7078e+000 -3.6149e+000 -1.4482e+001 -6.0229e+000 -1.3547e+001 +9.7859e+000 -9.2146e+000
434 0 +5.991204282e+000 +5.991204282e+000 +9.476612043e+002 +9.476612043e+002 -6.9873e+000 -9.3629e+000 +9.2911e+000 +1.8540e+001 -4.0886e+000 -5.1304e+000 -4.2556e+000 -5.6486e+000 +1.2002e+001 -1.0728e+001
650 0 +3.248563822e+000 +3.248563822e+000 +9.449185638e+002 +9.449185638e+002 -1.6098e+001 -1.2354e+001 +1.8536e+001 +3.4922e+000 -9.5598e+000 -3.9954e+001 -1.5012e+001 -1.2102e+001 +1.2327e+001 -1.8463e+001
652 0 +0.000000000e+000 +0.000000000e+000 +9.416700000e+002 +9.416700000e+002 -2.0373e+001 -1.7343e+001 +1.8111e+001 +2.0772e+001 -2.2679e+001 -7.3528e+000 -6.7265e+000 -8.5725e+000 +8.7289e+000 -1.0141e+001
% f evaluations | g evaluations | best noise-free fitness - Fopt | noise-free fitness - Fopt (-3.745000000000e+001) | measured fitness | best measured fitness | x1 | x2...
1 0 +2.236852667e+002 +2.236852667e+002 +1.862352667e+002 +1.862352667e+002 +4.0761e-001 -6.6594e-001 -8.0391e-001 +1.5338e-001 +2.2440e+000 +1.4387e-001 +5.1749e-001 -8.2293e-001 +5.8418e-001 -2.3345e+000
2 0 +2.077914054e+002 +2.077914054e+002 +1.703414054e+002 +1.703414054e+002 -1.5908e+000 +9.8454e-001 -2.9383e-001 +1.6771e+000 -4.9621e-001 +8.7500e-001 -1.4480e+000 +1.2679e+000 -5.0615e-001 +1.4694e+000
5 0 +1.935179537e+002 +1.935179537e+002 +1.560679537e+002 +1.560679537e+002 +1.2002e+000 +8.8970e-001 -1.1129e+000 -2.4365e-001 +2.0440e+000 +1.1730e+000 +1.0802e+000 +4.6658e-001 +1.6329e+000 -3.5759e-001
6 0 +1.846044537e+002 +1.846044537e+002 +1.471544537e+002 +1.471544537e+002 -1.4225e-001 +1.4792e+000 +8.5136e-001 -1.4822e+000 +2.6740e-001 -3.5679e-001 +3.2949e-001 +3.5323e-001 +8.1893e-001 +9.6352e-001
8 0 +1.737047181e+002 +1.737047181e+002 +1.362547181e+002 +1.362547181e+002 -2.2081e-001 -1.7409e-001 +1.9031e+000 -8.7840e-001 -1.2872e+000 +6.0577e-002 +6.6635e-002 -1.7059e+000 +1.0854e+000 +3.2824e-001
102 0 +1.543606882e+002 +1.543606882e+002 +1.169106882e+002 +1.169106882e+002 -9.9820e-001 -7.5162e-001 +1.5380e+000 +2.4730e+000 -3.8760e-001 +1.5999e+000 -4.4349e-001 -4.2087e+000 +1.4218e+000 +1.3710e+000
119 0 +1.499634284e+002 +1.499634284e+002 +1.125134284e+002 +1.125134284e+002 +6.4788e-001 -1.0160e+000 +2.5978e+000 -2.0928e+000 +6.5893e-001 +1.1152e+000 +7.6258e-001 -1.9224e+000 +1.9196e+000 +1.4105e+000
178 0 +1.458071431e+002 +1.458071431e+002 +1.083571431e+002 +1.083571431e+002 +1.0994e+000 +1.6459e+000 +1.9387e+000 +5.9304e-001 -1.6914e+000 +1.7168e+000 +1.7920e+000 -1.8191e+000 +6.6906e-001 +1.8080e+000
201 0 +1.200058773e+002 +1.200058773e+002 +8.255587731e+001 +8.255587731e+001 +4.2005e+000 -4.0643e+000 -2.8054e+000 +2.8126e+000 -4.2632e+000 -1.0241e+000 +2.4700e+000 -4.3291e+000 +3.3322e+000 +2.4731e+000
204 0 +9.935880776e+001 +9.935880776e+001 +6.190880776e+001 +6.190880776e+001 +3.7326e-001 -1.2076e+000 +2.3767e+000 +2.1858e+000 -3.4667e+000 -5.4243e-001 +9.6082e-001 -4.9021e+000 +3.2689e+000 +4.0065e+000
268 0 +9.318764658e+001 +9.318764658e+001 +5.573764658e+001 +5.573764658e+001 +1.0493e+000 +2.5619e+000 +3.3298e+000 +1.4964e-001 -3.5416e-001 +8.1314e-001 +2.7582e+000 -3.8056e+000 +3.1737e+000 +3.7473e+000
301 0 +8.777762616e+001 +8.777762616e+001 +5.032762616e+001 +5.032762616e+001 -1.7395e+000 +4.6930e+000 +8.3966e-001 -2.8389e+000 -3.3239e+000 +1.4561e+000 +7.1640e-001 -6.8160e+000 +3.3476e+000 +3.1031e+000
304 0 +7.537948116e+001 +7.537948116e+001 +3.792948116e+001 +3.792948116e+001 -1.9484e+000 +4.3824e+000 -3.0571e+000 -1.8787e-001 -3.9850e+000 +2.8827e+000 +2.2422e+000 -1.5650e+000 +5.0834e+000 +1.0508e+001
338 0 +7.194790103e+001 +7.194790103e+001 +3.449790103e+001 +3.449790103e+001 +3.9832e+000 +8.0184e+000 +3.2932e+000 -3.1380e+000 -1.8607e+000 +1.1417e-001 +6.5164e+000 -8.3803e-001 +3.3432e+000 +6.9978e+000
357 0 +6.398029918e+001 +6.398029918e+001 +2.653029918e+001 +2.653029918e+001 -1.7519e+000 +1.2707e+000 -3.1636e-001 -1.4445e+000 -1.9685e+000 +2.8379e+000 +8.1342e+000 -5.4626e+000 +2.4585e+000 +8.4865e+000
394 0 +6.041154283e+001 +6.041154283e+001 +2.296154283e+001 +2.296154283e+001 +6.2345e+000 +9.1051e-001 -2.1237e+000 -2.4424e+000 -9.1242e-001 +3.4394e+000 +5.2864e-001 -5.1947e+000 +7.1958e+000 +6.4308e+000
407 0 +5.912945443e+001 +5.912945443e+001 +2.167945443e+001 +2.167945443e+001 -1.0012e+001 +4.2484e+000 +2.7515e+000 -1.9208e+001 -6.3569e+000 +4.0159e+000 +5.4904e+000 -9.2685e+000 +2.4338e+000 +3.4009e+000
435 0 +5.666498236e+001 +5.666498236e+001 +1.921498236e+001 +1.921498236e+001 +1.1452e+000 -9.1521e+000 +1.3647e+000 -1.3516e+000 -9.9886e+000 +9.3874e+000 +9.3888e+000 -1.7149e+000 +9.9448e+000 +4.9086e+000
452 0 +2.728802975e+001 +2.728802975e+001 -1.016197025e+001 -1.016197025e+001 -5.6240e+000 +6.0936e+000 +6.7813e+000 -2.1554e+000 -6.0443e+000 +2.0684e+000 +1.0782e+001 -7.1146e+000 +7.8140e+000 +7.6436e+000
483 0 +2.170495555e+001 +2.170495555e+001 -1.574504445e+001 -1.574504445e+001 +4.8202e+000 +4.9573e-001 +2.9743e+000 -1.4058e+000 -4.6248e+000 +6.8031e+000 +4.2371e+000 -6.0462e+000 +6.8168e+000 +9.0493e+000
523 0 +4.890221734e+000 +4.890221734e+000 -3.255977827e+001 -3.255977827e+001 +4.8759e+000 +9.0645e+000 +6.5537e+000 -2.7878e+000 -2.8923e+001 +5.1513e+000 +5.5613e+000 -1.8628e+001 +2.0219e+001 +5.7593e+000
681 0 +0.000000000e+000 +0.000000000e+000 -3.745000000e+001 -3.745000000e+001 +1.6857e+001 +1.0326e+001 +6.2546e+000 -1.2503e+001 -2.3614e+001 +1.8682e+001 +5.9156e+000 -2.1400e+001 +7.4927e+000 +1.4268e+001
% f evaluations | g evaluations | best noise-free fitness - Fopt | noise-free fitness - Fopt (-6.639000000000e+001) | measured fitness | best measured fitness | x1 | x2...
1 0 +1.868971845e+002 +1.868971845e+002 +1.205071845e+002 +1.205071845e+002 -1.5486e+000 +2.1744e+000 +9.2385e-001 -9.0870e-001 -2.8175e-001 -2.6116e-001 -1.2224e+000 -2.0289e+000 +1.4188e+000 +7.2769e-002
7 0 +1.810997645e+002 +1.810997645e+002 +1.147097645e+002 +1.147097645e+002 -1.5557e-002 -9.3191e-002 -1.5102e+000 -8.0364e-001 +1.2116e+000 +2.9602e-001 +1.6700e+000 +3.4477e-002 +7.0520e-001 -1.1868e+000
25 0 +1.774920727e+002 +1.774920727e+002 +1.111020727e+002 +1.111020727e+002 +8.0158e-003 +8.1205e-001 -8.7438e-001 +1.2249e-001 +7.2422e-001 +1.0643e+000 +1.2898e+000 -1.9695e-001 -3.5604e-002 -1.5391e+000
53 0 +1.710162833e+002 +1.710162833e+002 +1.046262833e+002 +1.046262833e+002 -1.1824e+000 +3.5617e-001 -6.0726e-001 -1.8628e+000 -1.3290e-001 +8.5693e-002 +4.6667e-001 -3.1751e+000 -2.8938e-001 -1.5052e+000
108 0 +1.368934655e+002 +1.368934655e+002 +7.050346555e+001 +7.050346555e+001 -5.4250e-001 +2.6569e+000 -1.1660e+000 +8.6186e-001 +2.3356e-001 +1.3565e+000 +1.2441e+000 +1.5380e-001 +9.7166e-001 -4.3077e+000
128 0 +1.343300066e+002 +1.343300066e+002 +6.794000659e+001 +6.794000659e+001 +2.5828e-001 +1.2019e+000 +3.6413e-001 -1.8666e-001 -8.2982e-001 +1.5479e+000 +2.8749e-001 -2.7116e+000 +2.7377e+000 -2.3074e+000
205 0 +1.084139277e+002 +1.084139277e+002 +4.202392770e+001 +4.202392770e+001 -3.2228e+000 -2.5070e+000 +1.0718e+000 +3.2647e+000 -5.6080e+000 +2.7636e+000 +9.4493e-001 -4.9638e-001 +4.6264e+000 -2.3676e+000
214 0 +7.279107845e+001 +7.279107845e+001 +6.401078455e+000 +6.401078455e+000 -4.6107e+000 -8.6268e-001 -2.2294e+000 +1.2333e+000 -2.3483e+000 -9.1112e-001 +6.8537e+000 -4.9887e+000 +2.5511e+000 -4.5558e+000
305 0 +3.938892794e+001 +3.938892794e+001 -2.700107206e+001 -2.700107206e+001 -5.9722e-001 +3.0321e-001 -6.7097e-001 +1.1098e+001 -4.1983e-001 +5.0307e+000 +6.2190e+000 -5.5288e+000 +1.0770e+001 -4.1046e+000
465 0 +3.197091651e+001 +3.197091651e+001 -3.441908349e+001 -3.441908349e+001 -6.6877e+000 -1.4565e+000 +3.1617e+000 +9.9144e+000 -9.2395e+000 +7.5522e+000 +2.8418e+000 -6.2693e+000 +8.9348e+000 -5.5503e+000
508 0 +2.086222254e+001 +2.086222254e+001 -4.552777746e+001 -4.552777746e+001 -3.3968e+000 +3.8124e+000 +2.1601e+000 +1.0200e+001 -2.9223e+000 +1.3139e+001 +6.6679e+000 -1.3299e+001 +1.7824e+001 -6.5935e+000
642 0 +1.525700680e+001 +1.525700680e+001 -5.113299320e+001 -5.113299320e+001 -1.4449e+000 +3.2959e+001 -1.6260e+001 +4.9742e+000 -5.1070e+000 +1.4092e+001 +2.5416e+001 -1.6695e+001 +3.4958e+000 -6.1018e+000
651 0 +9.252970246e+000 +9.252970246e+000 -5.713702975e+001 -5.713702975e+001 -5.4996e+000 +1.4187e+001 +5.4701e-001 +8.2647e+000 -5.6129e+000 +1.7500e+001 +2.3148e+001 -3.7526e+001 +2.3828e+001 -2.8535e+001
670 0 +7.427453742e+000 +7.427453742e+000 -5.896254626e+001 -5.896254626e+001 -1.0796e+001 +9.7471e+000 -1.2993e+001 +1.1011e+001 -3.5168e+001 +3.2227e+000 +6.5809e+000 -1.6484e+001 +1.9447e+001 -4.8960e+000
708 0 +4.595645699e+000 +4.595645699e+000 -6.179435430e+001 -6.179435430e+001 -1.2318e+000 +4.3593e+000 -6.4926e+000 +1.2192e+001 -1.8920e+001 +2.2950e+001 +2.0058e+001 -1.0559e+001 +7.9982e+000 -7.8613e+000
753 0 +1.856917703e+000 +1.856917703e+000 -6.453308230e+001 -6.453308230e+001 -2.8253e+001 +1.4786e+001 -3.8868e+000 +4.4736e+001 -2.0277e+001 +4.3041e+001 +8.6506e+000 -8.7644e+000 +1.5931e+001 -1.5540e+001
783 0 +0.000000000e+000 +0.000000000e+000 -6.639000000e+001 -6.639000000e+001 -2.0462e+001 +1.0916e+001 -2.2366e+001 +2.5896e+001 -1.1583e+001 +1.3016e+001 +6.9149e+000 -1.9940e+001 +4.2120e+001 -5.2049e+000
% f evaluations | g evaluations | best noise-free fitness - Fopt | noise-free fitness - Fopt (-2.260100000000e+002) | measured fitness | best measured fitness | x1 | x2...
1 0 +1.892736294e+002 +1.892736294e+002 -3.673637057e+001 -3.673637057e+001 -1.8394e+000 -2.2698e+000 -1.0598e+000 +4.9587e-001 +5.5362e-002 -2.1275e+000 +1.5461e-001 +1.7755e-001 +1.2012e+000 +2.7310e-002
3 0 +1.753988917e+002 +1.753988917e+002 -5.061110831e+001 -5.061110831e+001 -1.1166e-001 +3.5648e-001 -7.8532e-001 +1.6266e+000 -1.1189e+000 -1.3275e-001 +1.5306e+000 +8.6634e-001 +2.4658e+000 -5.4109e-001
77 0 +1.631766553e+002 +1.631766553e+002 -6.283334470e+001 -6.283334470e+001 +1.3673e+000 -1.4797e+000 +1.6710e+000 +2.2683e+000 -1.7618e+000 -5.7451e-001 -1.1066e+000 +2.2340e+000 -2.9956e-001 -1.3599e+000
105 0 +1.387147326e+002 +1.387147326e+002 -8.729526744e+001 -8.729526744e+001 +1.0897e+000 +2.5567e+000 -7.5737e-001 -6.2861e-001 -1.0523e+000 -2.5856e-001 -9.9765e-001 +1.4923e+000 +3.3463e+000 -2.2695e+000
136 0 +1.326327276e+002 +1.326327276e+002 -9.337727240e+001 -9.337727240e+001 -7.7178e-001 -5.5553e-002 +1.9486e+000 +1.8294e+000 +1.4994e-001 +8.1328e-001 -7.7542e-001 +4.1986e-001 +3.2251e+000 -3.6076e+000
194 0 +1.263696462e+002 +1.263696462e+002 -9.964035381e+001 -9.964035381e+001 +2.1005e+000 +2.7965e+000 -4.3328e-001 +1.1879e+000 -1.1216e+000 +5.9319e-001 -1.8240e+000 +2.5929e+000 +3.7796e+000 -2.0366e+000
202 0 +8.960471743e+001 +8.960471743e+001 -1.364052826e+002 -1.364052826e+002 -2.9718e+000 +4.6785e+000 +6.7616e-001 +4.8656e+000 +5.6706e-002 +1.7144e+000 -1.9292e+000 +4.6197e-001 +5.5787e+000 -5.6217e+000
297 0 +6.453318901e+001 +6.453318901e+001 -1.614768110e+002 -1.614768110e+002 +1.5551e+000 -2.1784e+000 -8.7363e-001 +1.1187e+000 -6.5478e-001 -4.3703e+000 -6.5485e+000 +3.9488e+000 +3.7224e+000 -7.6767e+000
305 0 +5.826560897e+001 +5.826560897e+001 -1.677443910e+002 -1.677443910e+002 -5.9287e+000 +5.0074e+000 +6.8491e+000 +6.6654e+000 +1.5639e+000 -6.0136e+000 +3.6180e+000 +8.6326e+000 +1.1272e+001 -7.1364e+000
321 0 +4.580444407e+001 +4.580444407e+001 -1.802055559e+002 -1.802055559e+002 -3.9224e+000 +1.5927e+000 +6.0831e+000 +2.9956e+000 -9.9295e+000 -3.8528e+000 +1.8694e+000 +7.8149e+000 +9.1778e+000 -1.1164e+001
358 0 +3.298614539e+001 +3.298614539e+001 -1.930238546e+002 -1.930238546e+002 -8.3953e+000 +1.7542e+000 -7.1473e-001 -2.4548e-001 -3.6008e+000 -7.9485e+000 -4.8240e+000 +6.3984e+000 +4.5803e+000 -9.5707e+000
523 0 +1.995733752e+001 +1.995733752e+001 -2.060526625e+002 -2.060526625e+002 -1.1410e+001 +5.0723e+000 +3.6056e+000 -3.1837e+000 -1.7028e+001 -2.6045e+001 -6.0570e+000 +2.4964e+001 +1.5091e+001 -1.0641e+001
629 0 +1.001803824e+001 +1.001803824e+001 -2.159919618e+002 -2.159919618e+002 +5.0180e+000 +7.8566e+000 +9.7461e+000 +1.0183e+001 -7.3647e+000 -1.5294e+001 -5.4369e+000 +7.2909e+000 +1.5788e+001 -1.0989e+001
679 0 +1.093541794e-001 +1.093541794e-001 -2.259006458e+002 -2.259006458e+002 -4.8906e+000 +2.1257e+001 +1.0773e+001 +2.0165e+001 -1.0102e+001 -1.8020e+001 -1.6087e+001 +1.8894e+001 +1.3082e+001 -6.6903e+000
863 0 +0.000000000e+000 +0.000000000e+000 -2.260100000e+002 -2.260100000e+002 -2.7832e+001 +2.7959e+001 +3.8655e+001 +4.6051e+001 -4.0156e+001 -2.5777e+001 -3.9049e+001 +5.7060e+001 +4.7362e+001 -2.3366e+001
% f evaluations | g evaluations | best noise-free fitness - Fopt | noise-free fitness - Fopt (1.000000000000e+003) | measured fitness | best measured fitness | x1 | x2...
1 0 +2.205496315e+002 +2.205496315e+002 +1.220549631e+003 +1.220549631e+003 +1.4425e-001 -3.8465e-001 +9.3915e-001 +4.6645e-001 +1.1193e-001 +8.8512e-001 -3.5713e-001 +1.6109e+000 -9.2352e-001 -5.0971e-002
2 0 +1.919715455e+002 +1.919715455e+002 +1.191971545e+003 +1.191971545e+003 +3.4551e-001 +1.7520e+000 +1.8095e-001 -7.5314e-001 -1.1672e+000 +2.3214e+000 -6.2665e-001 -2.0693e+000 +5.7190e-002 -1.1177e-001
7 0 +1.887599121e+002 +1.887599121e+002 +1.188759912e+003 +1.188759912e+003 +1.6031e+000 -1.7585e-001 +1.4381e-001 +1.3861e+000 +1.3378e+000 -1.7994e+000 -3.2116e-001 -4.3719e-001 -1.5312e+000 -1.9192e+000
15 0 +1.784224605e+002 +1.784224605e+002 +1.178422460e+003 +1.178422460e+003 -7.7657e-001 +3.8321e-001 +1.2312e+000 -4.8605e-001 +6.9564e-001 +1.3069e+000 -2.0220e-001 -8.0344e-003 +2.2670e+000 -1.1740e+000
16 0 +1.764801331e+002 +1.764801331e+002 +1.176480133e+003 +1.176480133e+003 +1.3467e+000 +2.4296e-001 -3.6090e-002 -1.6966e+000 +6.4401e-001 +9.6614e-002 +2.2200e-001 -9.7428e-001 +1.2859e+000 -1.9989e+000
101 0 +1.390137307e+002 +1.390137307e+002 +1.139013731e+003 +1.139013731e+003 -2.7174e+000 -1.8132e-001 +2.5524e+000 +1.2146e+000 -7.9505e-001 -1.7406e+000 -1.4114e+000 -1.7465e+000 +1.1789e+000 -2.1360e+000
110 0 +1.115539836e+002 +1.115539836e+002 +1.111553984e+003 +1.111553984e+003 +2.1271e+000 -8.5209e-001 +9.4011e-001 +2.3937e+000 -2.1734e+000 -2.7101e+000 -1.1552e+000 -5.1931e+000 +2.2365e+000 -2.0856e+000
204 0 +1.000762143e+002 +1.000762143e+002 +1.100076214e+003 +1.100076214e+003 -3.1039e+000 +2.0790e+000 +3.4314e+000 +4.4449e+000 -5.8534e-001 -2.8517e+000 -1.2548e+000 +9.5915e-001 +2.7420e+000 -6.3781e+000
207 0 +8.391387302e+001 +8.391387302e+001 +1.083913873e+003 +1.083913873e+003 +1.6391e+000 +3.4983e+000 -5.2192e+000 +6.1754e+000 -6.6068e+000 +3.8671e+000 -2.3929e+000 -5.2026e+000 +3.1504e+000 -6.3737e+000
215 0 +7.210125890e+001 +7.210125890e+001 +1.072101259e+003 +1.072101259e+003 -1.8906e+000 +3.5712e+000 -1.5357e+000 +2.8867e+000 +1.1227e+000 -2.4681e+000 -7.4042e+000 -6.6439e+000 +4.3288e+000 -2.9641e+000
240 0 +6.620605561e+001 +6.620605561e+001 +1.066206056e+003 +1.066206056e+003 +2.6696e+000 +2.7547e-001 -2.3101e+000 +3.6403e+000 +2.9251e-001 -1.7637e+000 -5.0678e+000 -3.8440e+000 +4.5546e+000 -4.9425e+000
301 0 +6.390289317e+001 +6.390289317e+001 +1.063902893e+003 +1.063902893e+003 +7.6524e-001 -7.9800e-001 -3.3299e+000 +3.6300e-002 -2.7208e-001 -6.1432e+000 -3.9900e+000 -7.4327e+000 +3.9388e+000 -7.1672e+000
348 0 +4.369588315e+001 +4.369588315e+001 +1.043695883e+003 +1.043695883e+003 +2.0137e+000 +2.7025e-001 +2.9576e+000 +8.3578e+000 -5.5339e+000 -2.6269e+000 -5.2375e+000 -7.8027e+000 +3.6084e+000 -4.2137e+000
376 0 +4.067292378e+001 +4.067292378e+001 +1.040672924e+003 +1.040672924e+003 +8.6505e+000 +3.9660e+000 -3.2251e+000 +1.1360e+001 -1.5556e+001 -5.0983e+000 -7.5040e+000 -4.8947e+000 +3.5360e+000 -7.1286e+000
403 0 +3.939828445e+001 +3.939828445e+001 +1.039398284e+003 +1.039398284e+003 -7.6436e+000 -4.0855e+000 +8.6914e+000 -3.3458e+000 -6.5732e+000 -1.7481e+001 -2.9138e+000 -7.8989e+000 +1.2375e+001 -6.2818e+000
456 0 +3.450469118e+001 +3.450469118e+001 +1.034504691e+003 +1.034504691e+003 +7.3232e+000 -1.3647e+000 +1.8949e+000 +1.1217e+001 -8.6584e+000 -1.0806e+001 -4.6506e+000 -1.2340e+001 +1.5686e+001 -4.2840e+000
480 0 +2.839363457e+001 +2.839363457e+001 +1.028393635e+003 +1.028393635e+003 -1.0561e+000 -1.3551e+001 +1.2460e+001 +1.4008e+001 -1.5883e+001 -7.3395e+000 -4.8943e+000 -1.0420e+001 +1.3397e+001 -1.3725e+001
497 0 +2.072552250e+001 +2.072552250e+001 +1.020725522e+003 +1.020725522e+003 +4.9593e+000 +7.5576e+000 +1.3849e+001 +2.7071e+000 -5.6675e+000 -1.5669e+001 -3.7447e+000 -5.7739e+000 +7.8331e+000 -2.0217e+001
524 0 +1.929923536e+001 +1.929923536e+001 +1.019299235e+003 +1.019299235e+003 -1.1762e+001 +1.3028e+000 -3.7070e+000 +2.0151e+001 -1.6535e+001 -9.6495e+000 -1.7556e+001 -1.0663e+001 +1.7343e+001 -2.0212e+001
525 0 +1.275753565e+001 +1.275753565e+001 +1.012757536e+003 +1.012757536e+003 -2.2490e+001 -1.3761e+000 +2.2888e+000 +8.2495e+000 -1.2804e+001 -2.4744e+001 -1.2331e+001 -7.8545e+000 +2.7058e+001 -7.1973e+000
605 0 +0.000000000e+000 +0.000000000e+000 +1.000000000e+003 +1.000000000e+003 -1.5926e+001 +3.1266e+001 +7.1337e+000 +2.1711e+001 -1.5984e+001 -2.0113e+001 -9.7218e+000 -2.1551e+001 +7.3983e+000 -3.7999e+001
% f evaluations | g evaluations | best noise-free fitness - Fopt | noise-free fitness - Fopt (-1.830200000000e+002) | measured fitness | best measured fitness | x1 | x2...
1 0 +2.243764983e+002 +2.243764983e+002 +4.135649831e+001 +4.135649831e+001 +6.5406e-001 -2.0089e+000 +1.2306e+000 -9.6649e-001 +1.5277e+000 +2.2014e-001 -1.0849e+000 -3.5598e-001 -1.4958e+000 -1.5436e+000
2 0 +2.152302149e+002 +2.152302149e+002 +3.221021491e+001 +3.221021491e+001 +4.5094e-001 +1.9281e+000 -8.8225e-001 +3.6037e-001 +7.8100e-001 -9.9417e-001 -3.9582e-002 +2.0004e+000 +2.9470e-001 +5.7342e-001
3 0 +1.893307588e+002 +1.893307588e+002 +6.310758786e+000 +6.310758786e+000 +2.2787e+000 +6.5295e-001 -3.7851e-001 -6.6279e-002 +2.6165e-001 -1.0748e+000 -5.7071e-001 -3.4561e-001 +6.1060e-001 +7.9495e-001
10 0 +1.833396233e+002 +1.833396233e+002 +3.196233412e-001 +3.196233412e-001 +4.0479e-001 +1.8575e-001 -3.9496e-001 -2.0304e+000 +4.2529e-001 -2.3369e-001 +4.9560e-001 -1.1943e+000 +1.3858e+000 +2.2439e-001
18 0 +1.794848934e+002 +1.794848934e+002 -3.535106633e+000 -3.535106633e+000 +2.8403e-001 +1.3290e+000 -1.9421e+000 +6.1043e-001 +5.0947e-001 -1.2294e-001 +7.1438e-001 -3.1678e-001 +1.7135e+000 +1.4380e+000
57 0 +1.711957960e+002 +1.711957960e+002 -1.182420400e+001 -1.182420400e+001 +1.2763e-001 +4.3089e-001 -1.6821e+000 +2.8536e-001 -4.8837e-001 +1.0751e+000 +1.2585e+000 -2.2291e-001 +2.0199e+000 +1.5033e+000
82 0 +1.675139471e+002 +1.675139471e+002 -1.550605288e+001 -1.550605288e+001 -9.9540e-002 +6.8264e-001 +7.0960e-001 -1.2743e+000 -9.4087e-002 -6.7181e-001 +4.0588e-002 -2.9441e-001 +2.3678e+000 +1.8496e+000
102 0 +1.275932175e+002 +1.275932175e+002 -5.542678253e+001 -5.542678253e+001 +1.9467e-001 +2.0568e+000 -3.2680e+000 -6.8709e-001 -2.2862e+000 +2.0855e+000 -2.5676e+000 -3.6126e+000 +2.0915e+000 +8.6601e-001
153 0 +1.117237560e+002 +1.117237560e+002 -7.129624398e+001 -7.129624398e+001 -1.1270e+000 -1.9152e-001 -2.4101e+000 -2.7483e+000 -1.0240e+000 +2.7973e+000 -2.1209e+000 -1.3799e+000 +3.3149e+000 +2.6877e+000
233 0 +9.105435421e+001 +9.105435421e+001 -9.196564579e+001 -9.196564579e+001 +3.2375e+000 +8.3966e-001 -3.0309e+000 -4.1095e-001 +2.8405e+000 +1.4148e+000 -3.2484e+000 -1.3814e+000 +4.4765e+000 +6.0010e+000
235 0 +7.496921869e+001 +7.496921869e+001 -1.080507813e+002 -1.080507813e+002 +1.1326e+000 -1.0748e+000 +3.0045e+000 -2.3472e+000 -7.5885e-001 +1.6271e+000 -1.5584e+000 -3.8211e+000 +5.3504e+000 +5.8763e+000
283 0 +7.392555040e+001 +7.392555040e+001 -1.090944496e+002 -1.090944496e+002 -3.5044e-001 -8.4793e-001 -1.9489e+000 +1.2334e-001 -4.9143e+000 +2.2772e+000 +6.8578e-001 -5.3412e+000 +4.7153e+000 +4.1534e+000
316 0 +5.666721211e+001 +5.666721211e+001 -1.263527879e+002 -1.263527879e+002 +1.2349e+000 -8.6629e+000 +1.9327e+000 -6.9703e+000 -2.0855e+000 +4.8852e+000 -1.9984e+000 -2.3749e+000 +4.5937e+000 +9.4481e+000
351 0 +5.320066833e+001 +5.320066833e+001 -1.298193317e+002 -1.298193317e+002 +7.1847e-001 +1.1244e+000 -5.1408e-001 -8.5196e+000 +2.8582e+000 +3.4512e+000 -3.6870e+000 -1.3133e+001 +5.6658e+000 +5.4368e+000
403 0 +4.253023398e+001 +4.253023398e+001 -1.404897660e+002 -1.404897660e+002 +3.7617e+000 +6.1007e+000 -1.1855e+000 +4.5579e+000 -5.7421e+000 +8.5897e+000 -9.0006e+000 -5.8493e+000 +5.1033e+000 +8.4198e+000
436 0 +1.298841320e+001 +1.298841320e+001 -1.700315868e+002 -1.700315868e+002 +6.2591e+000 -2.1437e+000 -1.0624e+000 -5.2857e+000 -8.0554e+000 +6.8522e+000 -4.4116e+000 -8.6966e+000 +5.0698e+000 +1.1476e+001
622 0 +1.092442712e+001 +1.092442712e+001 -1.720955729e+002 -1.720955729e+002 +3.5524e+001 -1.2114e+001 -1.4560e+001 -1.8515e+001 -2.9638e+001 +1.3597e+001 -5.1902e+000 -2.2383e+001 +1.1385e+001 +3.9076e+000
755 0 +4.264427374e+000 +4.264427374e+000 -1.787555726e+002 -1.787555726e+002 +7.3557e-001 -1.1902e+001 -4.2613e+001 -3.4797e+001 -2.8703e+001 +5.9733e+001 -7.8202e+001 -1.2779e+001 +1.0979e+001 +3.8717e+001
757 0 +0.000000000e+000 +0.000000000e+000 -1.830200000e+002 -1.830200000e+002 +1.3711e+001 -3.0780e+001 -2.0262e+001 -3.4008e+001 -6.3852e+001 +1.2555e+001 -3.9917e+001 -1.7845e+001 +6.2893e+001 +1.4127e+001
% f evaluations | g evaluations | best noise-free fitness - Fopt | noise-free fitness - Fopt (-1.026200000000e+002) | measured fitness | best measured fitness | x1 | x2...
1 0 +1.721263169e+002 +1.721263169e+002 +6.950631687e+001 +6.950631687e+001 -1.5328e+000 -5.7775e-001 -8.4542e-001 -1.6133e+000 +1.8589e-001 +1.3869e+000 -8.2697e-001 -4.2888e-001 +7.3286e-001 +1.5148e+000
5 0 +1.679045771e+002 +1.679045771e+002 +6.528457709e+001 +6.528457709e+001 +1.5225e+000 +3.3420e-001 +5.8863e-001 +1.3846e-001 +6.8117e-001 -2.7818e-001 -2.4889e-001 -3.9567e-001 +2.0642e+000 +2.1583e+000
106 0 +1.383302095e+002 +1.383302095e+002 +3.571020949e+001 +3.571020949e+001 +1.6431e+000 +1.1814e+000 -3.7417e+000 +1.3204e+000 +6.0206e-001 +7.2273e-001 +2.7665e+000 -2.2193e+000 +1.0755e+000 +2.7044e+000
133 0 +1.303768889e+002 +1.303768889e+002 +2.775688890e+001 +2.775688890e+001 -2.0405e+000 -7.0761e-001 +1.7990e+000 -3.1266e+000 -5.6608e-001 +6.1245e-001 +1.0868e+000 -6.3156e-001 +3.7311e+000 +2.8936e+000
140 0 +1.247063756e+002 +1.247063756e+002 +2.208637560e+001 +2.208637560e+001 +1.5996e+000 +2.9963e-001 +3.7683e+000 -2.7939e+000 +3.1207e+000 -9.5904e-001 +6.7335e-001 -3.6015e+000 +3.5765e+000 +2.4250e+000
201 0 +1.195098774e+002 +1.195098774e+002 +1.688987743e+001 +1.688987743e+001 +2.3302e-001 -2.9137e+000 +1.0979e+000 -7.0308e-001 +3.3403e+000 +7.7401e-001 +1.9553e+000 -1.1989e+000 +3.1949e+000 +2.8548e+000
216 0 +1.151035258e+002 +1.151035258e+002 +1.248352579e+001 +1.248352579e+001 -2.0960e+000 +1.1050e+000 +1.5706e+000 -3.7572e+000 +9.2546e-001 +4.6380e+000 +5.7245e-001 -3.8873e+000 -1.5632e+000 +5.4485e+000
221 0 +9.780551933e+001 +9.780551933e+001 -4.814480672e+000 -4.814480672e+000 -2.2851e+000 -2.4132e+000 +1.3182e+000 +2.0192e+000 +8.9065e-002 +3.5301e+000 +6.7181e-001 -2.0990e+000 +3.7524e+000 +6.3592e+000
224 0 +9.578496090e+001 +9.578496090e+001 -6.835039102e+000 -6.835039102e+000 -1.2149e-001 -1.6574e+000 -4.6584e+000 +2.4353e+000 +4.4851e+000 +8.0919e-001 +4.6312e+000 -6.9420e+000 -1.6896e+000 +5.6296e+000
301 0 +6.949393520e+001 +6.949393520e+001 -3.312606480e+001 -3.312606480e+001 -3.3680e+000 -1.7532e+000 -5.1118e+000 -1.1042e+001 +2.0243e+000 +5.1469e+000 +4.0566e+000 -1.0682e+001 +2.5046e+000 +1.8312e+000
331 0 +6.331520619e+001 +6.331520619e+001 -3.930479381e+001 -3.930479381e+001 +5.5205e+000 +6.3797e-001 -4.7757e+000 +2.8407e+000 +7.0890e+000 +7.0442e+000 +6.4686e-001 -6.7114e+000 +3.9615e+000 +1.1744e+001
335 0 +4.452215251e+001 +4.452215251e+001 -5.809784749e+001 -5.809784749e+001 -6.5266e+000 +1.2516e+000 +2.9486e+000 -4.8549e+000 +9.9641e-001 +2.5875e+000 +6.1144e+000 -7.2488e+000 +5.1760e+000 +4.6934e+000
346 0 +3.902129173e+001 +3.902129173e+001 -6.359870827e+001 -6.359870827e+001 -7.6926e+000 +1.1990e+000 +5.3583e-001 +1.4375e+000 +3.3466e+000 +7.3091e+000 +4.6740e+000 -4.7001e+000 +5.7418e+000 +9.7786e+000
454 0 +2.217452511e+001 +2.217452511e+001 -8.044547489e+001 -8.044547489e+001 -5.1267e+000 -4.9721e+000 -3.5590e+000 -7.9269e+000 +8.3970e+000 +5.8358e+000 +1.4877e+001 -7.4126e+000 +1.6444e+001 +3.0265e+000
496 0 +2.098778188e+001 +2.098778188e+001 -8.163221812e+001 -8.163221812e+001 -1.1699e+001 -1.7362e+001 -3.4549e+000 -4.7790e+000 +1.5937e-001 +5.8554e+000 +4.0381e+000 -5.0737e+000 +1.9577e+001 +8.3741e+000
525 0 +0.000000000e+000 +0.000000000e+000 -1.026200000e+002 -1.026200000e+002 -7.2704e+000 -1.0952e+001 -8.7184e+000 -8.5683e+000 +1.7800e+001 +8.4739e+000 +1.0392e+001 -1.2252e+001 +2.3118e+001 +2.5266e+001
% f evaluations | g evaluations | best noise-free fitness - Fopt | noise-free fitness - Fopt (9.953000000000e+001) | measured fitness | best measured fitness | x1 | x2...
1 0 +2.008081410e+002 +2.008081410e+002 +3.003381410e+002 +3.003381410e+002 -1.6599e+000 +1.1152e+000 +7.2697e-001 +1.2229e+000 -1.7246e+000 -5.7535e-001 -7.1911e-001 -2.1860e+000 +1.0467e+000 -7.1021e-001
4 0 +2.001233340e+002 +2.001233340e+002 +2.996533340e+002 +2.996533340e+002 -1.2158e+000 +1.0083e+000 -7.6049e-001 -1.4142e+000 +9.3525e-001 +4.8288e-001 -5.4788e-001 +2.4704e-001 -3.4425e-001 -3.1098e-001
9 0 +1.868355992e+002 +1.868355992e+002 +2.863655992e+002 +2.863655992e+002 -6.4111e-001 -2.2568e-001 +9.8531e-001 +1.2542e+000 -1.1525e-001 +1.6260e+000 -9.0536e-001 -2.5160e+000 -1.0807e-001 +1.7194e-001
12 0 +1.648104283e+002 +1.648104283e+002 +2.643404283e+002 +2.643404283e+002 -1.4303e+000 -1.4574e+000 -6.4283e-001 +1.0334e+000 +2.3593e-001 +4.6842e-001 +1.0163e+000 -8.7757e-001 -1.7162e+000 -7.3199e-001
116 0 +1.492595781e+002 +1.492595781e+002 +2.487895781e+002 +2.487895781e+002 +2.7539e+000 +4.9662e+000 -9.7029e-001 -1.6489e+000 +2.9396e+000 +3.1130e+000 -5.2473e-001 +1.8658e-001 -3.5209e+000 -2.3116e+000
140 0 +1.428454824e+002 +1.428454824e+002 +2.423754824e+002 +2.423754824e+002 -1.7149e+000 -3.5061e+000 +9.9666e-001 +2.5695e+000 +9.8997e-001 +5.1479e+000 +4.3297e-001 -2.7028e-002 -1.8975e+000 -1.3799e+000
145 0 +1.322847852e+002 +1.322847852e+002 +2.318147852e+002 +2.318147852e+002 +2.4812e-001 -6.8812e-001 +1.7455e+000 +3.4087e+000 -1.8716e+000 +1.2141e+000 +1.8663e+000 -2.4764e+000 -1.9576e+000 -2.9169e+000
165 0 +1.189778339e+002 +1.189778339e+002 +2.185078339e+002 +2.185078339e+002 -5.7237e-002 +1.5019e+000 +4.9964e-001 -2.3888e+000 -3.7230e-001 +4.5244e+000 +2.4808e+000 -1.8130e-001 -2.3730e+000 -4.7033e+000
201 0 +1.109485134e+002 +1.109485134e+002 +2.104785134e+002 +2.104785134e+002 +8.3456e-002 -3.8671e-001 -5.5929e+000 +5.1675e+000 -8.1407e-001 +8.7126e+000 -1.5744e+000 -1.2811e-001 -3.7918e+000 -3.5347e+000
214 0 +9.625616234e+001 +9.625616234e+001 +1.957861623e+002 +1.957861623e+002 +2.8322e-001 -3.2129e+000 +4.8500e+000 +6.0679e+000 +1.8542e-001 +1.7034e+000 -2.5919e+000 -5.0408e+000 -3.4822e+000 -5.3966e+000
252 0 +7.454887071e+001 +7.454887071e+001 +1.740788707e+002 +1.740788707e+002 -1.3320e+000 -6.2628e-001 -3.0774e+000 +3.7644e+000 +3.1952e+000 +4.0619e+000 +1.4137e+000 -9.9024e-001 -4.8517e+000 -4.0863e+000
284 0 +6.401170730e+001 +6.401170730e+001 +1.635417073e+002 +1.635417073e+002 +2.3691e+000 -1.0602e+000 -3.5721e+000 -1.6161e+000 -2.7660e+000 +8.2614e+000 +3.1106e+000 -5.2801e+000 -6.3510e+000 -4.5461e+000
303 0 +4.898992810e+001 +4.898992810e+001 +1.485199281e+002 +1.485199281e+002 +3.9617e-001 -3.2994e+000 +3.2532e-001 +2.1254e+000 -9.2276e-001 +8.4735e+000 +8.8307e+000 -3.3585e+000 -5.0266e+000 -6.6748e+000
336 0 +4.585927623e+001 +4.585927623e+001 +1.453892762e+002 +1.453892762e+002 -7.4399e+000 -5.0103e+000 -2.1535e+000 -2.4031e+000 +5.1735e-001 +1.1771e+001 +6.6933e+000 -2.8835e+000 -1.0150e+001 -7.8580e+000
362 0 +3.561919628e+001 +3.561919628e+001 +1.351491963e+002 +1.351491963e+002 +1.0620e+000 -8.3937e+000 -1.1175e+000 +6.0557e+000 -8.0632e-002 +5.7825e+000 +3.7151e+000 -4.6042e+000 -4.9216e+000 -1.0406e+001
455 0 +2.279096318e+001 +2.279096318e+001 +1.223209632e+002 +1.223209632e+002 +1.4500e+000 -1.6670e+000 -2.1661e+000 +1.6074e+000 +1.8229e+001 +6.1278e+000 +2.3889e+001 -6.5022e+000 -1.8222e+001 -1.7965e+001
467 0 +9.268653108e+000 +9.268653108e+000 +1.087986531e+002 +1.087986531e+002 -2.6449e+000 -4.0701e-001 -4.4116e+000 +1.4835e+001 +1.1602e+001 +1.0535e+001 +1.1911e+001 -1.3719e+001 -2.2406e+001 -9.7795e+000
525 0 +6.067233859e-001 +6.067233859e-001 +1.001367234e+002 +1.001367234e+002 -1.1388e+001 -1.0244e+001 -5.1281e+000 +1.7584e+001 +1.1903e+001 +1.1094e+001 +2.1480e+001 -3.5967e+001 -2.5409e+001 -4.9393e+000
559 0 +0.000000000e+000 +0.000000000e+000 +9.953000000e+001 +9.953000000e+001 -2.3316e+001 -5.5193e+000 -1.0892e+001 +1.7887e+001 +3.9945e+001 +5.0363e+000 +9.6541e+000 -2.0817e+001 -6.6470e+000 -2.1051e+001
% f evaluations | g evaluations | best noise-free fitness - Fopt | noise-free fitness - Fopt (1.495900000000e+002) | measured fitness | best measured fitness | x1 | x2...
1 0 +2.005927923e+002 +2.005927923e+002 +3.501827923e+002 +3.501827923e+002 +8.7631e-001 +1.9408e+000 -2.4175e-001 +1.3381e+000 +6.1909e-001 -3.5994e-001 -1.2077e+000 -1.3481e+000 +1.4707e+000 +9.6879e-001
2 0 +1.945611117e+002 +1.945611117e+002 +3.441511117e+002 +3.441511117e+002 -1.0292e+000 +2.8161e+000 +8.8292e-001 +4.8257e-001 +9.2463e-002 +5.3728e-001 +3.1355e-001 +1.9907e+000 +2.1342e+000 +6.0153e-002
3 0 +1.854279022e+002 +1.854279022e+002 +3.350179022e+002 +3.350179022e+002 -3.5588e-001 +2.6609e-001 -1.1940e+000 +2.2574e-001 -8.6590e-001 +2.5850e-001 -8.7417e-002 -1.9639e-001 +7.3902e-001 -1.1702e+000
9 0 +1.788801140e+002 +1.788801140e+002 +3.284701140e+002 +3.284701140e+002 -3.3828e-001 +4.8812e-001 -2.5905e+000 -9.0312e-001 -1.4000e-001 -1.8098e+000 +1.1054e-001 -4.7706e-002 +8.6755e-001 -1.7609e+000
14 0 +1.724912594e+002 +1.724912594e+002 +3.220812594e+002 +3.220812594e+002 -4.9005e-001 +8.3110e-001 +1.1189e-001 -4.0571e-001 +2.1002e-001 +1.4034e-001 +1.3717e+000 +1.3425e-001 +2.3733e+000 -4.5788e-001
100 0 +1.688113245e+002 +1.688113245e+002 +3.184013245e+002 +3.184013245e+002 +9.3697e-001 -2.7995e-001 +5.9794e-001 -2.0338e+000 -4.9017e-001 +1.6052e+000 +3.6521e-001 +3.9630e-001 +3.3019e+000 -4.1608e-001
101 0 +1.640608896e+002 +1.640608896e+002 +3.136508896e+002 +3.136508896e+002 -1.6252e+000 +7.7174e-001 -4.2708e-001 -1.6639e+000 +2.2843e+000 +5.8761e-001 -7.8991e-001 -1.8078e+000 +1.1694e+000 -8.6745e-001
109 0 +1.524696675e+002 +1.524696675e+002 +3.020596675e+002 +3.020596675e+002 -1.2112e+000 +1.3950e+000 -2.2426e-001 +1.7201e+000 -1.2992e+000 -3.9226e-001 +2.0562e+000 -3.8328e+000 +2.2737e+000 -7.0956e-001
128 0 +1.406910310e+002 +1.406910310e+002 +2.902810310e+002 +2.902810310e+002 +4.8150e-001 +7.7178e-001 +6.5068e-001 -3.3699e+000 -6.7942e-001 +1.4683e+000 +2.2496e+000 -2.7944e+000 +3.8044e+000 +3.0696e-001
211 0 +1.239573996e+002 +1.239573996e+002 +2.735473996e+002 +2.735473996e+002 +2.0224e-001 +1.5917e+000 +1.4251e+000 +2.2859e+000 +1.5826e+000 +5.2928e+000 +1.1045e+000 -5.0472e+000 -1.6164e+000 -4.0880e+000
223 0 +1.035514597e+002 +1.035514597e+002 +2.531414597e+002 +2.531414597e+002 +7.8027e-001 -3.5004e+000 -2.2249e+000 +7.2507e-001 -1.0654e+000 +1.9375e+000 +2.7163e+000 -1.2756e+000 +3.8351e+000 -5.0871e+000
256 0 +1.010045785e+002 +1.010045785e+002 +2.505945785e+002 +2.505945785e+002 -1.0106e+000 -1.0906e+000 -3.0001e+000 +1.2926e+000 -1.4158e+000 -3.0395e-001 +3.0023e+000 -3.2585e+000 +4.0364e+000 -4.1832e+000
272 0 +8.085437985e+001 +8.085437985e+001 +2.304443799e+002 +2.304443799e+002 +6.2002e-002 +2.4035e+000 +8.0132e-001 -2.2803e+000 +3.5478e+000 +3.3914e+000 +2.2650e+000 -2.2800e+000 +4.8116e+000 -3.3380e+000
286 0 +7.562197218e+001 +7.562197218e+001 +2.252119722e+002 +2.252119722e+002 -3.1229e-001 +3.4683e-001 -1.0895e+000 -3.0326e+000 +6.2461e-001 +3.5912e+000 +3.2421e+000 -2.0156e-001 +1.0189e+001 -6.0306e+000
319 0 +4.634332992e+001 +4.634332992e+001 +1.959333299e+002 +1.959333299e+002 -6.3954e+000 +5.8143e+000 +1.6840e+000 -3.8962e+000 -9.8569e-001 +4.8118e+000 +6.5700e+000 -3.8113e+000 +3.9205e+000 -7.9246e+000
408 0 +2.237817734e+001 +2.237817734e+001 +1.719681773e+002 +1.719681773e+002 -5.0501e+000 -3.5744e+000 -1.2302e+001 -6.8244e+000 +1.1041e+001 +1.0775e+001 +2.5647e+000 -9.0006e+000 +5.3167e+000 -8.0701e+000
417 0 +1.539665756e+001 +1.539665756e+001 +1.649866576e+002 +1.649866576e+002 +4.7962e+000 +1.1286e+001 -6.7610e+000 -1.2621e+001 +1.3954e+001 +4.3093e+000 +8.7165e+000 -5.6004e+000 +4.5973e+000 -9.9682e+000
639 0 +1.379853249e+001 +1.379853249e+001 +1.633885325e+002 +1.633885325e+002 +2.6362e+000 +6.9471e-001 -3.5095e+001 -8.2244e+000 +8.7318e+000 +2.0028e+001 +4.8703e+000 -8.8587e+000 +2.1175e+001 -2.2587e+001
729 0 +1.339456677e+001 +1.339456677e+001 +1.629845668e+002 +1.629845668e+002 -2.4402e+001 +2.2508e+001 -4.7461e+001 -7.1392e+000 +6.5168e+001 +2.8698e+001 +6.5838e+000 -2.7657e+000 +4.1755e+001 -8.6971e+000
752 0 +1.076833291e+001 +1.076833291e+001 +1.603583329e+002 +1.603583329e+002 -2.6683e+001 +4.3561e+000 -6.0848e+000 -9.8927e+000 +9.0459e+000 +2.2350e+000 +1.1146e+001 -2.4042e+001 +1.5418e+001 -4.1938e+001
757 0 +0.000000000e+000 +0.000000000e+000 +1.495900000e+002 +1.495900000e+002 -8.8805e+000 +1.8683e+001 -1.8301e+001 -2.1205e+001 +1.0070e+001 +3.6948e+001 +2.9762e+001 -1.5819e+001 +2.0435e+001 -5.0722e+001
% f evaluations | g evaluations | best noise-free fitness - Fopt | noise-free fitness - Fopt (-1.000000000000e+003) | measured fitness | best measured fitness | x1 | x2...
1 0 +1.864841587e+002 +1.864841587e+002 -8.135158413e+002 -8.135158413e+002 +7.5228e-001 -7.6749e-001 +1.1207e+000 +1.0569e+000 +1.8423e-001 -4.3998e-001 +5.8133e-001 -1.0155e+000 +1.6608e+000 +3.0960e-002
11 0 +1.814797465e+002 +1.814797465e+002 -8.185202535e+002 -8.185202535e+002 +3.1161e-001 -9.3445e-001 +7.9026e-001 -1.1562e+000 +1.7492e+000 +7.5010e-001 -1.0640e+000 -7.8339e-001 -5.5079e-001 -1.7121e+000
53 0 +1.580534223e+002 +1.580534223e+002 -8.419465777e+002 -8.419465777e+002 +2.3645e+000 +4.3411e-001 -5.0872e-001 +2.7177e-001 -3.8027e-001 +5.1120e-001 +6.5255e-001 -1.7157e-001 +3.6654e+000 -1.1011e+000
114 0 +1.428666551e+002 +1.428666551e+002 -8.571333449e+002 -8.571333449e+002 -1.6661e+000 +3.9419e-001 -5.2948e-001 +7.4090e-001 -1.8527e-001 +1.4430e+000 +1.5314e+000 -8.1598e-001 +2.2358e+000 -3.0388e+000
118 0 +1.316510068e+002 +1.316510068e+002 -8.683489932e+002 -8.683489932e+002 +2.8423e+000 +1.9017e+000 +2.3550e-001 -4.2602e-001 -2.8993e-001 +3.6856e+000 +7.1611e-001 +9.8376e-001 +2.6923e+000 -4.1075e+000
220 0 +1.071192135e+002 +1.071192135e+002 -8.928807865e+002 -8.928807865e+002 +1.9693e+000 -6.6567e-001 +2.9595e+000 -3.8755e+000 +7.8483e+000 -4.7243e-001 -4.9899e-001 -2.0177e+000 +2.4529e+000 -1.1774e+001
221 0 +6.168023474e+001 +6.168023474e+001 -9.383197653e+002 -9.383197653e+002 -7.6043e-001 +3.1005e+000 -7.2079e-001 -7.6907e-001 +7.4751e-001 +4.9153e+000 +5.1082e+000 -2.7723e+000 +4.9748e+000 -4.6482e+000
341 0 +5.503083726e+001 +5.503083726e+001 -9.449691627e+002 -9.449691627e+002 +2.0033e+000 +3.0757e-001 +8.9422e-001 -1.3389e-001 +1.1743e+001 +4.2711e+000 +2.0499e+000 -3.5737e+000 +5.5336e+000 -9.5929e+000
369 0 +5.392797902e+001 +5.392797902e+001 -9.460720210e+002 -9.460720210e+002 -5.7004e+000 +6.2659e+000 +1.5526e+000 -1.2381e+001 +7.7319e+000 +6.1544e+000 +1.0860e+001 -2.0397e+000 +1.0959e+001 -1.2874e+001
406 0 +5.138581528e+001 +5.138581528e+001 -9.486141847e+002 -9.486141847e+002 +1.5079e+001 -1.7292e+000 -8.1094e+000 -1.1679e+001 -1.9612e+000 +9.7159e-001 +2.1315e+000 -1.9364e+001 +1.0256e+001 -1.4743e+001
410 0 +2.248707535e+001 +2.248707535e+001 -9.775129246e+002 -9.775129246e+002 -6.0609e+000 -2.5381e+000 -1.7657e+000 -1.2379e+001 +3.9753e+000 +7.8458e+000 +6.4379e+000 -5.6883e+000 +1.0749e+001 -1.9977e+001
460 0 +1.783564895e+001 +1.783564895e+001 -9.821643511e+002 -9.821643511e+002 +8.1265e+000 -3.5646e+000 -2.2071e+000 +2.5564e-001 +1.6728e+001 +1.7589e+001 +5.5003e+000 -1.8272e+001 +1.1036e+001 -6.7856e+000
508 0 +1.111081592e+001 +1.111081592e+001 -9.888891841e+002 -9.888891841e+002 +1.8290e+001 -1.5177e+001 +1.6608e+000 -1.5096e+001 +1.4793e+001 +6.9192e+000 +7.6294e+000 -1.6039e+001 +6.1247e+000 -1.2266e+001
579 0 +6.431630289e+000 +6.431630289e+000 -9.935683697e+002 -9.935683697e+002 +7.3605e+000 -7.3083e+000 -1.8592e+001 -1.3021e+001 +7.4063e+000 +8.4813e+000 +3.6143e+000 -1.3745e+001 +1.1186e+001 -7.3596e+000
669 0 +0.000000000e+000 +0.000000000e+000 -1.000000000e+003 -1.000000000e+003 +2.4153e+001 -3.3278e+001 -7.2072e+000 -3.0889e+001 +2.3605e+001 +1.3104e+001 +2.9133e+001 -2.0722e+001 +5.2966e+001 -5.2756e+001
% f evaluations | g evaluations | best noise-free fitness - Fopt | noise-free fitness - Fopt (-2.922000000000e+001) | measured fitness | best measured fitness | x1 | x2...
1 0 +2.186896288e+002 +2.186896288e+002 +1.894696288e+002 +1.894696288e+002 -6.1819e-001 +4.2735e-001 -6.2835e-001 -5.8710e-001 +3.3731e+000 +3.5486e-002 +1.4429e+000 +7.1638e-001 +8.1259e-001 +6.4214e-001
2 0 +1.872048312e+002 +1.872048312e+002 +1.579848312e+002 +1.579848312e+002 -8.4382e-001 +9.7885e-001 -1.8518e+000 +4.3037e-001 +1.7652e-001 +4.3599e-001 -6.4326e-002 -2.0759e+000 -1.6801e-002 +1.3845e-001
8 0 +1.845918277e+002 +1.845918277e+002 +1.553718277e+002 +1.553718277e+002 +7.9234e-001 -6.0987e-001 -3.9970e-001 +4.0080e-001 +1.4475e+000 +1.7081e+000 -1.1038e+000 -2.7496e-001 +1.9890e-001 -2.8321e-001
24 0 +1.772457281e+002 +1.772457281e+002 +1.480257281e+002 +1.480257281e+002 +1.0812e+000 -1.6200e+000 -2.1032e-001 +2.3167e+000 -7.1786e-002 +2.8035e-001 -1.8978e+000 +1.0217e-001 -8.3302e-001 -5.2951e-001
106 0 +1.696081060e+002 +1.696081060e+002 +1.403881060e+002 +1.403881060e+002 +7.6814e-001 +2.4340e-001 -2.7946e+000 +7.3571e-002 +6.8821e-002 +2.5959e+000 -3.9402e-001 +1.9259e-001 -1.5623e+000 -8.7100e-001
120 0 +1.467278887e+002 +1.467278887e+002 +1.175078887e+002 +1.175078887e+002 -2.4671e+000 +1.2007e+000 -4.6058e-001 -8.7181e-001 +1.2977e+000 +1.8361e+000 -1.2856e+000 -1.0019e-001 -2.4381e+000 -2.2158e+000
127 0 +1.082569896e+002 +1.082569896e+002 +7.903698960e+001 +7.903698960e+001 -5.3653e-001 -6.4073e-001 +1.0952e+000 +3.4194e+000 +1.1873e+000 +1.2347e+000 -2.9276e+000 -2.3568e+000 -3.5160e+000 -2.6505e+000
203 0 +9.692060233e+001 +9.692060233e+001 +6.770060233e+001 +6.770060233e+001 -2.9236e+000 +1.9421e-001 +3.6232e-001 -2.5417e+000 -2.1694e+000 +4.4126e+000 -4.9022e+000 -3.3639e-001 -3.8861e+000 -4.6153e+000
243 0 +9.360823072e+001 +9.360823072e+001 +6.438823072e+001 +6.438823072e+001 -3.1230e+000 -1.3435e+000 -2.5762e+000 -2.9681e+000 +1.3812e+000 +6.8583e-001 -2.2232e+000 -3.2095e+000 -4.4841e+000 -3.7391e+000
303 0 +8.674590501e+001 +8.674590501e+001 +5.752590501e+001 +5.752590501e+001 +1.3541e-001 -2.7995e+000 -5.0095e+000 -1.4796e+000 -1.0383e+000 +4.8665e+000 +2.4628e+000 -7.2755e+000 -3.3355e+000 -7.0248e+000
346 0 +6.293806762e+001 +6.293806762e+001 +3.371806762e+001 +3.371806762e+001 -2.4579e-001 +1.3559e+000 -6.9035e-001 -5.5418e+000 +3.8537e+000 +8.0259e+000 -2.1647e+000 -6.7078e+000 -5.5603e+000 -4.6276e+000
348 0 +4.639757112e+001 +4.639757112e+001 +1.717757112e+001 +1.717757112e+001 -6.7125e+000 +2.1714e+000 -2.4078e+000 +7.7973e-001 +1.9739e+000 +6.5201e+000 -5.5450e+000 -8.8823e+000 -3.0241e+000 -5.1115e+000
421 0 +3.837399136e+001 +3.837399136e+001 +9.153991358e+000 +9.153991358e+000 -1.6089e+000 -6.8030e+000 -5.5241e+000 -1.1238e+001 +6.9711e+000 +6.2783e+000 -1.0091e+001 -8.4111e+000 -8.8125e+000 -6.0948e+000
425 0 +1.174629769e+001 +1.174629769e+001 -1.747370231e+001 -1.747370231e+001 -1.9005e+000 -3.8236e+000 -7.2720e-001 +6.4363e+000 +7.1235e+000 +1.1044e+001 -1.2707e+001 -9.5748e+000 -5.8139e+000 -6.0253e+000
744 0 +1.045096987e+001 +1.045096987e+001 -1.876903013e+001 -1.876903013e+001 -2.1227e+001 -4.3145e+001 -6.7469e+000 +4.9848e+000 +2.5966e+001 +1.3732e+001 -3.0784e+000 -3.9592e+001 -1.6060e+001 -4.8501e+000
769 0 +0.000000000e+000 +0.000000000e+000 -2.922000000e+001 -2.922000000e+001 -2.5972e+001 -4.2136e+001 -3.2286e+001 +1.4242e+001 +5.4835e+000 +2.6367e+001 -9.9817e+000 -1.6282e+001 -1.7370e+001 -9.6526e+000
% f evaluations | g evaluations | best noise-free fitness - Fopt | noise-free fitness - Fopt (-4.096000000000e+001) | measured fitness | best measured fitness | x1 | x2...
1 0 +2.170318380e+002 +2.170318380e+002 +1.760718380e+002 +1.760718380e+002 -5.9850e-001 +7.0759e-001 +6.6155e-001 -5.3306e-001 -5.8271e-001 +1.3073e-001 -1.2890e-002 +3.0993e-001 -5.2297e-001 +1.1855e+000
2 0 +1.914542655e+002 +1.914542655e+002 +1.504942655e+002 +1.504942655e+002 -1.0492e+000 -1.3175e+000 +5.8648e-001 -1.8740e-001 -2.3819e+000 -4.3631e-001 +1.4446e+000 -1.1873e+000 +1.7879e+000 +6.5565e-001
9 0 +1.904642085e+002 +1.904642085e+002 +1.495042085e+002 +1.495042085e+002 -7.8789e-001 -2.8778e-001 +8.8049e-001 +1.8340e+000 +2.2279e-001 -6.5813e-001 +4.6115e-001 +9.0051e-001 +3.0192e-001 +1.9989e-001
25 0 +1.821156869e+002 +1.821156869e+002 +1.411556869e+002 +1.411556869e+002 -1.8531e-001 -2.0403e+000 +1.0713e+000 +6.6291e-001 -1.6435e+000 +2.4242e-001 -1.4562e-001 +8.9721e-002 +7.6412e-001 -1.2357e+000
58 0 +1.724556543e+002 +1.724556543e+002 +1.314956543e+002 +1.314956543e+002 -8.4809e-001 +8.4457e-001 -7.7260e-001 +1.0066e+000 +8.9813e-001 -8.3378e-001 +5.8767e-001 +7.8756e-001 +1.1180e+000 -1.4167e+000
59 0 +1.612205520e+002 +1.612205520e+002 +1.202605520e+002 +1.202605520e+002 +1.6760e+000 +8.8925e-001 +5.8121e-001 +7.2095e-001 +3.7791e-001 -3.2252e-001 +1.9157e+000 +1.3524e+000 +2.7478e+000 +6.0219e-002
101 0 +1.334343139e+002 +1.334343139e+002 +9.247431385e+001 +9.247431385e+001 -1.4747e+000 +1.1793e+000 +1.8445e+000 +1.4938e+000 -7.8346e-001 -8.0661e-001 +3.4756e+000 -9.3511e-001 +1.5157e+000 -3.7229e+000
147 0 +1.212706875e+002 +1.212706875e+002 +8.031068745e+001 +8.031068745e+001 +8.2799e-001 -8.0180e-001 +2.5547e+000 +1.6265e+000 +3.2888e-001 -8.1911e-001 +3.9868e+000 +3.5273e+000 +1.3602e+000 -2.3308e+000
168 0 +1.199633747e+002 +1.199633747e+002 +7.900337465e+001 +7.900337465e+001 +7.9361e-001 -2.0328e+000 +7.6993e-002 +1.5042e+000 -2.0031e+000 -2.4478e+000 -6.1061e-001 +3.2524e+000 +2.0837e+000 -3.5679e+000
207 0 +1.035874031e+002 +1.035874031e+002 +6.262740312e+001 +6.262740312e+001 -2.6410e+000 +3.1857e+000 +6.0826e+000 +1.0282e+000 -5.4633e+000 +2.1479e-001 +2.1079e+000 +4.4655e+000 +6.4542e+000 -3.2244e-002
213 0 +9.463637718e+001 +9.463637718e+001 +5.367637718e+001 +5.367637718e+001 -4.1357e-002 -8.1963e-001 -4.5575e+000 +3.1299e-001 -4.6554e-001 -2.4034e+000 -1.1098e+000 +5.8109e+000 +4.3067e+000 -4.9638e+000
240 0 +9.112992019e+001 +9.112992019e+001 +5.016992019e+001 +5.016992019e+001 -1.0962e+000 -3.0824e+000 +2.4269e+000 +6.0015e+000 +4.8695e-001 -3.8280e+000 +6.1007e+000 +3.5781e+000 +5.0006e+000 -7.7012e-001
245 0 +6.501679583e+001 +6.501679583e+001 +2.405679583e+001 +2.405679583e+001 -1.2132e+000 -2.9733e+000 +8.5697e-001 +3.4218e+000 +1.6290e+000 -7.5452e+000 +6.9291e+000 +6.9140e+000 +2.4493e+000 -7.2198e+000
318 0 +6.019132073e+001 +6.019132073e+001 +1.923132073e+001 +1.923132073e+001 -8.1255e+000 +1.6938e+000 +1.5161e+001 -1.6456e+000 -7.8708e+000 -4.8272e+000 +2.0096e+000 +3.8337e+000 +4.0978e+000 -5.4559e+000
329 0 +4.817271326e+001 +4.817271326e+001 +7.212713259e+000 +7.212713259e+000 -4.3488e+000 -4.6445e-001 +1.1891e+001 +6.5664e+000 -4.1023e-001 -1.2582e+001 +3.8185e+000 +4.0963e+000 +6.2434e+000 -4.1907e+000
403 0 +4.053299277e+001 +4.053299277e+001 -4.270072312e-001 -4.270072312e-001 +2.0661e+000 -2.8634e+000 -5.8196e+000 +1.6697e+000 -4.2021e+000 -9.2352e+000 +7.0427e+000 +7.8859e+000 +1.5118e+001 -1.0368e+001
407 0 +2.310635793e+001 +2.310635793e+001 -1.785364207e+001 -1.785364207e+001 +1.3154e+001 -9.8212e+000 +3.2134e+000 +4.5433e+000 -6.5432e+000 -1.4076e+001 +9.8286e+000 +1.1590e+001 +9.8755e+000 -1.2262e+001
441 0 +2.278573896e+001 +2.278573896e+001 -1.817426104e+001 -1.817426104e+001 +1.3853e+001 +2.0280e+000 +7.9132e+000 +4.3270e+000 -9.1833e-001 -2.0971e+001 +4.0830e+000 +4.6858e+000 +1.7512e+001 -1.3265e+001
500 0 +2.156599671e+001 +2.156599671e+001 -1.939400329e+001 -1.939400329e+001 +2.9427e+000 +5.0168e+000 +4.6131e+000 +6.3232e+000 -9.6905e-001 -7.1686e+000 +3.3883e+000 +4.9723e+000 +5.0594e+000 -1.7210e+001
521 0 +1.395130657e+001 +1.395130657e+001 -2.700869343e+001 -2.700869343e+001 -8.9513e+000 +8.3909e+000 +6.0514e+000 +1.2064e+001 -7.4815e+000 -1.3035e+001 +1.5292e+001 +1.3332e+001 +5.5713e+000 -1.9232e+001
655 0 +1.072642063e+001 +1.072642063e+001 -3.023357937e+001 -3.023357937e+001 +8.0663e+000 +8.6102e+000 -1.4303e+000 +5.3982e+000 -1.3124e+001 -3.1201e+001 +5.8544e+001 +2.0550e+001 +8.4923e+000 -5.8594e+000
679 0 +4.122567805e+000 +4.122567805e+000 -3.683743220e+001 -3.683743220e+001 +1.8913e+001 +2.5532e+001 +2.9498e+000 +1.6864e+001 -8.5701e+000 -1.1464e+001 +3.8812e+001 +2.0018e+001 +4.9093e+000 -1.8082e+001
704 0 +3.714743813e-001 +3.714743813e-001 -4.058852562e+001 -4.058852562e+001 +7.5701e+000 +3.2291e+001 +4.7773e+000 +1.5607e+001 -4.6593e+001 -2.6827e+001 +1.4506e+001 +4.8820e+001 +7.8363e+000 -2.7097e+001
775 0 +0.000000000e+000 +0.000000000e+000 -4.096000000e+001 -4.096000000e+001 +5.3321e+001 +1.4363e+001 +1.9986e+001 +1.3224e+001 -2.2360e+001 -2.8646e+001 +3.0299e+001 +3.7078e+001 +5.9484e+001 -3.5117e+001
