% function evaluation | noise-free fitness - Fopt (1.491500000000e+02) | best noise-free fitness - Fopt | measured fitness | best measured fitness | x1 | x2...
1 +2.449072567e+04 +2.449072567e+04 +2.463987567e+04 +2.463987567e+04 +2.3761e+00 +4.1735e-02 -4.3484e+00 +2.5381e+00 -4.8065e+00
7 +6.830789796e+03 +6.830789796e+03 +6.979939796e+03 +6.979939796e+03 +1.3761e+00 -2.5649e-02 -3.3584e+00 +2.4878e+00 -4.7514e+00
13 +2.985860031e+03 +2.985860031e+03 +3.135010031e+03 +3.135010031e+03 +8.9595e-01 -2.1695e-01 -2.8427e+00 +2.2505e+00 -4.6495e+00
19 +1.069036476e+03 +1.069036476e+03 +1.218186476e+03 +1.218186476e+03 +4.2268e-01 -4.6825e-01 -2.3335e+00 +1.9295e+00 -4.5029e+00
25 +4.210905187e+02 +4.210905187e+02 +5.702405187e+02 +5.702405187e+02 +8.3375e-02 -6.7816e-01 -1.9606e+00 +1.6589e+00 -4.3679e+00
31 +1.621325393e+02 +1.621325393e+02 +3.112825393e+02 +3.112825393e+02 -1.9569e-01 -8.6495e-01 -1.6452e+00 +1.4149e+00 -4.2375e+00
37 +5.956824360e+01 +5.956824360e+01 +2.087182436e+02 +2.087182436e+02 -4.2391e-01 -1.0242e+00 -1.3792e+00 +1.2030e+00 -4.1187e+00
43 +1.847661458e+01 +1.847661458e+01 +1.676266146e+02 +1.676266146e+02 -6.1804e-01 -1.1617e+00 -1.1467e+00 +1.0166e+00 -4.0105e+00
49 +7.104348305e+00 +7.104348305e+00 +1.562543483e+02 +1.562543483e+02 -7.5785e-01 -1.2609e+00 -9.7670e-01 +8.8078e-01 -3.9285e+00
55 +6.293050511e+00 +6.293050511e+00 +1.554430505e+02 +1.554430505e+02 -8.0077e-01 -1.2914e+00 -9.2460e-01 +8.3930e-01 -3.8998e+00
73 +3.845170385e+00 +3.845170385e+00 +1.529951704e+02 +1.529951704e+02 -8.1995e-01 -1.3094e+00 -9.1734e-01 +8.3153e-01 -3.7584e+00
205 +2.402484190e+00 +2.402484190e+00 +1.515524842e+02 +1.515524842e+02 -4.3877e-01 -9.9671e-01 -8.6893e-01 +8.7360e-01 -3.7519e+00
217 +1.498456388e+00 +1.498456388e+00 +1.506484564e+02 +1.506484564e+02 -2.5791e-01 -7.5678e-01 -6.2523e-01 +9.7276e-01 -3.7379e+00
247 +9.237312143e-01 +9.237312143e-01 +1.500737312e+02 +1.500737312e+02 -2.1557e-01 -6.4705e-01 -4.6581e-01 +1.1171e+00 -3.6574e+00
253 +5.845296974e-01 +5.845296974e-01 +1.497345297e+02 +1.497345297e+02 -1.4999e-01 -5.5681e-01 -3.3135e-01 +1.2579e+00 -3.5862e+00
265 +3.846364712e-01 +3.846364712e-01 +1.495346365e+02 +1.495346365e+02 -1.3770e-01 -5.3560e-01 -2.6926e-01 +1.3656e+00 -3.4729e+00
283 +1.949239565e-01 +1.949239565e-01 +1.493449240e+02 +1.493449240e+02 -1.0007e-01 -4.6203e-01 -1.5935e-01 +1.5122e+00 -3.3115e+00
289 +1.486955669e-01 +1.486955669e-01 +1.492986956e+02 +1.492986956e+02 -1.0051e-01 -4.5700e-01 -1.5356e-01 +1.5319e+00 -3.2694e+00
301 +9.794519441e-02 +9.794519441e-02 +1.492479452e+02 +1.492479452e+02 -8.7282e-02 -4.2965e-01 -1.0422e-01 +1.6166e+00 -3.1602e+00
307 +6.188050153e-02 +6.188050153e-02 +1.492118805e+02 +1.492118805e+02 -7.7768e-02 -4.1650e-01 -6.8908e-02 +1.6757e+00 -3.0678e+00
319 +2.132030320e-02 +2.132030320e-02 +1.491713203e+02 +1.491713203e+02 -7.0060e-02 -4.0225e-01 -4.1220e-02 +1.7339e+00 -2.9602e+00
325 +1.471173608e-02 +1.471173608e-02 +1.491647117e+02 +1.491647117e+02 -6.3573e-02 -3.8538e-01 -1.1107e-02 +1.7869e+00 -2.8676e+00
331 +7.490735289e-03 +7.490735289e-03 +1.491574907e+02 +1.491574907e+02 -6.4334e-02 -3.8709e-01 -1.5214e-02 +1.7813e+00 -2.8707e+00
337 +3.439692258e-03 +3.439692258e-03 +1.491534397e+02 +1.491534397e+02 -6.0245e-02 -3.8196e-01 -4.5040e-03 +1.8047e+00 -2.8267e+00
343 +5.322923664e-04 +5.322923664e-04 +1.491505323e+02 +1.491505323e+02 -5.6990e-02 -3.7449e-01 +1.2430e-02 +1.8367e+00 -2.7647e+00
349 +7.961429250e-05 +7.961429250e-05 +1.491500796e+02 +1.491500796e+02 -5.6056e-02 -3.7249e-01 +1.5956e-02 +1.8436e+00 -2.7498e+00
355 +6.575481535e-06 +6.575481535e-06 +1.491500066e+02 +1.491500066e+02 -5.5182e-02 -3.7072e-01 +1.9257e-02 +1.8505e+00 -2.7361e+00
361 +1.443804280e-06 +1.443804280e-06 +1.491500014e+02 +1.491500014e+02 -5.5258e-02 -3.7089e-01 +1.9065e-02 +1.8502e+00 -2.7363e+00
367 +2.232536644e-08 +2.232536644e-08 +1.491500000e+02 +1.491500000e+02 -5.5193e-02 -3.7080e-01 +1.9206e-02 +1.8504e+00 -2.7360e+00
373 +9.315215266e-10 +9.315215266e-10 +1.491500000e+02 +1.491500000e+02 -5.5201e-02 -3.7080e-01 +1.9199e-02 +1.8504e+00 -2.7360e+00
% function evaluation | noise-free fitness - Fopt (-1.000000000000e+03) | best noise-free fitness - Fopt | measured fitness | best measured fitness | x1 | x2...
1 +3.826976831e+05 +3.826976831e+05 +3.816976831e+05 +3.816976831e+05 -3.6363e+00 +3.5737e+00 -4.9227e+00 +4.8747e+00 -2.9539e+00
7 +2.340762154e+05 +2.340762154e+05 +2.330762154e+05 +2.330762154e+05 -3.6345e+00 +3.4244e+00 -4.5968e+00 +3.8747e+00 -2.8847e+00
13 +6.609448495e+04 +6.609448495e+04 +6.509448495e+04 +6.509448495e+04 -3.6262e+00 +2.8326e+00 -3.4200e+00 +1.9914e+00 -2.6910e+00
19 +2.402588031e+04 +2.402588031e+04 +2.302588031e+04 +2.302588031e+04 -3.6174e+00 +2.3491e+00 -2.6127e+00 +9.1852e-01 -2.5444e+00
25 +7.845601616e+03 +7.845601616e+03 +6.845601616e+03 +6.845601616e+03 -3.6069e+00 +1.8813e+00 -1.9032e+00 +2.8104e-02 -2.4038e+00
31 +2.711800402e+03 +2.711800402e+03 +1.711800402e+03 +1.711800402e+03 -3.5968e+00 +1.5102e+00 -1.3750e+00 -6.1037e-01 -2.2934e+00
37 +9.719446904e+02 +9.719446904e+02 -2.805530958e+01 -2.805530958e+01 -3.5872e+00 +1.2080e+00 -9.6254e-01 -1.0945e+00 -2.2055e+00
43 +3.998393607e+02 +3.998393607e+02 -6.001606393e+02 -6.001606393e+02 -3.5784e+00 +9.7127e-01 -6.4889e-01 -1.4529e+00 -2.1392e+00
49 +2.103256446e+02 +2.103256446e+02 -7.896743554e+02 -7.896743554e+02 -3.5706e+00 +7.8677e-01 -4.0961e-01 -1.7193e+00 -2.0907e+00
55 +1.479680205e+02 +1.479680205e+02 -8.520319795e+02 -8.520319795e+02 -3.5640e+00 +6.4542e-01 -2.2914e-01 -1.9148e+00 -2.0570e+00
97 +9.658997797e+01 +9.658997797e+01 -9.034100220e+02 -9.034100220e+02 -3.5209e+00 +4.9888e-02 +5.0823e-01 -2.5513e+00 -2.1094e+00
109 +5.286451908e+01 +5.286451908e+01 -9.471354809e+02 -9.471354809e+02 -3.4914e+00 -1.2283e-01 +7.0459e-01 -2.4518e+00 -2.4878e+00
121 +3.357473839e+01 +3.357473839e+01 -9.664252616e+02 -9.664252616e+02 -3.4809e+00 -9.7875e-02 +6.6053e-01 -2.2088e+00 -2.7608e+00
157 +2.325939639e+01 +2.325939639e+01 -9.767406036e+02 -9.767406036e+02 -3.5635e+00 +1.9227e-01 +4.4482e-01 -2.1195e+00 -2.7521e+00
163 +1.149637291e+01 +1.149637291e+01 -9.885036271e+02 -9.885036271e+02 -3.6623e+00 +2.6130e-01 +5.9278e-01 -2.2649e+00 -2.9806e+00
169 +8.137035117e+00 +8.137035117e+00 -9.918629649e+02 -9.918629649e+02 -3.7310e+00 +2.9646e-01 +7.0976e-01 -2.4239e+00 -3.0749e+00
211 +6.023971143e+00 +6.023971143e+00 -9.939760289e+02 -9.939760289e+02 -3.6776e+00 +2.0005e-01 +6.6896e-01 -2.4792e+00 -2.9721e+00
229 +3.669822736e+00 +3.669822736e+00 -9.963301773e+02 -9.963301773e+02 -3.6681e+00 +1.9990e-01 +5.4050e-01 -2.5625e+00 -3.0345e+00
307 +2.455529684e+00 +2.455529684e+00 -9.975444703e+02 -9.975444703e+02 -3.2560e+00 +5.4717e-01 +6.3404e-01 -2.5439e+00 -3.0455e+00
337 +1.478147872e+00 +1.478147872e+00 -9.985218521e+02 -9.985218521e+02 -3.0774e+00 +7.6564e-01 +8.5813e-01 -2.4413e+00 -3.0365e+00
355 +9.908988051e-01 +9.908988051e-01 -9.990091012e+02 -9.990091012e+02 -2.9832e+00 +9.1915e-01 +1.0687e+00 -2.2813e+00 -3.0004e+00
367 +5.042149279e-01 +5.042149279e-01 -9.994957851e+02 -9.994957851e+02 -2.9359e+00 +1.0079e+00 +1.2108e+00 -2.1025e+00 -2.8535e+00
373 +3.705051783e-01 +3.705051783e-01 -9.996294948e+02 -9.996294948e+02 -2.9263e+00 +1.0207e+00 +1.2387e+00 -2.0309e+00 -2.7601e+00
391 +2.079857813e-01 +2.079857813e-01 -9.997920142e+02 -9.997920142e+02 -2.8976e+00 +1.0902e+00 +1.3569e+00 -1.8712e+00 -2.6006e+00
403 +1.270954634e-01 +1.270954634e-01 -9.998729045e+02 -9.998729045e+02 -2.8855e+00 +1.0960e+00 +1.3677e+00 -1.8431e+00 -2.5470e+00
409 +9.895077523e-02 +9.895077523e-02 -9.999010492e+02 -9.999010492e+02 -2.8767e+00 +1.1170e+00 +1.4048e+00 -1.7771e+00 -2.4602e+00
421 +3.425713712e-02 +3.425713712e-02 -9.999657429e+02 -9.999657429e+02 -2.8631e+00 +1.1465e+00 +1.4642e+00 -1.6751e+00 -2.2846e+00
427 +1.406493328e-02 +1.406493328e-02 -9.999859351e+02 -9.999859351e+02 -2.8606e+00 +1.1519e+00 +1.4731e+00 -1.6508e+00 -2.2301e+00
433 +8.283381070e-03 +8.283381070e-03 -9.999917166e+02 -9.999917166e+02 -2.8534e+00 +1.1669e+00 +1.5047e+00 -1.5879e+00 -2.1226e+00
439 +3.111632349e-03 +3.111632349e-03 -9.999968884e+02 -9.999968884e+02 -2.8540e+00 +1.1645e+00 +1.5012e+00 -1.5976e+00 -2.1343e+00
445 +1.365065493e-03 +1.365065493e-03 -9.999986349e+02 -9.999986349e+02 -2.8513e+00 +1.1703e+00 +1.5106e+00 -1.5796e+00 -2.0998e+00
451 +2.366097564e-04 +2.366097564e-04 -9.999997634e+02 -9.999997634e+02 -2.8488e+00 +1.1755e+00 +1.5221e+00 -1.5557e+00 -2.0533e+00
457 +4.803895604e-05 +4.803895604e-05 -9.999999520e+02 -9.999999520e+02 -2.8488e+00 +1.1756e+00 +1.5219e+00 -1.5553e+00 -2.0509e+00
463 +1.267964990e-06 +1.267964990e-06 -9.999999987e+02 -9.999999987e+02 -2.8482e+00 +1.1765e+00 +1.5237e+00 -1.5522e+00 -2.0448e+00
469 +2.887486517e-08 +2.887486517e-08 -1.000000000e+03 -1.000000000e+03 -2.8482e+00 +1.1766e+00 +1.5240e+00 -1.5516e+00 -2.0437e+00
475 +1.566604624e-10 +1.566604624e-10 -1.000000000e+03 -1.000000000e+03 -2.8482e+00 +1.1766e+00 +1.5240e+00 -1.5516e+00 -2.0436e+00
% function evaluation | noise-free fitness - Fopt (9.862000000000e+01) | best noise-free fitness - Fopt | measured fitness | best measured fitness | x1 | x2...
1 +1.099160687e+05 +1.099160687e+05 +1.100146887e+05 +1.100146887e+05 -4.9541e+00 +2.0904e+00 +1.1499e+00 +2.0252e+00 +8.2710e-01
7 +5.331040950e+04 +5.331040950e+04 +5.340902950e+04 +5.340902950e+04 -4.8280e+00 +1.5653e+00 +1.2036e+00 +1.0252e+00 +9.2071e-01
13 +1.568720783e+04 +1.568720783e+04 +1.578582783e+04 +1.578582783e+04 -4.4350e+00 +5.9803e-01 +1.3365e+00 -1.1862e-01 +1.0824e+00
19 +5.383298241e+03 +5.383298241e+03 +5.481918241e+03 +5.481918241e+03 -4.0626e+00 -2.5096e-02 +1.4524e+00 -8.4107e-01 +1.2114e+00
25 +1.721235942e+03 +1.721235942e+03 +1.819855942e+03 +1.819855942e+03 -3.7112e+00 -5.1978e-01 +1.5660e+00 -1.4091e+00 +1.3241e+00
31 +6.086663571e+02 +6.086663571e+02 +7.072863571e+02 +7.072863571e+02 -3.4326e+00 -8.6835e-01 +1.6617e+00 -1.8056e+00 +1.4056e+00
37 +2.752161765e+02 +2.752161765e+02 +3.738361765e+02 +3.738361765e+02 -3.2176e+00 -1.1123e+00 +1.7402e+00 -2.0803e+00 +1.4601e+00
43 +1.849811009e+02 +1.849811009e+02 +2.836011009e+02 +2.836011009e+02 -3.0653e+00 -1.2679e+00 +1.7992e+00 -2.2528e+00 +1.4898e+00
55 +1.495379885e+02 +1.495379885e+02 +2.481579885e+02 +2.481579885e+02 -2.8954e+00 -1.4059e+00 +1.8722e+00 -2.3978e+00 +1.4979e+00
73 +8.036708210e+01 +8.036708210e+01 +1.789870821e+02 +1.789870821e+02 -2.5320e+00 -1.4797e+00 +2.0841e+00 -2.3944e+00 +1.3306e+00
79 +5.129870446e+01 +5.129870446e+01 +1.499187045e+02 +1.499187045e+02 -2.3866e+00 -1.4256e+00 +2.1956e+00 -2.2686e+00 +1.1885e+00
103 +3.714630470e+01 +3.714630470e+01 +1.357663047e+02 +1.357663047e+02 -2.5605e+00 -1.3259e+00 +2.1918e+00 -2.1477e+00 +1.1575e+00
115 +1.857066268e+01 +1.857066268e+01 +1.171906627e+02 +1.171906627e+02 -2.6189e+00 -1.3549e+00 +2.3957e+00 -2.1386e+00 +1.0566e+00
121 +1.579231587e+01 +1.579231587e+01 +1.144123159e+02 +1.144123159e+02 -2.7049e+00 -1.3375e+00 +2.3924e+00 -2.1309e+00 +1.0675e+00
145 +6.525857636e+00 +6.525857636e+00 +1.051458576e+02 +1.051458576e+02 -2.8427e+00 -1.1485e+00 +2.4393e+00 -2.1170e+00 +1.0555e+00
151 +4.217743603e+00 +4.217743603e+00 +1.028377436e+02 +1.028377436e+02 -2.8245e+00 -1.1227e+00 +2.4744e+00 -2.1438e+00 +1.0472e+00
229 +3.976243060e+00 +3.976243060e+00 +1.025962431e+02 +1.025962431e+02 -2.7949e+00 -1.1722e+00 +2.3966e+00 -2.3105e+00 +7.3290e-01
667 +2.392602591e+00 +2.392602591e+00 +1.010126026e+02 +1.010126026e+02 -1.1886e+00 -1.7807e+00 +1.5593e+00 -3.1914e+00 -1.0350e-01
691 +1.454213074e+00 +1.454213074e+00 +1.000742131e+02 +1.000742131e+02 -1.0176e+00 -1.5334e+00 +1.7994e+00 -3.1018e+00 -6.8749e-02
715 +6.972806112e-01 +6.972806112e-01 +9.931728061e+01 +9.931728061e+01 -9.2825e-01 -1.3737e+00 +2.0473e+00 -2.8740e+00 +2.8993e-02
721 +5.644745387e-01 +5.644745387e-01 +9.918447454e+01 +9.918447454e+01 -8.8508e-01 -1.2989e+00 +2.1464e+00 -2.7386e+00 +1.1059e-01
733 +3.215330700e-01 +3.215330700e-01 +9.894153307e+01 +9.894153307e+01 -8.7154e-01 -1.2883e+00 +2.1897e+00 -2.6703e+00 +2.1038e-01
745 +2.165905113e-01 +2.165905113e-01 +9.883659051e+01 +9.883659051e+01 -8.6426e-01 -1.2544e+00 +2.2361e+00 -2.5973e+00 +2.9892e-01
751 +1.531905374e-01 +1.531905374e-01 +9.877319054e+01 +9.877319054e+01 -8.5368e-01 -1.2433e+00 +2.2647e+00 -2.5436e+00 +3.6554e-01
769 +6.781798319e-02 +6.781798319e-02 +9.868781798e+01 +9.868781798e+01 -8.3021e-01 -1.2013e+00 +2.3393e+00 -2.4228e+00 +5.4006e-01
775 +3.300666136e-02 +3.300666136e-02 +9.865300666e+01 +9.865300666e+01 -8.2532e-01 -1.1849e+00 +2.3718e+00 -2.3578e+00 +6.4833e-01
781 +1.821737036e-02 +1.821737036e-02 +9.863821737e+01 +9.863821737e+01 -8.1774e-01 -1.1735e+00 +2.3918e+00 -2.3193e+00 +7.2981e-01
793 +6.466082747e-03 +6.466082747e-03 +9.862646608e+01 +9.862646608e+01 -8.0884e-01 -1.1580e+00 +2.4208e+00 -2.2681e+00 +8.1654e-01
799 +2.667451139e-03 +2.667451139e-03 +9.862266745e+01 +9.862266745e+01 -8.0957e-01 -1.1562e+00 +2.4287e+00 -2.2507e+00 +8.4852e-01
805 +1.404242897e-03 +1.404242897e-03 +9.862140424e+01 +9.862140424e+01 -8.0938e-01 -1.1557e+00 +2.4290e+00 -2.2483e+00 +8.5522e-01
811 +3.105551894e-04 +3.105551894e-04 +9.862031056e+01 +9.862031056e+01 -8.0627e-01 -1.1499e+00 +2.4395e+00 -2.2276e+00 +8.9574e-01
817 +5.568549759e-05 +5.568549759e-05 +9.862005569e+01 +9.862005569e+01 -8.0551e-01 -1.1484e+00 +2.4434e+00 -2.2207e+00 +9.1122e-01
823 +1.356167957e-06 +1.356167957e-06 +9.862000136e+01 +9.862000136e+01 -8.0515e-01 -1.1477e+00 +2.4446e+00 -2.2178e+00 +9.1630e-01
829 +3.910403734e-08 +3.910403734e-08 +9.862000004e+01 +9.862000004e+01 -8.0522e-01 -1.1478e+00 +2.4443e+00 -2.2183e+00 +9.1533e-01
835 +2.775948360e-10 +2.775948360e-10 +9.862000000e+01 +9.862000000e+01 -8.0520e-01 -1.1478e+00 +2.4444e+00 -2.2182e+00 +9.1558e-01
% function evaluation | noise-free fitness - Fopt (-4.715000000000e+01) | best noise-free fitness - Fopt | measured fitness | best measured fitness | x1 | x2...
1 +2.027381028e+05 +2.027381028e+05 +2.026909528e+05 +2.026909528e+05 +2.9898e+00 +4.6953e+00 -3.1677e+00 -3.3318e+00 -3.9899e+00
7 +1.115186062e+05 +1.115186062e+05 +1.114714562e+05 +1.114714562e+05 +2.7982e+00 +3.6953e+00 -3.0854e+00 -3.3296e+00 -3.9833e+00
13 +3.370227116e+04 +3.370227116e+04 +3.365512116e+04 +3.365512116e+04 +2.1149e+00 +2.1285e+00 -2.8916e+00 -3.3227e+00 -3.9559e+00
19 +1.293550397e+04 +1.293550397e+04 +1.288835397e+04 +1.288835397e+04 +1.5468e+00 +1.1750e+00 -2.7351e+00 -3.3164e+00 -3.9221e+00
25 +5.055977156e+03 +5.055977156e+03 +5.008827156e+03 +5.008827156e+03 +1.0210e+00 +3.9101e-01 -2.5853e+00 -3.3102e+00 -3.8775e+00
31 +2.495907763e+03 +2.495907763e+03 +2.448757763e+03 +2.448757763e+03 +6.0849e-01 -1.8071e-01 -2.4641e+00 -3.3053e+00 -3.8283e+00
43 +1.267919171e+03 +1.267919171e+03 +1.220769171e+03 +1.220769171e+03 +1.8045e-03 -9.6514e-01 -2.2821e+00 -3.2987e+00 -3.7153e+00
61 +9.552885198e+02 +9.552885198e+02 +9.081385198e+02 +9.081385198e+02 -8.1590e-01 -1.9445e+00 -2.0412e+00 -3.2932e+00 -3.4328e+00
91 +1.626170970e+02 +1.626170970e+02 +1.154670970e+02 +1.154670970e+02 -1.2733e+00 -1.8197e+00 -1.8350e+00 -3.3057e+00 -1.5828e+00
97 +2.998028995e+01 +2.998028995e+01 -1.716971005e+01 -1.716971005e+01 -1.4741e+00 -1.6695e+00 -1.7363e+00 -3.3124e+00 -5.2601e-01
121 +2.453601454e+01 +2.453601454e+01 -2.261398546e+01 -2.261398546e+01 -1.3338e+00 -1.4534e+00 -1.8017e+00 -3.3029e+00 -4.5166e-01
139 +8.570139799e+00 +8.570139799e+00 -3.857986020e+01 -3.857986020e+01 -1.4578e+00 -1.6759e+00 -2.0757e+00 -3.1829e+00 -4.9071e-01
169 +6.289661609e+00 +6.289661609e+00 -4.086033839e+01 -4.086033839e+01 -1.5364e+00 -1.7355e+00 -2.0924e+00 -3.1734e+00 -3.6070e-01
271 +3.673912796e+00 +3.673912796e+00 -4.347608720e+01 -4.347608720e+01 -1.1043e+00 -1.7843e+00 -2.1721e+00 -3.3002e+00 -3.6948e-01
319 +2.037428298e+00 +2.037428298e+00 -4.511257170e+01 -4.511257170e+01 -6.4649e-01 -1.3387e+00 -1.9961e+00 -3.2640e+00 -3.8807e-01
331 +1.374838752e+00 +1.374838752e+00 -4.577516125e+01 -4.577516125e+01 -5.5724e-01 -1.1924e+00 -1.8096e+00 -3.1744e+00 -3.6158e-01
355 +8.178957172e-01 +8.178957172e-01 -4.633210428e+01 -4.633210428e+01 -4.7388e-01 -1.0621e+00 -1.6208e+00 -2.9883e+00 -2.9407e-01
373 +5.359586223e-01 +5.359586223e-01 -4.661404138e+01 -4.661404138e+01 -4.1836e-01 -9.7288e-01 -1.5132e+00 -2.8689e+00 -2.0370e-01
385 +2.592157836e-01 +2.592157836e-01 -4.689078422e+01 -4.689078422e+01 -3.9104e-01 -9.1365e-01 -1.4007e+00 -2.6993e+00 -2.5736e-02
397 +1.965589215e-01 +1.965589215e-01 -4.695344108e+01 -4.695344108e+01 -3.8840e-01 -9.1253e-01 -1.3882e+00 -2.6678e+00 +3.2347e-02
409 +1.265822006e-01 +1.265822006e-01 -4.702341780e+01 -4.702341780e+01 -3.6764e-01 -8.7924e-01 -1.3316e+00 -2.5773e+00 +1.4031e-01
415 +9.251691620e-02 +9.251691620e-02 -4.705748308e+01 -4.705748308e+01 -3.5736e-01 -8.5260e-01 -1.2930e+00 -2.5164e+00 +2.3143e-01
427 +3.715047491e-02 +3.715047491e-02 -4.711284953e+01 -4.711284953e+01 -3.5136e-01 -8.4268e-01 -1.2708e+00 -2.4659e+00 +3.2412e-01
439 +1.588486828e-02 +1.588486828e-02 -4.713411513e+01 -4.713411513e+01 -3.4369e-01 -8.2860e-01 -1.2387e+00 -2.4088e+00 +4.2551e-01
445 +1.123752274e-02 +1.123752274e-02 -4.713876248e+01 -4.713876248e+01 -3.4129e-01 -8.2116e-01 -1.2267e+00 -2.3802e+00 +4.7501e-01
451 +2.784595683e-03 +2.784595683e-03 -4.714721540e+01 -4.714721540e+01 -3.3537e-01 -8.1069e-01 -1.2075e+00 -2.3467e+00 +5.4080e-01
457 +6.980244008e-04 +6.980244008e-04 -4.714930198e+01 -4.714930198e+01 -3.3271e-01 -8.0502e-01 -1.1946e+00 -2.3224e+00 +5.8841e-01
463 +1.424305931e-04 +1.424305931e-04 -4.714985757e+01 -4.714985757e+01 -3.3152e-01 -8.0307e-01 -1.1907e+00 -2.3140e+00 +6.0712e-01
469 +4.598172279e-05 +4.598172279e-05 -4.714995402e+01 -4.714995402e+01 -3.3005e-01 -8.0012e-01 -1.1853e+00 -2.3027e+00 +6.2857e-01
475 +6.265070880e-07 +6.265070880e-07 -4.714999937e+01 -4.714999937e+01 -3.3069e-01 -8.0113e-01 -1.1870e+00 -2.3063e+00 +6.2186e-01
481 +1.073804867e-08 +1.073804867e-08 -4.714999999e+01 -4.714999999e+01 -3.3061e-01 -8.0102e-01 -1.1868e+00 -2.3059e+00 +6.2264e-01
487 +4.123279496e-10 +4.123279496e-10 -4.715000000e+01 -4.715000000e+01 -3.3060e-01 -8.0100e-01 -1.1868e+00 -2.3058e+00 +6.2282e-01
491 +3.905284984e-10 +3.905284984e-10 -4.715000000e+01 -4.715000000e+01 -3.3060e-01 -8.0100e-01 -1.1868e+00 -2.3058e+00 +6.2282e-01
% function evaluation | noise-free fitness - Fopt (3.752000000000e+01) | best noise-free fitness - Fopt | measured fitness | best measured fitness | x1 | x2...
1 +6.804172597e+04 +6.804172597e+04 +6.807924597e+04 +6.807924597e+04 -8.0961e-02 +1.6661e+00 -2.7137e-01 -4.6999e+00 -1.2745e+00
7 +3.177696372e+04 +3.177696372e+04 +3.181448372e+04 +3.181448372e+04 -1.1159e-01 +6.6612e-01 -2.8786e-02 -4.5029e+00 -1.2373e+00
13 +1.111162859e+04 +1.111162859e+04 +1.114914859e+04 +1.114914859e+04 -1.4377e-01 -3.8658e-01 +4.2707e-01 -4.0280e+00 -1.1354e+00
19 +4.486613814e+03 +4.486613814e+03 +4.524133814e+03 +4.524133814e+03 -1.4032e-01 -1.1038e+00 +8.1746e-01 -3.5842e+00 -1.0218e+00
25 +2.096383036e+03 +2.096383036e+03 +2.133903036e+03 +2.133903036e+03 -9.6862e-02 -1.6529e+00 +1.1494e+00 -3.1871e+00 -9.0093e-01
31 +1.278314788e+03 +1.278314788e+03 +1.315834788e+03 +1.315834788e+03 -2.0209e-02 -2.0495e+00 +1.4063e+00 -2.8691e+00 -7.8401e-01
37 +9.678681643e+02 +9.678681643e+02 +1.005388164e+03 +1.005388164e+03 +8.0243e-02 -2.3422e+00 +1.6071e+00 -2.6171e+00 -6.6910e-01
61 +5.475581653e+02 +5.475581653e+02 +5.850781653e+02 +5.850781653e+02 +7.6640e-01 -3.0189e+00 +2.1801e+00 -2.0230e+00 -1.0800e-02
73 +2.287885226e+02 +2.287885226e+02 +2.663085226e+02 +2.663085226e+02 +1.8402e+00 -3.3437e+00 +2.6430e+00 -1.8659e+00 +1.0819e+00
85 +1.250525079e+02 +1.250525079e+02 +1.625725079e+02 +1.625725079e+02 +2.0689e+00 -3.1305e+00 +2.5606e+00 -2.1282e+00 +1.3623e+00
91 +4.929320976e+01 +4.929320976e+01 +8.681320976e+01 +8.681320976e+01 +2.0598e+00 -2.6370e+00 +2.2391e+00 -2.6251e+00 +1.4352e+00
97 +3.958999438e+01 +3.958999438e+01 +7.710999438e+01 +7.710999438e+01 +2.1718e+00 -2.5890e+00 +2.2306e+00 -2.6866e+00 +1.5707e+00
115 +1.302886960e+01 +1.302886960e+01 +5.054886960e+01 +5.054886960e+01 +2.2788e+00 -2.4279e+00 +2.1038e+00 -2.6858e+00 +1.8778e+00
121 +4.403656023e+00 +4.403656023e+00 +4.192365602e+01 +4.192365602e+01 +2.2256e+00 -2.4592e+00 +2.0850e+00 -2.5365e+00 +1.9175e+00
127 +2.476131920e+00 +2.476131920e+00 +3.999613192e+01 +3.999613192e+01 +2.2031e+00 -2.4906e+00 +2.0854e+00 -2.4409e+00 +1.9460e+00
229 +1.460699414e+00 +1.460699414e+00 +3.898069941e+01 +3.898069941e+01 +2.3064e+00 -2.3206e+00 +2.2914e+00 -2.3310e+00 +1.9888e+00
241 +8.147430385e-01 +8.147430385e-01 +3.833474304e+01 +3.833474304e+01 +2.3490e+00 -2.2283e+00 +2.4481e+00 -2.1762e+00 +2.0694e+00
259 +4.581644731e-01 +4.581644731e-01 +3.797816447e+01 +3.797816447e+01 +2.4057e+00 -2.1360e+00 +2.5815e+00 -2.0096e+00 +2.1971e+00
265 +3.018237294e-01 +3.018237294e-01 +3.782182373e+01 +3.782182373e+01 +2.4252e+00 -2.0957e+00 +2.6587e+00 -1.9054e+00 +2.3048e+00
271 +2.439997802e-01 +2.439997802e-01 +3.776399978e+01 +3.776399978e+01 +2.4305e+00 -2.0794e+00 +2.6981e+00 -1.8238e+00 +2.4399e+00
283 +9.327973663e-02 +9.327973663e-02 +3.761327974e+01 +3.761327974e+01 +2.4556e+00 -2.0314e+00 +2.7795e+00 -1.6924e+00 +2.5905e+00
295 +6.016369619e-02 +6.016369619e-02 +3.758016370e+01 +3.758016370e+01 +2.4650e+00 -2.0210e+00 +2.7934e+00 -1.6721e+00 +2.6314e+00
307 +3.290715279e-02 +3.290715279e-02 +3.755290715e+01 +3.755290715e+01 +2.4688e+00 -2.0088e+00 +2.8244e+00 -1.6051e+00 +2.7500e+00
319 +1.612324812e-02 +1.612324812e-02 +3.753612325e+01 +3.753612325e+01 +2.4782e+00 -1.9910e+00 +2.8581e+00 -1.5451e+00 +2.8495e+00
325 +6.786046573e-03 +6.786046573e-03 +3.752678605e+01 +3.752678605e+01 +2.4819e+00 -1.9847e+00 +2.8663e+00 -1.5331e+00 +2.8751e+00
331 +3.095115097e-03 +3.095115097e-03 +3.752309512e+01 +3.752309512e+01 +2.4853e+00 -1.9792e+00 +2.8760e+00 -1.5152e+00 +2.9114e+00
337 +9.185724388e-04 +9.185724388e-04 +3.752091857e+01 +3.752091857e+01 +2.4879e+00 -1.9736e+00 +2.8870e+00 -1.4931e+00 +2.9549e+00
343 +3.088097017e-04 +3.088097017e-04 +3.752030881e+01 +3.752030881e+01 +2.4888e+00 -1.9718e+00 +2.8918e+00 -1.4822e+00 +2.9789e+00
355 +1.102972824e-05 +1.102972824e-05 +3.752001103e+01 +3.752001103e+01 +2.4900e+00 -1.9693e+00 +2.8969e+00 -1.4721e+00 +2.9977e+00
361 +1.350481242e-06 +1.350481242e-06 +3.752000135e+01 +3.752000135e+01 +2.4900e+00 -1.9692e+00 +2.8968e+00 -1.4724e+00 +2.9970e+00
367 +5.202988262e-08 +5.202988262e-08 +3.752000005e+01 +3.752000005e+01 +2.4900e+00 -1.9692e+00 +2.8968e+00 -1.4724e+00 +2.9969e+00
373 +6.279037734e-09 +6.279037734e-09 +3.752000001e+01 +3.752000001e+01 +2.4900e+00 -1.9692e+00 +2.8968e+00 -1.4724e+00 +2.9970e+00
% function evaluation | noise-free fitness - Fopt (1.491500000000e+02) | best noise-free fitness - Fopt | measured fitness | best measured fitness | x1 | x2...
1 +1.433182809e+05 +1.433182809e+05 +1.434674309e+05 +1.434674309e+05 +4.4256e-01 +4.6781e+00 +1.2752e+00 -2.7040e+00 -3.9385e+00
7 +7.426959224e+04 +7.426959224e+04 +7.441874224e+04 +7.441874224e+04 +4.6974e-01 +3.6781e+00 +1.2640e+00 -2.4656e+00 -3.9079e+00
13 +2.328959195e+04 +2.328959195e+04 +2.343874195e+04 +2.343874195e+04 +5.3126e-01 +2.3160e+00 +1.0945e+00 -1.7978e+00 -3.8145e+00
19 +8.777261638e+03 +8.777261638e+03 +8.926411638e+03 +8.926411638e+03 +5.7632e-01 +1.4572e+00 +8.7643e-01 -1.2439e+00 -3.7279e+00
25 +3.268186646e+03 +3.268186646e+03 +3.417336646e+03 +3.417336646e+03 +6.0254e-01 +7.6559e-01 +6.2874e-01 -7.4289e-01 -3.6438e+00
31 +1.431462096e+03 +1.431462096e+03 +1.580612096e+03 +1.580612096e+03 +6.0027e-01 +2.6723e-01 +4.0251e-01 -3.5122e-01 -3.5754e+00
37 +7.664689169e+02 +7.664689169e+02 +9.156189169e+02 +9.156189169e+02 +5.7104e-01 -1.0424e-01 +2.0049e-01 -3.8186e-02 -3.5203e+00
43 +4.974928465e+02 +4.974928465e+02 +6.466428465e+02 +6.466428465e+02 +5.1848e-01 -3.8224e-01 +2.3560e-02 +2.1333e-01 -3.4769e+00
49 +3.545887163e+02 +3.545887163e+02 +5.037387163e+02 +5.037387163e+02 +4.4240e-01 -6.0833e-01 -1.4294e-01 +4.3424e-01 -3.4404e+00
61 +1.724132551e+02 +1.724132551e+02 +3.215632551e+02 +3.215632551e+02 +1.9177e-01 -1.0078e+00 -5.0550e-01 +8.7857e-01 -3.3755e+00
67 +1.139853685e+02 +1.139853685e+02 +2.631353685e+02 +2.631353685e+02 +2.1501e-02 -1.1745e+00 -6.9327e-01 +1.0943e+00 -3.3491e+00
73 +7.986482545e+01 +7.986482545e+01 +2.290148255e+02 +2.290148255e+02 -1.3903e-01 -1.2780e+00 -8.4078e-01 +1.2534e+00 -3.3333e+00
79 +5.843745874e+01 +5.843745874e+01 +2.075874587e+02 +2.075874587e+02 -2.6470e-01 -1.2983e+00 -9.2401e-01 +1.3273e+00 -3.3308e+00
85 +3.699429309e+01 +3.699429309e+01 +1.861442931e+02 +1.861442931e+02 -3.8330e-01 -1.2302e+00 -9.5699e-01 +1.3242e+00 -3.3424e+00
91 +2.162213296e+01 +2.162213296e+01 +1.707721330e+02 +1.707721330e+02 -4.6250e-01 -1.0776e+00 -9.2291e-01 +1.2326e+00 -3.3681e+00
103 +1.340246508e+01 +1.340246508e+01 +1.625524651e+02 +1.625524651e+02 -4.0642e-01 -8.5394e-01 -7.7099e-01 +1.0194e+00 -3.4088e+00
133 +8.857396457e+00 +8.857396457e+00 +1.580073965e+02 +1.580073965e+02 -2.9446e-01 -8.6761e-01 -7.0350e-01 +9.8614e-01 -3.4664e+00
145 +3.507203575e+00 +3.507203575e+00 +1.526572036e+02 +1.526572036e+02 -2.8273e-01 -8.6978e-01 -6.7263e-01 +1.0047e+00 -3.6475e+00
151 +1.756919017e+00 +1.756919017e+00 +1.509069190e+02 +1.509069190e+02 -2.8795e-01 -8.1999e-01 -6.3939e-01 +9.7444e-01 -3.7286e+00
157 +1.509328875e+00 +1.509328875e+00 +1.506593289e+02 +1.506593289e+02 -3.0345e-01 -8.0393e-01 -6.4017e-01 +9.6843e-01 -3.7318e+00
259 +7.972684207e-01 +7.972684207e-01 +1.499472684e+02 +1.499472684e+02 -1.9173e-01 -5.9611e-01 -3.8731e-01 +1.1957e+00 -3.6368e+00
265 +5.295117720e-01 +5.295117720e-01 +1.496795118e+02 +1.496795118e+02 -1.2741e-01 -5.2174e-01 -2.6614e-01 +1.3389e+00 -3.5276e+00
283 +3.813311873e-01 +3.813311873e-01 +1.495313312e+02 +1.495313312e+02 -1.3043e-01 -5.2813e-01 -2.6909e-01 +1.3542e+00 -3.4892e+00
295 +1.915160588e-01 +1.915160588e-01 +1.493415161e+02 +1.493415161e+02 -1.1336e-01 -4.7749e-01 -1.8194e-01 +1.4873e+00 -3.3321e+00
301 +1.310458923e-01 +1.310458923e-01 +1.492810459e+02 +1.492810459e+02 -9.8868e-02 -4.5388e-01 -1.4411e-01 +1.5494e+00 -3.2525e+00
313 +9.611019556e-02 +9.611019556e-02 +1.492461102e+02 +1.492461102e+02 -8.5483e-02 -4.2982e-01 -9.8283e-02 +1.6217e+00 -3.1549e+00
319 +6.185403966e-02 +6.185403966e-02 +1.492118540e+02 +1.492118540e+02 -7.9283e-02 -4.2197e-01 -8.2372e-02 +1.6548e+00 -3.0977e+00
325 +2.805531886e-02 +2.805531886e-02 +1.491780553e+02 +1.491780553e+02 -7.2417e-02 -4.0547e-01 -4.8971e-02 +1.7153e+00 -2.9929e+00
331 +1.156428202e-02 +1.156428202e-02 +1.491615643e+02 +1.491615643e+02 -6.7077e-02 -3.9371e-01 -2.6868e-02 +1.7608e+00 -2.9096e+00
337 +8.238514186e-03 +8.238514186e-03 +1.491582385e+02 +1.491582385e+02 -5.8172e-02 -3.7721e-01 +6.2881e-03 +1.8211e+00 -2.8013e+00
349 +2.167591708e-03 +2.167591708e-03 +1.491521676e+02 +1.491521676e+02 -5.7191e-02 -3.7554e-01 +1.1277e-02 +1.8309e+00 -2.7748e+00
355 +3.565904446e-04 +3.565904446e-04 +1.491503566e+02 +1.491503566e+02 -5.6974e-02 -3.7427e-01 +1.1968e-02 +1.8370e+00 -2.7625e+00
361 +3.193555841e-05 +3.193555841e-05 +1.491500319e+02 +1.491500319e+02 -5.5615e-02 -3.7163e-01 +1.7468e-02 +1.8469e+00 -2.7433e+00
367 +2.872550226e-06 +2.872550226e-06 +1.491500029e+02 +1.491500029e+02 -5.5322e-02 -3.7105e-01 +1.8707e-02 +1.8493e+00 -2.7382e+00
373 +1.505037517e-08 +1.505037517e-08 +1.491500000e+02 +1.491500000e+02 -5.5205e-02 -3.7081e-01 +1.9184e-02 +1.8504e+00 -2.7361e+00
379 +5.424851679e-10 +5.424851679e-10 +1.491500000e+02 +1.491500000e+02 -5.5200e-02 -3.7080e-01 +1.9196e-02 +1.8504e+00 -2.7360e+00
% function evaluation | noise-free fitness - Fopt (-1.000000000000e+03) | best noise-free fitness - Fopt | measured fitness | best measured fitness | x1 | x2...
1 +7.970404081e+03 +7.970404081e+03 +6.970404081e+03 +6.970404081e+03 -2.0710e+00 +2.1797e+00 -1.5230e+00 -4.7979e+00 +1.8953e+00
7 +1.999250397e+03 +1.999250397e+03 +9.992503973e+02 +9.992503973e+02 -2.1978e+00 +1.4667e+00 -5.2299e-01 -4.5837e+00 +1.8986e+00
13 +1.024304362e+03 +1.024304362e+03 +2.430436173e+01 +2.430436173e+01 -2.4545e+00 +1.2212e+00 -9.4727e-02 -4.6132e+00 +1.8520e+00
19 +5.673265087e+02 +5.673265087e+02 -4.326734913e+02 -4.326734913e+02 -2.7296e+00 +9.7712e-01 +3.5571e-01 -4.6526e+00 +1.7841e+00
61 +3.268622146e+02 +3.268622146e+02 -6.731377854e+02 -6.731377854e+02 -4.3193e+00 -1.7310e-01 +5.8481e-01 -4.1299e+00 +1.3333e-02
91 +2.465483175e+02 +2.465483175e+02 -7.534516825e+02 -7.534516825e+02 -4.2792e+00 +7.5025e-02 +2.4858e-01 -3.9485e+00 -9.3154e-01
103 +1.314204936e+02 +1.314204936e+02 -8.685795064e+02 -8.685795064e+02 -4.4065e+00 +3.1725e-01 +1.7420e-01 -3.4256e+00 -2.5452e+00
109 +4.589325198e+01 +4.589325198e+01 -9.541067480e+02 -9.541067480e+02 -4.3679e+00 +4.4251e-01 +4.3928e-01 -3.1151e+00 -2.9370e+00
115 +2.430646983e+01 +2.430646983e+01 -9.756935302e+02 -9.756935302e+02 -4.3760e+00 +4.6031e-01 +5.9471e-01 -2.9414e+00 -3.0667e+00
121 +1.560151402e+01 +1.560151402e+01 -9.843984860e+02 -9.843984860e+02 -4.3620e+00 +4.8935e-01 +6.9490e-01 -2.7966e+00 -3.1356e+00
133 +9.449303728e+00 +9.449303728e+00 -9.905506963e+02 -9.905506963e+02 -4.3469e+00 +5.2659e-01 +7.7518e-01 -2.5479e+00 -3.1917e+00
145 +5.694342461e+00 +5.694342461e+00 -9.943056575e+02 -9.943056575e+02 -4.3590e+00 +4.9340e-01 +7.2610e-01 -2.5223e+00 -3.0351e+00
289 +3.785485964e+00 +3.785485964e+00 -9.962145140e+02 -9.962145140e+02 -3.6617e+00 +2.0161e-01 +4.9671e-01 -2.5611e+00 -3.0460e+00
331 +2.464176196e+00 +2.464176196e+00 -9.975358238e+02 -9.975358238e+02 -3.2655e+00 +5.2316e-01 +6.1853e-01 -2.5320e+00 -3.0416e+00
349 +1.557595658e+00 +1.557595658e+00 -9.984424043e+02 -9.984424043e+02 -3.0796e+00 +7.5703e-01 +8.6160e-01 -2.4605e+00 -3.0334e+00
367 +9.727653038e-01 +9.727653038e-01 -9.990272347e+02 -9.990272347e+02 -2.9743e+00 +9.3693e-01 +1.0882e+00 -2.2615e+00 -2.9919e+00
379 +4.689567006e-01 +4.689567006e-01 -9.995310433e+02 -9.995310433e+02 -2.9324e+00 +1.0098e+00 +1.2118e+00 -2.0900e+00 -2.8468e+00
391 +2.803759607e-01 +2.803759607e-01 -9.997196240e+02 -9.997196240e+02 -2.9232e+00 +1.0433e+00 +1.2826e+00 -1.9730e+00 -2.7138e+00
403 +2.089090425e-01 +2.089090425e-01 -9.997910910e+02 -9.997910910e+02 -2.9007e+00 +1.0794e+00 +1.3417e+00 -1.8878e+00 -2.6241e+00
409 +1.486540149e-01 +1.486540149e-01 -9.998513460e+02 -9.998513460e+02 -2.8855e+00 +1.1032e+00 +1.3742e+00 -1.8443e+00 -2.5484e+00
415 +9.616088051e-02 +9.616088051e-02 -9.999038391e+02 -9.999038391e+02 -2.8780e+00 +1.1102e+00 +1.3906e+00 -1.8016e+00 -2.4857e+00
427 +4.996208267e-02 +4.996208267e-02 -9.999500379e+02 -9.999500379e+02 -2.8750e+00 +1.1306e+00 +1.4446e+00 -1.7000e+00 -2.3149e+00
433 +2.088355727e-02 +2.088355727e-02 -9.999791164e+02 -9.999791164e+02 -2.8653e+00 +1.1463e+00 +1.4635e+00 -1.6675e+00 -2.2651e+00
439 +1.493315035e-02 +1.493315035e-02 -9.999850668e+02 -9.999850668e+02 -2.8562e+00 +1.1585e+00 +1.4882e+00 -1.6265e+00 -2.1949e+00
445 +8.122925086e-03 +8.122925086e-03 -9.999918771e+02 -9.999918771e+02 -2.8560e+00 +1.1592e+00 +1.4879e+00 -1.6242e+00 -2.1853e+00
451 +3.543598037e-03 +3.543598037e-03 -9.999964564e+02 -9.999964564e+02 -2.8536e+00 +1.1671e+00 +1.5032e+00 -1.5916e+00 -2.1246e+00
457 +4.815454818e-04 +4.815454818e-04 -9.999995185e+02 -9.999995185e+02 -2.8506e+00 +1.1720e+00 +1.5151e+00 -1.5693e+00 -2.0793e+00
463 +1.004141576e-04 +1.004141576e-04 -9.999998996e+02 -9.999998996e+02 -2.8485e+00 +1.1759e+00 +1.5225e+00 -1.5549e+00 -2.0511e+00
469 +1.971234019e-05 +1.971234019e-05 -9.999999803e+02 -9.999999803e+02 -2.8483e+00 +1.1763e+00 +1.5234e+00 -1.5528e+00 -2.0456e+00
475 +1.241054406e-07 +1.241054406e-07 -9.999999999e+02 -9.999999999e+02 -2.8482e+00 +1.1766e+00 +1.5240e+00 -1.5516e+00 -2.0435e+00
481 +1.931084626e-09 +1.931084626e-09 -1.000000000e+03 -1.000000000e+03 -2.8482e+00 +1.1766e+00 +1.5240e+00 -1.5516e+00 -2.0436e+00
% function evaluation | noise-free fitness - Fopt (9.862000000000e+01) | best noise-free fitness - Fopt | measured fitness | best measured fitness | x1 | x2...
1 +3.665041529e+05 +3.665041529e+05 +3.666027729e+05 +3.666027729e+05 -3.6752e+00 +1.0442e+00 -4.5339e+00 +3.7364e+00 -2.4529e+00
7 +2.203640032e+05 +2.203640032e+05 +2.204626232e+05 +2.204626232e+05 -3.6735e+00 +8.9216e-01 -4.0015e+00 +2.7364e+00 -2.3779e+00
13 +6.126536567e+04 +6.126536567e+04 +6.136398567e+04 +6.136398567e+04 -3.6582e+00 +3.2178e-01 -2.4826e+00 +9.6763e-01 -2.1725e+00
19 +2.340988642e+04 +2.340988642e+04 +2.350850642e+04 +2.350850642e+04 -3.6294e+00 -1.1853e-01 -1.6055e+00 -5.0640e-02 -2.0135e+00
25 +8.378565895e+03 +8.378565895e+03 +8.477185895e+03 +8.477185895e+03 -3.5797e+00 -5.4498e-01 -8.4592e-01 -9.3372e-01 -1.8519e+00
31 +3.401253088e+03 +3.401253088e+03 +3.499873088e+03 +3.499873088e+03 -3.5166e+00 -8.8173e-01 -2.7849e-01 -1.5942e+00 -1.7163e+00
37 +1.545592858e+03 +1.545592858e+03 +1.644212858e+03 +1.644212858e+03 -3.4399e+00 -1.1608e+00 +1.8369e-01 -2.1320e+00 -1.5966e+00
43 +8.216698060e+02 +8.216698060e+02 +9.202898060e+02 +9.202898060e+02 -3.3533e+00 -1.3901e+00 +5.6699e-01 -2.5768e+00 -1.4911e+00
49 +5.099672860e+02 +5.099672860e+02 +6.085872860e+02 +6.085872860e+02 -3.2567e+00 -1.5859e+00 +9.0376e-01 -2.9654e+00 -1.3939e+00
55 +3.811953969e+02 +3.811953969e+02 +4.798153969e+02 +4.798153969e+02 -3.1564e+00 -1.7456e+00 +1.1908e+00 -3.2930e+00 -1.3066e+00
79 +1.665167423e+02 +1.665167423e+02 +2.651367423e+02 +2.651367423e+02 -2.6659e+00 -1.8144e+00 +1.5524e+00 -3.6021e+00 -1.0669e+00
85 +1.111183939e+02 +1.111183939e+02 +2.097383939e+02 +2.097383939e+02 -2.4714e+00 -1.7091e+00 +1.4995e+00 -3.4777e+00 -1.0008e+00
91 +9.981032844e+01 +9.981032844e+01 +1.984303284e+02 +1.984303284e+02 -2.3646e+00 -1.6526e+00 +1.4719e+00 -3.4077e+00 -9.5999e-01
121 +1.828317620e+01 +1.828317620e+01 +1.169031762e+02 +1.169031762e+02 -1.0047e+00 -1.5263e+00 +1.9256e+00 -3.3744e+00 -1.3208e-01
139 +5.473631301e+00 +5.473631301e+00 +1.040936313e+02 +1.040936313e+02 -9.7120e-01 -1.4546e+00 +1.8287e+00 -3.2389e+00 -1.2538e-01
163 +3.499680319e+00 +3.499680319e+00 +1.021196803e+02 +1.021196803e+02 -9.8081e-01 -1.4559e+00 +1.7854e+00 -3.1381e+00 -1.0072e-01
169 +2.342564598e+00 +2.342564598e+00 +1.009625646e+02 +1.009625646e+02 -1.0054e+00 -1.4887e+00 +1.7826e+00 -3.0920e+00 -7.7724e-02
181 +1.396525131e+00 +1.396525131e+00 +1.000165251e+02 +1.000165251e+02 -1.0287e+00 -1.5395e+00 +1.8057e+00 -3.0738e+00 -4.8257e-02
283 +5.438808819e-01 +5.438808819e-01 +9.916388088e+01 +9.916388088e+01 -9.0038e-01 -1.3123e+00 +2.1273e+00 -2.7710e+00 +1.0377e-01
319 +3.726028186e-01 +3.726028186e-01 +9.899260282e+01 +9.899260282e+01 -8.7431e-01 -1.2909e+00 +2.1705e+00 -2.7043e+00 +1.7493e-01
325 +2.438163592e-01 +2.438163592e-01 +9.886381636e+01 +9.886381636e+01 -8.5408e-01 -1.2505e+00 +2.2418e+00 -2.5976e+00 +2.9007e-01
331 +1.160640211e-01 +1.160640211e-01 +9.873606402e+01 +9.873606402e+01 -8.4687e-01 -1.2256e+00 +2.2960e+00 -2.4908e+00 +4.3476e-01
337 +8.520622906e-02 +8.520622906e-02 +9.870520623e+01 +9.870520623e+01 -8.3972e-01 -1.2114e+00 +2.3243e+00 -2.4452e+00 +5.0257e-01
343 +4.021931919e-02 +4.021931919e-02 +9.866021932e+01 +9.866021932e+01 -8.2538e-01 -1.1848e+00 +2.3762e+00 -2.3481e+00 +6.8440e-01
355 +2.538243099e-02 +2.538243099e-02 +9.864538243e+01 +9.864538243e+01 -8.0647e-01 -1.1513e+00 +2.4346e+00 -2.2428e+00 +8.5247e-01
361 +6.166494619e-03 +6.166494619e-03 +9.862616649e+01 +9.862616649e+01 -8.1335e-01 -1.1635e+00 +2.4134e+00 -2.2811e+00 +7.9135e-01
373 +2.231379359e-03 +2.231379359e-03 +9.862223138e+01 +9.862223138e+01 -8.0902e-01 -1.1564e+00 +2.4263e+00 -2.2533e+00 +8.4481e-01
379 +7.980726629e-04 +7.980726629e-04 +9.862079807e+01 +9.862079807e+01 -8.0494e-01 -1.1477e+00 +2.4449e+00 -2.2187e+00 +9.1221e-01
385 +1.057475216e-04 +1.057475216e-04 +9.862010575e+01 +9.862010575e+01 -8.0607e-01 -1.1493e+00 +2.4415e+00 -2.2242e+00 +9.0434e-01
391 +5.762022482e-06 +5.762022482e-06 +9.862000576e+01 +9.862000576e+01 -8.0547e-01 -1.1483e+00 +2.4434e+00 -2.2202e+00 +9.1163e-01
397 +4.164636493e-07 +4.164636493e-07 +9.862000042e+01 +9.862000042e+01 -8.0525e-01 -1.1479e+00 +2.4442e+00 -2.2186e+00 +9.1477e-01
403 +3.680185046e-09 +3.680185046e-09 +9.862000000e+01 +9.862000000e+01 -8.0520e-01 -1.1478e+00 +2.4444e+00 -2.2182e+00 +9.1559e-01
