% function evaluation | noise-free fitness - Fopt (-5.494000000000e+01) | best noise-free fitness - Fopt | measured fitness | best measured fitness | x1 | x2...
1 +1.224853942e+07 +1.224853942e+07 +1.224848448e+07 +1.224848448e+07 -8.3943e-01 +7.1814e-02 -3.1114e+00 +1.1111e+00 -1.0816e+00 -1.7117e+00 -2.8989e+00 +3.5096e+00 -5.2799e-01 +1.2194e-01
12 +5.689343118e+06 +5.689343118e+06 +5.689288178e+06 +5.689288178e+06 -7.2023e-01 -1.5444e-01 -2.3689e+00 +1.5449e+00 -1.3336e-01 -1.3120e+00 -3.8989e+00 +3.7959e+00 -7.2800e-01 +1.4478e-01
34 +2.728968077e+06 +2.728968077e+06 +2.728913137e+06 +2.728913137e+06 -8.9016e-01 +2.3817e-01 -1.8126e+00 +2.1595e+00 +4.4020e-01 -5.1795e-01 -4.3275e+00 +3.5826e+00 -6.1804e-01 +4.6724e-01
56 +1.096933546e+06 +1.096933546e+06 +1.096878606e+06 +1.096878606e+06 -1.1970e+00 +8.4817e-01 -9.7527e-01 +3.1015e+00 +1.3023e+00 +7.1182e-01 -4.9286e+00 +3.2310e+00 -4.1467e-01 +9.9375e-01
67 +8.507349504e+05 +8.507349504e+05 +8.506800104e+05 +8.506800104e+05 -1.2700e+00 +8.9250e-01 -1.0833e+00 +3.0541e+00 +1.1716e+00 +6.8901e-01 -4.7393e+00 +3.1606e+00 -3.4527e-01 +1.0337e+00
78 +6.089369356e+05 +6.089369356e+05 +6.088819956e+05 +6.088819956e+05 -1.4609e+00 +9.7572e-01 -1.2455e+00 +3.0067e+00 +9.9109e-01 +7.0944e-01 -4.3927e+00 +3.0123e+00 -1.8214e-01 +1.1567e+00
100 +2.808827749e+05 +2.808827749e+05 +2.808278349e+05 +2.808278349e+05 -1.6996e+00 +1.1808e+00 -1.1002e+00 +3.2528e+00 +1.1667e+00 +1.0948e+00 -4.3444e+00 +2.8169e+00 -2.8064e-03 +1.4053e+00
111 +1.743435621e+05 +1.743435621e+05 +1.742886221e+05 +1.742886221e+05 -1.8039e+00 +1.2940e+00 -9.7869e-01 +3.4184e+00 +1.3289e+00 +1.3415e+00 -4.3927e+00 +2.7228e+00 +7.3629e-02 +1.5317e+00
122 +1.480315594e+05 +1.480315594e+05 +1.479766194e+05 +1.479766194e+05 -1.9082e+00 +1.4073e+00 -8.5722e-01 +3.5839e+00 +1.4911e+00 +1.5881e+00 -4.4411e+00 +2.6287e+00 +1.5006e-01 +1.6582e+00
166 +8.962381429e+04 +8.962381429e+04 +8.956887429e+04 +8.956887429e+04 -2.3142e+00 +1.2062e+00 -9.4932e-01 +3.5637e+00 +1.8013e+00 +1.7679e+00 -4.1695e+00 +2.5298e+00 +4.3048e-01 +1.9050e+00
188 +5.250403274e+04 +5.250403274e+04 +5.244909274e+04 +5.244909274e+04 -2.6876e+00 +8.5018e-01 -1.0734e+00 +3.4585e+00 +2.1731e+00 +1.8414e+00 -3.9383e+00 +2.5206e+00 +6.7341e-01 +2.0913e+00
199 +3.182285154e+04 +3.182285154e+04 +3.176791154e+04 +3.176791154e+04 -2.6374e+00 +7.8138e-01 -1.1110e+00 +3.3936e+00 +2.1513e+00 +1.7478e+00 -3.9514e+00 +2.5733e+00 +6.3350e-01 +2.0327e+00
232 +2.458964898e+04 +2.458964898e+04 +2.453470898e+04 +2.453470898e+04 -2.6071e+00 +7.0004e-01 -1.1433e+00 +3.3417e+00 +2.1981e+00 +1.6954e+00 -3.9767e+00 +2.6178e+00 +6.0754e-01 +1.9891e+00
287 +1.447089757e+04 +1.447089757e+04 +1.441595757e+04 +1.441595757e+04 -2.5137e+00 +7.0040e-01 -1.4755e+00 +3.2220e+00 +2.5436e+00 +1.8605e+00 -3.9256e+00 +2.4849e+00 +6.0128e-01 +1.8744e+00
309 +5.330997262e+03 +5.330997262e+03 +5.276057262e+03 +5.276057262e+03 -2.3874e+00 +6.6217e-01 -1.9636e+00 +3.0165e+00 +2.9906e+00 +2.0331e+00 -3.8262e+00 +2.3189e+00 +5.8996e-01 +1.7033e+00
331 +3.391892273e+03 +3.391892273e+03 +3.336952273e+03 +3.336952273e+03 -2.3474e+00 +6.6788e-01 -2.1383e+00 +2.9576e+00 +3.1732e+00 +2.1281e+00 -3.7919e+00 +2.2419e+00 +5.9329e-01 +1.6507e+00
364 +2.387983842e+03 +2.387983842e+03 +2.333043842e+03 +2.333043842e+03 -2.3660e+00 +6.9128e-01 -2.1375e+00 +2.9790e+00 +3.2093e+00 +2.1778e+00 -3.7872e+00 +2.2149e+00 +6.1030e-01 +1.6705e+00
397 +1.412451590e+03 +1.412451590e+03 +1.357511590e+03 +1.357511590e+03 -2.3553e+00 +6.7624e-01 -2.1897e+00 +2.9614e+00 +3.3109e+00 +2.2209e+00 -3.7941e+00 +2.1947e+00 +6.0991e-01 +1.6533e+00
507 +9.936856289e+02 +9.936856289e+02 +9.387456289e+02 +9.387456289e+02 -2.4155e+00 +7.1688e-01 -2.1036e+00 +2.9494e+00 +3.2590e+00 +2.1268e+00 -3.8169e+00 +2.1707e+00 +5.2960e-01 +1.6983e+00
529 +4.922214910e+02 +4.922214910e+02 +4.372814910e+02 +4.372814910e+02 -2.6204e+00 +8.9325e-01 -2.0663e+00 +2.7693e+00 +3.4351e+00 +1.8959e+00 -3.8603e+00 +1.9059e+00 +1.6869e-01 +1.8006e+00
551 +3.972637458e+02 +3.972637458e+02 +3.423237458e+02 +3.423237458e+02 -2.7072e+00 +9.1950e-01 -2.0477e+00 +2.7176e+00 +3.4971e+00 +1.8294e+00 -3.8620e+00 +1.8363e+00 +8.2148e-02 +1.8472e+00
991 +2.490130892e+02 +2.490130892e+02 +1.940730892e+02 +1.940730892e+02 -2.7136e+00 +8.6688e-01 -2.2110e+00 +2.7602e+00 +3.4822e+00 +1.8781e+00 -3.8148e+00 +1.8630e+00 -5.1071e-01 +2.3184e+00
1057 +1.567761506e+02 +1.567761506e+02 +1.018361506e+02 +1.018361506e+02 -2.6792e+00 +8.5916e-01 -2.2674e+00 +2.7188e+00 +3.4951e+00 +1.9777e+00 -3.7343e+00 +1.9732e+00 -6.9667e-01 +2.4557e+00
1134 +9.777971096e+01 +9.777971096e+01 +4.283971096e+01 +4.283971096e+01 -2.6093e+00 +7.5981e-01 -2.4331e+00 +2.7719e+00 +3.4337e+00 +2.1596e+00 -3.6168e+00 +2.1699e+00 -1.2164e+00 +2.9233e+00
1574 +5.781990963e+01 +5.781990963e+01 +2.879909626e+00 +2.879909626e+00 -1.9169e+00 +5.8655e-03 -1.9062e+00 +2.2913e+00 +3.1819e+00 +2.6633e+00 -3.3218e+00 +1.4051e+00 -1.7227e+00 +3.4650e+00
1618 +3.804729765e+01 +3.804729765e+01 -1.689270235e+01 -1.689270235e+01 -1.9392e+00 +2.3934e-02 -2.0111e+00 +2.3953e+00 +3.1772e+00 +2.6691e+00 -3.3445e+00 +1.5094e+00 -1.6908e+00 +3.4685e+00
1915 +2.365176660e+01 +2.365176660e+01 -3.128823340e+01 -3.128823340e+01 -1.5532e+00 -3.1796e-01 -1.8324e+00 +2.7715e+00 +3.2750e+00 +2.7457e+00 -2.7255e+00 +1.4033e+00 -2.2176e+00 +3.6299e+00
1937 +1.195057838e+01 +1.195057838e+01 -4.298942162e+01 -4.298942162e+01 -1.3011e+00 -5.3024e-01 -1.6518e+00 +3.0601e+00 +3.3823e+00 +2.7366e+00 -2.2510e+00 +1.2911e+00 -2.5688e+00 +3.6716e+00
1959 +8.328193097e+00 +8.328193097e+00 -4.661180690e+01 -4.661180690e+01 -1.2811e+00 -5.7132e-01 -1.6209e+00 +2.9069e+00 +3.3084e+00 +2.8044e+00 -2.3579e+00 +1.2130e+00 -2.5019e+00 +3.7142e+00
1970 +5.922204749e+00 +5.922204749e+00 -4.901779525e+01 -4.901779525e+01 -1.1366e+00 -7.0369e-01 -1.5347e+00 +3.0081e+00 +3.3260e+00 +2.8411e+00 -2.1580e+00 +1.1486e+00 -2.6537e+00 +3.7623e+00
2014 +3.904372237e+00 +3.904372237e+00 -5.103562776e+01 -5.103562776e+01 -9.2217e-01 -9.1229e-01 -1.4175e+00 +3.1060e+00 +3.3234e+00 +2.9217e+00 -1.9111e+00 +1.0331e+00 -2.8836e+00 +3.8767e+00
2641 +2.272023064e+00 +2.272023064e+00 -5.266797694e+01 -5.266797694e+01 -1.3042e+00 -1.0946e+00 -1.4496e+00 +3.0934e+00 +3.0978e+00 +3.2461e+00 -2.0074e+00 +9.6857e-01 -3.1281e+00 +3.4937e+00
2663 +1.269609520e+00 +1.269609520e+00 -5.367039048e+01 -5.367039048e+01 -1.4189e+00 -1.3350e+00 -1.4009e+00 +3.1940e+00 +2.9739e+00 +3.4882e+00 -1.8696e+00 +8.7732e-01 -3.4668e+00 +3.3076e+00
2685 +6.699657607e-01 +6.699657607e-01 -5.427003424e+01 -5.427003424e+01 -1.4409e+00 -1.3085e+00 -1.4034e+00 +3.2299e+00 +2.9939e+00 +3.4538e+00 -1.8619e+00 +8.9352e-01 -3.4381e+00 +3.2615e+00
2707 +4.540418380e-01 +4.540418380e-01 -5.448595816e+01 -5.448595816e+01 -1.4815e+00 -1.3201e+00 -1.3952e+00 +3.2485e+00 +2.9839e+00 +3.4670e+00 -1.8577e+00 +8.8334e-01 -3.4450e+00 +3.1930e+00
2718 +3.365630992e-01 +3.365630992e-01 -5.460343690e+01 -5.460343690e+01 -1.5043e+00 -1.3628e+00 -1.3816e+00 +3.2730e+00 +2.9650e+00 +3.5070e+00 -1.8262e+00 +8.6558e-01 -3.5039e+00 +3.1479e+00
2740 +1.274499394e-01 +1.274499394e-01 -5.481255006e+01 -5.481255006e+01 -1.6001e+00 -1.4947e+00 -1.3500e+00 +3.3352e+00 +2.8920e+00 +3.6477e+00 -1.7510e+00 +8.1471e-01 -3.6899e+00 +2.9976e+00
2751 +4.381870846e-02 +4.381870846e-02 -5.489618129e+01 -5.489618129e+01 -1.6442e+00 -1.5015e+00 -1.3564e+00 +3.3389e+00 +2.8755e+00 +3.6685e+00 -1.7637e+00 +8.1388e-01 -3.7033e+00 +2.9521e+00
2762 +2.330092254e-02 +2.330092254e-02 -5.491669908e+01 -5.491669908e+01 -1.7581e+00 -1.5482e+00 -1.3634e+00 +3.3598e+00 +2.8221e+00 +3.7480e+00 -1.7736e+00 +8.0083e-01 -3.7772e+00 +2.8245e+00
2773 +2.404392316e-03 +2.404392316e-03 -5.493759561e+01 -5.493759561e+01 -1.7267e+00 -1.5179e+00 -1.3690e+00 +3.3463e+00 +2.8422e+00 +3.7125e+00 -1.7859e+00 +8.1305e-01 -3.7346e+00 +2.8680e+00
2784 +2.502711593e-04 +2.502711593e-04 -5.493974973e+01 -5.493974973e+01 -1.7244e+00 -1.5067e+00 -1.3737e+00 +3.3413e+00 +2.8464e+00 +3.7032e+00 -1.7945e+00 +8.1856e-01 -3.7207e+00 +2.8760e+00
2795 +8.871261061e-05 +8.871261061e-05 -5.493991129e+01 -5.493991129e+01 -1.7250e+00 -1.5084e+00 -1.3731e+00 +3.3423e+00 +2.8458e+00 +3.7047e+00 -1.7930e+00 +8.1794e-01 -3.7231e+00 +2.8746e+00
2817 +6.199343483e-05 +6.199343483e-05 -5.493993801e+01 -5.493993801e+01 -1.7262e+00 -1.5093e+00 -1.3730e+00 +3.3429e+00 +2.8452e+00 +3.7058e+00 -1.7925e+00 +8.1764e-01 -3.7246e+00 +2.8730e+00
2828 +2.250408015e-05 +2.250408015e-05 -5.493997750e+01 -5.493997750e+01 -1.7271e+00 -1.5093e+00 -1.3733e+00 +3.3431e+00 +2.8450e+00 +3.7060e+00 -1.7928e+00 +8.1788e-01 -3.7248e+00 +2.8722e+00
2872 +1.275962425e-05 +1.275962425e-05 -5.493998724e+01 -5.493998724e+01 -1.7274e+00 -1.5091e+00 -1.3734e+00 +3.3430e+00 +2.8449e+00 +3.7060e+00 -1.7931e+00 +8.1800e-01 -3.7247e+00 +2.8721e+00
2916 +9.385015041e-06 +9.385015041e-06 -5.493999061e+01 -5.493999061e+01 -1.7271e+00 -1.5090e+00 -1.3734e+00 +3.3428e+00 +2.8450e+00 +3.7058e+00 -1.7931e+00 +8.1799e-01 -3.7244e+00 +2.8724e+00
12068 +3.983879338e-06 +3.983879338e-06 -5.493999602e+01 -5.493999602e+01 -1.7257e+00 -1.5075e+00 -1.3736e+00 +3.3421e+00 +2.8460e+00 +3.7042e+00 -1.7937e+00 +8.1854e-01 -3.7225e+00 +2.8745e+00
12070 +3.977508612e-06 +3.977508612e-06 -5.493999602e+01 -5.493999602e+01 -1.7257e+00 -1.5075e+00 -1.3736e+00 +3.3421e+00 +2.8460e+00 +3.7042e+00 -1.7937e+00 +8.1854e-01 -3.7225e+00 +2.8745e+00
12079 +2.021545114e-06 +2.021545114e-06 -5.493999798e+01 -5.493999798e+01 -1.7259e+00 -1.5076e+00 -1.3736e+00 +3.3422e+00 +2.8459e+00 +3.7043e+00 -1.7937e+00 +8.1852e-01 -3.7226e+00 +2.8742e+00
12101 +1.575654018e-06 +1.575654018e-06 -5.493999842e+01 -5.493999842e+01 -1.7259e+00 -1.5077e+00 -1.3736e+00 +3.3423e+00 +2.8459e+00 +3.7043e+00 -1.7936e+00 +8.1850e-01 -3.7228e+00 +2.8741e+00
12112 +7.715624406e-07 +7.715624406e-07 -5.493999923e+01 -5.493999923e+01 -1.7261e+00 -1.5078e+00 -1.3736e+00 +3.3424e+00 +2.8458e+00 +3.7045e+00 -1.7936e+00 +8.1848e-01 -3.7229e+00 +2.8739e+00
12145 +3.675773286e-07 +3.675773286e-07 -5.493999963e+01 -5.493999963e+01 -1.7263e+00 -1.5079e+00 -1.3736e+00 +3.3424e+00 +2.8457e+00 +3.7047e+00 -1.7936e+00 +8.1845e-01 -3.7231e+00 +2.8737e+00
% function evaluation | noise-free fitness - Fopt (5.913000000000e+01) | best noise-free fitness - Fopt | measured fitness | best measured fitness | x1 | x2...
1 +7.012514201e+07 +7.012514201e+07 +7.012520114e+07 +7.012520114e+07 -2.4865e+00 -3.5447e+00 +4.4187e+00 +5.4652e-01 +2.6749e+00 -2.5956e+00 +6.9875e-01 -3.4434e+00 -2.8918e+00 -2.6380e+00
12 +4.272002123e+07 +4.272002123e+07 +4.272008036e+07 +4.272008036e+07 -1.9654e+00 -2.6676e+00 +3.9632e+00 +1.0129e+00 +2.4073e+00 -2.9877e+00 +1.2211e+00 -2.6185e+00 -3.1602e+00 -1.6380e+00
23 +1.695959150e+07 +1.695959150e+07 +1.695965063e+07 +1.695965063e+07 -1.3194e+00 -1.5802e+00 +3.3986e+00 +1.5912e+00 +2.0755e+00 -3.4737e+00 +1.8687e+00 -1.5957e+00 -3.4931e+00 -3.9824e-01
45 +3.439533713e+06 +3.439533713e+06 +3.439592843e+06 +3.439592843e+06 -5.7272e-01 -3.2329e-01 +2.7460e+00 +2.2595e+00 +1.6920e+00 -4.0356e+00 +2.6172e+00 -4.1365e-01 -3.8777e+00 +1.0347e+00
67 +1.183772326e+06 +1.183772326e+06 +1.183831456e+06 +1.183831456e+06 -1.7748e-01 +2.8460e-01 +2.3044e+00 +2.5850e+00 +1.3750e+00 -4.3439e+00 +3.0749e+00 +2.8809e-01 -4.1662e+00 +1.9848e+00
78 +3.825470570e+05 +3.825470570e+05 +3.826061870e+05 +3.826061870e+05 -4.3039e-01 -6.7969e-01 +1.9199e+00 +2.1522e+00 +6.7667e-01 -4.1591e+00 +3.5410e+00 +6.4927e-01 -4.5445e+00 +2.7876e+00
100 +2.252194861e+05 +2.252194861e+05 +2.252786161e+05 +2.252786161e+05 -5.8454e-01 -9.7529e-01 +1.7448e+00 +1.9237e+00 +5.0460e-01 -4.1278e+00 +3.2546e+00 +3.5927e-01 -4.7393e+00 +2.9799e+00
111 +1.164552390e+05 +1.164552390e+05 +1.165143690e+05 +1.165143690e+05 -7.1520e-01 -1.0947e+00 +1.2467e+00 +1.6448e+00 +1.9506e-01 -4.2521e+00 +2.5181e+00 -2.3521e-01 -5.2279e+00 +3.5808e+00
122 +8.518314340e+04 +8.518314340e+04 +8.524227340e+04 +8.524227340e+04 -6.7486e-01 -9.8666e-01 +1.2136e+00 +1.6653e+00 +2.2335e-01 -4.2915e+00 +2.4367e+00 -2.8494e-01 -5.2320e+00 +3.5768e+00
144 +6.228872904e+04 +6.228872904e+04 +6.234785904e+04 +6.234785904e+04 -5.9091e-01 -7.8584e-01 +9.6499e-01 +1.5903e+00 +1.9796e-01 -4.4068e+00 +2.0632e+00 -5.4948e-01 -5.3402e+00 +3.6835e+00
199 +3.313509748e+04 +3.313509748e+04 +3.319422748e+04 +3.319422748e+04 -2.2484e-01 -8.2493e-01 +2.8544e-01 +1.0370e+00 -4.8217e-02 -4.4763e+00 +2.0594e+00 -4.8414e-01 -5.1703e+00 +3.5855e+00
210 +2.466075837e+04 +2.466075837e+04 +2.471988837e+04 +2.471988837e+04 -6.1979e-02 -6.8283e-01 +1.4937e-01 +9.2962e-01 +6.4889e-03 -4.5087e+00 +2.0117e+00 -4.9592e-01 -5.0229e+00 +3.3670e+00
331 +1.558334585e+04 +1.558334585e+04 +1.564247585e+04 +1.564247585e+04 -1.3834e-01 -4.4523e-01 -6.3387e-01 +6.5577e-01 -1.1297e-02 -3.6672e+00 +1.6387e+00 -1.8578e-02 -5.3916e+00 +2.9660e+00
342 +9.686028221e+03 +9.686028221e+03 +9.745158221e+03 +9.745158221e+03 -5.8506e-01 +1.1358e-01 -1.6271e+00 +6.3854e-01 +1.6099e-01 -1.8808e+00 +9.9741e-01 +1.0297e+00 -6.2832e+00 +2.2616e+00
386 +5.897475857e+03 +5.897475857e+03 +5.956605857e+03 +5.956605857e+03 -5.0461e-01 +4.3424e-01 -2.3957e+00 +3.0264e-01 +1.5254e-01 -1.3084e+00 +6.0734e-01 +1.3564e+00 -6.4796e+00 +1.8510e+00
540 +3.761242233e+03 +3.761242233e+03 +3.820372233e+03 +3.820372233e+03 -1.3364e+00 +1.1616e+00 -2.8301e+00 -4.8360e-01 +9.2909e-02 -3.8006e-01 -3.5847e-01 +2.8248e+00 -6.9910e+00 +1.3366e+00
738 +2.354143683e+03 +2.354143683e+03 +2.413273683e+03 +2.413273683e+03 -1.5151e+00 +1.1450e+00 -2.5857e+00 -5.2803e-01 -3.8871e-01 -8.1391e-01 -8.2769e-01 +3.2049e+00 -6.6160e+00 +1.3300e+00
782 +1.189581457e+03 +1.189581457e+03 +1.248711457e+03 +1.248711457e+03 -2.0539e+00 +9.6646e-01 -2.0692e+00 +1.4475e-02 -1.9761e+00 -1.4763e+00 -2.3766e+00 +4.5180e+00 -5.6306e+00 +1.0442e+00
815 +8.021475961e+02 +8.021475961e+02 +8.612775961e+02 +8.612775961e+02 -2.0051e+00 +8.6930e-01 -2.0494e+00 +2.0166e-01 -2.2158e+00 -1.5715e+00 -2.5172e+00 +4.5926e+00 -5.4345e+00 +9.7806e-01
826 +5.214191342e+02 +5.214191342e+02 +5.805491342e+02 +5.805491342e+02 -1.8673e+00 +8.0822e-01 -2.1272e+00 +2.7907e-01 -2.1238e+00 -1.5217e+00 -2.3451e+00 +4.3932e+00 -5.4693e+00 +9.9461e-01
859 +3.817643362e+02 +3.817643362e+02 +4.408943362e+02 +4.408943362e+02 -1.7404e+00 +7.4040e-01 -2.2245e+00 +3.9929e-01 -2.1031e+00 -1.4551e+00 -2.2489e+00 +4.2540e+00 -5.4768e+00 +9.7944e-01
892 +2.201019969e+02 +2.201019969e+02 +2.792319969e+02 +2.792319969e+02 -1.7953e+00 +7.3455e-01 -2.2858e+00 +5.2205e-01 -2.3039e+00 -1.3811e+00 -2.4903e+00 +4.4405e+00 -5.4276e+00 +8.9381e-01
947 +1.483552172e+02 +1.483552172e+02 +2.074852172e+02 +2.074852172e+02 -1.8530e+00 +6.9302e-01 -2.2435e+00 +6.8121e-01 -2.5349e+00 -1.4141e+00 -2.7097e+00 +4.6094e+00 -5.3102e+00 +8.4159e-01
1255 +8.600236172e+01 +8.600236172e+01 +1.451323617e+02 +1.451323617e+02 -1.5331e+00 +9.8004e-01 -1.7125e+00 +5.0951e-01 -3.2684e+00 -9.2491e-01 -2.9364e+00 +4.5988e+00 -5.0867e+00 +9.3192e-01
1486 +6.242596905e+01 +6.242596905e+01 +1.215559691e+02 +1.215559691e+02 -1.4248e+00 +1.2336e+00 -1.4673e+00 +3.6179e-01 -3.5781e+00 -4.8411e-01 -2.9042e+00 +4.4249e+00 -4.8523e+00 +1.1109e+00
1530 +3.705689161e+01 +3.705689161e+01 +9.618689161e+01 +9.618689161e+01 -1.9264e+00 +1.5748e+00 -1.6630e+00 +3.4568e-01 -3.6361e+00 -7.9612e-03 -2.7989e+00 +4.1971e+00 -4.0781e+00 +1.5062e+00
1552 +2.456307823e+01 +2.456307823e+01 +8.369307823e+01 +8.369307823e+01 -2.3400e+00 +1.8780e+00 -1.8271e+00 +3.0483e-01 -3.6059e+00 +4.1456e-01 -2.5926e+00 +3.8794e+00 -3.4086e+00 +1.9107e+00
1574 +1.204090042e+01 +1.204090042e+01 +7.117090042e+01 +7.117090042e+01 -2.2579e+00 +1.8345e+00 -1.7575e+00 +3.2986e-01 -3.7154e+00 +3.5563e-01 -2.6794e+00 +3.9466e+00 -3.4477e+00 +1.8483e+00
1607 +9.702797919e+00 +9.702797919e+00 +6.883279792e+01 +6.883279792e+01 -2.2263e+00 +1.8997e+00 -1.6893e+00 +2.9162e-01 -3.7940e+00 +4.5918e-01 -2.6488e+00 +3.8605e+00 -3.3578e+00 +1.9219e+00
1673 +5.628485308e+00 +5.628485308e+00 +6.475848531e+01 +6.475848531e+01 -2.2665e+00 +2.0813e+00 -1.6144e+00 +2.1501e-01 -3.9532e+00 +7.4040e-01 -2.6170e+00 +3.7252e+00 -3.0958e+00 +2.0876e+00
1706 +3.662928469e+00 +3.662928469e+00 +6.279292847e+01 +6.279292847e+01 -2.3621e+00 +2.0873e+00 -1.6736e+00 +2.5571e-01 -3.9418e+00 +7.4561e-01 -2.6294e+00 +3.7402e+00 -3.0046e+00 +2.1088e+00
1761 +1.578996408e+00 +1.578996408e+00 +6.070899641e+01 +6.070899641e+01 -2.4076e+00 +2.1815e+00 -1.6553e+00 +2.2161e-01 -3.9930e+00 +8.9038e-01 -2.5898e+00 +3.6569e+00 -2.8525e+00 +2.2058e+00
1805 +6.687844014e-01 +6.687844014e-01 +5.979878440e+01 +5.979878440e+01 -2.4781e+00 +2.2972e+00 -1.6430e+00 +1.8482e-01 -4.0588e+00 +1.0648e+00 -2.5553e+00 +3.5703e+00 -2.6594e+00 +2.3200e+00
1816 +6.094428568e-01 +6.094428568e-01 +5.973944286e+01 +5.973944286e+01 -2.5007e+00 +2.3195e+00 -1.6494e+00 +1.7872e-01 -4.0634e+00 +1.0963e+00 -2.5472e+00 +3.5552e+00 -2.6195e+00 +2.3425e+00
2344 +3.809505056e-01 +3.809505056e-01 +5.951095051e+01 +5.951095051e+01 -2.5294e+00 +2.3289e+00 -1.6590e+00 +1.8551e-01 -4.0524e+00 +1.1624e+00 -2.5848e+00 +3.5601e+00 -2.4834e+00 +2.4226e+00
2377 +1.354222995e-01 +1.354222995e-01 +5.926542230e+01 +5.926542230e+01 -2.3235e+00 +2.1864e+00 -1.5940e+00 +1.6201e-01 -3.8498e+00 +1.2425e+00 -2.7615e+00 +3.6857e+00 -2.4014e+00 +2.5773e+00
2388 +8.403982359e-02 +8.403982359e-02 +5.921403982e+01 +5.921403982e+01 -2.2855e+00 +2.1560e+00 -1.5877e+00 +1.5725e-01 -3.7990e+00 +1.2553e+00 -2.7930e+00 +3.7104e+00 -2.3901e+00 +2.6070e+00
2399 +4.405465193e-02 +4.405465193e-02 +5.917405465e+01 +5.917405465e+01 -2.2362e+00 +2.1140e+00 -1.5797e+00 +1.5169e-01 -3.7252e+00 +1.2744e+00 -2.8352e+00 +3.7426e+00 -2.3682e+00 +2.6530e+00
2410 +1.483592179e-02 +1.483592179e-02 +5.914483592e+01 +5.914483592e+01 -2.2750e+00 +2.1346e+00 -1.5961e+00 +1.5738e-01 -3.7483e+00 +1.2578e+00 -2.8038e+00 +3.7212e+00 -2.3791e+00 +2.6306e+00
2421 +6.572236473e-03 +6.572236473e-03 +5.913657224e+01 +5.913657224e+01 -2.2695e+00 +2.1306e+00 -1.5936e+00 +1.5702e-01 -3.7428e+00 +1.2614e+00 -2.8098e+00 +3.7242e+00 -2.3718e+00 +2.6380e+00
2432 +4.947969157e-03 +4.947969157e-03 +5.913494797e+01 +5.913494797e+01 -2.2515e+00 +2.1154e+00 -1.5882e+00 +1.5666e-01 -3.7222e+00 +1.2704e+00 -2.8308e+00 +3.7384e+00 -2.3551e+00 +2.6574e+00
2443 +2.008024828e-03 +2.008024828e-03 +5.913200802e+01 +5.913200802e+01 -2.2580e+00 +2.1189e+00 -1.5913e+00 +1.5749e-01 -3.7262e+00 +1.2667e+00 -2.8248e+00 +3.7347e+00 -2.3594e+00 +2.6521e+00
2454 +1.263332514e-03 +1.263332514e-03 +5.913126333e+01 +5.913126333e+01 -2.2651e+00 +2.1222e+00 -1.5953e+00 +1.5869e-01 -3.7298e+00 +1.2614e+00 -2.8180e+00 +3.7310e+00 -2.3655e+00 +2.6454e+00
2465 +4.210614365e-04 +4.210614365e-04 +5.913042106e+01 +5.913042106e+01 -2.2620e+00 +2.1200e+00 -1.5940e+00 +1.5853e-01 -3.7274e+00 +1.2631e+00 -2.8215e+00 +3.7333e+00 -2.3627e+00 +2.6484e+00
2476 +2.464740510e-04 +2.464740510e-04 +5.913024647e+01 +5.913024647e+01 -2.2614e+00 +2.1193e+00 -1.5940e+00 +1.5869e-01 -3.7270e+00 +1.2625e+00 -2.8221e+00 +3.7340e+00 -2.3633e+00 +2.6481e+00
2487 +1.012549646e-04 +1.012549646e-04 +5.913010125e+01 +5.913010125e+01 -2.2607e+00 +2.1185e+00 -1.5940e+00 +1.5871e-01 -3.7260e+00 +1.2624e+00 -2.8229e+00 +3.7347e+00 -2.3633e+00 +2.6484e+00
2509 +7.861042031e-05 +7.861042031e-05 +5.913007861e+01 +5.913007861e+01 -2.2605e+00 +2.1182e+00 -1.5940e+00 +1.5875e-01 -3.7254e+00 +1.2623e+00 -2.8232e+00 +3.7350e+00 -2.3633e+00 +2.6486e+00
2520 +6.122777057e-05 +6.122777057e-05 +5.913006123e+01 +5.913006123e+01 -2.2605e+00 +2.1183e+00 -1.5940e+00 +1.5873e-01 -3.7257e+00 +1.2623e+00 -2.8231e+00 +3.7349e+00 -2.3634e+00 +2.6485e+00
2553 +3.683113290e-05 +3.683113290e-05 +5.913003683e+01 +5.913003683e+01 -2.2610e+00 +2.1189e+00 -1.5938e+00 +1.5871e-01 -3.7268e+00 +1.2623e+00 -2.8227e+00 +3.7345e+00 -2.3637e+00 +2.6479e+00
6260 +1.899671813e-05 +1.899671813e-05 +5.913001900e+01 +5.913001900e+01 -2.2605e+00 +2.1192e+00 -1.5934e+00 +1.5836e-01 -3.7266e+00 +1.2642e+00 -2.8233e+00 +3.7344e+00 -2.3616e+00 +2.6496e+00
6271 +1.169589711e-05 +1.169589711e-05 +5.913001170e+01 +5.913001170e+01 -2.2606e+00 +2.1192e+00 -1.5934e+00 +1.5837e-01 -3.7266e+00 +1.2640e+00 -2.8232e+00 +3.7344e+00 -2.3619e+00 +2.6494e+00
6293 +8.694358357e-06 +8.694358357e-06 +5.913000869e+01 +5.913000869e+01 -2.2607e+00 +2.1192e+00 -1.5935e+00 +1.5838e-01 -3.7267e+00 +1.2638e+00 -2.8230e+00 +3.7343e+00 -2.3621e+00 +2.6492e+00
6370 +5.879706819e-06 +5.879706819e-06 +5.913000588e+01 +5.913000588e+01 -2.2614e+00 +2.1196e+00 -1.5938e+00 +1.5850e-01 -3.7272e+00 +1.2636e+00 -2.8226e+00 +3.7340e+00 -2.3622e+00 +2.6488e+00
6403 +3.450739719e-06 +3.450739719e-06 +5.913000345e+01 +5.913000345e+01 -2.2607e+00 +2.1192e+00 -1.5936e+00 +1.5843e-01 -3.7265e+00 +1.2637e+00 -2.8231e+00 +3.7344e+00 -2.3621e+00 +2.6492e+00
14598 +1.977566086e-06 +1.977566086e-06 +5.913000198e+01 +5.913000198e+01 -2.2609e+00 +2.1192e+00 -1.5937e+00 +1.5842e-01 -3.7263e+00 +1.2641e+00 -2.8232e+00 +3.7344e+00 -2.3614e+00 +2.6497e+00
14620 +9.479504826e-07 +9.479504826e-07 +5.913000095e+01 +5.913000095e+01 -2.2609e+00 +2.1192e+00 -1.5937e+00 +1.5842e-01 -3.7263e+00 +1.2641e+00 -2.8232e+00 +3.7344e+00 -2.3614e+00 +2.6497e+00
17818 +6.298360518e-07 +6.298360518e-07 +5.913000063e+01 +5.913000063e+01 -2.2610e+00 +2.1193e+00 -1.5937e+00 +1.5842e-01 -3.7266e+00 +1.2639e+00 -2.8230e+00 +3.7343e+00 -2.3617e+00 +2.6495e+00
17865 +2.311606622e-07 +2.311606622e-07 +5.913000023e+01 +5.913000023e+01 -2.2609e+00 +2.1192e+00 -1.5936e+00 +1.5842e-01 -3.7265e+00 +1.2639e+00 -2.8231e+00 +3.7344e+00 -2.3617e+00 +2.6495e+00
17876 +1.312228477e-07 +1.312228477e-07 +5.913000013e+01 +5.913000013e+01 -2.2608e+00 +2.1192e+00 -1.5936e+00 +1.5842e-01 -3.7265e+00 +1.2639e+00 -2.8231e+00 +3.7344e+00 -2.3617e+00 +2.6495e+00
% function evaluation | noise-free fitness - Fopt (-4.915300000000e+02) | best noise-free fitness - Fopt | measured fitness | best measured fitness | x1 | x2...
1 +1.215474242e+07 +1.215474242e+07 +1.215425089e+07 +1.215425089e+07 +2.6644e+00 -1.1164e+00 +2.2414e+00 -4.9676e+00 -2.6592e+00 +6.8073e-01 -3.3467e+00 +1.2887e-01 +1.2375e+00 -4.9356e+00
12 +4.195415679e+06 +4.195415679e+06 +4.194924149e+06 +4.194924149e+06 +2.7105e+00 -1.2301e+00 +1.5372e+00 -4.5636e+00 -3.0449e+00 +1.1277e+00 -2.3467e+00 -1.3964e-01 +1.5623e+00 -4.3483e+00
23 +1.382787753e+06 +1.382787753e+06 +1.382296223e+06 +1.382296223e+06 +2.7412e+00 -1.3259e+00 +1.1247e+00 -4.3204e+00 -3.2555e+00 +1.3502e+00 -1.7778e+00 -2.6111e-01 +1.7451e+00 -4.0150e+00
34 +5.491257264e+05 +5.491257264e+05 +5.486341964e+05 +5.486341964e+05 +2.7720e+00 -1.4216e+00 +7.1214e-01 -4.0771e+00 -3.4662e+00 +1.5726e+00 -1.2089e+00 -3.8257e-01 +1.9278e+00 -3.6816e+00
78 +3.397421994e+05 +3.397421994e+05 +3.392506694e+05 +3.392506694e+05 +2.9213e+00 -2.4921e+00 +7.7957e-02 -3.4491e+00 -3.2942e+00 +6.5116e-01 -8.7332e-01 +5.8292e-01 +1.9813e+00 -3.5121e+00
100 +2.239044130e+05 +2.239044130e+05 +2.234128830e+05 +2.234128830e+05 +3.0152e+00 -3.2061e+00 -1.5512e-01 -3.1213e+00 -3.0471e+00 -2.6150e-01 -1.0217e+00 +1.3161e+00 +1.9137e+00 -3.5999e+00
188 +1.387871104e+05 +1.387871104e+05 +1.382955804e+05 +1.382955804e+05 +2.7441e+00 -3.3753e+00 -9.1413e-01 -1.5698e+00 -2.9224e+00 -2.1555e+00 -1.2583e+00 +1.2070e+00 +2.3485e+00 -3.5721e+00
243 +9.356085347e+04 +9.356085347e+04 +9.306932347e+04 +9.306932347e+04 +2.7575e+00 -3.3706e+00 -6.4057e-01 -1.9223e+00 -2.8945e+00 -1.3948e+00 -1.0763e+00 +1.4371e+00 +2.2313e+00 -3.5717e+00
254 +5.982521510e+04 +5.982521510e+04 +5.933368510e+04 +5.933368510e+04 +2.5386e+00 -3.3843e+00 -8.2127e-01 -1.1778e+00 -2.7540e+00 -1.9926e+00 -1.1711e+00 +1.5297e+00 +2.4147e+00 -3.6096e+00
276 +3.806335032e+04 +3.806335032e+04 +3.757182032e+04 +3.757182032e+04 +2.0914e+00 -3.4369e+00 -1.1663e+00 +3.2768e-01 -2.4489e+00 -3.1872e+00 -1.3657e+00 +1.7727e+00 +2.7740e+00 -3.6974e+00
331 +2.230612705e+04 +2.230612705e+04 +2.181459705e+04 +2.181459705e+04 +2.2676e+00 -3.0405e+00 -7.5665e-01 -7.2884e-01 -2.7256e+00 -2.1318e+00 -1.3269e+00 +1.2866e+00 +2.5389e+00 -3.6576e+00
353 +1.404729673e+04 +1.404729673e+04 +1.355576673e+04 +1.355576673e+04 +2.1357e+00 -3.1082e+00 -8.7671e-01 -2.4416e-01 -2.6122e+00 -2.5142e+00 -1.3680e+00 +1.4287e+00 +2.6489e+00 -3.6842e+00
375 +9.691379472e+03 +9.691379472e+03 +9.199849472e+03 +9.199849472e+03 +1.9907e+00 -2.9890e+00 -8.9154e-01 +7.4160e-02 -2.5748e+00 -2.6758e+00 -1.4345e+00 +1.3642e+00 +2.7319e+00 -3.7047e+00
496 +5.742712079e+03 +5.742712079e+03 +5.251182079e+03 +5.251182079e+03 +1.7335e+00 -3.0924e+00 -7.4441e-01 +1.3594e-01 -2.8307e+00 -2.5939e+00 -1.4976e+00 +1.3837e+00 +2.4675e+00 -3.4828e+00
518 +3.520533620e+03 +3.520533620e+03 +3.029003620e+03 +3.029003620e+03 +1.3442e+00 -3.2358e+00 -5.4971e-01 +2.4627e-01 -3.2330e+00 -2.6141e+00 -1.6651e+00 +1.3469e+00 +2.0669e+00 -3.1569e+00
716 +2.120142310e+03 +2.120142310e+03 +1.628612310e+03 +1.628612310e+03 +6.2148e-01 -3.1431e+00 -1.2402e+00 +1.1741e-01 -3.3092e+00 -2.4332e+00 -1.9719e+00 +1.5082e+00 +1.6315e+00 -3.1540e+00
892 +1.553565215e+03 +1.553565215e+03 +1.062035215e+03 +1.062035215e+03 -8.4108e-02 -3.0417e+00 -2.0283e+00 -2.3439e-02 -3.3456e+00 -2.3148e+00 -2.2944e+00 +1.6717e+00 +1.2051e+00 -3.1909e+00
1189 +6.536207289e+02 +6.536207289e+02 +1.620907289e+02 +1.620907289e+02 +6.7892e-01 -1.9831e+00 -2.7373e+00 +7.1104e-01 -2.7748e+00 -2.4181e+00 -1.6703e+00 +1.6361e+00 -1.6626e+00 -3.4448e+00
1200 +4.939536591e+02 +4.939536591e+02 +2.423659139e+00 +2.423659139e+00 +4.9888e-01 -2.1362e+00 -2.7365e+00 +5.5461e-01 -2.8362e+00 -2.3852e+00 -1.8025e+00 +1.6642e+00 -1.1814e+00 -3.4400e+00
1310 +3.877237200e+02 +3.877237200e+02 -1.038062800e+02 -1.038062800e+02 +4.8482e-01 -1.9032e+00 -3.0777e+00 +6.0136e-01 -2.7020e+00 -2.3321e+00 -1.7609e+00 +1.6995e+00 -1.7188e+00 -3.5332e+00
1596 +2.369064141e+02 +2.369064141e+02 -2.546235859e+02 -2.546235859e+02 +1.9269e-01 -1.7238e+00 -3.1518e+00 +3.7349e-01 -2.0139e+00 -2.4178e+00 -1.7412e+00 +1.6112e+00 -1.9637e+00 -2.8307e+00
1618 +9.491094588e+01 +9.491094588e+01 -3.966190541e+02 -3.966190541e+02 +1.1876e-01 -1.5845e+00 -3.1492e+00 +2.3775e-01 -1.3724e+00 -2.5513e+00 -1.6367e+00 +1.5545e+00 -2.1900e+00 -2.2622e+00
1640 +5.287165898e+01 +5.287165898e+01 -4.386583410e+02 -4.386583410e+02 -1.1557e-01 -1.2540e+00 -3.1922e+00 -6.2050e-02 +1.8603e-02 -2.8268e+00 -1.4405e+00 +1.4193e+00 -2.7055e+00 -1.0132e+00
1651 +3.268784281e+01 +3.268784281e+01 -4.588421572e+02 -4.588421572e+02 -8.1105e-02 -1.3049e+00 -3.1767e+00 -1.6133e-02 -1.8604e-01 -2.7902e+00 -1.4701e+00 +1.4341e+00 -2.6110e+00 -1.1929e+00
1673 +2.379295358e+01 +2.379295358e+01 -4.677370464e+02 -4.677370464e+02 -4.5033e-02 -1.3581e+00 -3.1605e+00 +3.1923e-02 -4.0022e-01 -2.7518e+00 -1.5010e+00 +1.4495e+00 -2.5122e+00 -1.3809e+00
1684 +1.386577723e+01 +1.386577723e+01 -4.776642228e+02 -4.776642228e+02 -8.3655e-02 -1.3208e+00 -3.1552e+00 -1.5249e-02 -2.2310e-01 -2.7836e+00 -1.4808e+00 +1.4286e+00 -2.5576e+00 -1.2115e+00
1706 +4.532688818e+00 +4.532688818e+00 -4.869973112e+02 -4.869973112e+02 -1.0960e-01 -1.3013e+00 -3.1302e+00 -5.1088e-02 -1.1065e-01 -2.8016e+00 -1.4702e+00 +1.4074e+00 -2.5534e+00 -1.0954e+00
1717 +3.217624250e+00 +3.217624250e+00 -4.883123758e+02 -4.883123758e+02 -1.1163e-01 -1.2881e+00 -3.1209e+00 -6.3031e-02 -4.4190e-02 -2.8170e+00 -1.4574e+00 +1.3992e+00 -2.5670e+00 -1.0367e+00
1750 +2.505482511e+00 +2.505482511e+00 -4.890245175e+02 -4.890245175e+02 -9.9824e-02 -1.2838e+00 -3.1005e+00 -6.4884e-02 -1.0315e-02 -2.8279e+00 -1.4456e+00 +1.3918e+00 -2.5601e+00 -1.0079e+00
2058 +9.630741612e-01 +9.630741612e-01 -4.905669258e+02 -4.905669258e+02 -1.0503e-02 -1.0681e+00 -3.1229e+00 -8.5359e-02 -1.5306e-01 -2.8709e+00 -1.4901e+00 +1.5958e+00 -2.5093e+00 -9.0566e-01
2069 +3.801614043e-01 +3.801614043e-01 -4.911498386e+02 -4.911498386e+02 +6.8530e-02 -8.5418e-01 -3.1434e+00 -1.2041e-01 -2.5269e-01 -2.9178e+00 -1.5296e+00 +1.7890e+00 -2.4599e+00 -7.7261e-01
2080 +1.271975650e-01 +1.271975650e-01 -4.914028024e+02 -4.914028024e+02 +6.2836e-02 -8.6020e-01 -3.1371e+00 -1.2102e-01 -2.3742e-01 -2.9203e+00 -1.5266e+00 +1.7805e+00 -2.4634e+00 -7.6039e-01
2091 +8.815084185e-02 +8.815084185e-02 -4.914418492e+02 -4.914418492e+02 +6.3106e-02 -8.3444e-01 -3.1317e+00 -1.2810e-01 -2.2733e-01 -2.9322e+00 -1.5290e+00 +1.7977e+00 -2.4631e+00 -7.1626e-01
2102 +2.037304755e-02 +2.037304755e-02 -4.915096270e+02 -4.915096270e+02 +7.2446e-02 -8.1726e-01 -3.1349e+00 -1.2934e-01 -2.4484e-01 -2.9341e+00 -1.5334e+00 +1.8158e+00 -2.4566e+00 -7.1462e-01
2135 +1.079247695e-02 +1.079247695e-02 -4.915192075e+02 -4.915192075e+02 +8.4310e-02 -7.9112e-01 -3.1393e+00 -1.3114e-01 -2.6489e-01 -2.9382e+00 -1.5390e+00 +1.8409e+00 -2.4511e+00 -7.0660e-01
2146 +6.090877094e-03 +6.090877094e-03 -4.915239091e+02 -4.915239091e+02 +8.2064e-02 -7.9656e-01 -3.1391e+00 -1.3037e-01 -2.6092e-01 -2.9370e+00 -1.5377e+00 +1.8355e+00 -2.4531e+00 -7.0965e-01
2168 +1.697599771e-03 +1.697599771e-03 -4.915283024e+02 -4.915283024e+02 +7.7461e-02 -8.0772e-01 -3.1386e+00 -1.2879e-01 -2.5278e-01 -2.9347e+00 -1.5350e+00 +1.8243e+00 -2.4571e+00 -7.1589e-01
2179 +1.148046672e-03 +1.148046672e-03 -4.915288520e+02 -4.915288520e+02 +7.7909e-02 -8.0780e-01 -3.1394e+00 -1.2850e-01 -2.5292e-01 -2.9343e+00 -1.5348e+00 +1.8240e+00 -2.4577e+00 -7.1757e-01
2190 +7.230445689e-04 +7.230445689e-04 -4.915292770e+02 -4.915292770e+02 +7.7180e-02 -8.0922e-01 -3.1389e+00 -1.2854e-01 -2.5149e-01 -2.9342e+00 -1.5345e+00 +1.8227e+00 -2.4578e+00 -7.1745e-01
2223 +6.016292658e-04 +6.016292658e-04 -4.915293984e+02 -4.915293984e+02 +7.6795e-02 -8.0997e-01 -3.1387e+00 -1.2856e-01 -2.5073e-01 -2.9341e+00 -1.5343e+00 +1.8219e+00 -2.4579e+00 -7.1739e-01
2256 +3.724922846e-04 +3.724922846e-04 -4.915296275e+02 -4.915296275e+02 +7.7688e-02 -8.0792e-01 -3.1385e+00 -1.2912e-01 -2.5198e-01 -2.9347e+00 -1.5348e+00 +1.8241e+00 -2.4564e+00 -7.1580e-01
2278 +1.944563886e-04 +1.944563886e-04 -4.915298055e+02 -4.915298055e+02 +7.6972e-02 -8.0974e-01 -3.1383e+00 -1.2893e-01 -2.5199e-01 -2.9342e+00 -1.5348e+00 +1.8228e+00 -2.4560e+00 -7.1714e-01
2333 +1.550323379e-04 +1.550323379e-04 -4.915298450e+02 -4.915298450e+02 +7.7266e-02 -8.0895e-01 -3.1384e+00 -1.2902e-01 -2.5231e-01 -2.9344e+00 -1.5349e+00 +1.8235e+00 -2.4558e+00 -7.1669e-01
5556 +9.900900591e-05 +9.900900591e-05 -4.915299010e+02 -4.915299010e+02 +6.9938e-02 -8.0659e-01 -3.1350e+00 -1.3398e-01 -2.5366e-01 -2.9406e+00 -1.5244e+00 +1.8244e+00 -2.4560e+00 -7.2171e-01
5578 +5.181313560e-05 +5.181313560e-05 -4.915299482e+02 -4.915299482e+02 +6.9806e-02 -8.0568e-01 -3.1351e+00 -1.3425e-01 -2.5386e-01 -2.9410e+00 -1.5241e+00 +1.8250e+00 -2.4563e+00 -7.2145e-01
5600 +3.208995315e-05 +3.208995315e-05 -4.915299679e+02 -4.915299679e+02 +7.1010e-02 -8.0584e-01 -3.1356e+00 -1.3350e-01 -2.5378e-01 -2.9401e+00 -1.5257e+00 +1.8251e+00 -2.4562e+00 -7.2056e-01
5633 +1.877212077e-05 +1.877212077e-05 -4.915299812e+02 -4.915299812e+02 +7.0863e-02 -8.0579e-01 -3.1355e+00 -1.3363e-01 -2.5404e-01 -2.9403e+00 -1.5254e+00 +1.8251e+00 -2.4561e+00 -7.2087e-01
5644 +1.210996732e-05 +1.210996732e-05 -4.915299879e+02 -4.915299879e+02 +7.1156e-02 -8.0591e-01 -3.1356e+00 -1.3341e-01 -2.5386e-01 -2.9400e+00 -1.5259e+00 +1.8251e+00 -2.4561e+00 -7.2058e-01
5677 +8.317578931e-06 +8.317578931e-06 -4.915299917e+02 -4.915299917e+02 +7.1656e-02 -8.0603e-01 -3.1359e+00 -1.3309e-01 -2.5367e-01 -2.9396e+00 -1.5267e+00 +1.8250e+00 -2.4561e+00 -7.2009e-01
5721 +6.282086019e-06 +6.282086019e-06 -4.915299937e+02 -4.915299937e+02 +7.1565e-02 -8.0618e-01 -3.1358e+00 -1.3311e-01 -2.5368e-01 -2.9396e+00 -1.5265e+00 +1.8249e+00 -2.4561e+00 -7.2029e-01
8515 +3.206684880e-06 +3.206684880e-06 -4.915299968e+02 -4.915299968e+02 +7.2491e-02 -8.0650e-01 -3.1362e+00 -1.3248e-01 -2.5343e-01 -2.9388e+00 -1.5279e+00 +1.8248e+00 -2.4560e+00 -7.1958e-01
8526 +1.961675025e-06 +1.961675025e-06 -4.915299980e+02 -4.915299980e+02 +7.2278e-02 -8.0676e-01 -3.1361e+00 -1.3252e-01 -2.5335e-01 -2.9388e+00 -1.5277e+00 +1.8245e+00 -2.4561e+00 -7.1986e-01
66397 +1.248863214e-06 +1.248863214e-06 -4.915299988e+02 -4.915299988e+02 +7.1673e-02 -8.0614e-01 -3.1359e+00 -1.3308e-01 -2.5363e-01 -2.9395e+00 -1.5267e+00 +1.8249e+00 -2.4560e+00 -7.2007e-01
66441 +6.480143497e-07 +6.480143497e-07 -4.915299994e+02 -4.915299994e+02 +7.1753e-02 -8.0629e-01 -3.1359e+00 -1.3298e-01 -2.5363e-01 -2.9394e+00 -1.5268e+00 +1.8249e+00 -2.4560e+00 -7.2012e-01
66463 +5.724945140e-07 +5.724945140e-07 -4.915299994e+02 -4.915299994e+02 +7.1743e-02 -8.0628e-01 -3.1359e+00 -1.3299e-01 -2.5366e-01 -2.9394e+00 -1.5268e+00 +1.8249e+00 -2.4560e+00 -7.2015e-01
101960 +2.356402433e-07 +2.356402433e-07 -4.915299998e+02 -4.915299998e+02 +7.1846e-02 -8.0632e-01 -3.1359e+00 -1.3291e-01 -2.5362e-01 -2.9393e+00 -1.5270e+00 +1.8248e+00 -2.4560e+00 -7.2008e-01
% function evaluation | noise-free fitness - Fopt (-1.702000000000e+02) | best noise-free fitness - Fopt | measured fitness | best measured fitness | x1 | x2...
1 +4.573791974e+07 +4.573791974e+07 +4.573774954e+07 +4.573774954e+07 -2.3967e+00 +3.4951e+00 -4.8748e+00 -2.6501e+00 -5.7902e-01 -4.6948e+00 +7.2267e-01 +1.8507e-01 +1.8411e+00 +2.0839e+00
12 +2.820366288e+07 +2.820366288e+07 +2.820349268e+07 +2.820349268e+07 -1.9344e+00 +3.5896e+00 -4.5323e+00 -2.0424e+00 +4.2098e-01 -4.3558e+00 +9.7227e-01 +9.1674e-01 +1.8692e+00 +2.7513e+00
23 +9.086428010e+06 +9.086428010e+06 +9.086257810e+06 +9.086257810e+06 -1.3266e+00 +3.6800e+00 -4.0455e+00 -1.1278e+00 +1.8972e+00 -3.7883e+00 +1.3475e+00 +1.9911e+00 +1.9161e+00 +3.7129e+00
45 +1.016298981e+06 +1.016298981e+06 +1.016128781e+06 +1.016128781e+06 -6.4396e-01 +3.7450e+00 -3.4890e+00 -6.0487e-02 +3.6191e+00 -3.1222e+00 +1.7813e+00 +3.2531e+00 +1.9915e+00 +4.8003e+00
56 +9.631108745e+05 +9.631108745e+05 +9.629406745e+05 +9.629406745e+05 -7.0295e-01 +3.7002e+00 -3.4917e+00 -1.0929e-02 +3.6683e+00 -3.0283e+00 +1.8020e+00 +3.2813e+00 +1.9956e+00 +4.8119e+00
122 +5.598171182e+05 +5.598171182e+05 +5.596469182e+05 +5.596469182e+05 -3.1906e+00 +2.1969e+00 -3.8889e+00 +1.2133e+00 +4.4442e+00 +4.4063e-02 +2.3349e+00 +3.4879e+00 +1.9790e+00 +4.7676e+00
155 +3.423740569e+05 +3.423740569e+05 +3.422038569e+05 +3.422038569e+05 -2.1584e+00 +2.7705e+00 -3.7370e+00 +7.4069e-01 +4.1485e+00 -1.2507e+00 +2.1166e+00 +3.4240e+00 +2.0098e+00 +4.7648e+00
232 +1.713857850e+05 +1.713857850e+05 +1.712155850e+05 +1.712155850e+05 -2.4740e+00 +2.5872e+00 -3.8842e+00 +8.5458e-01 +4.0363e+00 -1.0592e+00 +2.1436e+00 +3.2476e+00 +1.9651e+00 +4.6734e+00
243 +8.337303234e+04 +8.337303234e+04 +8.320283234e+04 +8.320283234e+04 -2.6754e+00 +2.4758e+00 -3.9769e+00 +9.3310e-01 +3.9678e+00 -9.2926e-01 +2.1640e+00 +3.1331e+00 +1.9307e+00 +4.6249e+00
265 +6.167132688e+04 +6.167132688e+04 +6.150112688e+04 +6.150112688e+04 -2.9452e+00 +2.3159e+00 -4.0844e+00 +1.0447e+00 +3.9169e+00 -7.2502e-01 +2.1968e+00 +3.0224e+00 +1.9000e+00 +4.5665e+00
342 +3.840431223e+04 +3.840431223e+04 +3.823411223e+04 +3.823411223e+04 -3.2248e+00 +2.0500e+00 -4.1743e+00 +1.2753e+00 +4.0362e+00 -4.4669e-01 +2.2634e+00 +3.0411e+00 +1.9306e+00 +4.5255e+00
419 +2.462178715e+04 +2.462178715e+04 +2.445158715e+04 +2.445158715e+04 -3.2539e+00 +1.7835e+00 -4.3916e+00 +1.6862e+00 +4.0568e+00 -6.7372e-01 +2.3135e+00 +2.8417e+00 +1.9175e+00 +4.4931e+00
617 +1.556833524e+04 +1.556833524e+04 +1.539813524e+04 +1.539813524e+04 -3.2149e+00 +1.5811e+00 -4.7053e+00 +2.3170e+00 +4.0087e+00 -9.3112e-01 +2.4303e+00 +2.5368e+00 +1.6597e+00 +4.6498e+00
650 +9.271343536e+03 +9.271343536e+03 +9.101143536e+03 +9.101143536e+03 -2.9153e+00 +1.0110e+00 -5.4274e+00 +2.6809e+00 +3.0913e+00 -9.0517e-01 +2.6071e+00 +3.8438e+00 +1.1185e-01 +4.6842e+00
705 +6.086646520e+03 +6.086646520e+03 +5.916446520e+03 +5.916446520e+03 -2.8936e+00 +1.1131e+00 -5.2952e+00 +2.6451e+00 +3.2988e+00 -1.0921e+00 +2.5522e+00 +3.5072e+00 +4.8741e-01 +4.6517e+00
760 +3.966618432e+03 +3.966618432e+03 +3.796418432e+03 +3.796418432e+03 -2.8345e+00 +9.2189e-01 -5.5400e+00 +2.7713e+00 +3.0032e+00 -1.0888e+00 +2.6019e+00 +3.8464e+00 +9.1944e-03 +4.6503e+00
947 +1.332987273e+03 +1.332987273e+03 +1.162787273e+03 +1.162787273e+03 -2.6211e+00 +3.7318e-01 -5.9553e+00 +2.1888e+00 +3.6114e+00 -1.0868e+00 +1.9496e+00 +3.9975e+00 -1.4063e+00 +4.5927e+00
958 +7.932057321e+02 +7.932057321e+02 +6.230057321e+02 +6.230057321e+02 -2.5214e+00 +3.0786e-02 -6.2089e+00 +1.9615e+00 +3.9829e+00 -1.1465e+00 +1.5996e+00 +3.9771e+00 -2.1233e+00 +4.5536e+00
969 +4.122447303e+02 +4.122447303e+02 +2.420447303e+02 +2.420447303e+02 -2.5533e+00 +8.9993e-02 -6.1634e+00 +2.0408e+00 +3.9467e+00 -1.1589e+00 +1.6647e+00 +3.9042e+00 -1.9494e+00 +4.5646e+00
991 +2.666786996e+02 +2.666786996e+02 +9.647869962e+01 +9.647869962e+01 -2.5731e+00 +9.6773e-02 -6.1561e+00 +2.1001e+00 +3.9765e+00 -1.1874e+00 +1.6789e+00 +3.8073e+00 -1.8699e+00 +4.5723e+00
1002 +2.027463217e+02 +2.027463217e+02 +3.254632167e+01 +3.254632167e+01 -2.5698e+00 +7.5730e-02 -6.1706e+00 +2.0798e+00 +4.0188e+00 -1.1881e+00 +1.6483e+00 +3.7881e+00 -1.9187e+00 +4.5732e+00
1013 +1.554151145e+02 +1.554151145e+02 -1.478488554e+01 -1.478488554e+01 -2.5734e+00 +7.9193e-02 -6.1682e+00 +2.0677e+00 +4.0424e+00 -1.1742e+00 +1.6371e+00 +3.7728e+00 -1.9352e+00 +4.5821e+00
1310 +9.807827770e+01 +9.807827770e+01 -7.212172230e+01 -7.212172230e+01 -2.5724e+00 +3.0137e-02 -6.1361e+00 +2.0625e+00 +4.0591e+00 -1.1491e+00 +1.5746e+00 +3.7320e+00 -1.9090e+00 +4.5989e+00
1673 +6.238152229e+01 +6.238152229e+01 -1.078184777e+02 -1.078184777e+02 -2.4382e+00 -3.0532e-01 -5.8537e+00 +2.1618e+00 +3.8001e+00 -1.0518e+00 +1.0997e+00 +3.6957e+00 -1.8809e+00 +4.8739e+00
1794 +3.917687632e+01 +3.917687632e+01 -1.310231237e+02 -1.310231237e+02 -3.0305e+00 -3.5706e-01 -5.2201e+00 +2.4284e+00 +3.5959e+00 -1.4194e+00 +3.9736e-01 +3.9226e+00 -1.9519e+00 +5.2328e+00
2135 +1.842446254e+01 +1.842446254e+01 -1.517755375e+02 -1.517755375e+02 -3.1228e+00 -9.8746e-02 -4.6773e+00 +2.9488e+00 +3.5338e+00 -1.4030e+00 -1.7450e-01 +3.9741e+00 -2.1929e+00 +4.7617e+00
2179 +1.497825805e+01 +1.497825805e+01 -1.552217420e+02 -1.552217420e+02 -3.1525e+00 +7.3131e-02 -4.3207e+00 +3.2965e+00 +3.4736e+00 -1.3696e+00 -5.3761e-01 +4.0031e+00 -2.3313e+00 +4.4414e+00
2267 +9.819290545e+00 +9.819290545e+00 -1.603807095e+02 -1.603807095e+02 -3.2951e+00 +1.8625e-01 -4.0267e+00 +3.5382e+00 +3.4585e+00 -1.4251e+00 -8.6974e-01 +4.0653e+00 -2.4871e+00 +4.2657e+00
2641 +5.622533584e+00 +5.622533584e+00 -1.645774664e+02 -1.645774664e+02 -3.2825e+00 -1.6379e-01 -3.2580e+00 +3.4487e+00 +3.4557e+00 -1.5491e+00 -2.2610e-01 +3.8567e+00 -2.8319e+00 +4.0627e+00
2663 +2.952937845e+00 +2.952937845e+00 -1.672470622e+02 -1.672470622e+02 -3.4263e+00 -5.0654e-01 -2.1045e+00 +3.5885e+00 +3.3804e+00 -1.7615e+00 +2.0930e-02 +3.7138e+00 -3.3445e+00 +3.7994e+00
2674 +2.148653379e+00 +2.148653379e+00 -1.680513466e+02 -1.680513466e+02 -3.4136e+00 -4.5752e-01 -2.2714e+00 +3.5580e+00 +3.3909e+00 -1.7374e+00 +5.4222e-03 +3.7354e+00 -3.2617e+00 +3.8472e+00
2696 +1.505770150e+00 +1.505770150e+00 -1.686942298e+02 -1.686942298e+02 -3.4347e+00 -4.4408e-01 -2.3061e+00 +3.5253e+00 +3.3969e+00 -1.7519e+00 +6.3379e-02 +3.7424e+00 -3.2268e+00 +3.8741e+00
2707 +8.663034635e-01 +8.663034635e-01 -1.693336965e+02 -1.693336965e+02 -3.4716e+00 -5.4620e-01 -2.0128e+00 +3.5440e+00 +3.3747e+00 -1.8093e+00 +1.4719e-01 +3.7014e+00 -3.3467e+00 +3.8278e+00
2718 +3.107127040e-01 +3.107127040e-01 -1.698892873e+02 -1.698892873e+02 -3.5109e+00 -6.3109e-01 -1.8089e+00 +3.5445e+00 +3.3544e+00 -1.8614e+00 +2.0443e-01 +3.6766e+00 -3.4222e+00 +3.8278e+00
2729 +1.629906593e-01 +1.629906593e-01 -1.700370093e+02 -1.700370093e+02 -3.5468e+00 -7.5196e-01 -1.5542e+00 +3.5258e+00 +3.3348e+00 -1.9241e+00 +3.2638e-01 +3.6338e+00 -3.5214e+00 +3.8229e+00
2740 +1.015157218e-01 +1.015157218e-01 -1.700984843e+02 -1.700984843e+02 -3.5562e+00 -7.6323e-01 -1.5377e+00 +3.5221e+00 +3.3326e+00 -1.9337e+00 +3.3160e-01 +3.6336e+00 -3.5269e+00 +3.8325e+00
2751 +7.313192275e-02 +7.313192275e-02 -1.701268681e+02 -1.701268681e+02 -3.5789e+00 -7.3635e-01 -1.6458e+00 +3.5041e+00 +3.3392e+00 -1.9403e+00 +2.9436e-01 +3.6609e+00 -3.4790e+00 +3.8916e+00
2762 +2.090751867e-02 +2.090751867e-02 -1.701790925e+02 -1.701790925e+02 -3.5675e+00 -7.4369e-01 -1.6273e+00 +3.5041e+00 +3.3396e+00 -1.9354e+00 +3.1074e-01 +3.6522e+00 -3.4893e+00 +3.8763e+00
2773 +9.741573400e-03 +9.741573400e-03 -1.701902584e+02 -1.701902584e+02 -3.5588e+00 -7.5859e-01 -1.6030e+00 +3.4969e+00 +3.3402e+00 -1.9349e+00 +3.4128e-01 +3.6414e+00 -3.5012e+00 +3.8661e+00
2784 +5.493037636e-03 +5.493037636e-03 -1.701945070e+02 -1.701945070e+02 -3.5598e+00 -7.5666e-01 -1.6149e+00 +3.4937e+00 +3.3414e+00 -1.9351e+00 +3.4053e-01 +3.6434e+00 -3.4965e+00 +3.8718e+00
2795 +3.645974063e-03 +3.645974063e-03 -1.701963540e+02 -1.701963540e+02 -3.5571e+00 -7.5557e-01 -1.6220e+00 +3.4915e+00 +3.3426e+00 -1.9331e+00 +3.4288e-01 +3.6432e+00 -3.4947e+00 +3.8717e+00
2828 +1.383029630e-03 +1.383029630e-03 -1.701986170e+02 -1.701986170e+02 -3.5568e+00 -7.5486e-01 -1.6218e+00 +3.4912e+00 +3.3438e+00 -1.9331e+00 +3.4544e-01 +3.6429e+00 -3.4963e+00 +3.8693e+00
2839 +7.696607873e-04 +7.696607873e-04 -1.701992303e+02 -1.701992303e+02 -3.5587e+00 -7.5484e-01 -1.6185e+00 +3.4924e+00 +3.3436e+00 -1.9344e+00 +3.4424e-01 +3.6433e+00 -3.4977e+00 +3.8689e+00
2872 +4.010615747e-04 +4.010615747e-04 -1.701995989e+02 -1.701995989e+02 -3.5591e+00 -7.5891e-01 -1.6084e+00 +3.4909e+00 +3.3443e+00 -1.9367e+00 +3.5410e-01 +3.6408e+00 -3.5032e+00 +3.8653e+00
2905 +3.962384041e-04 +3.962384041e-04 -1.701996038e+02 -1.701996038e+02 -3.5592e+00 -7.5902e-01 -1.6080e+00 +3.4909e+00 +3.3444e+00 -1.9368e+00 +3.5436e-01 +3.6407e+00 -3.5034e+00 +3.8652e+00
2938 +2.063197213e-04 +2.063197213e-04 -1.701997937e+02 -1.701997937e+02 -3.5598e+00 -7.5787e-01 -1.6094e+00 +3.4917e+00 +3.3441e+00 -1.9368e+00 +3.5190e-01 +3.6415e+00 -3.5023e+00 +3.8659e+00
2949 +1.579599180e-04 +1.579599180e-04 -1.701998420e+02 -1.701998420e+02 -3.5594e+00 -7.5707e-01 -1.6119e+00 +3.4915e+00 +3.3442e+00 -1.9362e+00 +3.5097e-01 +3.6418e+00 -3.5013e+00 +3.8664e+00
3004 +7.289358641e-05 +7.289358641e-05 -1.701999271e+02 -1.701999271e+02 -3.5586e+00 -7.5495e-01 -1.6180e+00 +3.4913e+00 +3.3446e+00 -1.9349e+00 +3.4878e-01 +3.6427e+00 -3.4987e+00 +3.8674e+00
3092 +5.612099736e-05 +5.612099736e-05 -1.701999439e+02 -1.701999439e+02 -3.5586e+00 -7.5500e-01 -1.6178e+00 +3.4911e+00 +3.3448e+00 -1.9350e+00 +3.4940e-01 +3.6426e+00 -3.4991e+00 +3.8671e+00
3103 +3.645553284e-05 +3.645553284e-05 -1.701999635e+02 -1.701999635e+02 -3.5588e+00 -7.5518e-01 -1.6173e+00 +3.4911e+00 +3.3448e+00 -1.9352e+00 +3.4962e-01 +3.6426e+00 -3.4993e+00 +3.8671e+00
3136 +2.445567245e-05 +2.445567245e-05 -1.701999755e+02 -1.701999755e+02 -3.5591e+00 -7.5532e-01 -1.6167e+00 +3.4912e+00 +3.3448e+00 -1.9355e+00 +3.4963e-01 +3.6426e+00 -3.4995e+00 +3.8671e+00
3202 +1.501241536e-05 +1.501241536e-05 -1.701999850e+02 -1.701999850e+02 -3.5593e+00 -7.5524e-01 -1.6169e+00 +3.4912e+00 +3.3447e+00 -1.9356e+00 +3.4935e-01 +3.6427e+00 -3.4994e+00 +3.8673e+00
15731 +6.015640452e-06 +6.015640452e-06 -1.701999940e+02 -1.701999940e+02 -3.5594e+00 -7.5463e-01 -1.6182e+00 +3.4914e+00 +3.3447e+00 -1.9354e+00 +3.4805e-01 +3.6431e+00 -3.4988e+00 +3.8678e+00
15742 +2.736868026e-06 +2.736868026e-06 -1.701999973e+02 -1.701999973e+02 -3.5593e+00 -7.5456e-01 -1.6184e+00 +3.4914e+00 +3.3447e+00 -1.9353e+00 +3.4801e-01 +3.6432e+00 -3.4987e+00 +3.8679e+00
15775 +1.295980013e-06 +1.295980013e-06 -1.701999987e+02 -1.701999987e+02 -3.5592e+00 -7.5445e-01 -1.6190e+00 +3.4913e+00 +3.3448e+00 -1.9352e+00 +3.4796e-01 +3.6432e+00 -3.4985e+00 +3.8679e+00
97615 +9.083281043e-07 +9.083281043e-07 -1.701999991e+02 -1.701999991e+02 -3.5593e+00 -7.5431e-01 -1.6193e+00 +3.4913e+00 +3.3448e+00 -1.9352e+00 +3.4784e-01 +3.6433e+00 -3.4983e+00 +3.8680e+00
97670 +3.565388624e-07 +3.565388624e-07 -1.701999996e+02 -1.701999996e+02 -3.5592e+00 -7.5434e-01 -1.6195e+00 +3.4911e+00 +3.3448e+00 -1.9352e+00 +3.4791e-01 +3.6432e+00 -3.4983e+00 +3.8681e+00
97703 +2.395949537e-07 +2.395949537e-07 -1.701999998e+02 -1.701999998e+02 -3.5592e+00 -7.5435e-01 -1.6195e+00 +3.4911e+00 +3.3448e+00 -1.9352e+00 +3.4798e-01 +3.6432e+00 -3.4983e+00 +3.8681e+00
% function evaluation | noise-free fitness - Fopt (-4.697500000000e+02) | best noise-free fitness - Fopt | measured fitness | best measured fitness | x1 | x2...
1 +2.213133114e+07 +2.213133114e+07 +2.213086139e+07 +2.213086139e+07 +9.5884e-01 +1.3877e+00 -4.4918e+00 -3.8372e+00 +3.0912e+00 +4.4558e+00 +3.7187e+00 +3.1809e+00 +2.1239e+00 +3.6943e-01
12 +9.466238579e+06 +9.466238579e+06 +9.465768829e+06 +9.465768829e+06 +1.1370e+00 +1.5508e+00 -3.6557e+00 -3.1375e+00 +2.8624e+00 +4.8079e+00 +2.7187e+00 +3.2387e+00 +2.7681e+00 -3.3194e-01
23 +2.388484522e+06 +2.388484522e+06 +2.388014772e+06 +2.388014772e+06 +1.8918e+00 +1.3156e+00 -2.5015e+00 -2.1212e+00 +2.9788e+00 +5.1308e+00 +1.5679e+00 +3.2505e+00 +3.3321e+00 -1.0356e+00
67 +1.238496134e+06 +1.238496134e+06 +1.238026384e+06 +1.238026384e+06 +2.7572e+00 +8.3578e-01 -1.6313e+00 -1.2840e+00 +3.2431e+00 +5.3516e+00 +7.9304e-01 +3.2591e+00 +3.6018e+00 -1.3557e+00
89 +9.621430168e+05 +9.621430168e+05 +9.616732668e+05 +9.616732668e+05 +2.6391e+00 +8.3629e-01 -1.8321e+00 -1.4244e+00 +3.1692e+00 +5.3524e+00 +9.6442e-01 +3.2892e+00 +3.5237e+00 -1.1776e+00
144 +6.100493894e+05 +6.100493894e+05 +6.095796394e+05 +6.095796394e+05 +2.9908e+00 +2.6914e-01 -1.9643e+00 -1.2548e+00 +3.0787e+00 +5.5982e+00 +1.0553e+00 +3.4659e+00 +3.3750e+00 -5.2713e-01
166 +1.720273105e+05 +1.720273105e+05 +1.715575605e+05 +1.715575605e+05 +3.6003e+00 -4.6109e-01 -1.7420e+00 -7.1123e-01 +2.9492e+00 +6.0462e+00 +7.4857e-01 +3.7018e+00 +3.4319e+00 +4.7880e-03
199 +1.356909199e+05 +1.356909199e+05 +1.352211699e+05 +1.352211699e+05 +3.8392e+00 -7.3670e-01 -1.6537e+00 -5.0439e-01 +2.9067e+00 +6.2082e+00 +6.3385e-01 +3.7884e+00 +3.4488e+00 +2.0479e-01
221 +9.052303772e+04 +9.052303772e+04 +9.005328772e+04 +9.005328772e+04 +4.0501e+00 -9.0997e-01 -1.7465e+00 -4.4294e-01 +2.7521e+00 +6.2474e+00 +7.3377e-01 +3.9077e+00 +3.2993e+00 +6.6849e-01
254 +6.037104443e+04 +6.037104443e+04 +5.990129443e+04 +5.990129443e+04 +4.1418e+00 -7.9904e-01 -1.6594e+00 -3.9676e-01 +2.7200e+00 +6.1546e+00 +6.9213e-01 +3.9004e+00 +3.2730e+00 +6.5886e-01
298 +3.738795410e+04 +3.738795410e+04 +3.691820410e+04 +3.691820410e+04 +4.4287e+00 -5.3409e-01 -1.4782e+00 -2.8751e-01 +2.5798e+00 +5.8971e+00 +6.4883e-01 +3.9246e+00 +3.1354e+00 +8.0482e-01
441 +2.505657371e+04 +2.505657371e+04 +2.458682371e+04 +2.458682371e+04 +4.4639e+00 -4.4795e-03 -1.3149e+00 -3.8080e-01 +2.4757e+00 +5.4842e+00 +7.2294e-01 +3.9370e+00 +2.9815e+00 +8.2887e-01
496 +1.538562406e+04 +1.538562406e+04 +1.491587406e+04 +1.491587406e+04 +4.7241e+00 +3.9524e-02 -1.1198e+00 -2.2453e-01 +2.3160e+00 +5.4095e+00 +6.6057e-01 +4.0799e+00 +2.8976e+00 +1.1317e+00
562 +9.474267112e+03 +9.474267112e+03 +9.004517112e+03 +9.004517112e+03 +4.8457e+00 +2.3482e-01 -9.2584e-01 -1.6103e-01 +2.1011e+00 +5.2714e+00 +6.5237e-01 +4.2598e+00 +2.8133e+00 +1.4381e+00
694 +5.944649755e+03 +5.944649755e+03 +5.474899755e+03 +5.474899755e+03 +4.7282e+00 +2.2085e-01 -5.9355e-01 -1.9187e-01 +1.9703e+00 +5.1486e+00 +7.8080e-01 +4.5712e+00 +2.8791e+00 +1.6564e+00
716 +3.532426991e+03 +3.532426991e+03 +3.062676991e+03 +3.062676991e+03 +4.4181e+00 +1.3246e-02 +1.0552e-01 -3.3904e-01 +1.9596e+00 +4.8178e+00 +1.1665e+00 +5.1067e+00 +3.0699e+00 +1.8125e+00
958 +2.322578798e+03 +2.322578798e+03 +1.852828798e+03 +1.852828798e+03 +4.1919e+00 -2.6692e-01 +6.7345e-01 -3.9980e-01 +1.7233e+00 +4.4694e+00 +1.5968e+00 +5.5131e+00 +3.3504e+00 +1.8581e+00
1024 +1.514496410e+03 +1.514496410e+03 +1.044746410e+03 +1.044746410e+03 +4.2352e+00 -5.1853e-01 +9.4150e-01 -3.3605e-01 +1.2994e+00 +4.0801e+00 +2.0060e+00 +5.6176e+00 +3.5895e+00 +1.7751e+00
1079 +8.981116144e+02 +8.981116144e+02 +4.283616144e+02 +4.283616144e+02 +4.2061e+00 -6.5065e-01 +8.5879e-01 -3.4310e-01 +1.3535e+00 +4.1211e+00 +2.0398e+00 +5.5275e+00 +3.6513e+00 +1.6231e+00
1464 +6.241490013e+02 +6.241490013e+02 +1.543990013e+02 +1.543990013e+02 +4.1344e+00 -7.0744e-01 +1.1069e+00 -1.7224e-01 +1.2171e+00 +4.0300e+00 +2.4476e+00 +5.3861e+00 +3.8574e+00 +1.6620e+00
1508 +3.791133584e+02 +3.791133584e+02 -9.063664161e+01 -9.063664161e+01 +3.9618e+00 -5.8504e-01 +1.4714e+00 +2.5258e-01 +1.2293e+00 +4.1903e+00 +3.0868e+00 +4.8991e+00 +4.1409e+00 +1.8989e+00
1530 +2.468913011e+02 +2.468913011e+02 -2.228586989e+02 -2.228586989e+02 +3.8827e+00 -5.4817e-01 +1.6285e+00 +4.7733e-01 +1.1908e+00 +4.2449e+00 +3.4421e+00 +4.6095e+00 +4.3176e+00 +1.9546e+00
1904 +1.335120528e+02 +1.335120528e+02 -3.362379472e+02 -3.362379472e+02 +3.8020e+00 -5.9693e-01 +1.9496e+00 -7.9098e-02 +1.3188e+00 +4.0388e+00 +3.0253e+00 +3.5386e+00 +5.0355e+00 +2.7779e+00
2201 +9.591971486e+01 +9.591971486e+01 -3.738302851e+02 -3.738302851e+02 +3.5378e+00 -6.9306e-01 +2.0582e+00 -7.7825e-03 +1.3669e+00 +3.7739e+00 +2.8572e+00 +2.9317e+00 +5.3078e+00 +3.1753e+00
2234 +4.866579132e+01 +4.866579132e+01 -4.210842087e+02 -4.210842087e+02 +2.4328e+00 -1.1197e+00 +1.8759e+00 +1.0152e+00 +1.4914e+00 +2.8190e+00 +2.2652e+00 +2.3605e+00 +5.0975e+00 +3.6826e+00
2267 +3.839165674e+01 +3.839165674e+01 -4.313583433e+02 -4.313583433e+02 +2.1791e+00 -1.2493e+00 +1.8687e+00 +1.1862e+00 +1.4969e+00 +2.5258e+00 +2.1001e+00 +2.2352e+00 +5.0865e+00 +3.8175e+00
2729 +2.421784829e+01 +2.421784829e+01 -4.455321517e+02 -4.455321517e+02 +1.3637e+00 -1.7496e+00 +2.0385e+00 +1.5500e+00 +1.2908e+00 +1.9863e+00 +1.5443e+00 +1.6716e+00 +4.4708e+00 +4.0338e+00
2762 +1.146429861e+01 +1.146429861e+01 -4.582857014e+02 -4.582857014e+02 +7.5153e-01 -2.2900e+00 +2.9211e+00 +1.3347e+00 +5.3373e-01 +2.3537e+00 +1.3366e+00 +8.1850e-01 +2.8815e+00 +3.7861e+00
2773 +8.056453075e+00 +8.056453075e+00 -4.616935469e+02 -4.616935469e+02 +5.0850e-01 -2.4738e+00 +3.1936e+00 +1.2796e+00 +3.4436e-01 +2.3708e+00 +1.2203e+00 +4.4939e-01 +2.5198e+00 +3.8243e+00
2784 +5.305801597e+00 +5.305801597e+00 -4.644441984e+02 -4.644441984e+02 +2.8298e-01 -2.6585e+00 +3.4300e+00 +1.2195e+00 +1.6177e-01 +2.3624e+00 +1.0847e+00 +1.3676e-01 +2.1718e+00 +3.8497e+00
2806 +2.459900634e+00 +2.459900634e+00 -4.672900994e+02 -4.672900994e+02 -6.8636e-02 -2.9752e+00 +3.8623e+00 +1.0607e+00 -1.7566e-01 +2.3866e+00 +8.6770e-01 -4.0803e-01 +1.5678e+00 +3.8764e+00
2817 +1.565420502e+00 +1.565420502e+00 -4.681845795e+02 -4.681845795e+02 +6.4751e-03 -2.9416e+00 +3.8515e+00 +1.0066e+00 -1.6021e-01 +2.4160e+00 +9.0431e-01 -3.7715e-01 +1.6531e+00 +3.8749e+00
2828 +5.471433068e-01 +5.471433068e-01 -4.692028567e+02 -4.692028567e+02 +1.1121e-01 -2.8890e+00 +3.8222e+00 +9.5005e-01 -1.2724e-01 +2.4455e+00 +9.6339e-01 -3.0778e-01 +1.7870e+00 +3.8710e+00
2839 +1.975208287e-01 +1.975208287e-01 -4.695524792e+02 -4.695524792e+02 +7.5645e-02 -2.9427e+00 +3.9268e+00 +8.8019e-01 -2.0005e-01 +2.4728e+00 +9.4961e-01 -4.1488e-01 +1.7023e+00 +3.8748e+00
2850 +1.206478698e-01 +1.206478698e-01 -4.696293521e+02 -4.696293521e+02 +5.6375e-02 -2.9575e+00 +3.9493e+00 +8.7592e-01 -2.1493e-01 +2.4726e+00 +9.4103e-01 -4.4259e-01 +1.6753e+00 +3.8787e+00
2872 +2.899571068e-02 +2.899571068e-02 -4.697210043e+02 -4.697210043e+02 +2.8524e-03 -2.9896e+00 +3.9808e+00 +8.8866e-01 -2.3517e-01 +2.4516e+00 +9.1213e-01 -4.9686e-01 +1.6271e+00 +3.8960e+00
2883 +9.723510512e-03 +9.723510512e-03 -4.697402765e+02 -4.697402765e+02 +3.1814e-02 -2.9616e+00 +3.9403e+00 +9.0565e-01 -2.0204e-01 +2.4429e+00 +9.2940e-01 -4.4807e-01 +1.6878e+00 +3.8984e+00
2894 +3.848869828e-03 +3.848869828e-03 -4.697461511e+02 -4.697461511e+02 +3.7025e-02 -2.9584e+00 +3.9382e+00 +9.0522e-01 -2.0154e-01 +2.4472e+00 +9.3388e-01 -4.4070e-01 +1.6879e+00 +3.8941e+00
2905 +1.685716845e-03 +1.685716845e-03 -4.697483143e+02 -4.697483143e+02 +3.2402e-02 -2.9632e+00 +3.9466e+00 +9.0220e-01 -2.0854e-01 +2.4504e+00 +9.3277e-01 -4.4741e-01 +1.6749e+00 +3.8917e+00
2916 +1.028132446e-03 +1.028132446e-03 -4.697489719e+02 -4.697489719e+02 +2.8484e-02 -2.9657e+00 +3.9489e+00 +9.0341e-01 -2.1073e-01 +2.4496e+00 +9.3095e-01 -4.5033e-01 +1.6692e+00 +3.8915e+00
2927 +2.809451822e-04 +2.809451822e-04 -4.697497191e+02 -4.697497191e+02 +2.4568e-02 -2.9685e+00 +3.9508e+00 +9.0508e-01 -2.1340e-01 +2.4491e+00 +9.2924e-01 -4.5200e-01 +1.6619e+00 +3.8900e+00
2938 +1.306732225e-04 +1.306732225e-04 -4.697498693e+02 -4.697498693e+02 +2.4741e-02 -2.9687e+00 +3.9514e+00 +9.0443e-01 -2.1375e-01 +2.4493e+00 +9.2937e-01 -4.5232e-01 +1.6619e+00 +3.8901e+00
2949 +5.179227281e-05 +5.179227281e-05 -4.697499482e+02 -4.697499482e+02 +2.6200e-02 -2.9675e+00 +3.9496e+00 +9.0489e-01 -2.1251e-01 +2.4490e+00 +9.3015e-01 -4.4986e-01 +1.6644e+00 +3.8898e+00
2960 +1.210840929e-05 +1.210840929e-05 -4.697499879e+02 -4.697499879e+02 +2.6123e-02 -2.9675e+00 +3.9494e+00 +9.0523e-01 -2.1246e-01 +2.4489e+00 +9.3017e-01 -4.4944e-01 +1.6641e+00 +3.8896e+00
2982 +3.747189282e-06 +3.747189282e-06 -4.697499963e+02 -4.697499963e+02 +2.6565e-02 -2.9671e+00 +3.9486e+00 +9.0560e-01 -2.1188e-01 +2.4488e+00 +9.3041e-01 -4.4858e-01 +1.6650e+00 +3.8896e+00
8691 +1.691512580e-06 +1.691512580e-06 -4.697499983e+02 -4.697499983e+02 +2.6690e-02 -2.9669e+00 +3.9485e+00 +9.0566e-01 -2.1168e-01 +2.4487e+00 +9.3053e-01 -4.4850e-01 +1.6655e+00 +3.8897e+00
15687 +1.076591559e-06 +1.076591559e-06 -4.697499989e+02 -4.697499989e+02 +2.6476e-02 -2.9671e+00 +3.9488e+00 +9.0558e-01 -2.1198e-01 +2.4489e+00 +9.3046e-01 -4.4870e-01 +1.6648e+00 +3.8896e+00
15698 +6.746794838e-07 +6.746794838e-07 -4.697499993e+02 -4.697499993e+02 +2.6397e-02 -2.9672e+00 +3.9489e+00 +9.0557e-01 -2.1207e-01 +2.4489e+00 +9.3042e-01 -4.4879e-01 +1.6646e+00 +3.8895e+00
15709 +2.464543059e-07 +2.464543059e-07 -4.697499998e+02 -4.697499998e+02 +2.6429e-02 -2.9672e+00 +3.9488e+00 +9.0561e-01 -2.1200e-01 +2.4488e+00 +9.3043e-01 -4.4874e-01 +1.6648e+00 +3.8896e+00
15731 +1.434691512e-07 +1.434691512e-07 -4.697499999e+02 -4.697499999e+02 +2.6465e-02 -2.9671e+00 +3.9487e+00 +9.0563e-01 -2.1194e-01 +2.4488e+00 +9.3044e-01 -4.4871e-01 +1.6649e+00 +3.8896e+00
% function evaluation | noise-free fitness - Fopt (-1.702000000000e+02) | best noise-free fitness - Fopt | measured fitness | best measured fitness | x1 | x2...
1 +8.451016508e+06 +8.451016508e+06 +8.450846308e+06 +8.450846308e+06 +4.1312e+00 +4.0814e+00 +4.5768e+00 +4.8141e+00 -3.7421e+00 +3.0008e+00 -3.2859e+00 -1.5332e+00 +1.8268e+00 +2.9866e+00
12 +3.184647630e+06 +3.184647630e+06 +3.184477430e+06 +3.184477430e+06 +4.5521e+00 +3.7062e+00 +4.8172e+00 +5.3201e+00 -2.7421e+00 +2.9989e+00 -3.1521e+00 -5.9976e-01 +2.2134e+00 +3.1438e+00
23 +1.500031314e+06 +1.500031314e+06 +1.499861114e+06 +1.499861114e+06 +4.7613e+00 +2.8666e+00 +4.8919e+00 +5.6677e+00 -1.9050e+00 +2.7554e+00 -3.1445e+00 +3.6937e-01 +2.8923e+00 +2.7449e+00
34 +7.794547774e+05 +7.794547774e+05 +7.792845774e+05 +7.792845774e+05 +4.6252e+00 +2.0314e+00 +4.7858e+00 +5.7467e+00 -1.5931e+00 +2.5277e+00 -3.2275e+00 +8.9093e-01 +3.4658e+00 +2.0973e+00
45 +5.477887821e+05 +5.477887821e+05 +5.476185821e+05 +5.476185821e+05 +4.2858e+00 +1.5271e+00 +4.6303e+00 +5.7208e+00 -1.6284e+00 +2.5537e+00 -3.2887e+00 +9.7350e-01 +3.7164e+00 +1.6432e+00
67 +2.587815902e+05 +2.587815902e+05 +2.586113902e+05 +2.586113902e+05 +3.5921e+00 +1.0725e+00 +4.4762e+00 +6.0437e+00 -1.4457e+00 +3.3176e+00 -3.1645e+00 +9.9362e-01 +3.7011e+00 +1.5743e+00
78 +1.549630690e+05 +1.549630690e+05 +1.547928690e+05 +1.547928690e+05 +2.4974e+00 +4.9434e-01 +4.2495e+00 +6.5676e+00 -1.1914e+00 +4.6082e+00 -2.9418e+00 +9.3580e-01 +3.5641e+00 +1.5992e+00
89 +9.935307284e+04 +9.935307284e+04 +9.918287284e+04 +9.918287284e+04 +2.7041e+00 +5.5546e-01 +4.2622e+00 +6.4276e+00 -1.2929e+00 +4.2706e+00 -3.0127e+00 +9.2820e-01 +3.6256e+00 +1.5067e+00
155 +5.996052340e+04 +5.996052340e+04 +5.979032340e+04 +5.979032340e+04 +2.3449e+00 -1.3985e-01 +3.8457e+00 +7.0785e+00 -1.0875e+00 +4.2044e+00 -2.9306e+00 +8.0476e-01 +3.5789e+00 +1.3153e+00
188 +3.945234305e+04 +3.945234305e+04 +3.928214305e+04 +3.928214305e+04 +2.3550e+00 -2.3080e-01 +3.5289e+00 +7.6059e+00 -1.0902e+00 +3.9292e+00 -2.8445e+00 +4.1916e-01 +3.2065e+00 +1.5118e+00
342 +2.298992910e+04 +2.298992910e+04 +2.281972910e+04 +2.281972910e+04 +2.2141e+00 -1.1044e+00 +2.1349e+00 +7.9447e+00 -1.0611e+00 +3.2626e+00 -2.9052e+00 +1.4115e+00 +5.8215e-01 +1.4250e+00
540 +1.432783250e+04 +1.432783250e+04 +1.415763250e+04 +1.415763250e+04 +2.0701e+00 -1.6919e+00 +1.1202e+00 +7.3592e+00 -4.9604e-01 +2.7909e+00 -3.3359e+00 +2.3676e+00 -1.9178e+00 +1.2525e+00
573 +8.994914718e+03 +8.994914718e+03 +8.824714718e+03 +8.824714718e+03 +1.7598e+00 -2.3187e+00 +1.1046e-01 +6.3314e+00 +1.2172e+00 +2.1311e+00 -4.2720e+00 +2.4635e+00 -4.5996e+00 +1.0926e+00
1079 +5.790458852e+03 +5.790458852e+03 +5.620258852e+03 +5.620258852e+03 +5.5720e-01 -1.4497e+00 +1.6229e-01 +6.0611e+00 +1.7390e+00 +1.4627e+00 -3.7787e+00 +2.6655e+00 -4.2264e+00 +1.1299e+00
1101 +2.475323007e+03 +2.475323007e+03 +2.305123007e+03 +2.305123007e+03 -8.0407e-01 -7.0250e-01 -1.0393e-01 +5.7946e+00 +2.5085e+00 +4.9669e-01 -3.3106e+00 +3.0387e+00 -4.4389e+00 +1.1501e+00
1112 +7.628772558e+02 +7.628772558e+02 +5.926772558e+02 +5.926772558e+02 -2.4569e+00 +2.7310e-01 -4.3563e-01 +5.5993e+00 +3.2569e+00 -7.3295e-01 -2.6198e+00 +3.5644e+00 -4.6323e+00 +1.2043e+00
1134 +4.642563282e+02 +4.642563282e+02 +2.940563282e+02 +2.940563282e+02 -3.0783e+00 +6.4036e-01 -5.9887e-01 +5.6584e+00 +3.3516e+00 -1.1894e+00 -2.2596e+00 +3.8557e+00 -4.7103e+00 +1.2426e+00
1167 +3.659168252e+02 +3.659168252e+02 +1.957168252e+02 +1.957168252e+02 -3.5637e+00 +9.4140e-01 -6.8691e-01 +5.6743e+00 +3.4759e+00 -1.5368e+00 -1.9999e+00 +4.0299e+00 -4.7014e+00 +1.2687e+00
1211 +2.405157988e+02 +2.405157988e+02 +7.031579884e+01 +7.031579884e+01 -3.6499e+00 +1.0509e+00 -6.1002e-01 +5.6695e+00 +3.5030e+00 -1.5700e+00 -1.9422e+00 +3.9869e+00 -4.5013e+00 +1.2757e+00
1475 +1.380159811e+02 +1.380159811e+02 -3.218401887e+01 -3.218401887e+01 -3.6470e+00 +6.4082e-01 -5.1173e-01 +5.4587e+00 +3.2476e+00 -1.5871e+00 -1.9235e+00 +3.9036e+00 -4.1205e+00 +1.9289e+00
1508 +7.877792890e+01 +7.877792890e+01 -9.142207110e+01 -9.142207110e+01 -3.8830e+00 +1.5597e-01 -5.4294e-01 +5.0788e+00 +3.1068e+00 -1.8305e+00 -1.8693e+00 +3.9515e+00 -3.9352e+00 +2.7826e+00
1530 +4.699054440e+01 +4.699054440e+01 -1.232094556e+02 -1.232094556e+02 -4.1766e+00 -2.1101e-02 -5.9953e-01 +4.8111e+00 +3.1106e+00 -2.0770e+00 -1.7868e+00 +4.0611e+00 -3.8941e+00 +3.2488e+00
1563 +3.957256676e+01 +3.957256676e+01 -1.306274332e+02 -1.306274332e+02 -4.2555e+00 -1.5952e-01 -5.8950e-01 +4.6986e+00 +3.0510e+00 -2.1507e+00 -1.7557e+00 +4.0701e+00 -3.7822e+00 +3.5196e+00
1893 +1.790604274e+01 +1.790604274e+01 -1.522939573e+02 -1.522939573e+02 -3.9875e+00 -3.6469e-01 -9.6120e-01 +4.2517e+00 +3.1755e+00 -2.0753e+00 -8.7807e-01 +3.8999e+00 -3.7069e+00 +3.5897e+00
1904 +3.581918382e+00 +3.581918382e+00 -1.666180816e+02 -1.666180816e+02 -3.6282e+00 -6.0253e-01 -1.3863e+00 +3.7292e+00 +3.3271e+00 -1.9458e+00 +1.3030e-01 +3.6870e+00 -3.6250e+00 +3.6267e+00
1915 +2.305447620e+00 +2.305447620e+00 -1.678945524e+02 -1.678945524e+02 -3.6116e+00 -6.3219e-01 -1.4178e+00 +3.6801e+00 +3.3372e+00 -1.9457e+00 +2.0642e-01 +3.6712e+00 -3.6108e+00 +3.6540e+00
1937 +9.955769306e-01 +9.955769306e-01 -1.692044231e+02 -1.692044231e+02 -3.5685e+00 -6.9749e-01 -1.4925e+00 +3.5671e+00 +3.3638e+00 -1.9415e+00 +3.8282e-01 +3.6337e+00 -3.5842e+00 +3.7078e+00
1948 +6.181282409e-01 +6.181282409e-01 -1.695818718e+02 -1.695818718e+02 -3.5780e+00 -7.1657e-01 -1.4901e+00 +3.5552e+00 +3.3595e+00 -1.9507e+00 +3.7385e-01 +3.6348e+00 -3.5790e+00 +3.7400e+00
1970 +1.625938508e-01 +1.625938508e-01 -1.700374061e+02 -1.700374061e+02 -3.5769e+00 -7.7927e-01 -1.4975e+00 +3.5071e+00 +3.3467e+00 -1.9602e+00 +3.8772e-01 +3.6264e+00 -3.5585e+00 +3.8229e+00
1981 +8.307734215e-02 +8.307734215e-02 -1.701169227e+02 -1.701169227e+02 -3.5642e+00 -7.8243e-01 -1.5054e+00 +3.5012e+00 +3.3465e+00 -1.9528e+00 +4.0633e-01 +3.6229e+00 -3.5589e+00 +3.8173e+00
1992 +4.572107729e-02 +4.572107729e-02 -1.701542789e+02 -1.701542789e+02 -3.5677e+00 -7.9101e-01 -1.5029e+00 +3.4976e+00 +3.3426e+00 -1.9557e+00 +4.0057e-01 +3.6236e+00 -3.5556e+00 +3.8317e+00
2003 +3.322860006e-02 +3.322860006e-02 -1.701667714e+02 -1.701667714e+02 -3.5702e+00 -7.9670e-01 -1.5003e+00 +3.4954e+00 +3.3396e+00 -1.9574e+00 +3.9570e-01 +3.6236e+00 -3.5521e+00 +3.8417e+00
2014 +2.423365662e-02 +2.423365662e-02 -1.701757663e+02 -1.701757663e+02 -3.5730e+00 -7.9700e-01 -1.4979e+00 +3.4964e+00 +3.3377e+00 -1.9588e+00 +3.9245e-01 +3.6244e+00 -3.5496e+00 +3.8453e+00
5270 +1.538058603e-02 +1.538058603e-02 -1.701846194e+02 -1.701846194e+02 -3.5608e+00 -7.6626e-01 -1.6060e+00 +3.4837e+00 +3.3450e+00 -1.9408e+00 +3.6622e-01 +3.6393e+00 -3.5050e+00 +3.8710e+00
5281 +2.305444924e-03 +2.305444924e-03 -1.701976946e+02 -1.701976946e+02 -3.5541e+00 -7.5097e-01 -1.6307e+00 +3.4898e+00 +3.3465e+00 -1.9311e+00 +3.4951e-01 +3.6429e+00 -3.4950e+00 +3.8661e+00
5292 +1.526072864e-03 +1.526072864e-03 -1.701984739e+02 -1.701984739e+02 -3.5550e+00 -7.5242e-01 -1.6270e+00 +3.4893e+00 +3.3465e+00 -1.9322e+00 +3.5211e-01 +3.6423e+00 -3.4965e+00 +3.8658e+00
5325 +6.634149196e-04 +6.634149196e-04 -1.701993366e+02 -1.701993366e+02 -3.5575e+00 -7.5433e-01 -1.6203e+00 +3.4897e+00 +3.3461e+00 -1.9345e+00 +3.5330e-01 +3.6421e+00 -3.4989e+00 +3.8659e+00
5347 +5.002685533e-04 +5.002685533e-04 -1.701994997e+02 -1.701994997e+02 -3.5602e+00 -7.5694e-01 -1.6151e+00 +3.4894e+00 +3.3452e+00 -1.9370e+00 +3.5324e-01 +3.6422e+00 -3.5006e+00 +3.8680e+00
5358 +2.354358597e-04 +2.354358597e-04 -1.701997646e+02 -1.701997646e+02 -3.5593e+00 -7.5572e-01 -1.6168e+00 +3.4901e+00 +3.3453e+00 -1.9360e+00 +3.5211e-01 +3.6423e+00 -3.5000e+00 +3.8671e+00
5380 +1.316654123e-04 +1.316654123e-04 -1.701998683e+02 -1.701998683e+02 -3.5591e+00 -7.5584e-01 -1.6157e+00 +3.4906e+00 +3.3451e+00 -1.9358e+00 +3.5182e-01 +3.6421e+00 -3.5003e+00 +3.8665e+00
5413 +6.956067716e-05 +6.956067716e-05 -1.701999304e+02 -1.701999304e+02 -3.5597e+00 -7.5576e-01 -1.6153e+00 +3.4912e+00 +3.3447e+00 -1.9361e+00 +3.4980e-01 +3.6426e+00 -3.5002e+00 +3.8672e+00
5424 +5.010440029e-05 +5.010440029e-05 -1.701999499e+02 -1.701999499e+02 -3.5597e+00 -7.5602e-01 -1.6148e+00 +3.4912e+00 +3.3447e+00 -1.9361e+00 +3.5013e-01 +3.6425e+00 -3.5004e+00 +3.8671e+00
5457 +3.547414957e-05 +3.547414957e-05 -1.701999645e+02 -1.701999645e+02 -3.5595e+00 -7.5620e-01 -1.6147e+00 +3.4911e+00 +3.3446e+00 -1.9361e+00 +3.5042e-01 +3.6423e+00 -3.5004e+00 +3.8671e+00
8185 +1.893508437e-05 +1.893508437e-05 -1.701999811e+02 -1.701999811e+02 -3.5592e+00 -7.5501e-01 -1.6173e+00 +3.4912e+00 +3.3448e+00 -1.9355e+00 +3.4919e-01 +3.6428e+00 -3.4993e+00 +3.8673e+00
8196 +1.306459106e-05 +1.306459106e-05 -1.701999869e+02 -1.701999869e+02 -3.5592e+00 -7.5497e-01 -1.6178e+00 +3.4911e+00 +3.3447e+00 -1.9354e+00 +3.4901e-01 +3.6428e+00 -3.4990e+00 +3.8676e+00
8207 +8.813444623e-06 +8.813444623e-06 -1.701999912e+02 -1.701999912e+02 -3.5592e+00 -7.5488e-01 -1.6179e+00 +3.4912e+00 +3.3448e+00 -1.9353e+00 +3.4889e-01 +3.6429e+00 -3.4990e+00 +3.8675e+00
8251 +6.113657690e-06 +6.113657690e-06 -1.701999939e+02 -1.701999939e+02 -3.5592e+00 -7.5487e-01 -1.6179e+00 +3.4912e+00 +3.3448e+00 -1.9354e+00 +3.4885e-01 +3.6429e+00 -3.4990e+00 +3.8676e+00
20021 +2.751870426e-06 +2.751870426e-06 -1.701999972e+02 -1.701999972e+02 -3.5592e+00 -7.5401e-01 -1.6198e+00 +3.4913e+00 +3.3448e+00 -1.9351e+00 +3.4750e-01 +3.6434e+00 -3.4982e+00 +3.8680e+00
76638 +2.261042994e-06 +2.261042994e-06 -1.701999977e+02 -1.701999977e+02 -3.5591e+00 -7.5422e-01 -1.6193e+00 +3.4914e+00 +3.3448e+00 -1.9351e+00 +3.4780e-01 +3.6432e+00 -3.4984e+00 +3.8678e+00
87429 +1.257770379e-06 +1.257770379e-06 -1.701999987e+02 -1.701999987e+02 -3.5592e+00 -7.5452e-01 -1.6192e+00 +3.4911e+00 +3.3448e+00 -1.9352e+00 +3.4821e-01 +3.6431e+00 -3.4984e+00 +3.8681e+00
128327 +9.130149863e-07 +9.130149863e-07 -1.701999991e+02 -1.701999991e+02 -3.5592e+00 -7.5444e-01 -1.6192e+00 +3.4911e+00 +3.3448e+00 -1.9352e+00 +3.4809e-01 +3.6432e+00 -3.4984e+00 +3.8680e+00
128360 +4.366120834e-07 +4.366120834e-07 -1.701999996e+02 -1.701999996e+02 -3.5592e+00 -7.5448e-01 -1.6190e+00 +3.4912e+00 +3.3448e+00 -1.9352e+00 +3.4809e-01 +3.6432e+00 -3.4985e+00 +3.8680e+00
128393 +3.327762101e-07 +3.327762101e-07 -1.701999997e+02 -1.701999997e+02 -3.5592e+00 -7.5441e-01 -1.6191e+00 +3.4912e+00 +3.3448e+00 -1.9352e+00 +3.4798e-01 +3.6432e+00 -3.4984e+00 +3.8680e+00
128404 +1.757064751e-07 +1.757064751e-07 -1.701999998e+02 -1.701999998e+02 -3.5592e+00 -7.5442e-01 -1.6191e+00 +3.4912e+00 +3.3448e+00 -1.9352e+00 +3.4802e-01 +3.6432e+00 -3.4985e+00 +3.8679e+00
% function evaluation | noise-free fitness - Fopt (-4.697500000000e+02) | best noise-free fitness - Fopt | measured fitness | best measured fitness | x1 | x2...
1 +8.435509588e+06 +8.435509588e+06 +8.435039838e+06 +8.435039838e+06 +6.0351e-01 +4.6237e+00 +3.6629e+00 -2.6741e+00 -4.0292e+00 -4.1101e+00 -4.1065e+00 -1.8172e+00 +1.1226e+00 +4.9436e+00
12 +4.001399865e+06 +4.001399865e+06 +4.000930115e+06 +4.000930115e+06 +1.3617e+00 +3.6237e+00 +3.3351e+00 -2.8129e+00 -3.2041e+00 -4.3687e+00 -3.3840e+00 -1.9190e+00 +4.0099e-01 +5.6683e+00
23 +2.744671692e+06 +2.744671692e+06 +2.744201942e+06 +2.744201942e+06 +1.9745e+00 +2.8500e+00 +3.5101e+00 -2.5172e+00 -2.7407e+00 -4.2417e+00 -3.4105e+00 -1.9240e+00 +2.6767e-01 +5.8682e+00
45 +1.754465124e+06 +1.754465124e+06 +1.753995374e+06 +1.753995374e+06 +3.3698e+00 +1.0883e+00 +3.9085e+00 -1.8440e+00 -1.6854e+00 -3.9527e+00 -3.4708e+00 -1.9354e+00 -3.5897e-02 +6.3235e+00
56 +1.372305813e+06 +1.372305813e+06 +1.371836063e+06 +1.371836063e+06 +3.2117e+00 +1.1194e+00 +3.9810e+00 -1.7416e+00 -1.8772e+00 -3.7305e+00 -3.6879e+00 -1.8633e+00 +1.8957e-01 +6.2185e+00
78 +9.076889690e+05 +9.076889690e+05 +9.072192190e+05 +9.072192190e+05 +3.1684e+00 +2.0730e-02 +4.0326e+00 -1.2454e+00 -2.0672e+00 -2.6077e+00 -4.1753e+00 -1.5214e+00 +7.2927e-01 +6.4788e+00
89 +3.226109210e+05 +3.226109210e+05 +3.221411710e+05 +3.221411710e+05 +2.8163e+00 -2.0570e+00 +3.3454e+00 -9.9264e-01 -2.3066e+00 -8.3122e-01 -4.1882e+00 -9.2612e-01 +1.1904e+00 +7.5685e+00
122 +2.429135820e+05 +2.429135820e+05 +2.424438320e+05 +2.424438320e+05 +2.3057e+00 -2.0584e+00 +3.0781e+00 -1.1974e+00 -2.4813e+00 -5.7441e-01 -4.1057e+00 -8.4605e-01 +1.3570e+00 +7.5658e+00
155 +1.173294417e+05 +1.173294417e+05 +1.168596917e+05 +1.168596917e+05 +1.3738e+00 -3.5714e+00 +3.0639e+00 -1.5476e+00 -8.1226e-01 +2.2789e-01 -3.9648e+00 -1.0641e+00 +1.9667e+00 +6.2782e+00
166 +6.932153336e+04 +6.932153336e+04 +6.885178336e+04 +6.885178336e+04 +1.0887e+00 -3.6908e+00 +2.9776e+00 -1.7149e+00 -5.8254e-01 +3.0460e-01 -3.8636e+00 -1.1115e+00 +2.0489e+00 +6.0532e+00
188 +1.024352794e+04 +1.024352794e+04 +9.773777940e+03 +9.773777940e+03 +3.3243e-01 -4.0171e+00 +2.7587e+00 -2.1066e+00 -6.8124e-02 +5.8078e-01 -3.6572e+00 -1.1989e+00 +2.3113e+00 +5.4998e+00
199 +6.872885473e+03 +6.872885473e+03 +6.403135473e+03 +6.403135473e+03 +1.7913e-01 -4.1074e+00 +2.7495e+00 -2.1873e+00 +1.1929e-01 +6.2429e-01 -3.6212e+00 -1.2412e+00 +2.3765e+00 +5.3082e+00
210 +3.613535652e+03 +3.613535652e+03 +3.143785652e+03 +3.143785652e+03 +1.0697e-01 -4.0768e+00 +2.7823e+00 -2.2345e+00 +2.3366e-01 +5.8320e-01 -3.6106e+00 -1.2882e+00 +2.4044e+00 +5.1457e+00
386 +2.449435128e+03 +2.449435128e+03 +1.979685128e+03 +1.979685128e+03 +1.2262e-01 -4.2628e+00 +3.1065e+00 -1.9501e+00 -2.1628e-01 +2.7559e-01 -2.9706e+00 -1.2228e+00 +2.6305e+00 +5.0349e+00
650 +1.546238923e+03 +1.546238923e+03 +1.076488923e+03 +1.076488923e+03 -2.5316e-01 -4.1772e+00 +3.9835e+00 -1.1365e+00 -3.3227e-01 +3.3000e-01 -1.6028e+00 -1.1291e+00 +2.8476e+00 +5.1331e+00
716 +9.545378932e+02 +9.545378932e+02 +4.847878932e+02 +4.847878932e+02 -4.6839e-01 -3.9896e+00 +4.3131e+00 -4.5301e-01 -3.3285e-01 +6.3591e-01 -7.4808e-01 -1.3146e+00 +2.9127e+00 +5.2025e+00
738 +6.107057966e+02 +6.107057966e+02 +1.409557966e+02 +1.409557966e+02 -5.9998e-01 -3.8680e+00 +4.4168e+00 +2.4032e-02 -3.0070e-01 +8.8336e-01 -1.7577e-01 -1.5684e+00 +2.9606e+00 +5.1388e+00
782 +3.955246288e+02 +3.955246288e+02 -7.422537115e+01 -7.422537115e+01 -6.2690e-01 -3.7395e+00 +4.4799e+00 +3.9313e-01 -3.3930e-01 +1.0223e+00 +2.1758e-01 -1.7714e+00 +2.9768e+00 +5.1060e+00
859 +2.231570928e+02 +2.231570928e+02 -2.465929072e+02 -2.465929072e+02 -7.0756e-01 -3.4595e+00 +4.4503e+00 +8.5862e-01 -1.6299e-01 +1.4377e+00 +5.5236e-01 -2.0919e+00 +2.8924e+00 +5.1556e+00
881 +1.409956464e+02 +1.409956464e+02 -3.287543536e+02 -3.287543536e+02 -6.5545e-01 -3.3665e+00 +4.3530e+00 +7.4912e-01 -5.6340e-02 +1.4950e+00 +2.7981e-01 -2.0817e+00 +2.7903e+00 +5.2418e+00
1167 +9.574908991e+01 +9.574908991e+01 -3.740009101e+02 -3.740009101e+02 -6.2722e-01 -3.3580e+00 +4.1772e+00 +7.5747e-01 -4.2769e-02 +1.5119e+00 +1.3797e-01 -1.9302e+00 +2.5999e+00 +5.0968e+00
1233 +4.375010218e+01 +4.375010218e+01 -4.259998978e+02 -4.259998978e+02 -6.4571e-01 -3.4035e+00 +3.9034e+00 +1.0544e+00 -1.3488e-01 +1.4932e+00 +1.3372e-01 -1.2033e+00 +1.9989e+00 +4.5873e+00
1244 +3.583762517e+01 +3.583762517e+01 -4.339123748e+02 -4.339123748e+02 -6.5667e-01 -3.3730e+00 +3.9275e+00 +1.0984e+00 -1.1972e-01 +1.5290e+00 +1.9016e-01 -1.2654e+00 +2.0219e+00 +4.6139e+00
1266 +2.376484319e+01 +2.376484319e+01 -4.459851568e+02 -4.459851568e+02 -7.0153e-01 -3.2738e+00 +3.9001e+00 +1.3189e+00 -6.2706e-02 +1.6732e+00 +3.2089e-01 -1.2334e+00 +1.8861e+00 +4.5590e+00
1288 +1.502082554e+01 +1.502082554e+01 -4.547291745e+02 -4.547291745e+02 -7.2012e-01 -3.3040e+00 +3.8413e+00 +1.4209e+00 -1.0254e-01 +1.6580e+00 +3.5549e-01 -9.9584e-01 +1.7154e+00 +4.3974e+00
1651 +8.593202252e+00 +8.593202252e+00 -4.611567977e+02 -4.611567977e+02 -5.8258e-01 -3.2559e+00 +3.9179e+00 +1.3203e+00 -1.6849e-01 +1.8464e+00 +5.2490e-01 -8.6772e-01 +1.6486e+00 +4.2577e+00
1673 +5.433371305e+00 +5.433371305e+00 -4.643166287e+02 -4.643166287e+02 -4.2260e-01 -3.2042e+00 +4.0098e+00 +1.1213e+00 -2.1250e-01 +2.0208e+00 +6.2557e-01 -8.6374e-01 +1.6767e+00 +4.2060e+00
1695 +3.149663894e+00 +3.149663894e+00 -4.666003361e+02 -4.666003361e+02 -3.9926e-01 -3.1719e+00 +3.9929e+00 +1.1563e+00 -2.1380e-01 +2.0846e+00 +6.6657e-01 -8.3987e-01 +1.6235e+00 +4.1601e+00
1706 +2.277842906e+00 +2.277842906e+00 -4.674721571e+02 -4.674721571e+02 -3.1777e-01 -3.1451e+00 +4.0224e+00 +1.0715e+00 -2.3857e-01 +2.1768e+00 +7.1535e-01 -8.0147e-01 +1.6036e+00 +4.1073e+00
1717 +1.491501775e+00 +1.491501775e+00 -4.682584982e+02 -4.682584982e+02 -2.3877e-01 -3.1138e+00 +4.0422e+00 +1.0081e+00 -2.6307e-01 +2.2773e+00 +7.7211e-01 -7.4473e-01 +1.5611e+00 +4.0378e+00
1739 +8.392154371e-01 +8.392154371e-01 -4.689107846e+02 -4.689107846e+02 -9.1213e-03 -3.0289e+00 +4.1060e+00 +8.0686e-01 -3.3490e-01 +2.5590e+00 +9.2770e-01 -5.8916e-01 +1.4535e+00 +3.8478e+00
1750 +5.657819985e-01 +5.657819985e-01 -4.691842180e+02 -4.691842180e+02 -6.0830e-02 -3.0503e+00 +4.0909e+00 +8.5004e-01 -3.2012e-01 +2.4936e+00 +8.9110e-01 -6.1500e-01 +1.4736e+00 +3.8861e+00
1772 +2.769585057e-01 +2.769585057e-01 -4.694730415e+02 -4.694730415e+02 -9.0248e-02 -3.0636e+00 +4.0778e+00 +8.7782e-01 -3.1395e-01 +2.4571e+00 +8.7111e-01 -6.0930e-01 +1.4706e+00 +3.8941e+00
1805 +1.840597886e-01 +1.840597886e-01 -4.695659402e+02 -4.695659402e+02 -6.3260e-02 -3.0540e+00 +4.0828e+00 +8.5592e-01 -3.2330e-01 +2.4898e+00 +8.8947e-01 -5.7805e-01 +1.4487e+00 +3.8632e+00
1816 +1.477229492e-01 +1.477229492e-01 -4.696022771e+02 -4.696022771e+02 -5.3351e-02 -3.0510e+00 +4.0842e+00 +8.4749e-01 -3.2657e-01 +2.5002e+00 +8.9459e-01 -5.7429e-01 +1.4456e+00 +3.8559e+00
2399 +9.608735293e-02 +9.608735293e-02 -4.696539126e+02 -4.696539126e+02 -5.1108e-02 -3.0347e+00 +4.0487e+00 +8.8172e-01 -2.9601e-01 +2.4756e+00 +8.9822e-01 -5.5463e-01 +1.4959e+00 +3.8725e+00
2432 +4.492974862e-02 +4.492974862e-02 -4.697050703e+02 -4.697050703e+02 -2.1220e-02 -3.0078e+00 +4.0048e+00 +8.9950e-01 -2.6250e-01 +2.4627e+00 +9.1460e-01 -5.0279e-01 +1.5598e+00 +3.8737e+00
2443 +3.605921010e-02 +3.605921010e-02 -4.697139408e+02 -4.697139408e+02 -8.2194e-03 -2.9941e+00 +3.9831e+00 +9.0892e-01 -2.4464e-01 +2.4562e+00 +9.2048e-01 -4.8089e-01 +1.5914e+00 +3.8770e+00
2454 +2.332678517e-02 +2.332678517e-02 -4.697266732e+02 -4.697266732e+02 -1.7855e-03 -2.9865e+00 +3.9707e+00 +9.1377e-01 -2.3383e-01 +2.4516e+00 +9.2175e-01 -4.7072e-01 +1.6101e+00 +3.8809e+00
2465 +1.451977654e-02 +1.451977654e-02 -4.697354802e+02 -4.697354802e+02 +3.5270e-03 -2.9809e+00 +3.9594e+00 +9.1547e-01 -2.2365e-01 +2.4447e+00 +9.1921e-01 -4.6423e-01 +1.6297e+00 +3.8873e+00
2487 +8.348249366e-03 +8.348249366e-03 -4.697416518e+02 -4.697416518e+02 +1.5213e-02 -2.9720e+00 +3.9449e+00 +9.1810e-01 -2.1274e-01 +2.4414e+00 +9.2414e-01 -4.4656e-01 +1.6521e+00 +3.8875e+00
2630 +6.152677299e-03 +6.152677299e-03 -4.697438473e+02 -4.697438473e+02 +2.1260e-02 -2.9689e+00 +3.9430e+00 +9.1408e-01 -2.1058e-01 +2.4436e+00 +9.2632e-01 -4.4356e-01 +1.6593e+00 +3.8876e+00
2696 +3.040893422e-03 +3.040893422e-03 -4.697469591e+02 -4.697469591e+02 +2.9808e-02 -2.9642e+00 +3.9417e+00 +9.0905e-01 -2.0852e-01 +2.4483e+00 +9.3142e-01 -4.3848e-01 +1.6672e+00 +3.8863e+00
2707 +2.111380598e-03 +2.111380598e-03 -4.697478886e+02 -4.697478886e+02 +3.8119e-02 -2.9605e+00 +3.9443e+00 +9.0096e-01 -2.0909e-01 +2.4559e+00 +9.3689e-01 -4.3664e-01 +1.6711e+00 +3.8843e+00
2718 +1.517343124e-03 +1.517343124e-03 -4.697484827e+02 -4.697484827e+02 +3.5160e-02 -2.9618e+00 +3.9437e+00 +9.0378e-01 -2.0894e-01 +2.4533e+00 +9.3516e-01 -4.3764e-01 +1.6699e+00 +3.8852e+00
2740 +9.983951737e-04 +9.983951737e-04 -4.697490016e+02 -4.697490016e+02 +2.5698e-02 -2.9658e+00 +3.9424e+00 +9.1146e-01 -2.0754e-01 +2.4434e+00 +9.2916e-01 -4.4470e-01 +1.6710e+00 +3.8916e+00
2751 +5.908881402e-04 +5.908881402e-04 -4.697494091e+02 -4.697494091e+02 +2.9466e-02 -2.9641e+00 +3.9428e+00 +9.0852e-01 -2.0802e-01 +2.4473e+00 +9.3157e-01 -4.4179e-01 +1.6707e+00 +3.8891e+00
2762 +2.650102934e-04 +2.650102934e-04 -4.697497350e+02 -4.697497350e+02 +2.8594e-02 -2.9648e+00 +3.9443e+00 +9.0798e-01 -2.0871e-01 +2.4472e+00 +9.3132e-01 -4.4407e-01 +1.6703e+00 +3.8899e+00
2773 +1.704387480e-04 +1.704387480e-04 -4.697498296e+02 -4.697498296e+02 +2.7245e-02 -2.9660e+00 +3.9469e+00 +9.0686e-01 -2.1046e-01 +2.4480e+00 +9.3097e-01 -4.4700e-01 +1.6676e+00 +3.8901e+00
2784 +1.284170626e-04 +1.284170626e-04 -4.697498716e+02 -4.697498716e+02 +2.6886e-02 -2.9665e+00 +3.9478e+00 +9.0630e-01 -2.1104e-01 +2.4483e+00 +9.3076e-01 -4.4796e-01 +1.6667e+00 +3.8901e+00
2795 +6.590221227e-05 +6.590221227e-05 -4.697499341e+02 -4.697499341e+02 +2.7019e-02 -2.9668e+00 +3.9487e+00 +9.0515e-01 -2.1187e-01 +2.4492e+00 +9.3063e-01 -4.4836e-01 +1.6652e+00 +3.8895e+00
2806 +1.903938818e-05 +1.903938818e-05 -4.697499810e+02 -4.697499810e+02 +2.6729e-02 -2.9669e+00 +3.9481e+00 +9.0578e-01 -2.1149e-01 +2.4485e+00 +9.3034e-01 -4.4823e-01 +1.6657e+00 +3.8898e+00
2817 +1.581307413e-05 +1.581307413e-05 -4.697499842e+02 -4.697499842e+02 +2.7017e-02 -2.9666e+00 +3.9478e+00 +9.0589e-01 -2.1125e-01 +2.4485e+00 +9.3054e-01 -4.4778e-01 +1.6662e+00 +3.8897e+00
2872 +7.782211924e-06 +7.782211924e-06 -4.697499922e+02 -4.697499922e+02 +2.6799e-02 -2.9669e+00 +3.9483e+00 +9.0579e-01 -2.1168e-01 +2.4488e+00 +9.3064e-01 -4.4804e-01 +1.6653e+00 +3.8894e+00
8636 +5.910491666e-06 +5.910491666e-06 -4.697499941e+02 -4.697499941e+02 +2.6827e-02 -2.9668e+00 +3.9480e+00 +9.0598e-01 -2.1139e-01 +2.4485e+00 +9.3055e-01 -4.4792e-01 +1.6658e+00 +3.8896e+00
11804 +1.963147326e-06 +1.963147326e-06 -4.697499980e+02 -4.697499980e+02 +2.6760e-02 -2.9669e+00 +3.9484e+00 +9.0570e-01 -2.1171e-01 +2.4488e+00 +9.3060e-01 -4.4827e-01 +1.6653e+00 +3.8895e+00
19196 +1.461061458e-06 +1.461061458e-06 -4.697499985e+02 -4.697499985e+02 +2.6440e-02 -2.9671e+00 +3.9487e+00 +9.0570e-01 -2.1185e-01 +2.4487e+00 +9.3045e-01 -4.4875e-01 +1.6651e+00 +3.8897e+00
59951 +4.761971013e-07 +4.761971013e-07 -4.697499995e+02 -4.697499995e+02 +2.6465e-02 -2.9671e+00 +3.9487e+00 +9.0567e-01 -2.1192e-01 +2.4488e+00 +9.3044e-01 -4.4864e-01 +1.6649e+00 +3.8896e+00
111112 +3.730531262e-07 +3.730531262e-07 -4.697499996e+02 -4.697499996e+02 +2.6553e-02 -2.9671e+00 +3.9486e+00 +9.0566e-01 -2.1187e-01 +2.4488e+00 +9.3049e-01 -4.4856e-01 +1.6650e+00 +3.8896e+00
