% function evaluation | noise-free fitness - Fopt (-5.465000000000e+02) | best noise-free fitness - Fopt | measured fitness | best measured fitness | x1 | x2...
1 +1.057462752e+05 +1.057462752e+05 +1.051997752e+05 +1.051997752e+05 +1.3936e+00 +1.9454e+00 +3.5225e+00 +2.6187e+00 +7.7008e-01 +3.4934e+00 +4.3163e+00 +1.8949e+00 -3.4586e+00 +3.7683e-01 -1.1681e+00 +2.4072e+00 -2.2626e+00 -2.3130e-01 -5.7699e-01 -4.3817e+00 +3.5452e+00 +1.0621e+00 +1.8078e+00 -2.0633e-01
22 +5.966780514e+04 +5.966780514e+04 +5.912130514e+04 +5.912130514e+04 +1.3936e+00 +1.9354e+00 +3.4881e+00 +2.5952e+00 +8.0567e-01 +3.2776e+00 +4.0226e+00 +1.8735e+00 -3.3728e+00 +4.0764e-01 -1.0449e+00 +2.4752e+00 -1.9584e+00 -4.0997e-01 -4.4784e-01 -4.0085e+00 +3.2182e+00 +5.6700e-01 +8.0781e-01 +3.5661e-01
43 +9.295955123e+03 +9.295955123e+03 +8.749455123e+03 +8.749455123e+03 +1.3937e+00 +1.8869e+00 +3.3226e+00 +2.4804e+00 +9.6153e-01 +2.3247e+00 +2.7048e+00 +1.7790e+00 -2.9955e+00 +5.3679e-01 -5.2881e-01 +2.7329e+00 -8.4096e-01 -9.4083e-01 +1.0497e-01 -2.8379e+00 +2.0925e+00 -4.6896e-01 -1.1729e+00 +1.1102e+00
64 +3.964444026e+03 +3.964444026e+03 +3.417944026e+03 +3.417944026e+03 +1.3938e+00 +1.8549e+00 +3.2142e+00 +2.4023e+00 +1.0411e+00 +1.8255e+00 +1.9794e+00 +1.7302e+00 -2.7998e+00 +5.9592e-01 -2.9263e-01 +2.8247e+00 -4.6396e-01 -1.0483e+00 +3.3589e-01 -2.6485e+00 +1.9434e+00 -5.9274e-01 -1.4109e+00 +1.2017e+00
85 +3.624586942e+02 +3.624586942e+02 -1.840413058e+02 -1.840413058e+02 +1.3939e+00 +1.7928e+00 +3.0041e+00 +2.2462e+00 +1.1622e+00 +1.0413e+00 +7.7824e-01 +1.6536e+00 -2.4936e+00 +6.7753e-01 +3.2929e-02 +2.9238e+00 -5.0064e-02 -1.1730e+00 +5.5055e-01 -2.4263e+00 +1.7406e+00 -7.7834e-01 -1.7677e+00 +1.3405e+00
106 +1.328063293e+02 +1.328063293e+02 -4.136936707e+02 -4.136936707e+02 +1.3940e+00 +1.7666e+00 +2.9160e+00 +2.1763e+00 +1.1840e+00 +8.7514e-01 +4.6324e-01 +1.6375e+00 -2.4293e+00 +6.9283e-01 +8.3863e-02 +2.9050e+00 +3.6620e-02 -1.2012e+00 +5.9657e-01 -2.3733e+00 +1.6923e+00 -8.2285e-01 -1.8525e+00 +1.3737e+00
127 +7.487011793e+01 +7.487011793e+01 -4.716298821e+02 -4.716298821e+02 +1.3941e+00 +1.7433e+00 +2.8388e+00 +2.1116e+00 +1.1950e+00 +7.9215e-01 +3.0934e-01 +1.6300e+00 -2.3995e+00 +7.0067e-01 +1.0187e-01 +2.8640e+00 +8.0976e-02 -1.2155e+00 +6.2044e-01 -2.3470e+00 +1.6681e+00 -8.4528e-01 -1.8946e+00 +1.3901e+00
148 +3.481275185e+01 +3.481275185e+01 -5.116872482e+02 -5.116872482e+02 +1.3942e+00 +1.7155e+00 +2.7467e+00 +2.0315e+00 +1.2039e+00 +7.2744e-01 +1.9385e-01 +1.6236e+00 -2.3750e+00 +7.0701e-01 +1.1201e-01 +2.8142e+00 +1.1682e-01 -1.2271e+00 +6.4008e-01 -2.3266e+00 +1.6490e+00 -8.6321e-01 -1.9276e+00 +1.4031e+00
169 +5.575660532e+00 +5.575660532e+00 -5.409243395e+02 -5.409243395e+02 +1.3944e+00 +1.6696e+00 +2.5953e+00 +1.8972e+00 +1.2187e+00 +6.1969e-01 +3.0145e-03 +1.6130e+00 -2.3339e+00 +7.1765e-01 +1.3505e-01 +2.7555e+00 +1.7681e-01 -1.2467e+00 +6.7312e-01 -2.2924e+00 +1.6170e+00 -8.9354e-01 -1.9833e+00 +1.4252e+00
211 +3.870624520e+00 +3.870624520e+00 -5.426293755e+02 -5.426293755e+02 +1.3946e+00 +1.6544e+00 +2.5457e+00 +1.8483e+00 +1.2241e+00 +5.8132e-01 -6.4338e-02 +1.6091e+00 -2.3192e+00 +7.2151e-01 +1.4335e-01 +2.7356e+00 +1.9809e-01 -1.2541e+00 +6.8536e-01 -2.2808e+00 +1.6061e+00 -9.0467e-01 -2.0034e+00 +1.4329e+00
673 +2.497465345e+00 +2.497465345e+00 -5.440025347e+02 -5.440025347e+02 +1.4357e+00 +1.5988e+00 +2.3009e+00 +1.7857e+00 +1.2888e+00 +4.0431e-01 -2.4545e-01 +1.5831e+00 -2.2453e+00 +7.6815e-01 +1.7261e-01 +2.6142e+00 +2.4722e-01 -1.3190e+00 +7.6380e-01 -2.4057e+00 +1.6045e+00 -9.2912e-01 -2.0592e+00 +1.4723e+00
12538 +1.511892106e+00 +1.511892106e+00 -5.449881079e+02 -5.449881079e+02 +1.3342e-01 +2.6700e+00 +9.2969e-01 -2.4534e+00 +2.0071e+00 -2.1236e+00 -2.0824e+00 +2.1234e+00 +1.3817e-01 +2.6508e+00 -1.0757e-02 +1.0723e+00 +6.4276e-01 -2.4718e+00 +6.3826e-02 -1.1653e+00 +1.3495e+00 -9.7738e-01 -2.3375e+00 +1.1678e+00
55861 +9.807959847e-01 +9.807959847e-01 -5.455192040e+02 -5.455192040e+02 -2.0882e+00 +2.0871e+00 -1.1116e+00 -2.9040e+00 -9.4535e-01 -2.0576e+00 +3.9158e-01 +3.6653e-01 -3.0632e-01 +2.5404e+00 +1.1991e-02 +1.2130e+00 +2.3145e+00 -2.0453e+00 +5.4761e-01 -2.5198e+00 +6.0362e-01 -1.1968e+00 -1.4211e+00 +2.2814e+00
% function evaluation | noise-free fitness - Fopt (1.000000000000e+03) | best noise-free fitness - Fopt | measured fitness | best measured fitness | x1 | x2...
1 +2.291560770e+05 +2.291560770e+05 +2.301560770e+05 +2.301560770e+05 +4.7974e+00 -2.6873e+00 +1.7979e+00 +3.1480e+00 -3.1091e+00 +3.5650e+00 +2.1833e+00 -2.0108e-01 +1.7335e+00 +2.1478e+00 -3.1805e+00 -4.1080e+00 +1.3397e+00 -8.7603e-01 +3.8501e+00 +4.8045e+00 +1.8577e+00 +5.4145e-01 -1.2445e+00 +2.1310e+00
22 +1.554411954e+05 +1.554411954e+05 +1.564411954e+05 +1.564411954e+05 +4.7356e+00 -2.6280e+00 +1.7521e+00 +3.0751e+00 -3.0954e+00 +3.5177e+00 +2.1471e+00 -1.6086e-01 +1.6050e+00 +1.9872e+00 -3.1389e+00 -3.9578e+00 +1.2746e+00 -1.0001e+00 +3.1398e+00 +3.8045e+00 +1.1932e+00 +2.0983e-01 -1.2445e+00 +2.1310e+00
43 +6.932832701e+03 +6.932832701e+03 +7.932832701e+03 +7.932832701e+03 +4.2002e+00 -2.1287e+00 +1.3805e+00 +2.4564e+00 -2.9787e+00 +3.1175e+00 +1.8504e+00 +1.0248e-01 +6.7930e-01 +7.9692e-01 -2.8315e+00 -2.8655e+00 +7.2726e-01 -1.6053e+00 -2.8287e-01 -6.9529e-01 -9.8093e-01 -7.4515e-01 -1.2452e+00 +2.1310e+00
64 +3.828495612e+03 +3.828495612e+03 +4.828495612e+03 +4.828495612e+03 +3.9503e+00 -1.9135e+00 +1.2406e+00 +2.1846e+00 -2.9278e+00 +2.9438e+00 +1.7268e+00 +1.4245e-01 +4.4522e-01 +4.5719e-01 -2.7450e+00 -2.5729e+00 +5.1369e-01 -1.6214e+00 -3.7625e-01 -8.2179e-01 -1.0367e+00 -7.6853e-01 -1.2451e+00 +2.1310e+00
85 +5.985959861e+02 +5.985959861e+02 +1.598595986e+03 +1.598595986e+03 +3.2826e+00 -1.3696e+00 +9.2631e-01 +1.4874e+00 -2.7981e+00 +2.5046e+00 +1.3986e+00 +2.0866e-01 +3.9339e-02 -1.9682e-01 -2.5782e+00 -2.0215e+00 +5.0568e-02 -1.6563e+00 -5.7598e-01 -1.0845e+00 -1.1593e+00 -8.2011e-01 -1.2447e+00 +2.1310e+00
106 +1.482051793e+02 +1.482051793e+02 +1.148205179e+03 +1.148205179e+03 +2.9773e+00 -1.1482e+00 +8.1614e-01 +1.1997e+00 -2.7460e+00 +2.3309e+00 +1.2533e+00 +2.2804e-01 -7.5553e-02 -3.7751e-01 -2.5321e+00 -1.8680e+00 -7.3323e-02 -1.6684e+00 -6.4536e-01 -1.1754e+00 -1.2018e+00 -8.3808e-01 -1.2444e+00 +2.1309e+00
127 +2.010978670e+01 +2.010978670e+01 +1.020109787e+03 +1.020109787e+03 +2.6992e+00 -9.6993e-01 +7.2638e-01 +9.6915e-01 -2.7053e+00 +2.1977e+00 +1.1282e+00 +2.4448e-01 -1.7216e-01 -5.2918e-01 -2.4937e+00 -1.7400e+00 -1.7700e-01 -1.6786e+00 -7.0316e-01 -1.2513e+00 -1.2378e+00 -8.5318e-01 -1.2439e+00 +2.1309e+00
148 +1.020090986e+01 +1.020090986e+01 +1.010200910e+03 +1.010200910e+03 +2.6218e+00 -9.3416e-01 +7.0738e-01 +9.2296e-01 -2.6971e+00 +2.1703e+00 +1.1022e+00 +2.4843e-01 -1.9445e-01 -5.6372e-01 -2.4849e+00 -1.7109e+00 -2.0077e-01 -1.6808e+00 -7.1617e-01 -1.2688e+00 -1.2461e+00 -8.5673e-01 -1.2435e+00 +2.1309e+00
169 +4.425531415e+00 +4.425531415e+00 +1.004425531e+03 +1.004425531e+03 +2.5076e+00 -8.8188e-01 +6.7945e-01 +8.5543e-01 -2.6852e+00 +2.1292e+00 +1.0671e+00 +2.5442e-01 -2.2720e-01 -6.1406e-01 -2.4721e+00 -1.6681e+00 -2.3573e-01 -1.6840e+00 -7.3503e-01 -1.2947e+00 -1.2585e+00 -8.6209e-01 -1.2428e+00 +2.1308e+00
274 +3.892283238e+00 +3.892283238e+00 +1.003892283e+03 +1.003892283e+03 +2.3307e+00 -8.2678e-01 +5.8940e-01 +7.7647e-01 -2.7052e+00 +1.9661e+00 +1.0787e+00 +3.4473e-01 -3.3472e-01 -6.2780e-01 -2.4440e+00 -1.5658e+00 -3.6460e-01 -1.6834e+00 -6.9376e-01 -1.4153e+00 -1.3187e+00 -9.3918e-01 -1.1473e+00 +2.1241e+00
757 +2.474717759e+00 +2.474717759e+00 +1.002474718e+03 +1.002474718e+03 +2.5050e+00 -9.1506e-01 +4.8687e-01 +8.6234e-01 -2.8285e+00 +1.9700e+00 +1.0648e+00 +5.1638e-01 -2.6516e-01 -4.2801e-01 -2.4925e+00 -1.5229e+00 -5.0946e-01 -1.7124e+00 -5.9136e-01 -1.4281e+00 -1.3649e+00 -1.0343e+00 -1.1425e+00 +1.9619e+00
9493 +1.577242307e+00 +1.577242307e+00 +1.001577242e+03 +1.001577242e+03 -2.0693e+00 -2.1941e+00 -3.2221e+00 +1.2934e+00 +6.6106e-01 +2.7778e+00 +1.2651e+00 +2.9284e+00 +9.3729e-01 -1.2920e+00 -1.7290e+00 -3.5197e-01 -1.2286e+00 -2.3312e+00 -5.3553e-01 -2.5032e+00 -6.4150e-01 -1.1480e+00 -1.0977e+00 +1.6511e+00
352780 +9.972919367e-01 +9.972919367e-01 +1.000997292e+03 +1.000997292e+03 -1.1900e+00 +2.2086e+00 -2.0940e+00 +9.2250e-01 -2.8545e+00 +1.9203e+00 -2.1173e+00 -9.1230e-01 -2.8359e+00 -1.9249e+00 +3.6395e-01 -2.7121e+00 -2.1134e-01 -9.3431e-01 -2.3863e+00 -5.8397e-01 -2.5059e+00 -7.2186e-01 -2.0957e+00 +1.7695e+00
% function evaluation | noise-free fitness - Fopt (2.083800000000e+02) | best noise-free fitness - Fopt | measured fitness | best measured fitness | x1 | x2...
1 +2.107100190e+05 +2.107100190e+05 +2.109183990e+05 +2.109183990e+05 -4.2991e+00 -1.3160e+00 -3.6198e+00 +3.5423e+00 -1.0341e+00 -2.7007e+00 -1.3241e-01 -2.5706e-01 +3.0649e+00 +2.9890e+00 +3.3412e+00 +4.9227e+00 -4.5790e+00 -3.7817e+00 +2.9752e+00 -2.2147e+00 +4.3273e+00 -2.8399e+00 +2.9356e+00 -4.9426e+00
22 +1.508058666e+05 +1.508058666e+05 +1.510142466e+05 +1.510142466e+05 -4.2657e+00 -1.3012e+00 -3.5606e+00 +3.5423e+00 -1.0155e+00 -2.6239e+00 -1.2329e-01 -2.2128e-01 +2.9216e+00 +2.9697e+00 +3.2123e+00 +4.6573e+00 -4.2940e+00 -3.5635e+00 +2.8570e+00 -2.1277e+00 +4.1561e+00 -2.4397e+00 +3.1856e+00 -3.9426e+00
43 +1.533435842e+04 +1.533435842e+04 +1.554273842e+04 +1.554273842e+04 -3.9328e+00 -1.1568e+00 -2.9834e+00 +3.5422e+00 -8.4113e-01 -1.9100e+00 -6.1713e-02 +9.7169e-02 +1.6470e+00 +2.8311e+00 +2.2820e+00 +2.7460e+00 -2.3768e+00 -2.2196e+00 +2.2679e+00 -1.8272e+00 +2.7318e+00 +1.3281e-01 +4.2630e+00 +3.6362e-01
64 +3.987708876e+03 +3.987708876e+03 +4.196088876e+03 +4.196088876e+03 -3.7654e+00 -1.0881e+00 -2.7093e+00 +3.5420e+00 -7.6683e-01 -1.6112e+00 -5.7268e-02 +2.1390e-01 +1.1807e+00 +2.8090e+00 +2.1189e+00 +2.3947e+00 -2.1282e+00 -2.1103e+00 +2.2048e+00 -1.7242e+00 +2.3797e+00 +1.2128e-01 +2.9831e+00 +7.5855e-01
85 +1.774124656e+03 +1.774124656e+03 +1.982504656e+03 +1.982504656e+03 -3.5633e+00 -1.0091e+00 -2.3936e+00 +3.5417e+00 -6.8823e-01 -1.2958e+00 -5.4855e-02 +3.2109e-01 +7.5245e-01 +2.8016e+00 +2.0544e+00 +2.2384e+00 -2.0312e+00 -2.0513e+00 +2.1763e+00 -1.6926e+00 +2.3280e+00 +4.1365e-01 +2.5495e+00 +9.5580e-01
106 +6.462546749e+02 +6.462546749e+02 +8.546346749e+02 +8.546346749e+02 -3.2969e+00 -9.1022e-01 -1.9991e+00 +3.5414e+00 -5.9929e-01 -9.3952e-01 -5.2977e-02 +4.2266e-01 +3.4590e-01 +2.7951e+00 +2.0049e+00 +2.1286e+00 -1.9494e+00 -2.0029e+00 +2.1524e+00 -1.6684e+00 +2.2561e+00 +5.3757e-01 +2.3141e+00 +1.1171e+00
127 +1.835073158e+02 +1.835073158e+02 +3.918873158e+02 +3.918873158e+02 -3.0032e+00 -8.0873e-01 -1.5996e+00 +3.5193e+00 -5.2023e-01 -6.2341e-01 -5.1334e-02 +4.9050e-01 +7.3501e-02 +2.7892e+00 +1.9621e+00 +2.0339e+00 -1.8799e+00 -1.9620e+00 +2.1319e+00 -1.6474e+00 +2.1950e+00 +6.4735e-01 +2.1048e+00 +1.2559e+00
148 +6.084070820e+01 +6.084070820e+01 +2.692207082e+02 +2.692207082e+02 -2.7918e+00 -7.4379e-01 -1.3516e+00 +3.4761e+00 -4.8106e-01 -4.6717e-01 -5.0235e-02 +5.3001e-01 -8.5623e-02 +2.7855e+00 +1.9368e+00 +1.9780e+00 -1.8388e+00 -1.9380e+00 +2.1199e+00 -1.6351e+00 +2.1594e+00 +7.1338e-01 +1.9795e+00 +1.3377e+00
169 +2.606920269e+01 +2.606920269e+01 +2.344492027e+02 +2.344492027e+02 -2.6335e+00 -7.0280e-01 -1.2028e+00 +3.4189e+00 -4.5491e-01 -3.6320e-01 -4.9362e-02 +5.5616e-01 -1.9119e-01 +2.7828e+00 +1.9203e+00 +1.9415e+00 -1.8118e+00 -1.9223e+00 +2.1122e+00 -1.6272e+00 +2.1365e+00 +7.5716e-01 +1.8971e+00 +1.3913e+00
190 +1.309273077e+01 +1.309273077e+01 +2.214727308e+02 +2.214727308e+02 -2.5339e+00 -6.8033e-01 -1.1282e+00 +3.3612e+00 -4.3988e-01 -3.0377e-01 -4.8696e-02 +5.7093e-01 -2.5101e-01 +2.7810e+00 +1.9112e+00 +1.9212e+00 -1.7964e+00 -1.9136e+00 +2.1081e+00 -1.6230e+00 +2.1240e+00 +7.8186e-01 +1.8506e+00 +1.4215e+00
211 +7.206740327e+00 +7.206740327e+00 +2.155867403e+02 +2.155867403e+02 -2.4597e+00 -6.6336e-01 -1.0769e+00 +3.2989e+00 -4.2873e-01 -2.6005e-01 -4.8002e-02 +5.8163e-01 -2.9445e-01 +2.7794e+00 +1.9047e+00 +1.9066e+00 -1.7851e+00 -1.9073e+00 +2.1054e+00 -1.6204e+00 +2.1154e+00 +7.9979e-01 +1.8169e+00 +1.4434e+00
232 +4.702476338e+00 +4.702476338e+00 +2.130824763e+02 +2.130824763e+02 -2.4082e+00 -6.5145e-01 -1.0438e+00 +3.2449e+00 -4.2096e-01 -2.2999e-01 -4.7306e-02 +5.8884e-01 -3.2376e-01 +2.7780e+00 +1.9004e+00 +1.8969e+00 -1.7772e+00 -1.9031e+00 +2.1038e+00 -1.6189e+00 +2.1101e+00 +8.1195e-01 +1.7944e+00 +1.4584e+00
316 +3.941506507e+00 +3.941506507e+00 +2.123215065e+02 +2.123215065e+02 -2.2997e+00 -6.2591e-01 -9.9300e-01 +3.1249e+00 -3.9882e-01 -1.6449e-01 -3.4760e-02 +5.9875e-01 -3.5784e-01 +2.7410e+00 +1.9003e+00 +1.8838e+00 -1.7500e+00 -1.8959e+00 +2.1155e+00 -1.6328e+00 +2.1217e+00 +8.3107e-01 +1.7613e+00 +1.4865e+00
631 +2.394972346e+00 +2.394972346e+00 +2.107749723e+02 +2.107749723e+02 -2.0460e+00 -5.1259e-01 -9.1978e-01 +2.8061e+00 -2.5127e-01 +7.2637e-02 +1.1483e-01 +6.1648e-01 -2.8244e-01 +2.5091e+00 +2.0095e+00 +1.9130e+00 -1.5729e+00 -1.7613e+00 +2.1587e+00 -1.6363e+00 +2.2206e+00 +7.6177e-01 +1.7018e+00 +1.5141e+00
1555 +1.562177911e+00 +1.562177911e+00 +2.099421779e+02 +2.099421779e+02 -2.0496e+00 -3.8704e-01 -5.4679e-01 +2.8131e+00 -2.1769e-01 +1.6549e-02 +8.6956e-02 +8.6776e-01 -1.5865e-01 +2.5951e+00 +1.9874e+00 +2.1113e+00 -1.5862e+00 -1.7704e+00 +2.2103e+00 -1.6695e+00 +2.2219e+00 +7.7530e-01 +1.6910e+00 +1.5070e+00
272119 +9.994407074e-01 +9.994407074e-01 +2.093794407e+02 +2.093794407e+02 -2.0934e+00 -1.2789e+00 -2.5912e-01 +2.6994e+00 +1.9529e+00 -1.2594e+00 +2.9468e+00 -1.1196e+00 -2.9120e+00 +3.1618e-01 +2.5554e+00 +8.4560e-01 -2.4191e+00 -1.2146e+00 +7.7743e-01 -2.4421e+00 +6.4668e-01 +2.4693e+00 +2.0131e+00 +2.1280e+00
% function evaluation | noise-free fitness - Fopt (-1.449600000000e+02) | best noise-free fitness - Fopt | measured fitness | best measured fitness | x1 | x2...
1 +1.103961161e+05 +1.103961161e+05 +1.102511561e+05 +1.102511561e+05 -4.4414e+00 +2.8637e+00 -3.0615e+00 -1.5563e+00 -4.6165e+00 +2.0211e+00 +7.7584e-01 +4.5595e+00 +4.9096e+00 -1.0564e+00 +1.3923e+00 -3.1633e+00 +3.9473e+00 +2.7586e+00 -1.8582e+00 -4.4941e-01 +1.2642e+00 +8.6878e-01 -1.3244e+00 -3.4621e+00
22 +5.175084471e+04 +5.175084471e+04 +5.160588471e+04 +5.160588471e+04 -4.3571e+00 +2.8613e+00 -3.0615e+00 -1.5197e+00 -4.4649e+00 +2.0009e+00 +8.1351e-01 +4.5115e+00 +4.4254e+00 -7.6397e-01 +1.5201e+00 -2.6677e+00 +3.8354e+00 +2.6701e+00 -1.3078e+00 +1.7781e-01 +3.9032e-01 -1.3122e-01 -3.4768e-01 -3.2979e+00
43 +9.333388438e+03 +9.333388438e+03 +9.188428438e+03 +9.188428438e+03 -4.0657e+00 +2.8477e+00 -3.0618e+00 -1.3991e+00 -3.9686e+00 +1.9493e+00 +9.4515e-01 +4.2969e+00 +2.9762e+00 +4.7103e-02 +1.8833e+00 -1.2756e+00 +3.4424e+00 +2.3094e+00 -1.5797e-01 +1.0851e+00 -7.6670e-01 -1.1662e+00 +8.6065e-01 -2.5200e+00
64 +3.519586588e+03 +3.519586588e+03 +3.374626588e+03 +3.374626588e+03 -3.8451e+00 +2.8290e+00 -3.0620e+00 -1.3164e+00 -3.6346e+00 +1.9374e+00 +1.0441e+00 +4.0779e+00 +2.1847e+00 +3.9557e-01 +2.0554e+00 -6.3390e-01 +3.1848e+00 +2.0935e+00 +1.6887e-01 +1.2269e+00 -9.4854e-01 -1.3329e+00 +1.0513e+00 -2.4055e+00
85 +1.032994379e+03 +1.032994379e+03 +8.880343790e+02 +8.880343790e+02 -3.5350e+00 +2.7909e+00 -3.0623e+00 -1.2113e+00 -3.2125e+00 +1.9286e+00 +1.1765e+00 +3.7355e+00 +1.3857e+00 +6.2391e-01 +2.1991e+00 -1.1356e-01 +2.9127e+00 +1.9369e+00 +3.7126e-01 +1.3618e+00 -1.1231e+00 -1.4949e+00 +1.2352e+00 -2.2984e+00
106 +4.198959169e+02 +4.198959169e+02 +2.749359169e+02 +2.749359169e+02 -3.2924e+00 +2.7469e+00 -3.0625e+00 -1.1415e+00 -2.9326e+00 +1.9328e+00 +1.2316e+00 +3.4661e+00 +9.8423e-01 +7.3340e-01 +2.2602e+00 +1.0121e-01 +2.7731e+00 +1.8688e+00 +4.8098e-01 +1.4328e+00 -1.2145e+00 -1.5798e+00 +1.3316e+00 -2.2430e+00
127 +1.757299772e+02 +1.757299772e+02 +3.076997719e+01 +3.076997719e+01 -3.0519e+00 +2.6880e+00 -3.0628e+00 -1.0847e+00 -2.7055e+00 +1.9468e+00 +1.2357e+00 +3.2309e+00 +7.1836e-01 +8.1721e-01 +2.3074e+00 +2.7060e-01 +2.6826e+00 +1.8169e+00 +5.6426e-01 +1.4857e+00 -1.2831e+00 -1.6434e+00 +1.4037e+00 -2.2021e+00
148 +9.158496147e+01 +9.158496147e+01 -5.337503853e+01 -5.337503853e+01 -2.8656e+00 +2.6268e+00 -3.0631e+00 -1.0522e+00 -2.5760e+00 +1.9645e+00 +1.1981e+00 +3.1022e+00 +5.5146e-01 +8.6877e-01 +2.3368e+00 +3.7496e-01 +2.6256e+00 +1.7850e+00 +6.1569e-01 +1.5181e+00 -1.3250e+00 -1.6827e+00 +1.4482e+00 -2.1772e+00
169 +2.032778189e+01 +2.032778189e+01 -1.246322181e+02 -1.246322181e+02 -2.5822e+00 +2.5147e+00 -3.0637e+00 -1.0059e+00 -2.3918e+00 +1.9952e+00 +1.1227e+00 +2.9206e+00 +3.0707e-01 +9.4368e-01 +2.3796e+00 +5.2666e-01 +2.5420e+00 +1.7388e+00 +6.9044e-01 +1.5656e+00 -1.3861e+00 -1.7395e+00 +1.5132e+00 -2.1415e+00
190 +1.067128518e+01 +1.067128518e+01 -1.342887148e+02 -1.342887148e+02 -2.4693e+00 +2.4513e+00 -3.0640e+00 -9.8662e-01 -2.3150e+00 +2.0093e+00 +1.0863e+00 +2.8446e+00 +2.0607e-01 +9.7472e-01 +2.3974e+00 +5.8943e-01 +2.5073e+00 +1.7197e+00 +7.2102e-01 +1.5851e+00 -1.4113e+00 -1.7628e+00 +1.5400e+00 -2.1271e+00
211 +7.352950559e+00 +7.352950559e+00 -1.376070494e+02 -1.376070494e+02 -2.4271e+00 +2.4101e+00 -3.0643e+00 -9.7865e-01 -2.2835e+00 +2.0156e+00 +1.0696e+00 +2.8131e+00 +1.6516e-01 +9.8741e-01 +2.4045e+00 +6.1488e-01 +2.4931e+00 +1.7118e+00 +7.3313e-01 +1.5929e+00 -1.4214e+00 -1.7724e+00 +1.5509e+00 -2.1217e+00
232 +3.395794203e+00 +3.395794203e+00 -1.415642058e+02 -1.415642058e+02 -2.3404e+00 +2.3183e+00 -3.0649e+00 -9.6209e-01 -2.2179e+00 +2.0274e+00 +1.0400e+00 +2.7478e+00 +7.9987e-02 +1.0141e+00 +2.4194e+00 +6.6795e-01 +2.4634e+00 +1.6952e+00 +7.5818e-01 +1.6092e+00 -1.4424e+00 -1.7924e+00 +1.5741e+00 -2.1107e+00
442 +2.478109186e+00 +2.478109186e+00 -1.424818908e+02 -1.424818908e+02 -2.3407e+00 +2.2636e+00 -3.0839e+00 -9.6758e-01 -2.2553e+00 +2.0274e+00 +1.0669e+00 +2.7789e+00 +1.2489e-01 +1.0246e+00 +2.4077e+00 +6.5324e-01 +2.4612e+00 +1.6666e+00 +7.1238e-01 +1.5877e+00 -1.4282e+00 -1.8146e+00 +1.5894e+00 -2.1842e+00
1324 +1.583495633e+00 +1.583495633e+00 -1.433765044e+02 -1.433765044e+02 -2.1868e+00 +2.2509e+00 -3.1700e+00 -9.5930e-01 -2.3754e+00 +2.0442e+00 +1.0818e+00 +2.8796e+00 +3.0066e-01 +1.1207e+00 +2.3568e+00 +6.4739e-01 +2.4650e+00 +1.5110e+00 +7.0953e-01 +1.5652e+00 -1.3856e+00 -1.9024e+00 +1.5550e+00 -2.2410e+00
14428 +9.987100531e-01 +9.987100531e-01 -1.439612899e+02 -1.439612899e+02 -2.0462e+00 -2.1756e+00 -2.0509e+00 -1.2316e+00 -9.2720e-01 -2.6130e-01 +5.0566e-01 +2.7528e+00 -1.9384e+00 +5.5598e-01 +2.4888e+00 -3.5647e-01 +9.7268e-01 +7.4589e-01 +2.4505e+00 +5.6404e-01 -1.1223e+00 -2.3487e+00 +2.0287e+00 -2.1192e+00
% function evaluation | noise-free fitness - Fopt (-6.300000000000e+00) | best noise-free fitness - Fopt | measured fitness | best measured fitness | x1 | x2...
1 +3.452028637e+05 +3.452028637e+05 +3.451965637e+05 +3.451965637e+05 +4.1389e+00 +3.0346e+00 +4.0660e+00 +4.9643e+00 +2.7247e+00 -1.2135e+00 +4.5754e+00 +3.6532e-01 -4.3443e+00 -4.7917e+00 +5.7715e-01 +1.1194e+00 -2.5855e+00 +1.8095e+00 -4.9051e+00 +4.0757e+00 +1.6170e+00 +1.6235e+00 +3.5351e+00 +3.3288e+00
22 +2.346549427e+05 +2.346549427e+05 +2.346486427e+05 +2.346486427e+05 +4.1120e+00 +3.0103e+00 +3.9980e+00 +4.9433e+00 +2.7106e+00 -1.1959e+00 +4.5050e+00 +3.1719e-01 -4.0768e+00 -4.4644e+00 +4.6747e-01 +1.1186e+00 -2.5823e+00 +1.7494e+00 -4.5976e+00 +3.8533e+00 +1.3373e+00 +1.0236e+00 +2.5351e+00 +2.3993e+00
43 +1.947225546e+04 +1.947225546e+04 +1.946595546e+04 +1.946595546e+04 +3.8845e+00 +2.8135e+00 +3.4362e+00 +4.7596e+00 +2.5925e+00 -1.0566e+00 +3.9471e+00 -3.3056e-02 -2.1324e+00 -2.1126e+00 -2.4490e-01 +1.1130e+00 -2.5595e+00 +1.3935e+00 -2.7695e+00 +2.4688e+00 +7.1375e-03 -1.1861e+00 -1.0924e+00 -1.1349e+00
64 +9.103634083e+03 +9.103634083e+03 +9.097334083e+03 +9.097334083e+03 +3.7500e+00 +2.7107e+00 +3.1250e+00 +4.6426e+00 +2.5241e+00 -9.8756e-01 +3.6707e+00 -1.6819e-01 -1.3839e+00 -1.2397e+00 -4.1143e-01 +1.1112e+00 -2.5519e+00 +1.3323e+00 -2.4473e+00 +2.2189e+00 -2.4599e-01 -1.3195e+00 -1.3105e+00 -1.3495e+00
85 +2.503802350e+03 +2.503802350e+03 +2.497502350e+03 +2.497502350e+03 +3.4773e+00 +2.5212e+00 +2.5228e+00 +4.3937e+00 +2.3864e+00 -8.6578e-01 +3.1832e+00 -3.6187e-01 -3.1158e-01 -2.2455e-02 -5.1169e-01 +1.1088e+00 -2.5420e+00 +1.2925e+00 -2.2292e+00 +2.0418e+00 -5.0480e-01 -1.5026e+00 -1.6113e+00 -1.6443e+00
127 +2.998186742e+02 +2.998186742e+02 +2.935186742e+02 +2.935186742e+02 +2.8763e+00 +2.1652e+00 +1.3376e+00 +3.7686e+00 +2.0774e+00 -6.9167e-01 +2.4880e+00 -5.0955e-01 +5.1047e-01 +9.3270e-01 -6.1942e-01 +1.1065e+00 -2.5329e+00 +1.2494e+00 -2.0009e+00 +1.8609e+00 -7.3318e-01 -1.6798e+00 -1.9024e+00 -1.9293e+00
148 +7.040039172e+01 +7.040039172e+01 +6.410039172e+01 +6.410039172e+01 +2.6348e+00 +2.0314e+00 +9.0356e-01 +3.4905e+00 +1.9466e+00 -6.3385e-01 +2.2578e+00 -5.6391e-01 +8.1200e-01 +1.2810e+00 -6.5901e-01 +1.1055e+00 -2.5292e+00 +1.2333e+00 -1.9162e+00 +1.7940e+00 -8.1780e-01 -1.7447e+00 -2.0089e+00 -2.0337e+00
169 +3.528935269e+01 +3.528935269e+01 +2.898935269e+01 +2.898935269e+01 +2.5504e+00 +1.9911e+00 +7.8242e-01 +3.3719e+00 +1.8942e+00 -6.1488e-01 +2.1827e+00 -5.8155e-01 +9.0959e-01 +1.3938e+00 -6.7193e-01 +1.1050e+00 -2.5277e+00 +1.2280e+00 -1.8887e+00 +1.7721e+00 -8.4507e-01 -1.7658e+00 -2.0434e+00 -2.0678e+00
190 +6.096058715e+00 +6.096058715e+00 -2.039412846e-01 -2.039412846e-01 +2.4093e+00 +1.9201e+00 +5.7171e-01 +3.1555e+00 +1.7979e+00 -5.8145e-01 +2.0508e+00 -6.1250e-01 +1.0806e+00 +1.5917e+00 -6.9476e-01 +1.1041e+00 -2.5249e+00 +1.2185e+00 -1.8404e+00 +1.7336e+00 -8.9270e-01 -1.8029e+00 -2.1045e+00 -2.1276e+00
211 +3.974524400e+00 +3.974524400e+00 -2.325475600e+00 -2.325475600e+00 +2.3662e+00 +1.8978e+00 +5.0577e-01 +3.0879e+00 +1.7662e+00 -5.7086e-01 +2.0095e+00 -6.2225e-01 +1.1343e+00 +1.6539e+00 -7.0196e-01 +1.1036e+00 -2.5238e+00 +1.2156e+00 -1.8253e+00 +1.7216e+00 -9.0736e-01 -1.8144e+00 -2.1238e+00 -2.1461e+00
463 +2.502573506e+00 +2.502573506e+00 -3.797426494e+00 -3.797426494e+00 +2.1052e+00 +1.7629e+00 +1.5076e-01 +2.6783e+00 +1.6390e+00 -4.4387e-01 +1.7696e+00 -6.8602e-01 +1.3223e+00 +1.8633e+00 -7.1142e-01 +1.0201e+00 -2.3755e+00 +1.1980e+00 -1.8613e+00 +1.7080e+00 -8.2307e-01 -1.8034e+00 -2.2131e+00 -2.0446e+00
12979 +1.563158968e+00 +1.563158968e+00 -4.736841032e+00 -4.736841032e+00 -2.5019e+00 -3.2650e+00 +4.9641e-01 +2.7790e+00 -1.9167e+00 -2.1701e+00 -9.0853e-01 -2.8731e+00 +1.8684e+00 +8.1518e-02 -6.2395e-01 +2.4833e+00 -2.5800e-01 +2.5671e+00 -8.3275e-01 +1.3104e+00 -1.2551e+00 -2.3121e+00 -1.6912e+00 -1.8642e+00
% function evaluation | noise-free fitness - Fopt (-5.465000000000e+02) | best noise-free fitness - Fopt | measured fitness | best measured fitness | x1 | x2...
1 +2.942062693e+05 +2.942062693e+05 +2.936597693e+05 +2.936597693e+05 +2.6162e+00 -2.9016e+00 -6.5951e-01 +8.8425e-02 +2.3008e+00 +1.8992e+00 +2.8636e+00 -4.4519e+00 -2.7104e+00 -3.6534e+00 +6.4275e-01 -1.0475e-02 +4.1309e+00 -4.5009e+00 -2.0438e+00 +2.0571e+00 -2.7354e+00 +1.6357e+00 -3.5413e-01 -4.3337e+00
22 +2.012146614e+05 +2.012146614e+05 +2.006681614e+05 +2.006681614e+05 +2.6044e+00 -2.8630e+00 -6.5954e-01 +8.8439e-02 +2.3055e+00 +1.8540e+00 +2.7064e+00 -4.2457e+00 -2.7507e+00 -3.4861e+00 +6.6897e-01 -2.8127e-02 +3.9670e+00 -4.2978e+00 -1.7901e+00 +1.5448e+00 -2.0855e+00 +1.1106e+00 -7.9009e-01 -3.3337e+00
43 +1.292212526e+04 +1.292212526e+04 +1.237562526e+04 +1.237562526e+04 +2.5094e+00 -2.5388e+00 -6.5984e-01 +8.8557e-02 +2.3385e+00 +1.5241e+00 +1.5131e+00 -2.6486e+00 -3.0548e+00 -2.2400e+00 +8.1027e-01 -9.1130e-02 +2.9368e+00 -2.8694e+00 -3.7114e-01 -9.5091e-01 +8.4230e-01 -7.5535e-01 -1.3703e+00 +8.8111e-01
64 +6.091579192e+03 +6.091579192e+03 +5.545079192e+03 +5.545079192e+03 +2.4661e+00 -2.3710e+00 -6.6000e-01 +8.8625e-02 +2.3474e+00 +1.4163e+00 +1.0601e+00 -2.0013e+00 -3.1685e+00 -1.7845e+00 +8.3049e-01 -4.9085e-02 +2.7617e+00 -2.4856e+00 -1.4468e-01 -1.0707e+00 +9.8566e-01 -8.5627e-01 -1.3895e+00 +1.0797e+00
85 +5.616703737e+02 +5.616703737e+02 +1.517037368e+01 +1.517037368e+01 +2.3622e+00 -1.9602e+00 -6.6039e-01 +8.8810e-02 +2.3587e+00 +1.2364e+00 +1.8319e-01 -6.7558e-01 -3.3877e+00 -9.0471e-01 +8.7096e-01 +5.3020e-02 +2.5357e+00 -1.9266e+00 +2.5773e-01 -1.2970e+00 +1.2492e+00 -1.0221e+00 -1.4302e+00 +1.4563e+00
106 +3.656152946e+02 +3.656152946e+02 -1.808847054e+02 -1.808847054e+02 +2.3313e+00 -1.8365e+00 -6.6048e-01 +8.8886e-02 +2.3598e+00 +1.2208e+00 +9.0308e-02 -5.1086e-01 -3.3223e+00 -8.2466e-01 +8.7455e-01 +6.0789e-02 +2.5139e+00 -1.8760e+00 +2.9404e-01 -1.3215e+00 +1.2780e+00 -1.0405e+00 -1.4350e+00 +1.4971e+00
127 +1.034308182e+02 +1.034308182e+02 -4.430691818e+02 -4.430691818e+02 +2.2553e+00 -1.5322e+00 -6.6067e-01 +8.9104e-02 +2.3619e+00 +1.1945e+00 -6.8601e-02 -2.5487e-01 -3.1028e+00 -6.9438e-01 +8.8044e-01 +7.3887e-02 +2.4774e+00 -1.7898e+00 +3.5533e-01 -1.3618e+00 +1.3249e+00 -1.0704e+00 -1.4430e+00 +1.5639e+00
148 +1.492967967e+01 +1.492967967e+01 -5.315703203e+02 -5.315703203e+02 +2.1965e+00 -1.2964e+00 -6.6076e-01 +8.9317e-02 +2.3634e+00 +1.1778e+00 -1.6891e-01 -1.0565e-01 -2.9252e+00 -6.1063e-01 +8.8395e-01 +8.2030e-02 +2.4546e+00 -1.7350e+00 +3.9414e-01 -1.3870e+00 +1.3537e+00 -1.0888e+00 -1.4480e+00 +1.6054e+00
169 +5.521878609e+00 +5.521878609e+00 -5.409781214e+02 -5.409781214e+02 +2.1707e+00 -1.1924e+00 -6.6073e-01 +8.9462e-02 +2.3641e+00 +1.1703e+00 -2.1366e-01 -3.7758e-02 -2.8581e+00 -5.7312e-01 +8.8537e-01 +8.5538e-02 +2.4444e+00 -1.7101e+00 +4.1177e-01 -1.3986e+00 +1.3668e+00 -1.0969e+00 -1.4502e+00 +1.6244e+00
442 +3.967709107e+00 +3.967709107e+00 -5.425322909e+02 -5.425322909e+02 +2.1140e+00 -9.2668e-01 -6.2866e-01 +1.1151e-01 +2.4082e+00 +1.1772e+00 -3.7605e-01 +1.6539e-01 -2.6220e+00 -5.0017e-01 +8.2424e-01 +6.2428e-02 +2.4876e+00 -1.5982e+00 +4.9814e-01 -1.4340e+00 +1.3943e+00 -1.0238e+00 -1.4503e+00 +1.6822e+00
1156 +2.506351319e+00 +2.506351319e+00 -5.439936487e+02 -5.439936487e+02 +2.1628e+00 -1.0172e+00 -4.5518e-01 +1.9655e-01 +2.5874e+00 +1.3760e+00 -4.1287e-01 +1.3012e-01 -2.6138e+00 -6.9321e-01 +8.0186e-01 +6.9736e-02 +2.6134e+00 -1.4703e+00 +7.2528e-01 -1.3566e+00 +1.4676e+00 -1.0098e+00 -1.4655e+00 +1.6789e+00
6553 +1.572494919e+00 +1.572494919e+00 -5.449275051e+02 -5.449275051e+02 +2.5027e+00 +3.2332e+00 -1.9118e-01 -2.6171e+00 +1.9074e+00 +1.2481e+00 -2.1653e+00 +2.0710e+00 +2.3619e-01 +6.7230e-01 +9.6625e-01 +5.5397e-01 +2.4753e+00 +8.3487e-02 +2.6205e+00 -1.1937e-01 +2.5944e+00 -1.6001e+00 -2.2262e+00 +1.2279e+00
182806 +9.644406726e-01 +9.644406726e-01 -5.455355593e+02 -5.455355593e+02 -9.8157e-01 -9.9578e-01 +2.8809e+00 -1.9181e+00 +2.1345e+00 -2.0949e+00 +3.9796e-01 +3.8576e-01 -2.5321e+00 -6.7229e-01 +2.7959e+00 +1.9537e+00 +3.3811e-01 -2.5801e+00 +4.3624e-01 -2.5239e+00 +9.7731e-01 -2.0010e+00 -2.1089e+00 +1.7541e+00
% function evaluation | noise-free fitness - Fopt (1.000000000000e+03) | best noise-free fitness - Fopt | measured fitness | best measured fitness | x1 | x2...
1 +1.049830842e+05 +1.049830842e+05 +1.059830842e+05 +1.059830842e+05 -3.2022e+00 +3.0711e+00 +4.6734e+00 -4.9811e+00 -2.4295e+00 -1.9354e+00 +7.0293e-01 -1.5439e+00 -4.2331e+00 -9.1588e-02 -2.4208e+00 +3.6878e+00 -4.5796e+00 +4.5591e+00 -1.0186e+00 -4.5786e+00 -4.3700e+00 +2.4054e+00 -2.3896e+00 +6.5657e-01
22 +5.711389011e+04 +5.711389011e+04 +5.811389011e+04 +5.811389011e+04 -3.1553e+00 +3.0613e+00 +4.5331e+00 -4.9055e+00 -2.3832e+00 -1.8687e+00 +6.0076e-01 -1.4207e+00 -4.1057e+00 -9.1563e-02 -2.5785e+00 +3.1019e+00 -4.6387e+00 +3.5591e+00 -1.0738e+00 -3.7187e+00 -3.6512e+00 +1.5097e+00 -2.3895e+00 +6.5644e-01
43 +4.536193464e+03 +4.536193464e+03 +5.536193464e+03 +5.536193464e+03 -2.9234e+00 +2.9983e+00 +3.8410e+00 -4.5320e+00 -2.1683e+00 -1.5818e+00 +2.0249e-01 -8.8372e-01 -3.5305e+00 -9.1257e-02 -3.1534e+00 +1.1529e+00 -3.9339e+00 +6.7017e-01 -1.2000e+00 -2.3430e+00 -2.1960e+00 -6.6062e-01 -2.3901e+00 +6.5570e-01
64 +1.852471687e+03 +1.852471687e+03 +2.852471687e+03 +2.852471687e+03 -2.8037e+00 +2.9451e+00 +3.4832e+00 -4.3369e+00 -2.0775e+00 -1.4780e+00 +1.1284e-01 -6.8052e-01 -3.3017e+00 -4.5484e-02 -3.1076e+00 +7.7057e-01 -3.3465e+00 +2.9472e-01 -1.2089e+00 -2.2461e+00 -2.0942e+00 -8.0942e-01 -2.3906e+00 +6.5519e-01
85 +5.101009696e+02 +5.101009696e+02 +1.510100970e+03 +1.510100970e+03 -2.6219e+00 +2.8379e+00 +2.9332e+00 -4.0335e+00 -1.9662e+00 -1.3383e+00 +1.6264e-02 -4.3207e-01 -3.0219e+00 +3.1955e-02 -2.9304e+00 +3.9405e-01 -2.7719e+00 +5.4204e-02 -1.2180e+00 -2.1359e+00 -1.9830e+00 -9.6884e-01 -2.3911e+00 +6.5422e-01
106 +2.006927789e+02 +2.006927789e+02 +1.200692779e+03 +1.200692779e+03 -2.5122e+00 +2.7428e+00 +2.5847e+00 -3.8365e+00 -1.9267e+00 -1.2653e+00 -2.3454e-02 -3.3232e-01 -2.9108e+00 +6.7602e-02 -2.8360e+00 +2.5882e-01 -2.5850e+00 -5.8361e-02 -1.2216e+00 -2.0896e+00 -1.9358e+00 -1.0374e+00 -2.3911e+00 +6.5335e-01
127 +2.697868074e+01 +2.697868074e+01 +1.026978681e+03 +1.026978681e+03 -2.3888e+00 +2.5947e+00 +2.1607e+00 -3.5818e+00 -1.8847e+00 -1.1951e+00 -6.5151e-02 -2.3171e-01 -2.7963e+00 +9.9405e-02 -2.7672e+00 +9.8059e-02 -2.3641e+00 -1.9147e-01 -1.2257e+00 -2.0348e+00 -1.8803e+00 -1.1188e+00 -2.3906e+00 +6.5187e-01
148 +9.325020295e+00 +9.325020295e+00 +1.009325020e+03 +1.009325020e+03 -2.3408e+00 +2.5177e+00 +2.0280e+00 -3.4862e+00 -1.8696e+00 -1.1722e+00 -7.9669e-02 -1.9711e-01 -2.7565e+00 +1.1068e-01 -2.7429e+00 +4.2309e-02 -2.2879e+00 -2.3753e-01 -1.2269e+00 -2.0156e+00 -1.8612e+00 -1.1470e+00 -2.3900e+00 +6.5091e-01
169 +5.172407345e+00 +5.172407345e+00 +1.005172407e+03 +1.005172407e+03 -2.3142e+00 +2.4671e+00 +1.9680e+00 -3.4406e+00 -1.8620e+00 -1.1612e+00 -8.6917e-02 -1.8031e-01 -2.7368e+00 +1.1637e-01 -2.7307e+00 +1.4875e-02 -2.2504e+00 -2.6032e-01 -1.2274e+00 -2.0060e+00 -1.8517e+00 -1.1609e+00 -2.3891e+00 +6.4996e-01
232 +3.973575362e+00 +3.973575362e+00 +1.003973575e+03 +1.003973575e+03 -2.2798e+00 +2.4057e+00 +1.8918e+00 -3.3858e+00 -1.8510e+00 -1.1485e+00 -9.7490e-02 -1.5904e-01 -2.7104e+00 +1.2448e-01 -2.7144e+00 -2.2089e-02 -2.2002e+00 -2.9259e-01 -1.2275e+00 -1.9908e+00 -1.8375e+00 -1.1793e+00 -2.3846e+00 +6.4551e-01
547 +2.316642414e+00 +2.316642414e+00 +1.002316642e+03 +1.002316642e+03 -2.0687e+00 +2.0622e+00 +1.4299e+00 -3.0215e+00 -1.7808e+00 -1.1200e+00 -2.3141e-01 +1.7045e-02 -2.5802e+00 +1.4431e-01 -2.6224e+00 -2.1603e-01 -1.9330e+00 -5.4412e-01 -1.2668e+00 -1.8614e+00 -1.7124e+00 -1.2331e+00 -2.2958e+00 +6.0125e-01
967 +1.582390206e+00 +1.582390206e+00 +1.001582390e+03 +1.001582390e+03 -2.0744e+00 +2.0792e+00 +1.3980e+00 -2.9957e+00 -1.8030e+00 -1.2217e+00 -3.8159e-01 +1.4011e-01 -2.6296e+00 +1.0070e-01 -2.6456e+00 -1.2915e-01 -2.0441e+00 -5.3702e-01 -1.3606e+00 -1.8586e+00 -1.7542e+00 -1.2375e+00 -2.3394e+00 +5.8923e-01
363070 +9.853667224e-01 +9.853667224e-01 +1.000985367e+03 +1.000985367e+03 -1.0135e+00 +2.3954e+00 -2.0545e+00 +8.1261e-01 +2.6813e-02 +2.6455e+00 -1.9629e+00 +2.1460e+00 +1.3537e-01 -1.0324e+00 -3.9232e-01 -2.5122e+00 +2.1851e-01 -1.0424e+00 -2.3644e+00 -5.9339e-01 -2.4914e+00 -7.3079e-01 -2.4717e+00 +1.6591e+00
% function evaluation | noise-free fitness - Fopt (2.083800000000e+02) | best noise-free fitness - Fopt | measured fitness | best measured fitness | x1 | x2...
1 +1.285492420e+05 +1.285492420e+05 +1.287576220e+05 +1.287576220e+05 -4.7608e+00 +3.3150e+00 -3.3419e+00 +1.9055e+00 -2.8848e+00 +4.7979e+00 +3.3267e+00 -3.2750e+00 +1.6340e-01 -4.8179e+00 +3.6183e+00 -1.3452e+00 +1.1049e-01 +2.4817e+00 +3.1891e+00 -3.0051e+00 +2.8896e+00 -2.0233e+00 +5.6155e-01 -2.2618e+00
22 +7.841999257e+04 +7.841999257e+04 +7.862837257e+04 +7.862837257e+04 -4.6794e+00 +3.2738e+00 -3.3007e+00 +1.9230e+00 -2.8306e+00 +4.7082e+00 +3.2616e+00 -3.1135e+00 -7.4632e-03 -4.3828e+00 +3.6387e+00 -1.2363e+00 -1.1174e-01 +2.0352e+00 +3.1420e+00 -2.7709e+00 +2.8446e+00 -1.4097e+00 +1.0877e+00 -1.2618e+00
43 +1.221198168e+04 +1.221198168e+04 +1.242036168e+04 +1.242036168e+04 -4.2560e+00 +3.0623e+00 -3.0837e+00 +2.0136e+00 -2.5477e+00 +4.2638e+00 +2.9279e+00 -2.3530e+00 -6.9733e-01 -2.3721e+00 +3.7210e+00 -8.3035e-01 -8.6825e-01 +2.5020e-01 +2.9870e+00 -1.9515e+00 +2.4633e+00 +2.2616e-01 +1.4942e+00 +1.0703e+00
64 +5.433305036e+03 +5.433305036e+03 +5.641685036e+03 +5.641685036e+03 -3.9787e+00 +2.9285e+00 -2.9367e+00 +2.0714e+00 -2.3610e+00 +4.0072e+00 +2.7204e+00 -1.9436e+00 -9.6026e-01 -1.4446e+00 +3.6489e+00 -7.0903e-01 -1.0419e+00 -2.6278e-01 +2.8945e+00 -1.8109e+00 +2.3159e+00 +5.6109e-01 +1.5372e+00 +1.3722e+00
85 +1.593237143e+03 +1.593237143e+03 +1.801617143e+03 +1.801617143e+03 -3.5532e+00 +2.7298e+00 -2.7047e+00 +2.1580e+00 -2.0747e+00 +3.6565e+00 +2.4217e+00 -1.3888e+00 -1.2598e+00 -4.2379e-01 +3.3929e+00 -5.8941e-01 -1.1756e+00 -5.7681e-01 +2.7016e+00 -1.6842e+00 +2.2311e+00 +8.3302e-01 +1.5958e+00 +1.7059e+00
106 +6.412655472e+02 +6.412655472e+02 +8.496455472e+02 +8.496455472e+02 -3.2577e+00 +2.5989e+00 -2.5361e+00 +2.2154e+00 -1.8789e+00 +3.4575e+00 +2.2382e+00 -1.0769e+00 -1.3808e+00 -5.6036e-02 +3.1397e+00 -5.3654e-01 -1.2399e+00 -7.3224e-01 +2.6096e+00 -1.6238e+00 +2.1877e+00 +9.6420e-01 +1.6233e+00 +1.8610e+00
127 +1.104759964e+02 +1.104759964e+02 +3.188559964e+02 +3.188559964e+02 -2.8706e+00 +2.4363e+00 -2.3069e+00 +2.2863e+00 -1.6309e+00 +3.2450e+00 +2.0272e+00 -7.4766e-01 -1.5156e+00 +3.4218e-01 +2.8166e+00 -4.6569e-01 -1.3136e+00 -9.1602e-01 +2.5268e+00 -1.5548e+00 +2.1382e+00 +1.1143e+00 +1.6548e+00 +2.0374e+00
148 +3.013472045e+01 +3.013472045e+01 +2.385147204e+02 +2.385147204e+02 -2.6850e+00 +2.3667e+00 -2.1896e+00 +2.3155e+00 -1.5282e+00 +3.1612e+00 +1.9480e+00 -6.1741e-01 -1.5735e+00 +5.1552e-01 +2.6907e+00 -4.2485e-01 -1.3455e+00 -9.9490e-01 +2.4907e+00 -1.5253e+00 +2.1173e+00 +1.1789e+00 +1.6683e+00 +2.1134e+00
169 +7.427104631e+00 +7.427104631e+00 +2.158071046e+02 +2.158071046e+02 -2.5559e+00 +2.3262e+00 -2.1017e+00 +2.3332e+00 -1.4666e+00 +3.1047e+00 +1.8948e+00 -5.2982e-01 -1.6125e+00 +6.3483e-01 +2.6176e+00 -3.9346e-01 -1.3672e+00 -1.0481e+00 +2.4662e+00 -1.5056e+00 +2.1035e+00 +1.2222e+00 +1.6775e+00 +2.1655e+00
190 +3.740412904e+00 +3.740412904e+00 +2.121204129e+02 +2.121204129e+02 -2.4884e+00 +2.3071e+00 -2.0516e+00 +2.3426e+00 -1.4339e+00 +3.0747e+00 +1.8665e+00 -4.8313e-01 -1.6333e+00 +6.9810e-01 +2.5783e+00 -3.7738e-01 -1.3788e+00 -1.0763e+00 +2.4530e+00 -1.4954e+00 +2.0963e+00 +1.2452e+00 +1.6825e+00 +2.1932e+00
505 +2.206444044e+00 +2.206444044e+00 +2.105864440e+02 +2.105864440e+02 -2.2822e+00 +2.1956e+00 -2.0032e+00 +2.3031e+00 -1.4354e+00 +2.9915e+00 +1.8454e+00 -3.2556e-01 -1.6575e+00 +7.5644e-01 +2.4237e+00 -3.3168e-01 -1.4004e+00 -1.0477e+00 +2.3486e+00 -1.5972e+00 +2.2005e+00 +1.3186e+00 +1.7225e+00 +2.2022e+00
9661 +1.580904744e+00 +1.580904744e+00 +2.099609047e+02 +2.099609047e+02 +2.5009e+00 -1.0773e+00 +2.9075e+00 +1.9417e+00 -2.5089e-02 -7.6571e-01 +1.2718e+00 -4.5962e-02 -2.6468e+00 +1.9799e+00 +1.4272e-01 +7.4664e-01 -6.8510e-01 -3.6462e-01 +2.0693e+00 -6.6342e-01 +1.4300e+00 +9.7745e-01 +1.1913e+00 +1.1783e+00
96538 +9.949370232e-01 +9.949370232e-01 +2.093749370e+02 +2.093749370e+02 +1.5219e+00 +2.9335e+00 -1.2200e+00 +2.9677e+00 -9.8760e-01 +2.2533e-01 +1.0208e+00 +2.3771e+00 -2.0961e+00 -5.1504e-02 +7.1270e-01 +2.4555e+00 -2.0384e+00 -2.1229e+00 +1.2793e-01 -2.5845e+00 +1.9675e+00 +4.9482e-01 +2.5311e+00 +8.4649e-01
