% function evaluation | noise-free fitness - Fopt (-4.620900000000e+02) | best noise-free fitness - Fopt | measured fitness | best measured fitness | x1 | x2...
1 +7.552550346e+03 +7.552550346e+03 +7.090460346e+03 +7.090460346e+03 +4.8922e+00 +3.8529e+00 +2.9137e+00 +3.6283e+00 +2.4598e+00 +3.4344e+00 -8.6097e-01 -3.6565e+00 +4.6491e+00 -1.0484e+00
12 +3.608443257e+03 +3.608443257e+03 +3.146353257e+03 +3.146353257e+03 +4.9129e+00 +3.8609e+00 +2.8759e+00 +3.6077e+00 +2.7228e+00 +3.4458e+00 -8.0340e-01 -3.6261e+00 +3.6491e+00 -1.1083e+00
23 +1.802194421e+03 +1.802194421e+03 +1.340104421e+03 +1.340104421e+03 +4.9336e+00 +3.8690e+00 +2.8381e+00 +3.5870e+00 +2.9858e+00 +3.4573e+00 -7.4582e-01 -3.5956e+00 +2.6491e+00 -1.1683e+00
45 +1.228171906e+03 +1.228171906e+03 +7.660819057e+02 +7.660819057e+02 +4.3894e+00 +3.9048e+00 +3.3585e+00 +3.5147e+00 +3.0842e+00 +3.5004e+00 -7.0989e-01 -3.3790e+00 -2.1321e-02 -8.0989e-01
56 +8.240361973e+02 +8.240361973e+02 +3.619461973e+02 +3.619461973e+02 +4.3651e+00 +3.9538e+00 +2.0974e+00 +3.4480e+00 +2.5363e+00 +3.5400e+00 -7.6149e-01 -3.3184e+00 -5.9493e-01 -7.1767e-01
67 +4.270810668e+02 +4.270810668e+02 -3.500893317e+01 -3.500893317e+01 +2.7655e+00 +4.0668e+00 +4.6882e-01 +3.3365e+00 +2.2455e+00 +3.6065e+00 -7.1466e-01 -3.3541e+00 -1.2535e+00 -5.1592e-01
100 +3.818317577e+02 +3.818317577e+02 -8.025824226e+01 -8.025824226e+01 +2.6708e+00 +4.2114e+00 +7.2695e-01 +3.3530e+00 +2.4152e+00 +3.6484e+00 -7.7865e-01 -3.4987e+00 -4.0239e-01 -8.7902e-01
13949 +2.506386054e+02 +2.506386054e+02 -2.114513946e+02 -2.114513946e+02 -2.7552e+00 -1.2651e+00 -8.7642e-01 -4.0680e+00 -1.9437e+00 +3.8882e+00 +7.8944e-01 +3.4896e+00 -3.4282e-01 +1.7338e+00
24377 +1.568681618e+02 +1.568681618e+02 -3.052218382e+02 -3.052218382e+02 -8.0862e-01 -3.1081e+00 -1.5694e-01 -2.7174e+00 +1.1698e+00 +2.6775e+00 +1.5957e+00 +2.1711e+00 +1.2893e-01 -1.8106e+00
42307 +9.882440346e+01 +9.882440346e+01 -3.632655965e+02 -3.632655965e+02 +5.2839e-01 -3.1612e+00 -1.6030e-01 +2.1548e+00 +2.4774e+00 +6.8602e-02 +1.2687e+00 +2.6121e+00 +1.0302e+00 -6.1635e-01
% function evaluation | noise-free fitness - Fopt (7.766000000000e+01) | best noise-free fitness - Fopt | measured fitness | best measured fitness | x1 | x2...
1 +1.259795608e+04 +1.259795608e+04 +1.267561608e+04 +1.267561608e+04 +1.2031e+00 -7.6993e-01 +4.0096e+00 +3.1829e+00 -2.0481e+00 +1.3268e+00 +3.2276e+00 -4.8042e+00 +3.1885e+00 +4.9979e+00
12 +8.189599223e+03 +8.189599223e+03 +8.267259223e+03 +8.267259223e+03 +1.2331e+00 -7.9456e-01 +3.7814e+00 +3.2189e+00 -2.0393e+00 +1.2747e+00 +2.9272e+00 -4.8245e+00 +2.1885e+00 +4.9880e+00
23 +1.735120429e+03 +1.735120429e+03 +1.812780429e+03 +1.812780429e+03 +1.5030e+00 -1.0162e+00 +1.7273e+00 +3.5428e+00 -1.9599e+00 +8.0629e-01 +2.2426e-01 -5.0073e+00 -6.8115e+00 +4.8993e+00
45 +1.172385744e+03 +1.172385744e+03 +1.250045744e+03 +1.250045744e+03 +1.3482e+00 -7.7954e-01 +1.9291e+00 +3.1574e+00 -1.5620e+00 +9.4132e-01 +8.9156e-02 -4.2923e+00 -4.0240e+00 +4.9629e+00
584 +9.983638380e+02 +9.983638380e+02 +1.076023838e+03 +1.076023838e+03 +3.6415e+00 -1.8049e+00 +4.7394e-01 +1.3970e+00 +2.4610e+00 -4.9616e-01 -1.5906e+00 -2.7595e-01 -6.7825e+00 -1.1157e+00
595 +3.889849408e+02 +3.889849408e+02 +4.666449408e+02 +4.666449408e+02 +3.4432e+00 -1.6662e+00 +1.8194e+00 +1.3995e+00 +2.2732e+00 -6.9694e-01 +4.8481e-02 -2.6414e-01 -2.2155e+00 -1.3863e+00
4555 +2.327411416e+02 +2.327411416e+02 +3.104011416e+02 +3.104011416e+02 -3.4943e+00 -1.4296e+00 -1.9733e+00 -1.7946e-01 -1.0321e+00 -1.0955e+00 -3.4048e-01 -2.3809e+00 -1.2390e+00 -3.5897e+00
5721 +1.327217292e+02 +1.327217292e+02 +2.103817292e+02 +2.103817292e+02 +3.0989e+00 -4.5658e-01 +1.2349e+00 +1.4198e+00 +1.3478e+00 +4.5432e-01 -3.6255e-01 -1.0880e+00 -2.8939e-01 -3.4632e+00
5820 +9.938564584e+01 +9.938564584e+01 +1.770456458e+02 +1.770456458e+02 +3.0507e+00 -5.6521e-01 +1.2332e+00 +1.2790e+00 +1.3063e+00 +4.8955e-01 -3.6188e-01 -1.0466e+00 -1.6115e-01 -3.5405e+00
% function evaluation | noise-free fitness - Fopt (1.156800000000e+02) | best noise-free fitness - Fopt | measured fitness | best measured fitness | x1 | x2...
1 +9.815348227e+02 +9.815348227e+02 +1.097214823e+03 +1.097214823e+03 +1.5556e+00 -1.9186e-01 -2.9873e+00 +9.9568e-01 +4.4944e+00 +2.7313e+00 -3.1739e+00 -2.2512e+00 +1.6958e+00 +2.5124e+00
144 +6.200869607e+02 +6.200869607e+02 +7.357669607e+02 +7.357669607e+02 +9.7147e-01 +6.9258e-01 -1.2411e+00 +1.8663e+00 +4.4817e+00 -9.3708e-01 -4.6503e+00 +1.7074e+00 +4.0177e+00 -2.3057e+00
1464 +3.967169962e+02 +3.967169962e+02 +5.123969962e+02 +5.123969962e+02 -2.8982e+00 +4.4055e+00 -2.9036e+00 -2.4621e+00 +1.1719e+00 -3.3159e+00 -5.5878e-01 +3.1902e+00 +8.3306e-01 -4.2604e+00
7723 +2.458913150e+02 +2.458913150e+02 +3.615713150e+02 +3.615713150e+02 -4.0889e+00 -1.8210e+00 +5.5055e-01 +7.4731e-02 -2.0163e+00 -7.4296e-01 +1.9153e+00 +8.4994e-01 +2.8644e+00 -1.9916e+00
% function evaluation | noise-free fitness - Fopt (-3.710000000000e+00) | best noise-free fitness - Fopt | measured fitness | best measured fitness | x1 | x2...
1 +1.250599000e+03 +1.250599000e+03 +1.246889000e+03 +1.246889000e+03 -1.0614e+00 +3.1710e+00 +3.7646e+00 +1.7172e+00 -3.9997e+00 +4.2422e+00 -6.3081e-01 +6.8615e-01 -3.7381e+00 -6.2830e-01
12 +7.432087961e+02 +7.432087961e+02 +7.394987961e+02 +7.394987961e+02 -1.0345e+00 +3.1376e+00 +2.7646e+00 +1.7471e+00 -3.9375e+00 +4.1792e+00 -6.5478e-01 +7.1662e-01 -3.7062e+00 -5.9619e-01
23 +5.621106192e+02 +5.621106192e+02 +5.584006192e+02 +5.584006192e+02 -9.7965e-01 +3.0802e+00 +2.1310e+00 +1.8031e+00 -3.8201e+00 +4.2213e+00 -7.5734e-01 +7.7862e-01 -3.7046e+00 -3.4933e-01
397 +3.657022590e+02 +3.657022590e+02 +3.619922590e+02 +3.619922590e+02 +2.1561e+00 -3.0506e+00 +1.0270e+00 +1.1305e+00 +6.1436e-01 -1.7637e+00 -2.8216e+00 +2.7428e-01 +3.8555e-01 +3.4669e+00
1849 +1.811656290e+02 +1.811656290e+02 +1.774556290e+02 +1.774556290e+02 -6.9905e-01 -2.1773e+00 +8.1793e-01 +4.9346e-01 +3.3920e+00 +2.5880e+00 -1.5891e-01 -2.2925e+00 +6.4805e-01 +2.7892e+00
1915 +1.510648252e+02 +1.510648252e+02 +1.473548252e+02 +1.473548252e+02 -7.2748e-01 -2.1928e+00 +8.8199e-01 +4.9383e-01 +3.3939e+00 +2.6501e+00 -2.3813e-01 -2.3792e+00 +6.5621e-01 +2.8266e+00
% function evaluation | noise-free fitness - Fopt (1.321800000000e+02) | best noise-free fitness - Fopt | measured fitness | best measured fitness | x1 | x2...
1 +8.317737374e+02 +8.317737374e+02 +9.639537374e+02 +9.639537374e+02 -4.7803e+00 -1.1965e+00 +3.6793e+00 +3.5615e+00 -4.4679e+00 +1.1418e+00 -2.9582e+00 +2.8205e+00 -4.4064e+00 +3.5923e+00
529 +6.286906450e+02 +6.286906450e+02 +7.608706450e+02 +7.608706450e+02 -3.6150e+00 -2.7104e-02 +1.6908e+00 -2.7677e+00 +1.2542e+00 +1.6011e+00 +1.9463e+00 +1.2926e+00 +1.4973e+00 -3.6062e+00
606 +3.908727026e+02 +3.908727026e+02 +5.230527026e+02 +5.230527026e+02 -3.5560e+00 -1.3718e-01 +1.8402e+00 -2.2416e+00 +5.2537e-01 +9.9203e-01 +1.4914e+00 +1.8947e+00 +1.3472e+00 -2.8054e+00
3246 +2.440211911e+02 +2.440211911e+02 +3.762011911e+02 +3.762011911e+02 +1.8004e+00 -3.9603e+00 -3.1159e-01 -4.7547e+00 +1.4017e+00 +1.4457e+00 +2.3166e+00 -3.1785e+00 +1.1021e+00 +2.3290e+00
21693 +1.458312607e+02 +1.458312607e+02 +2.780112607e+02 +2.780112607e+02 -2.6228e+00 +1.5545e+00 +3.8706e-01 -7.3728e-01 +2.4981e-02 -5.5536e-01 +1.7667e+00 +2.1037e+00 -1.1637e+00 +7.2196e-01
% function evaluation | noise-free fitness - Fopt (-4.620900000000e+02) | best noise-free fitness - Fopt | measured fitness | best measured fitness | x1 | x2...
1 +9.995456353e+02 +9.995456353e+02 +5.374556353e+02 +5.374556353e+02 -3.1501e+00 +3.6369e+00 +4.1259e-01 +3.8389e+00 +3.9789e+00 +9.5101e-01 +4.2053e-01 +3.6815e+00 +2.0562e-01 +2.6909e+00
309 +4.958954679e+02 +4.958954679e+02 +3.380546792e+01 +3.380546792e+01 -2.6990e+00 +3.8522e+00 +1.2999e+00 +2.8685e+00 +3.1875e+00 +1.1301e+00 -5.5097e-02 +3.5542e+00 +6.6415e-02 +3.6541e+00
496 +3.921480036e+02 +3.921480036e+02 -6.994199643e+01 -6.994199643e+01 -3.0807e+00 +3.8411e+00 +1.2373e+00 +2.8276e+00 +3.1574e+00 +1.1319e+00 +1.6000e-01 +3.0638e+00 +7.6207e-01 +3.2683e+00
3103 +2.457814700e+02 +2.457814700e+02 -2.163085300e+02 -2.163085300e+02 -3.1023e+00 -1.8794e+00 +7.4830e-01 -3.8943e+00 +1.1683e+00 +2.1639e+00 +2.5894e+00 -3.7776e-01 -7.4033e-01 -2.1246e-01
17139 +1.568661383e+02 +1.568661383e+02 -3.052238617e+02 -3.052238617e+02 -3.9894e+00 +2.3664e+00 -1.7856e-01 +7.1899e-01 +2.3276e+00 +4.5321e+00 +1.3820e-01 +5.6020e-01 +1.7703e+00 +6.1977e-01
55661 +9.374761304e+01 +9.374761304e+01 -3.683423870e+02 -3.683423870e+02 +4.3408e-01 +3.2737e+00 -9.3267e-01 +6.9232e-01 +1.6540e+00 +3.8553e+00 +1.2642e+00 +3.7372e+00 +1.8090e+00 +1.9806e+00
% function evaluation | noise-free fitness - Fopt (7.766000000000e+01) | best noise-free fitness - Fopt | measured fitness | best measured fitness | x1 | x2...
1 +2.871546518e+03 +2.871546518e+03 +2.949206518e+03 +2.949206518e+03 -2.5647e+00 +3.9904e+00 +4.7634e+00 -8.9141e-01 -2.6382e-01 -3.8638e+00 -1.0235e+00 +2.5415e+00 -1.4693e+00 +3.8086e+00
12 +2.035400629e+03 +2.035400629e+03 +2.113060629e+03 +2.113060629e+03 -2.5878e+00 +3.9697e+00 +3.7634e+00 -8.1291e-01 -2.0532e-01 -3.7389e+00 -1.1020e+00 +2.4105e+00 -1.5252e+00 +3.7207e+00
23 +1.355209158e+03 +1.355209158e+03 +1.432869158e+03 +1.432869158e+03 -2.6301e+00 +3.9089e+00 +3.0646e+00 -7.1154e-01 -5.2860e-03 -3.7751e+00 -1.2017e+00 +2.4868e+00 -1.4520e+00 +3.7855e+00
45 +9.939651716e+02 +9.939651716e+02 +1.071625172e+03 +1.071625172e+03 -2.7158e+00 +3.6826e+00 +2.1424e+00 -6.8978e-01 +1.9937e-01 -3.6535e+00 -1.1676e+00 +2.0619e+00 -1.6696e+00 +3.6544e+00
122 +4.074135864e+02 +4.074135864e+02 +4.850735864e+02 +4.850735864e+02 -1.7220e+00 +1.8751e+00 -2.0855e+00 -1.8424e+00 +1.1248e+00 -3.3121e+00 -2.7131e+00 -1.4100e+00 -2.2167e+00 -1.3368e+00
133 +3.507741444e+02 +3.507741444e+02 +4.284341444e+02 +4.284341444e+02 -1.3265e+00 +1.6682e+00 -1.8480e+00 -2.0241e+00 +1.1919e+00 -3.2275e+00 -2.9880e+00 -1.8019e+00 -2.0446e+00 -2.3587e+00
1761 +2.509292418e+02 +2.509292418e+02 +3.285892418e+02 +3.285892418e+02 -4.9000e+00 -3.5766e+00 -1.0969e+00 +2.0663e+00 -3.8866e+00 +1.9394e+00 +7.3428e-01 -2.3958e+00 +2.0758e-01 -4.8141e+00
9560 +1.431506571e+02 +1.431506571e+02 +2.208106571e+02 +2.208106571e+02 +5.1767e-01 -3.5675e+00 -1.8733e+00 +2.5730e+00 +1.5204e-01 -2.8044e+00 +1.1384e-01 -3.6013e-01 -2.4331e+00 -3.2374e+00
12354 +9.967674450e+01 +9.967674450e+01 +1.773367445e+02 +1.773367445e+02 +4.4699e-01 +2.7253e+00 -3.3835e+00 +3.9482e+00 +2.4643e+00 -1.9818e+00 -1.1663e+00 -1.0398e+00 -8.8512e-01 -3.8671e+00
% function evaluation | noise-free fitness - Fopt (1.156800000000e+02) | best noise-free fitness - Fopt | measured fitness | best measured fitness | x1 | x2...
1 +6.845825067e+02 +6.845825067e+02 +8.002625067e+02 +8.002625067e+02 -4.7808e+00 -3.5004e+00 -2.1129e+00 -1.5493e+00 +4.8129e-01 -6.8202e-01 +2.4739e+00 +5.3840e-01 -3.2948e+00 -3.9983e+00
12 +5.955043207e+02 +5.955043207e+02 +7.111843207e+02 +7.111843207e+02 -4.8668e+00 -4.0639e+00 -2.1885e+00 -2.1338e+00 +1.3600e+00 -1.2005e+00 +3.4739e+00 -8.0719e-02 -2.3347e+00 -3.7067e+00
1783 +3.881473396e+02 +3.881473396e+02 +5.038273396e+02 +5.038273396e+02 +2.2923e-01 +4.3397e+00 -3.6331e+00 +2.9964e+00 -5.6057e-01 -3.7374e+00 +3.6060e+00 +3.2398e-01 -3.5304e-01 +1.3011e+00
6095 +2.456973227e+02 +2.456973227e+02 +3.613773227e+02 +3.613773227e+02 +2.5812e+00 -1.8431e+00 -2.1180e+00 -1.6648e+00 +2.9449e+00 -4.0012e+00 -9.2836e-01 +2.0114e+00 +2.7548e+00 -1.6136e+00
19790 +1.559465214e+02 +1.559465214e+02 +2.716265214e+02 +2.716265214e+02 +1.0589e+00 -1.0705e+00 -2.8952e+00 +3.7097e+00 +2.9255e+00 -3.2328e+00 -1.0752e+00 +3.3411e-01 +3.1291e+00 -1.9502e+00
