% f evaluations | g evaluations | best noise-free fitness - Fopt | noise-free fitness - Fopt (-1.694000000000e+001) | measured fitness | best measured fitness | x1 | x2...
1 0 +1.439601519e+002 +1.439601519e+002 +1.270201519e+002 +1.270201519e+002 +1.3190e+000 +4.3184e-001
24 0 +1.042505262e+002 +1.042505262e+002 +8.731052619e+001 +8.731052619e+001 +1.7578e+000 +2.0175e-001
100 0 +3.925559131e+001 +3.925559131e+001 +2.231559131e+001 +2.231559131e+001 +2.7819e+000 +1.2511e+000
116 0 +1.661723049e+001 +1.661723049e+001 -3.227695065e-001 -3.227695065e-001 +3.7441e+000 +9.5564e-001
134 0 +7.861449136e+000 +7.861449136e+000 -9.078550864e+000 -9.078550864e+000 +3.6223e+000 +1.4869e+000
142 0 +6.973098096e+000 +6.973098096e+000 -9.966901904e+000 -9.966901904e+000 +3.9876e+000 -3.0668e-002
303 0 +5.220860098e+000 +5.220860098e+000 -1.171913990e+001 -1.171913990e+001 +4.3085e+000 -6.4316e-001
317 0 +3.980261869e+000 +3.980261869e+000 -1.295973813e+001 -1.295973813e+001 +3.5928e+000 +2.5703e+000
984 0 +3.534499524e+000 +3.534499524e+000 -1.340550048e+001 -1.340550048e+001 +4.2025e+000 -3.1333e-001
1029 0 +3.226742806e+000 +3.226742806e+000 -1.371325719e+001 -1.371325719e+001 +3.5066e+000 +2.8233e+000
1416 0 +1.922995832e+000 +1.922995832e+000 -1.501700417e+001 -1.501700417e+001 +3.9422e+000 +9.8662e-001
2571 0 +1.571700907e+000 +1.571700907e+000 -1.536829909e+001 -1.536829909e+001 +3.7614e+000 +1.8425e+000
2592 0 +1.412234880e+000 +1.412234880e+000 -1.552776512e+001 -1.552776512e+001 +3.9006e+000 +1.4740e+000
% f evaluations | g evaluations | best noise-free fitness - Fopt | noise-free fitness - Fopt (1.881000000000e+001) | measured fitness | best measured fitness | x1 | x2...
1 0 +1.852705054e+002 +1.852705054e+002 +2.040805054e+002 +2.040805054e+002 -1.0146e+000 +2.5457e-002
2 0 +1.750827367e+002 +1.750827367e+002 +1.938927367e+002 +1.938927367e+002 +9.7515e-002 +6.6568e-002
3 0 +1.367635958e+002 +1.367635958e+002 +1.555735958e+002 +1.555735958e+002 +3.0168e-001 -1.1187e+000
4 0 +8.130120343e+001 +8.130120343e+001 +1.001112034e+002 +1.001112034e+002 -6.6817e-001 -6.7657e-001
8 0 +7.289634410e+001 +7.289634410e+001 +9.170634410e+001 +9.170634410e+001 +9.6445e-001 +8.1330e-001
9 0 +3.446295240e+001 +3.446295240e+001 +5.327295240e+001 +5.327295240e+001 +2.4455e-001 +8.2970e-001
11 0 +2.347146042e+001 +2.347146042e+001 +4.228146042e+001 +4.228146042e+001 -1.1872e+000 +1.1818e+000
21 0 +2.103777578e+001 +2.103777578e+001 +3.984777578e+001 +3.984777578e+001 +8.0387e-001 +1.4801e+000
36 0 +1.684747400e+001 +1.684747400e+001 +3.565747400e+001 +3.565747400e+001 +1.3568e-001 +2.2922e+000
43 0 +1.439208049e+000 +1.439208049e+000 +2.024920805e+001 +2.024920805e+001 -2.7109e-001 +1.7401e+000
526 0 +5.266279039e-001 +5.266279039e-001 +1.933662790e+001 +1.933662790e+001 -4.9375e-001 +1.8082e+000
825 0 +5.168333425e-001 +5.168333425e-001 +1.932683334e+001 +1.932683334e+001 -3.4509e-002 +1.7417e+000
906 0 +4.545001602e-001 +4.545001602e-001 +1.926450016e+001 +1.926450016e+001 -2.4153e-002 +1.7506e+000
1117 0 +3.280643707e-001 +3.280643707e-001 +1.913806437e+001 +1.913806437e+001 -1.8814e-001 +1.7879e+000
3153 0 +2.878950356e-001 +2.878950356e-001 +1.909789504e+001 +1.909789504e+001 -3.0340e-001 +1.7857e+000
3406 0 +2.414472633e-001 +2.414472633e-001 +1.905144726e+001 +1.905144726e+001 +2.7281e-002 +1.7426e+000
3979 0 +1.748100863e-001 +1.748100863e-001 +1.898481009e+001 +1.898481009e+001 -2.4717e-001 +1.7878e+000
4640 0 +1.640934415e-001 +1.640934415e-001 +1.897409344e+001 +1.897409344e+001 -2.7639e-001 +1.7887e+000
4695 0 +9.808381646e-002 +9.808381646e-002 +1.890808382e+001 +1.890808382e+001 -2.3999e-001 +1.7857e+000
5125 0 +4.940233642e-003 +4.940233642e-003 +1.881494023e+001 +1.881494023e+001 -1.8984e-001 +1.7806e+000
% f evaluations | g evaluations | best noise-free fitness - Fopt | noise-free fitness - Fopt (2.731500000000e+002) | measured fitness | best measured fitness | x1 | x2...
1 0 +3.725730925e+002 +3.725730925e+002 +6.457230925e+002 +6.457230925e+002 +6.7756e-001 +4.3521e-001
3 0 +2.950616469e+002 +2.950616469e+002 +5.682116469e+002 +5.682116469e+002 -1.8564e+000 +5.0816e-001
4 0 +2.871091141e+002 +2.871091141e+002 +5.602591141e+002 +5.602591141e+002 -1.4522e+000 +8.8007e-002
5 0 +1.237073878e+002 +1.237073878e+002 +3.968573878e+002 +3.968573878e+002 -1.4010e+000 -2.4577e-002
17 0 +1.067914960e+002 +1.067914960e+002 +3.799414960e+002 +3.799414960e+002 -1.9734e+000 -2.8789e-001
39 0 +1.002580782e+002 +1.002580782e+002 +3.734080782e+002 +3.734080782e+002 -1.0095e+000 +1.7547e+000
110 0 +9.354988013e+001 +9.354988013e+001 +3.666998801e+002 +3.666998801e+002 -1.9224e+000 +6.2404e-001
201 0 +4.661724965e+001 +4.661724965e+001 +3.197672496e+002 +3.197672496e+002 -3.6332e+000 +1.9043e+000
227 0 +1.290623149e+001 +1.290623149e+001 +2.860562315e+002 +2.860562315e+002 -5.0812e+000 +7.3167e-001
356 0 +2.952870675e+000 +2.952870675e+000 +2.761028707e+002 +2.761028707e+002 -4.1020e+000 +2.6817e+000
831 0 +1.901648289e+000 +1.901648289e+000 +2.750516483e+002 +2.750516483e+002 -4.2636e+000 +2.2036e+000
1014 0 +5.665429380e-001 +5.665429380e-001 +2.737165429e+002 +2.737165429e+002 -3.3918e+000 +4.1481e+000
1105 0 +2.074828821e-001 +2.074828821e-001 +2.733574829e+002 +2.733574829e+002 -3.4947e+000 +3.9408e+000
2679 0 +1.574113301e-001 +1.574113301e-001 +2.733074113e+002 +2.733074113e+002 -3.5421e+000 +3.8499e+000
% f evaluations | g evaluations | best noise-free fitness - Fopt | noise-free fitness - Fopt (3.718000000000e+001) | measured fitness | best measured fitness | x1 | x2...
1 0 +2.206490136e+002 +2.206490136e+002 +2.578290136e+002 +2.578290136e+002 -5.1198e-002 -1.2119e+000
2 0 +1.306612905e+002 +1.306612905e+002 +1.678412905e+002 +1.678412905e+002 -1.2122e+000 +6.5915e-001
3 0 +5.625523035e+001 +5.625523035e+001 +9.343523035e+001 +9.343523035e+001 +2.6042e+000 +6.6690e-001
5 0 +5.236837841e+001 +5.236837841e+001 +8.954837841e+001 +8.954837841e+001 -5.5277e-001 +1.0131e-001
10 0 +2.168670893e+001 +2.168670893e+001 +5.886670893e+001 +5.886670893e+001 -7.7206e-001 +1.5677e+000
19 0 +8.747495088e+000 +8.747495088e+000 +4.592749509e+001 +4.592749509e+001 +1.1824e+000 +1.7756e+000
102 0 +4.692456297e+000 +4.692456297e+000 +4.187245630e+001 +4.187245630e+001 -1.4026e+000 +1.9056e+000
218 0 +4.017174714e+000 +4.017174714e+000 +4.119717471e+001 +4.119717471e+001 -1.2312e+000 +1.8079e+000
252 0 +3.150028257e+000 +3.150028257e+000 +4.033002826e+001 +4.033002826e+001 -7.4686e-001 +1.8683e+000
310 0 +2.926998573e+000 +2.926998573e+000 +4.010699857e+001 +4.010699857e+001 -3.6341e+000 +2.1572e+000
580 0 +2.688719511e+000 +2.688719511e+000 +3.986871951e+001 +3.986871951e+001 -2.7094e+000 +2.0709e+000
686 0 +1.117930930e+000 +1.117930930e+000 +3.829793093e+001 +3.829793093e+001 -4.3797e+000 +2.1158e+000
1511 0 +8.827750584e-001 +8.827750584e-001 +3.806277506e+001 +3.806277506e+001 -3.4179e+000 +2.0167e+000
1837 0 +5.291952419e-001 +5.291952419e-001 +3.770919524e+001 +3.770919524e+001 -4.1515e+000 +2.0869e+000
2309 0 +4.250796334e-001 +4.250796334e-001 +3.760507963e+001 +3.760507963e+001 -3.5717e+000 +2.0397e+000
2476 0 +2.316874357e-001 +2.316874357e-001 +3.741168744e+001 +3.741168744e+001 -3.7539e+000 +2.0545e+000
2509 0 +1.034201921e-001 +1.034201921e-001 +3.728342019e+001 +3.728342019e+001 -3.8152e+000 +2.0532e+000
% f evaluations | g evaluations | best noise-free fitness - Fopt | noise-free fitness - Fopt (-1.479000000000e+002) | measured fitness | best measured fitness | x1 | x2...
1 0 +1.389996865e+002 +1.389996865e+002 -8.900313549e+000 -8.900313549e+000 +6.7380e-001 -8.8401e-001
2 0 +6.145056222e+001 +6.145056222e+001 -8.644943778e+001 -8.644943778e+001 -4.0357e-001 +5.5540e-002
3 0 +1.672026537e+001 +1.672026537e+001 -1.311797346e+002 -1.311797346e+002 -1.8882e+000 +9.1198e-002
15 0 +1.173260109e+001 +1.173260109e+001 -1.361673989e+002 -1.361673989e+002 -1.1328e+000 +2.6007e-001
24 0 +3.951052994e+000 +3.951052994e+000 -1.439489470e+002 -1.439489470e+002 -7.6326e-001 -5.6899e-001
41 0 +3.374244604e+000 +3.374244604e+000 -1.445257554e+002 -1.445257554e+002 -4.1426e-001 -9.7026e-001
61 0 +2.075550040e+000 +2.075550040e+000 -1.458244500e+002 -1.458244500e+002 -7.3353e-001 -7.3248e-001
313 0 +2.025477518e+000 +2.025477518e+000 -1.458745225e+002 -1.458745225e+002 -5.0043e-001 -8.7641e-001
333 0 +1.535313394e+000 +1.535313394e+000 -1.463646866e+002 -1.463646866e+002 -8.8794e-001 -4.7387e-001
667 0 +1.044949177e+000 +1.044949177e+000 -1.468550508e+002 -1.468550508e+002 -1.3196e+000 -8.5785e-002
1106 0 +6.756993768e-001 +6.756993768e-001 -1.472243006e+002 -1.472243006e+002 -1.5708e+000 +3.1212e-002
1241 0 +4.259085458e-001 +4.259085458e-001 -1.474740915e+002 -1.474740915e+002 -1.6188e+000 +1.1225e-001
1917 0 +3.019344084e-001 +3.019344084e-001 -1.475980656e+002 -1.475980656e+002 -1.6611e+000 +1.3078e-001
2516 0 +2.507357292e-001 +2.507357292e-001 -1.476492643e+002 -1.476492643e+002 -1.7696e+000 +2.3461e-001
2535 0 +7.025197606e-002 +7.025197606e-002 -1.478297480e+002 -1.478297480e+002 -1.6704e+000 +1.3279e-001
5562 0 +1.816271481e-002 +1.816271481e-002 -1.478818373e+002 -1.478818373e+002 -1.6814e+000 +1.4672e-001
6870 0 +1.701649750e-002 +1.701649750e-002 -1.478829835e+002 -1.478829835e+002 -1.6574e+000 +1.2379e-001
7415 0 +1.697147929e-002 +1.697147929e-002 -1.478830285e+002 -1.478830285e+002 -1.6673e+000 +1.3152e-001
8394 0 +6.862047087e-003 +6.862047087e-003 -1.478931380e+002 -1.478931380e+002 -1.6712e+000 +1.3611e-001
8400 0 +3.064748360e-003 +3.064748360e-003 -1.478969353e+002 -1.478969353e+002 -1.6700e+000 +1.3491e-001
% f evaluations | g evaluations | best noise-free fitness - Fopt | noise-free fitness - Fopt (4.817100000000e+002) | measured fitness | best measured fitness | x1 | x2...
1 0 +1.591199744e+002 +1.591199744e+002 +6.408299744e+002 +6.408299744e+002 +4.4074e-001 +8.6744e-002
5 0 +9.624961311e+001 +9.624961311e+001 +5.779596131e+002 +5.779596131e+002 +1.6161e+000 +1.5460e-001
17 0 +5.639226500e+001 +5.639226500e+001 +5.381022650e+002 +5.381022650e+002 +8.8697e-001 -7.7024e-001
20 0 +2.646073505e+001 +2.646073505e+001 +5.081707350e+002 +5.081707350e+002 +1.6124e+000 -1.3939e+000
103 0 +6.376356235e+000 +6.376356235e+000 +4.880863562e+002 +4.880863562e+002 +2.0115e+000 -6.1502e-001
133 0 +4.219675166e+000 +4.219675166e+000 +4.859296752e+002 +4.859296752e+002 +1.5174e+000 -1.0736e+000
374 0 +3.856781104e+000 +3.856781104e+000 +4.855667811e+002 +4.855667811e+002 +1.0595e+000 -2.0767e+000
395 0 +2.487339983e+000 +2.487339983e+000 +4.841973400e+002 +4.841973400e+002 +1.1475e+000 -2.0369e+000
470 0 +1.881848747e+000 +1.881848747e+000 +4.835918487e+002 +4.835918487e+002 +9.5583e-001 -3.9813e+000
631 0 +8.650907496e-001 +8.650907496e-001 +4.825750907e+002 +4.825750907e+002 +9.7246e-001 -3.4789e+000
834 0 +5.262526617e-001 +5.262526617e-001 +4.822362527e+002 +4.822362527e+002 +1.0624e+000 -2.5578e+000
1244 0 +1.584683883e-001 +1.584683883e-001 +4.818684684e+002 +4.818684684e+002 +1.0304e+000 -3.0408e+000
3136 0 +9.843328740e-002 +9.843328740e-002 +4.818084333e+002 +4.818084333e+002 +1.0444e+000 -2.9660e+000
% f evaluations | g evaluations | best noise-free fitness - Fopt | noise-free fitness - Fopt (-3.646000000000e+001) | measured fitness | best measured fitness | x1 | x2...
1 0 +2.725337183e+002 +2.725337183e+002 +2.360737183e+002 +2.360737183e+002 +4.1655e-001 +1.4012e-002
3 0 +1.635652274e+002 +1.635652274e+002 +1.271052274e+002 +1.271052274e+002 +3.4224e-002 +8.6694e-001
4 0 +1.614876897e+002 +1.614876897e+002 +1.250276897e+002 +1.250276897e+002 +8.5895e-001 +8.7034e-001
6 0 +1.579162915e+002 +1.579162915e+002 +1.214562915e+002 +1.214562915e+002 -9.4620e-001 -1.7211e+000
7 0 +9.510079999e+001 +9.510079999e+001 +5.864079999e+001 +5.864079999e+001 +1.7471e+000 -1.0240e+000
8 0 +7.102623906e+001 +7.102623906e+001 +3.456623906e+001 +3.456623906e+001 -3.6930e-001 -3.4439e-001
10 0 +1.300852916e+001 +1.300852916e+001 -2.345147084e+001 -2.345147084e+001 +3.8622e-001 -1.0031e+000
12 0 +5.578698281e+000 +5.578698281e+000 -3.088130172e+001 -3.088130172e+001 +1.2011e+000 -1.6536e+000
299 0 +1.943107510e+000 +1.943107510e+000 -3.451689249e+001 -3.451689249e+001 +1.3353e+000 -1.7613e+000
491 0 +1.390068630e+000 +1.390068630e+000 -3.506993137e+001 -3.506993137e+001 +2.5089e+000 -3.4681e+000
645 0 +1.341362134e+000 +1.341362134e+000 -3.511863787e+001 -3.511863787e+001 +1.8900e+000 -2.4847e+000
1139 0 +1.234420837e+000 +1.234420837e+000 -3.522557916e+001 -3.522557916e+001 +2.6407e+000 -3.6120e+000
3032 0 +6.113223278e-001 +6.113223278e-001 -3.584867767e+001 -3.584867767e+001 +2.3864e+000 -3.2376e+000
3584 0 +4.514775708e-001 +4.514775708e-001 -3.600852243e+001 -3.600852243e+001 +2.3373e+000 -3.1544e+000
% f evaluations | g evaluations | best noise-free fitness - Fopt | noise-free fitness - Fopt (3.920000000000e+001) | measured fitness | best measured fitness | x1 | x2...
1 0 +3.297534490e+002 +3.297534490e+002 +3.689534490e+002 +3.689534490e+002 +1.0271e-001 +3.4585e-001
2 0 +2.470684345e+002 +2.470684345e+002 +2.862684345e+002 +2.862684345e+002 -3.0922e-001 +2.6965e+000
5 0 +6.252456134e+001 +6.252456134e+001 +1.017245613e+002 +1.017245613e+002 +1.2122e+000 +1.2086e+000
8 0 +5.261405762e+001 +5.261405762e+001 +9.181405762e+001 +9.181405762e+001 +9.3737e-001 -9.8672e-002
18 0 +4.156217167e+001 +4.156217167e+001 +8.076217167e+001 +8.076217167e+001 +1.1427e+000 -9.7479e-001
47 0 +3.058429699e+001 +3.058429699e+001 +6.978429699e+001 +6.978429699e+001 +2.0514e+000 -1.3152e+000
84 0 +1.910849823e+001 +1.910849823e+001 +5.830849823e+001 +5.830849823e+001 +2.4921e+000 +1.3939e-001
116 0 +1.798794854e+001 +1.798794854e+001 +5.718794854e+001 +5.718794854e+001 +2.5367e+000 +8.6769e-001
156 0 +7.413982816e+000 +7.413982816e+000 +4.661398282e+001 +4.661398282e+001 +3.1529e+000 +7.5390e-001
231 0 +6.132548935e+000 +6.132548935e+000 +4.533254894e+001 +4.533254894e+001 +2.4328e+000 -4.9541e-001
327 0 +2.482629029e+000 +2.482629029e+000 +4.168262903e+001 +4.168262903e+001 +3.2941e+000 +1.0575e+000
958 0 +2.375473640e+000 +2.375473640e+000 +4.157547364e+001 +4.157547364e+001 +3.7634e+000 +1.6412e+000
1487 0 +1.978030209e+000 +1.978030209e+000 +4.117803021e+001 +4.117803021e+001 +4.1980e+000 +2.2841e+000
1509 0 +1.851526411e+000 +1.851526411e+000 +4.105152641e+001 +4.105152641e+001 +3.3112e+000 +9.8550e-001
1565 0 +7.457896679e-001 +7.457896679e-001 +3.994578967e+001 +3.994578967e+001 +3.6686e+000 +1.5976e+000
2035 0 +6.627526173e-001 +6.627526173e-001 +3.986275262e+001 +3.986275262e+001 +3.3652e+000 +1.1481e+000
2149 0 +5.359044953e-001 +5.359044953e-001 +3.973590450e+001 +3.973590450e+001 +3.6084e+000 +1.5066e+000
2221 0 +2.943261066e-001 +2.943261066e-001 +3.949432611e+001 +3.949432611e+001 +3.7528e+000 +1.6761e+000
2761 0 +2.813534341e-001 +2.813534341e-001 +3.948135343e+001 +3.948135343e+001 +3.5366e+000 +1.3795e+000
3466 0 +2.435776974e-001 +2.435776974e-001 +3.944357770e+001 +3.944357770e+001 +3.6389e+000 +1.5319e+000
3740 0 +2.107753878e-001 +2.107753878e-001 +3.941077539e+001 +3.941077539e+001 +3.6048e+000 +1.4727e+000
3877 0 +1.940191498e-001 +1.940191498e-001 +3.939401915e+001 +3.939401915e+001 +3.5848e+000 +1.4474e+000
4010 0 +1.889151294e-001 +1.889151294e-001 +3.938891513e+001 +3.938891513e+001 +3.6190e+000 +1.4883e+000
% f evaluations | g evaluations | best noise-free fitness - Fopt | noise-free fitness - Fopt (-3.225000000000e+001) | measured fitness | best measured fitness | x1 | x2...
1 0 +5.379630497e+001 +5.379630497e+001 +2.154630497e+001 +2.154630497e+001 +1.0125e+000 +2.3511e+000
2 0 +4.276115289e+001 +4.276115289e+001 +1.051115289e+001 +1.051115289e+001 -8.3726e-001 +2.1275e+000
5 0 +2.067224921e+001 +2.067224921e+001 -1.157775079e+001 -1.157775079e+001 +1.0912e+000 +1.4712e+000
9 0 +9.425292050e+000 +9.425292050e+000 -2.282470795e+001 -2.282470795e+001 +1.0913e-001 +1.7980e+000
247 0 +6.217592501e+000 +6.217592501e+000 -2.603240750e+001 -2.603240750e+001 +3.5546e+000 +8.7982e-001
267 0 +3.867204774e+000 +3.867204774e+000 -2.838279523e+001 -2.838279523e+001 +1.5358e+000 +1.0104e+000
315 0 +5.878005058e-001 +5.878005058e-001 -3.166219949e+001 -3.166219949e+001 +3.4039e+000 +1.0206e+000
1864 0 +3.150566811e-001 +3.150566811e-001 -3.193494332e+001 -3.193494332e+001 +3.3349e+000 +1.0037e+000
2292 0 +2.543495658e-001 +2.543495658e-001 -3.199565043e+001 -3.199565043e+001 +3.3947e+000 +1.0197e+000
2539 0 +1.712918236e-001 +1.712918236e-001 -3.207870818e+001 -3.207870818e+001 +3.3783e+000 +1.0100e+000
2689 0 +8.125542201e-002 +8.125542201e-002 -3.216874458e+001 -3.216874458e+001 +3.6176e+000 +1.0649e+000
% f evaluations | g evaluations | best noise-free fitness - Fopt | noise-free fitness - Fopt (3.681200000000e+002) | measured fitness | best measured fitness | x1 | x2...
1 0 +1.212483992e+002 +1.212483992e+002 +4.893683992e+002 +4.893683992e+002 +1.0779e-001 -1.0133e-003
2 0 +1.091619742e+002 +1.091619742e+002 +4.772819742e+002 +4.772819742e+002 -1.4821e+000 +1.0571e+000
3 0 +1.050257904e+001 +1.050257904e+001 +3.786225790e+002 +3.786225790e+002 -1.8210e+000 -9.5205e-001
15 0 +9.695051856e+000 +9.695051856e+000 +3.778150519e+002 +3.778150519e+002 +1.2892e-001 -1.1511e+000
32 0 +3.997381034e+000 +3.997381034e+000 +3.721173810e+002 +3.721173810e+002 -2.6587e+000 -9.7285e-001
65 0 +3.978988675e+000 +3.978988675e+000 +3.720989887e+002 +3.720989887e+002 +5.3335e-002 -9.1179e-001
189 0 +2.900849158e+000 +2.900849158e+000 +3.710208492e+002 +3.710208492e+002 -3.0225e+000 -1.0447e+000
339 0 +2.119348542e+000 +2.119348542e+000 +3.702393485e+002 +3.702393485e+002 -5.8552e-001 -9.9062e-001
654 0 +2.431400185e-001 +2.431400185e-001 +3.683631400e+002 +3.683631400e+002 -2.2670e+000 -1.0754e+000
% f evaluations | g evaluations | best noise-free fitness - Fopt | noise-free fitness - Fopt (4.739000000000e+001) | measured fitness | best measured fitness | x1 | x2...
1 0 +6.323468847e+001 +6.323468847e+001 +1.106246885e+002 +1.106246885e+002 +4.4165e-002 -5.1367e-001
2 0 +3.045342679e+001 +3.045342679e+001 +7.784342679e+001 +7.784342679e+001 -1.7736e+000 -5.1742e-001
22 0 +2.312438763e+001 +2.312438763e+001 +7.051438763e+001 +7.051438763e+001 -8.8609e-001 +6.3192e-001
38 0 +9.699076105e+000 +9.699076105e+000 +5.708907610e+001 +5.708907610e+001 -1.9027e+000 -5.4871e-001
44 0 +1.867300502e+000 +1.867300502e+000 +4.925730050e+001 +4.925730050e+001 -1.0102e+000 +1.6660e+000
650 0 +1.760645441e+000 +1.760645441e+000 +4.915064544e+001 +4.915064544e+001 -1.0402e+000 +1.5044e+000
931 0 +1.168521706e-001 +1.168521706e-001 +4.750685217e+001 +4.750685217e+001 -4.5687e-001 +2.7119e+000
% f evaluations | g evaluations | best noise-free fitness - Fopt | noise-free fitness - Fopt (-3.428900000000e+002) | measured fitness | best measured fitness | x1 | x2...
1 0 +1.301115105e+002 +1.301115105e+002 -2.127784895e+002 -2.127784895e+002 -6.9557e-001 +1.5375e-001
10 0 +8.223792681e+001 +8.223792681e+001 -2.606520732e+002 -2.606520732e+002 +4.1891e-001 -1.0178e+000
20 0 +7.792792218e+001 +7.792792218e+001 -2.649620778e+002 -2.649620778e+002 +1.2006e+000 +1.7030e-001
24 0 +1.897194453e+001 +1.897194453e+001 -3.239180555e+002 -3.239180555e+002 +3.0302e+000 +1.0038e+000
116 0 +7.715904903e-001 +7.715904903e-001 -3.421184095e+002 -3.421184095e+002 +2.4780e+000 -2.5039e+000
430 0 +5.297058774e-001 +5.297058774e-001 -3.423602941e+002 -3.423602941e+002 +2.5095e+000 -2.4091e+000
1602 0 +4.537820856e-001 +4.537820856e-001 -3.424362179e+002 -3.424362179e+002 +2.1940e+000 -2.8321e+000
2011 0 +3.744883370e-001 +3.744883370e-001 -3.425155117e+002 -3.425155117e+002 +2.2857e+000 -2.7366e+000
3324 0 +3.686538928e-001 +3.686538928e-001 -3.425213461e+002 -3.425213461e+002 +2.1018e+000 -3.0180e+000
3912 0 +1.863239709e-001 +1.863239709e-001 -3.427036760e+002 -3.427036760e+002 +2.1972e+000 -2.8542e+000
4481 0 +1.626744147e-001 +1.626744147e-001 -3.427273256e+002 -3.427273256e+002 +2.1671e+000 -2.8999e+000
5798 0 +1.576935480e-001 +1.576935480e-001 -3.427323065e+002 -3.427323065e+002 +2.1619e+000 -2.9048e+000
% f evaluations | g evaluations | best noise-free fitness - Fopt | noise-free fitness - Fopt (9.102000000000e+001) | measured fitness | best measured fitness | x1 | x2...
1 0 +3.151366042e+000 +3.151366042e+000 +9.417136604e+001 +9.417136604e+001 -1.0187e+000 -1.7844e+000
46 0 +2.849874413e+000 +2.849874413e+000 +9.386987441e+001 +9.386987441e+001 +3.7532e-001 -8.9019e-001
54 0 +2.226370157e+000 +2.226370157e+000 +9.324637016e+001 +9.324637016e+001 +5.0577e-001 -9.1831e-001
232 0 +1.856311991e+000 +1.856311991e+000 +9.287631199e+001 +9.287631199e+001 +1.3305e+000 -5.8094e-001
280 0 +1.444215537e+000 +1.444215537e+000 +9.246421554e+001 +9.246421554e+001 +1.7803e+000 -3.0321e-001
358 0 +1.391173849e+000 +1.391173849e+000 +9.241117385e+001 +9.241117385e+001 +1.3680e+000 -5.4334e-001
756 0 +1.060364388e+000 +1.060364388e+000 +9.208036439e+001 +9.208036439e+001 -3.5654e-001 -1.2929e+000
1134 0 +6.748346329e-001 +6.748346329e-001 +9.169483463e+001 +9.169483463e+001 +1.8721e-001 -1.0165e+000
1367 0 +5.294807834e-001 +5.294807834e-001 +9.154948078e+001 +9.154948078e+001 +3.8152e-001 -9.3070e-001
1937 0 +2.101304582e-001 +2.101304582e-001 +9.123013046e+001 +9.123013046e+001 +5.6584e-001 -8.6904e-001
2150 0 +7.562030783e-002 +7.562030783e-002 +9.109562031e+001 +9.109562031e+001 +5.1246e-001 -8.9611e-001
% f evaluations | g evaluations | best noise-free fitness - Fopt | noise-free fitness - Fopt (7.324200000000e+002) | measured fitness | best measured fitness | x1 | x2...
1 0 +1.635201198e+002 +1.635201198e+002 +8.959401198e+002 +8.959401198e+002 -5.4708e-001 +1.8711e+000
7 0 +1.617384235e+002 +1.617384235e+002 +8.941584235e+002 +8.941584235e+002 +5.5811e-002 +1.2301e+000
8 0 +1.355038747e+002 +1.355038747e+002 +8.679238747e+002 +8.679238747e+002 -6.2421e-001 +1.2399e+000
10 0 +7.890852609e+001 +7.890852609e+001 +8.113285261e+002 +8.113285261e+002 -7.6695e-001 -8.8662e-001
55 0 +7.536920684e+001 +7.536920684e+001 +8.077892068e+002 +8.077892068e+002 -1.9453e+000 -4.4758e-001
74 0 +6.816602175e+001 +6.816602175e+001 +8.005860218e+002 +8.005860218e+002 -3.4085e-001 -2.3176e+000
113 0 +6.145530208e+001 +6.145530208e+001 +7.938753021e+002 +7.938753021e+002 -2.1331e+000 -3.5838e+000
117 0 +3.553192017e+001 +3.553192017e+001 +7.679519202e+002 +7.679519202e+002 -1.3494e+000 -3.0127e+000
128 0 +2.135540320e+001 +2.135540320e+001 +7.537754032e+002 +7.537754032e+002 -2.7279e+000 -2.1370e+000
187 0 +7.830437727e+000 +7.830437727e+000 +7.402504377e+002 +7.402504377e+002 -2.9535e+000 -1.7951e+000
268 0 +4.367189702e+000 +4.367189702e+000 +7.367871897e+002 +7.367871897e+002 -2.7877e+000 -2.1490e+000
280 0 +5.018462678e-001 +5.018462678e-001 +7.329218463e+002 +7.329218463e+002 -2.6233e+000 -2.5377e+000
1038 0 +2.611453002e-001 +2.611453002e-001 +7.326811453e+002 +7.326811453e+002 -2.6260e+000 -2.5584e+000
% f evaluations | g evaluations | best noise-free fitness - Fopt | noise-free fitness - Fopt (3.542000000000e+001) | measured fitness | best measured fitness | x1 | x2...
1 0 +1.354527715e+002 +1.354527715e+002 +1.708727715e+002 +1.708727715e+002 -1.0729e-001 -5.6511e-001
2 0 +1.142373068e+002 +1.142373068e+002 +1.496573068e+002 +1.496573068e+002 -6.1828e-001 -1.1807e+000
3 0 +8.838020956e+001 +8.838020956e+001 +1.238002096e+002 +1.238002096e+002 +6.3499e-001 -6.0209e-001
7 0 +8.279554743e+001 +8.279554743e+001 +1.182155474e+002 +1.182155474e+002 +5.4624e-001 -1.0314e+000
28 0 +4.602314404e+001 +4.602314404e+001 +8.144314404e+001 +8.144314404e+001 +2.0346e+000 -1.5092e+000
33 0 +4.568967408e+001 +4.568967408e+001 +8.110967408e+001 +8.110967408e+001 -1.0791e-001 -2.4173e+000
125 0 +1.974254821e+001 +1.974254821e+001 +5.516254821e+001 +5.516254821e+001 +5.5312e-001 -3.1864e+000
133 0 +9.316626156e+000 +9.316626156e+000 +4.473662616e+001 +4.473662616e+001 -7.0499e-001 -3.9780e+000
201 0 +3.813362665e+000 +3.813362665e+000 +3.923336267e+001 +3.923336267e+001 +1.6982e+000 -3.2134e+000
373 0 +3.037723054e+000 +3.037723054e+000 +3.845772305e+001 +3.845772305e+001 +4.6683e+000 -1.9392e+000
394 0 +3.086798981e-001 +3.086798981e-001 +3.572867990e+001 +3.572867990e+001 +3.7228e+000 -2.3257e+000
