% function evaluation | noise-free fitness - Fopt (-4.620900000000e+02) | best noise-free fitness - Fopt | measured fitness | best measured fitness | x1 | x2...
1 +3.048137413e+03 +3.048137413e+03 +2.586047413e+03 +2.586047413e+03 +2.8588e+00 -3.6316e+00 -1.4140e+00 -3.7879e+00 +3.0856e+00 +1.5545e+00 -4.1128e+00 -1.5359e+00 +3.5804e+00 -1.3079e+00 +4.3733e+00 +1.3630e+00 +2.9769e+00 -1.0742e+00 -2.5486e-01 +2.2778e+00 -4.1173e+00 +2.1845e+00 +1.1333e+00 +4.8638e+00
64 +2.364572522e+03 +2.364572522e+03 +1.902482522e+03 +1.902482522e+03 +2.6339e+00 -3.6094e+00 -1.2158e+00 -3.5660e+00 +3.1620e+00 +1.3149e+00 -3.9852e+00 -1.1356e+00 +4.0404e+00 -1.5064e+00 +2.0806e+00 +9.3026e-02 +2.6580e+00 -1.7553e+00 -2.2736e-01 +1.1990e+00 -4.0274e+00 +2.0989e+00 +1.8346e+00 +5.5946e+00
1198 +1.464441320e+03 +1.464441320e+03 +1.002351320e+03 +1.002351320e+03 +3.8315e+00 +4.1541e+00 +1.1929e+00 -1.8550e+00 -3.9566e-01 -1.5025e+00 +2.0543e+00 -2.8342e+00 +2.6519e+00 -2.8479e+00 +1.7003e+00 +1.7318e+00 -3.1609e+00 +1.7031e+00 +9.3179e-01 -1.1499e+00 +2.4562e+00 +3.6960e+00 +3.5495e-01 -4.0558e-01
1261 +9.320657743e+02 +9.320657743e+02 +4.699757743e+02 +4.699757743e+02 +3.0724e+00 +4.5640e+00 +1.8110e+00 -1.8095e+00 +2.1616e-01 -1.5088e+00 +1.6297e+00 -2.6501e+00 +1.9653e+00 -2.9619e+00 +6.5517e-01 +4.8609e-01 -2.7610e+00 -5.6630e-01 +9.4119e-02 -1.5747e+00 +2.4536e+00 +4.2603e+00 -6.1622e-01 -4.2555e-01
2605 +6.223628224e+02 +6.223628224e+02 +1.602728224e+02 +1.602728224e+02 -1.6179e+00 +1.3702e+00 +4.6030e+00 +3.0333e+00 -2.4386e+00 -2.6099e+00 -4.0678e+00 +3.3485e+00 +1.7636e+00 -1.5109e+00 -7.8289e-02 -3.2825e+00 -4.4407e+00 -1.1842e+00 -2.5668e-01 -9.4586e-01 -6.8959e-01 -9.9372e-01 -3.1389e+00 +3.9652e-01
12412 +3.922403424e+02 +3.922403424e+02 -6.984965757e+01 -6.984965757e+01 -4.2969e+00 +3.3982e+00 -6.0094e-01 +4.0129e+00 +3.1445e+00 +7.4604e-01 +3.7948e+00 +2.5930e+00 +1.8046e+00 -4.5601e+00 -4.6823e-01 -1.3516e+00 +1.1752e+00 -1.9879e+00 -4.0802e+00 -2.4373e+00 -7.3125e-01 -9.3803e-01 -3.5772e+00 +1.1042e+00
78226 +2.384075087e+02 +2.384075087e+02 -2.236824913e+02 -2.236824913e+02 -1.3535e+00 +3.2685e+00 +4.0484e+00 -1.8428e+00 -8.9909e-01 -2.1980e+00 +3.2022e+00 +4.4085e-02 +2.5060e+00 +6.7014e-01 -2.0551e+00 -4.3197e+00 -2.4630e+00 -1.1772e+00 -2.2609e+00 -5.9185e+00 +9.9721e-02 +7.6941e-01 -2.1100e+00 +2.4163e+00
% function evaluation | noise-free fitness - Fopt (7.766000000000e+01) | best noise-free fitness - Fopt | measured fitness | best measured fitness | x1 | x2...
1 +5.197044760e+03 +5.197044760e+03 +5.274704760e+03 +5.274704760e+03 -1.1014e+00 -1.3050e+00 +1.8695e+00 +9.2707e-01 +2.6483e+00 +1.5989e+00 -2.6568e+00 +4.5556e+00 +1.4215e+00 -4.1971e+00 -2.3655e-01 +1.8334e+00 -2.6598e+00 -2.4942e+00 +2.8392e+00 +2.6444e+00 -4.8196e+00 -2.5599e+00 +1.1142e+00 +3.2955e+00
22 +2.928217564e+03 +2.928217564e+03 +3.005877564e+03 +3.005877564e+03 -1.0962e+00 -1.3030e+00 +1.8799e+00 +9.0806e-01 +2.6398e+00 +1.5457e+00 -2.6721e+00 +4.5591e+00 +1.3939e+00 -4.2196e+00 -2.7158e-01 +1.7822e+00 -2.6615e+00 -2.5337e+00 +2.6164e+00 +2.6664e+00 -4.8358e+00 -2.5700e+00 +1.1728e+00 +2.2955e+00
43 +2.100536250e+03 +2.100536250e+03 +2.178196250e+03 +2.178196250e+03 -1.0827e+00 -1.2982e+00 +1.9059e+00 +8.6808e-01 +2.6141e+00 +1.5015e+00 -2.7150e+00 +4.5719e+00 +1.3143e+00 -4.2859e+00 -3.3722e-01 +1.7272e+00 -2.6627e+00 -2.5284e+00 +2.0722e+00 +2.7089e+00 -4.8502e+00 -2.6192e+00 +1.2679e+00 +1.6835e+00
64 +8.395929263e+02 +8.395929263e+02 +9.172529263e+02 +9.172529263e+02 -8.7413e-01 -1.2250e+00 +2.3009e+00 +3.2168e-01 +2.1757e+00 +1.2032e+00 -3.3884e+00 +4.8177e+00 +2.2513e-01 -5.2478e+00 -1.0456e+00 +1.1303e+00 -2.6721e+00 -2.4702e+00 -3.6758e+00 +3.2655e+00 -4.9755e+00 -3.4050e+00 +1.9566e+00 -7.5436e+00
232 +6.125519612e+02 +6.125519612e+02 +6.902119612e+02 +6.902119612e+02 -3.5399e-01 -7.3773e-01 +1.5737e+00 +5.4635e-01 +2.9541e+00 +7.1257e-01 -3.6016e+00 +4.4147e+00 +6.7602e-01 -5.5635e+00 +3.8782e-01 +1.1571e+00 -2.6492e+00 -2.4301e+00 -7.6273e-01 +1.3504e+00 -4.4397e+00 -3.3384e+00 +1.4091e+00 -2.6333e+00
16570 +3.798865454e+02 +3.798865454e+02 +4.575465454e+02 +4.575465454e+02 +5.1841e-01 +1.1725e-01 -2.1646e+00 +1.6983e+00 -4.2034e+00 -4.1514e+00 -8.0880e-01 -6.0376e-01 +1.8727e+00 -9.5804e-01 +2.9074e+00 +1.5564e+00 +2.9776e+00 -1.0864e+00 -5.0770e+00 +3.3938e+00 -3.0501e+00 -4.4142e+00 +3.8813e+00 -4.6352e+00
82111 +2.461902870e+02 +2.461902870e+02 +3.238502870e+02 +3.238502870e+02 +4.9608e-01 -7.9758e-01 -1.2486e+00 +9.0819e-01 -8.3757e-01 -1.9469e+00 -7.4868e-01 -6.7737e-01 -1.5750e+00 -3.8373e+00 +3.5728e+00 +2.0386e+00 +2.9345e-01 +5.7523e-01 -2.5617e+00 +9.3641e-01 -2.0934e+00 -4.3490e+00 +2.1921e+00 -5.3307e+00
% function evaluation | noise-free fitness - Fopt (1.156800000000e+02) | best noise-free fitness - Fopt | measured fitness | best measured fitness | x1 | x2...
1 +1.979276151e+03 +1.979276151e+03 +2.094956151e+03 +2.094956151e+03 -2.9263e+00 -4.1327e+00 -5.2986e-02 +3.7320e+00 -1.8389e+00 -2.0290e+00 +3.7714e+00 -4.4052e+00 -2.7535e+00 +3.3880e+00 -2.2188e+00 -2.6134e+00 +2.1760e+00 +2.6087e+00 +2.6808e+00 +4.1565e+00 -3.8050e+00 +2.4614e+00 +4.3970e+00 -1.1574e+00
43 +1.483909298e+03 +1.483909298e+03 +1.599589298e+03 +1.599589298e+03 -3.3177e+00 -3.6810e+00 +4.1948e-01 +3.9301e+00 -2.2553e+00 -1.6889e+00 +3.8949e+00 -4.7085e+00 -3.5806e+00 +2.4300e+00 -2.5497e+00 -3.0591e+00 +1.9564e+00 +3.3920e+00 +5.6396e-01 +2.0388e+00 -4.6657e+00 +3.9391e+00 +5.8883e+00 -1.9735e+00
232 +9.583112674e+02 +9.583112674e+02 +1.073991267e+03 +1.073991267e+03 -2.4542e+00 -4.1268e+00 -1.4174e-01 +4.4267e+00 -1.8443e+00 -1.7445e+00 +1.1290e+00 -3.0060e+00 -2.8766e+00 +2.3798e+00 -2.4582e+00 -2.0326e+00 +1.3580e+00 +4.0189e+00 -1.4621e+00 +4.5584e-01 -2.6769e+00 +3.3481e+00 +1.1899e+00 -1.6514e+00
2815 +5.496680184e+02 +5.496680184e+02 +6.653480184e+02 +6.653480184e+02 -3.6002e+00 -4.9824e-01 -1.7579e+00 +3.1131e+00 +1.7656e+00 -3.4182e+00 -4.1090e+00 +6.8537e-01 -3.4211e+00 -2.2160e+00 -9.5690e-01 -5.2641e+00 -1.1869e+00 -2.2215e+00 -1.4133e+00 +1.3023e+00 +7.8613e-01 +1.2216e+00 +3.1731e+00 -3.9342e-01
2941 +3.953860239e+02 +3.953860239e+02 +5.110660239e+02 +5.110660239e+02 -3.8388e+00 -6.3444e-01 -1.3698e+00 +3.0873e+00 +1.7682e+00 -3.2413e+00 -4.2671e+00 +5.1786e-01 -3.3325e+00 -2.5618e+00 -1.1173e+00 -5.3173e+00 -1.3415e+00 -2.0746e+00 -2.0162e+00 +1.2735e+00 +6.9780e-01 +2.2493e+00 +2.6743e+00 +6.0282e-01
% function evaluation | noise-free fitness - Fopt (-3.710000000000e+00) | best noise-free fitness - Fopt | measured fitness | best measured fitness | x1 | x2...
1 +3.397160905e+03 +3.397160905e+03 +3.393450905e+03 +3.393450905e+03 -2.9741e+00 -1.1122e+00 +2.3240e+00 +7.0697e-01 -3.1889e+00 +2.0822e+00 +1.6549e+00 +1.3628e+00 +3.4000e+00 +4.1439e+00 +2.0770e+00 -3.4757e+00 +1.2873e+00 -2.4864e+00 -4.4124e+00 +4.2906e+00 +3.4179e+00 +4.4423e+00 +2.7431e+00 -4.5111e+00
22 +2.335507183e+03 +2.335507183e+03 +2.331797183e+03 +2.331797183e+03 -3.0050e+00 -1.1512e+00 +2.3869e+00 +6.5437e-01 -3.2114e+00 +2.1339e+00 +1.6383e+00 +1.4326e+00 +3.1544e+00 +3.9765e+00 +2.1494e+00 -3.5041e+00 +1.2281e+00 -2.4960e+00 -4.2997e+00 +3.2906e+00 +3.5048e+00 +4.2198e+00 +2.9098e+00 -4.4434e+00
43 +7.443734826e+02 +7.443734826e+02 +7.406634826e+02 +7.406634826e+02 -3.2836e+00 -1.5023e+00 +2.9535e+00 +1.8103e-01 -3.4142e+00 +2.5995e+00 +1.4890e+00 +2.0602e+00 +9.4402e-01 +2.4692e+00 +2.8009e+00 -3.7598e+00 +6.9528e-01 -2.5821e+00 -3.2852e+00 -5.7094e+00 +4.2875e+00 +2.2168e+00 +4.4101e+00 -3.8339e+00
421 +6.263332639e+02 +6.263332639e+02 +6.226232639e+02 +6.226232639e+02 -3.1547e+00 -1.3313e+00 +2.6314e+00 +5.8603e-01 -3.5285e+00 +2.8671e+00 +1.3817e+00 +2.6254e+00 +8.4337e-01 +2.4171e+00 +2.6920e+00 -3.6324e+00 +6.2703e-01 -2.6733e+00 -3.3229e+00 -5.7399e+00 +4.2907e+00 +2.3377e+00 +4.2124e+00 -3.8975e+00
13777 +3.969914915e+02 +3.969914915e+02 +3.932814915e+02 +3.932814915e+02 +2.1131e+00 +3.9052e-01 -9.5251e-01 -2.2485e-01 -1.5845e+00 -1.6411e+00 -1.9103e+00 +2.5012e-01 -2.3152e+00 -2.8101e+00 -5.8809e-01 -2.0123e+00 +3.1218e+00 -1.7287e+00 -1.6334e+00 -5.7628e+00 +4.0832e-01 +2.3135e+00 +2.8248e+00 -4.3936e+00
% function evaluation | noise-free fitness - Fopt (1.321800000000e+02) | best noise-free fitness - Fopt | measured fitness | best measured fitness | x1 | x2...
1 +2.885737406e+03 +2.885737406e+03 +3.017917406e+03 +3.017917406e+03 -2.1168e+00 +4.0646e+00 -4.2282e+00 -3.0512e+00 -3.5679e+00 -3.8358e-01 +2.4081e+00 -3.1501e+00 -4.3600e+00 -5.9454e-01 +1.8080e+00 -3.6073e-01 -2.4117e+00 +7.6961e-01 -1.1793e+00 +1.5719e+00 +4.0718e+00 +7.5684e-01 +4.7239e+00 +4.2487e+00
22 +1.792064635e+03 +1.792064635e+03 +1.924244635e+03 +1.924244635e+03 -2.1114e+00 +4.1009e+00 -4.0457e+00 -2.8819e+00 -3.4502e+00 -3.6512e-01 +2.1298e+00 -3.2411e+00 -4.1922e+00 -8.5672e-01 +2.0519e+00 -3.9727e-01 -2.1399e+00 +1.0008e+00 -1.4509e+00 +1.7807e+00 +4.3024e+00 +1.1135e+00 +3.7239e+00 +4.2547e+00
43 +1.061185340e+03 +1.061185340e+03 +1.193365340e+03 +1.193365340e+03 -2.0932e+00 +4.1783e+00 -3.6930e+00 -2.5660e+00 -3.0142e+00 -3.2471e-01 +2.0373e+00 -3.2232e+00 -3.7965e+00 -8.7302e-01 +2.4767e+00 -6.3979e-01 -1.8450e+00 +1.1622e+00 -2.6465e+00 +2.5761e+00 +4.4193e+00 +1.8507e+00 +1.6836e+00 +4.4814e+00
64 +8.797411315e+02 +8.797411315e+02 +1.011921132e+03 +1.011921132e+03 -2.0792e+00 +4.1894e+00 -3.6720e+00 -2.5627e+00 -2.9777e+00 -3.1219e-01 +2.0324e+00 -3.1810e+00 -3.7540e+00 -7.5737e-01 +2.5239e+00 -5.4090e-01 -1.9510e+00 +1.1130e+00 -2.9793e+00 +2.7973e+00 +4.5225e+00 +1.8715e+00 +1.4924e+00 +3.7094e+00
127 +5.288363594e+02 +5.288363594e+02 +6.610163594e+02 +6.610163594e+02 -1.9145e+00 +4.2009e+00 -3.7192e+00 -2.8058e+00 -3.1087e+00 -2.3271e-01 +1.6179e+00 -3.2719e+00 -3.4677e+00 +1.2154e-01 +1.9691e+00 -5.8813e-01 -2.0020e+00 +5.5323e-01 -3.9184e+00 +3.1524e+00 +2.9976e+00 +1.4343e+00 -3.4250e-03 +8.8766e-01
421 +3.791729581e+02 +3.791729581e+02 +5.113529581e+02 +5.113529581e+02 -1.7701e+00 +4.1854e+00 -3.9310e+00 -2.8261e+00 -3.3450e+00 -2.4186e-01 +1.3498e+00 -3.2071e+00 -3.3754e+00 +4.5288e-01 +1.8702e+00 -5.7668e-01 -1.9576e+00 +5.0803e-01 -4.4338e+00 +3.3779e+00 +2.5084e+00 +1.2957e+00 -7.6073e-01 -1.2470e-01
% function evaluation | noise-free fitness - Fopt (-4.620900000000e+02) | best noise-free fitness - Fopt | measured fitness | best measured fitness | x1 | x2...
1 +3.625514076e+03 +3.625514076e+03 +3.163424076e+03 +3.163424076e+03 -1.2621e+00 +3.2280e+00 -1.9752e-01 +2.6066e+00 -2.4450e+00 -3.0913e+00 +3.4032e+00 -3.1570e+00 -4.1479e-01 +2.9409e-01 -3.5810e-01 -2.5874e+00 +4.4545e+00 +4.6774e+00 -1.9870e+00 -2.8481e+00 +7.5865e-01 +1.5605e+00 +2.9459e+00 -4.0747e-01
43 +2.399159047e+03 +2.399159047e+03 +1.937069047e+03 +1.937069047e+03 -1.3391e+00 +3.2635e+00 -2.4760e-01 +2.5021e+00 -2.4423e+00 -3.1098e+00 +3.3531e+00 -3.0756e+00 -4.3141e-01 +2.0828e-01 -5.1487e-01 -2.4768e+00 +4.2396e+00 +4.0198e+00 -1.8785e+00 -2.8994e+00 +4.0982e-01 +1.6119e+00 +1.8624e+00 -4.2313e-01
64 +1.247214543e+03 +1.247214543e+03 +7.851245427e+02 +7.851245427e+02 -1.6124e+00 +3.3841e+00 -5.0326e-01 +2.1361e+00 -2.4304e+00 -3.1917e+00 +3.1817e+00 -2.6489e+00 -5.2147e-01 -2.4068e-01 -1.5251e+00 -2.0063e+00 +3.9357e+00 +1.7101e+00 -1.3431e+00 -4.1309e+00 -1.0636e+00 +1.0728e+00 +1.1114e+00 -4.0895e-01
85 +7.951092422e+02 +7.951092422e+02 +3.330192422e+02 +3.330192422e+02 -1.8931e+00 +3.3991e+00 -7.8205e-01 +1.7581e+00 -2.4210e+00 -3.2566e+00 +3.0105e+00 -2.2456e+00 -6.7983e-01 -7.3086e-01 -2.5719e+00 -1.5621e+00 +3.4058e+00 -1.0380e+00 -8.8888e-01 -5.4510e+00 -2.7695e+00 +5.8158e-01 +5.8087e-02 -4.2320e-01
190 +6.111480526e+02 +6.111480526e+02 +1.490580526e+02 +1.490580526e+02 -1.9636e+00 +3.1620e+00 -5.9188e-01 +1.5026e+00 -2.4367e+00 -3.1518e+00 +3.2537e+00 -2.0485e+00 -7.5661e-01 -5.0268e-01 -2.7694e+00 -2.1848e+00 +3.4599e+00 -1.0038e+00 -9.3458e-01 -5.3907e+00 -2.5840e+00 +8.4946e-01 -1.7392e-01 -4.2151e-01
5860 +3.904883764e+02 +3.904883764e+02 -7.160162364e+01 -7.160162364e+01 -2.3430e+00 -4.7712e-01 +5.6805e-01 +8.0792e-01 -9.1634e-01 +1.7684e+00 +4.9593e+00 -4.1080e+00 +1.9311e+00 +6.4914e-01 -1.3020e+00 -1.3341e+00 -1.9334e+00 -2.2598e+00 -1.8369e+00 -1.8989e+00 -7.5095e-01 +1.6523e+00 -8.4979e-01 +1.8281e+00
% function evaluation | noise-free fitness - Fopt (7.766000000000e+01) | best noise-free fitness - Fopt | measured fitness | best measured fitness | x1 | x2...
1 +7.752703723e+03 +7.752703723e+03 +7.830363723e+03 +7.830363723e+03 +4.0750e+00 +3.4462e+00 -2.9122e+00 +1.2318e+00 +1.3088e+00 -4.9135e+00 -3.8227e+00 +6.7263e-01 +4.8016e+00 -8.0627e-01 +4.1404e+00 +1.9867e+00 +4.5204e+00 -2.1551e+00 -4.8524e+00 -3.8493e+00 +3.4436e+00 -3.1337e-03 -4.2322e+00 +4.1225e+00
22 +4.995055428e+03 +4.995055428e+03 +5.072715428e+03 +5.072715428e+03 +4.0805e+00 +3.4730e+00 -2.9132e+00 +1.2333e+00 +1.2481e+00 -4.9247e+00 -3.7835e+00 +7.1487e-01 +4.8265e+00 -8.6693e-01 +4.1220e+00 +2.0635e+00 +4.5944e+00 -2.1177e+00 -4.8924e+00 -3.8454e+00 +3.5120e+00 +4.1086e-02 -4.2439e+00 +3.1225e+00
43 +1.605021498e+03 +1.605021498e+03 +1.682681498e+03 +1.682681498e+03 +4.1104e+00 +3.5997e+00 -2.9174e+00 +1.2410e+00 +9.7509e-01 -4.9667e+00 -3.5784e+00 +7.7116e-01 +4.8447e+00 -1.0296e+00 +3.9386e+00 +2.1628e+00 +4.2588e+00 -1.9758e+00 -5.0531e+00 -3.8165e+00 +2.4369e+00 +3.0219e-01 -4.3420e+00 -3.1632e-01
64 +1.373234405e+03 +1.373234405e+03 +1.450894405e+03 +1.450894405e+03 +4.1443e+00 +3.6685e+00 -2.9193e+00 +1.2489e+00 +9.5957e-01 -4.9757e+00 -3.4921e+00 +7.7647e-01 +4.8089e+00 -1.0146e+00 +4.0699e+00 +1.9911e+00 +4.0835e+00 -2.0333e+00 -5.0141e+00 -3.7561e+00 +2.1436e+00 +5.4149e-01 -4.2975e+00 -1.8787e+00
1219 +9.874611050e+02 +9.874611050e+02 +1.065121105e+03 +1.065121105e+03 +2.3846e+00 -2.6407e+00 -3.9947e+00 -1.7798e+00 +4.5058e-01 +4.8714e+00 +9.6270e-01 -3.7761e+00 -3.5557e+00 -2.3454e+00 -2.7575e+00 +1.7446e-01 +1.6221e+00 -4.8357e+00 -2.4349e+00 +4.9928e-01 -2.5850e+00 -2.4388e-01 -3.9738e+00 -5.4160e+00
4285 +5.999995933e+02 +5.999995933e+02 +6.776595933e+02 +6.776595933e+02 -1.4130e+00 +1.6171e+00 +1.4013e+00 -3.7740e+00 -4.8126e+00 -5.8906e-01 -1.2479e-01 -3.1945e+00 +7.8484e-01 +3.1929e-01 +1.4425e+00 +2.2734e+00 -1.2697e+00 +1.4062e+00 -2.6705e+00 +8.3340e-01 -1.6145e+00 -4.8827e-01 +1.7904e+00 -1.9972e+00
56743 +3.976810175e+02 +3.976810175e+02 +4.753410175e+02 +4.753410175e+02 -6.4541e-01 +1.8297e+00 +1.1235e+00 -1.7805e+00 -2.4598e+00 +3.8276e+00 -4.3268e+00 +1.2818e+00 +1.9978e+00 -1.4909e+00 +1.4651e+00 -2.4939e+00 -1.8789e-01 -2.8576e+00 -4.9672e+00 -1.1203e+00 -3.0247e+00 -4.8856e+00 +1.7622e+00 -3.7570e+00
% function evaluation | noise-free fitness - Fopt (1.156800000000e+02) | best noise-free fitness - Fopt | measured fitness | best measured fitness | x1 | x2...
1 +1.511882938e+03 +1.511882938e+03 +1.627562938e+03 +1.627562938e+03 +1.3936e+00 -1.1169e+00 +2.4164e+00 +1.9533e+00 -1.0027e+00 -5.9511e-01 -4.2304e+00 +4.3037e+00 +4.5343e+00 -1.3481e+00 +2.6275e+00 -4.6243e+00 -4.8626e+00 +2.1365e+00 -2.5326e+00 -2.0830e+00 -3.1189e+00 +4.7855e+00 -4.7596e+00 -2.5249e+00
1240 +9.842263678e+02 +9.842263678e+02 +1.099906368e+03 +1.099906368e+03 -2.1846e+00 +3.4981e+00 +2.9109e-01 -4.6435e+00 -2.4364e-01 -3.6471e+00 +3.5484e+00 -1.8143e-02 -6.3002e-01 -1.6039e+00 -4.5048e-01 -2.9849e+00 -4.7398e+00 +2.2713e+00 -2.0055e+00 -1.9796e+00 +3.1041e-01 +5.1865e+00 -6.4721e-01 -4.7599e+00
1975 +6.222112333e+02 +6.222112333e+02 +7.378912333e+02 +7.378912333e+02 -2.1774e+00 +3.5472e+00 +2.8327e-01 -4.7076e+00 +5.6215e-01 -5.4461e+00 -4.2103e-01 +3.7636e-01 -1.7874e+00 +1.1020e-01 -1.6913e+00 -3.6588e+00 -2.8963e+00 +1.8553e+00 -2.0705e+00 +1.1127e-01 +2.0496e+00 +5.0906e+00 +3.6944e-01 -4.3885e+00
83938 +3.954434527e+02 +3.954434527e+02 +5.111234527e+02 +5.111234527e+02 -1.1494e+00 -1.9515e+00 +1.8526e-01 +3.9985e+00 +1.2199e+00 +6.4244e-01 -4.3008e+00 -1.9095e+00 -1.2830e+00 +1.0740e-01 +3.7818e+00 -2.8240e+00 -2.8770e+00 +2.6538e+00 -4.2251e+00 +2.0259e+00 -1.5682e+00 +3.8185e+00 +6.8702e-01 -5.8279e-01
