% function evaluation | noise-free fitness - Fopt (-5.465000000000e+02) | best noise-free fitness - Fopt | measured fitness | best measured fitness | x1 | x2...
1 +2.482372264e+05 +2.482372264e+05 +2.476907264e+05 +2.476907264e+05 +4.7127e+00 -4.0215e+00 +3.1032e+00 +3.6115e+00 +1.6274e+00 +4.2997e-01 +2.0574e+00 +7.9941e-01 +8.3687e-01 -3.7348e+00 -2.1290e+00 +4.1459e+00 +2.3409e+00 +2.4875e-01 -3.1451e-01 +3.7967e-01 +3.2370e+00 -2.3679e+00 -5.1583e-01 +3.9599e-01 -4.7034e+00 -4.0070e-01 -2.2769e+00 +9.9568e-01 +2.1347e+00 -2.3430e+00 +1.0478e+00 +3.4623e+00 +4.0459e+00 -1.0229e+00 +2.2286e+00 +1.4798e+00 -3.8473e+00 -9.5285e-01 -6.6326e-01 +2.5595e+00 -1.9313e+00 +4.9291e+00 -4.3031e+00 +1.8184e+00
42 +1.422810042e+05 +1.422810042e+05 +1.417345042e+05 +1.417345042e+05 +4.6095e+00 -3.9031e+00 +3.1156e+00 +3.5618e+00 +1.6274e+00 +4.1885e-01 +2.0129e+00 +7.9943e-01 +7.9381e-01 -3.5286e+00 -2.0041e+00 +4.0937e+00 +2.3092e+00 +2.4879e-01 -3.1189e-01 +3.7470e-01 +3.2074e+00 -2.3401e+00 -5.1582e-01 +5.2280e-01 -4.1466e+00 -1.2265e-01 -1.9597e+00 +1.0728e+00 +1.8261e+00 -2.3798e+00 +9.1628e-01 +3.5631e+00 +3.2619e+00 -5.2379e-01 +2.2286e+00 +1.4010e+00 -3.5837e+00 -6.3243e-01 +3.7433e-02 +1.5833e+00 -1.7357e+00 +3.9291e+00 -3.5923e+00 +1.1809e+00
83 +1.285755154e+04 +1.285755154e+04 +1.231105154e+04 +1.231105154e+04 +4.0618e+00 -3.2709e+00 +3.1821e+00 +3.2963e+00 +1.6274e+00 +3.6034e-01 +1.7791e+00 +7.9955e-01 +5.7694e-01 -2.4928e+00 -1.3892e+00 +3.8133e+00 +2.1579e+00 +2.4898e-01 -2.9792e-01 +3.4435e-01 +3.0702e+00 -2.2128e+00 -5.1565e-01 +1.0886e+00 -1.7207e+00 +8.5743e-01 -6.2083e-01 +1.4008e+00 +5.1573e-01 -2.5359e+00 +4.4290e-01 +3.5444e+00 +5.4311e-01 +1.0146e+00 +2.2290e+00 +1.1094e+00 -2.5594e+00 +8.3636e-02 +1.2548e+00 -8.7598e-01 -1.4218e+00 +2.2087e+00 -2.2551e+00 -8.9755e-01
124 +5.538980005e+03 +5.538980005e+03 +4.992480005e+03 +4.992480005e+03 +3.7618e+00 -2.9193e+00 +3.2192e+00 +3.1481e+00 +1.6274e+00 +3.2904e-01 +1.6541e+00 +7.9960e-01 +4.7396e-01 -2.0042e+00 -1.1168e+00 +3.6571e+00 +2.0982e+00 +2.4910e-01 -2.9044e-01 +3.2393e-01 +3.0189e+00 -2.1679e+00 -5.1558e-01 +1.2769e+00 -9.5525e-01 +9.9834e-01 -2.4884e-01 +1.4894e+00 +1.6143e-01 -2.5888e+00 +3.3317e-01 +3.2230e+00 +1.7347e-01 +1.1280e+00 +2.2292e+00 +1.0774e+00 -2.4763e+00 +2.7217e-01 +1.3353e+00 -1.0519e+00 -1.4017e+00 +2.0824e+00 -2.1127e+00 -1.0518e+00
165 +1.375992135e+03 +1.375992135e+03 +8.294921350e+02 +8.294921350e+02 +3.2598e+00 -2.3236e+00 +3.2823e+00 +2.8961e+00 +1.6274e+00 +2.7770e-01 +1.4491e+00 +7.9967e-01 +3.2076e-01 -1.2808e+00 -7.3377e-01 +3.3962e+00 +2.0272e+00 +2.4933e-01 -2.7867e-01 +2.8850e-01 +2.9551e+00 -2.1170e+00 -5.1549e-01 +1.4883e+00 -9.5414e-02 +1.1458e+00 +1.1332e-01 +1.5679e+00 -1.5183e-01 -2.6581e+00 +1.8032e-01 +2.7913e+00 -1.0543e-01 +1.2641e+00 +2.2296e+00 +1.0490e+00 -2.3843e+00 +3.6909e-01 +1.4416e+00 -1.2685e+00 -1.3744e+00 +1.9288e+00 -1.9832e+00 -1.2353e+00
206 +4.734763840e+02 +4.734763840e+02 -7.302361604e+01 -7.302361604e+01 +2.9457e+00 -1.9417e+00 +3.3229e+00 +2.7338e+00 +1.6274e+00 +2.4673e-01 +1.3257e+00 +7.9965e-01 +2.4421e-01 -9.2252e-01 -5.6503e-01 +3.2341e+00 +2.0033e+00 +2.4952e-01 -2.7241e-01 +2.6731e-01 +2.9318e+00 -2.0995e+00 -5.1544e-01 +1.5608e+00 +2.0115e-01 +1.2040e+00 +2.4594e-01 +1.5976e+00 -2.7098e-01 -2.6823e+00 +1.2305e-01 +2.6612e+00 -2.3401e-01 +1.3238e+00 +2.2299e+00 +1.0361e+00 -2.3436e+00 +4.1624e-01 +1.4885e+00 -1.3637e+00 -1.3623e+00 +1.8608e+00 -1.9245e+00 -1.3160e+00
247 +6.462441183e+01 +6.462441183e+01 -4.818755882e+02 -4.818755882e+02 +2.6093e+00 -1.5204e+00 +3.3677e+00 +2.5543e+00 +1.6275e+00 +2.1481e-01 +1.1985e+00 +7.9958e-01 +1.8100e-01 -6.2951e-01 -4.4796e-01 +3.0616e+00 +1.9799e+00 +2.4978e-01 -2.6716e-01 +2.4933e-01 +2.9101e+00 -2.0822e+00 -5.1535e-01 +1.6318e+00 +4.9157e-01 +1.2606e+00 +3.7596e-01 +1.6269e+00 -3.8773e-01 -2.7046e+00 +7.1410e-02 +2.5335e+00 -3.5923e-01 +1.3817e+00 +2.2302e+00 +1.0236e+00 -2.3045e+00 +4.6237e-01 +1.5339e+00 -1.4555e+00 -1.3507e+00 +1.7952e+00 -1.8672e+00 -1.3937e+00
288 +8.912965288e+00 +8.912965288e+00 -5.375870347e+02 -5.375870347e+02 +2.4514e+00 -1.3089e+00 +3.3901e+00 +2.4639e+00 +1.6276e+00 +2.0097e-01 +1.1436e+00 +7.9949e-01 +1.5265e-01 -4.9670e-01 -3.9042e-01 +2.9860e+00 +1.9687e+00 +2.4998e-01 -2.6505e-01 +2.4196e-01 +2.8996e+00 -2.0739e+00 -5.1530e-01 +1.6656e+00 +6.2984e-01 +1.2876e+00 +4.3789e-01 +1.6409e+00 -4.4332e-01 -2.7151e+00 +4.6846e-02 +2.4728e+00 -4.1882e-01 +1.4092e+00 +2.2304e+00 +1.0176e+00 -2.2861e+00 +4.8433e-01 +1.5554e+00 -1.4991e+00 -1.3451e+00 +1.7640e+00 -1.8399e+00 -1.4307e+00
370 +5.697213545e+00 +5.697213545e+00 -5.408027865e+02 -5.408027865e+02 +2.4078e+00 -1.2459e+00 +3.3758e+00 +2.4341e+00 +1.6277e+00 +1.9729e-01 +1.1293e+00 +7.9933e-01 +1.4477e-01 -4.5916e-01 -3.7387e-01 +2.9661e+00 +1.9653e+00 +2.5023e-01 -2.6480e-01 +2.4026e-01 +2.8963e+00 -2.0712e+00 -5.1528e-01 +1.6751e+00 +6.6889e-01 +1.2951e+00 +4.5519e-01 +1.6447e+00 -4.5665e-01 -2.7090e+00 +4.0025e-02 +2.4560e+00 -4.3550e-01 +1.4167e+00 +2.2307e+00 +1.0159e+00 -2.2813e+00 +4.9057e-01 +1.5611e+00 -1.5112e+00 -1.3433e+00 +1.7550e+00 -1.8323e+00 -1.4412e+00
493 +3.941359650e+00 +3.941359650e+00 -5.425586403e+02 -5.425586403e+02 +2.3811e+00 -1.2119e+00 +3.3060e+00 +2.4084e+00 +1.6279e+00 +1.9527e-01 +1.1228e+00 +7.9868e-01 +1.4115e-01 -4.3931e-01 -3.6566e-01 +2.9543e+00 +1.9630e+00 +2.5117e-01 -2.6609e-01 +2.4092e-01 +2.8930e+00 -2.0686e+00 -5.1525e-01 +1.6803e+00 +6.8918e-01 +1.2985e+00 +4.6349e-01 +1.6462e+00 -4.5952e-01 -2.6908e+00 +3.6901e-02 +2.4486e+00 -4.4373e-01 +1.4199e+00 +2.2316e+00 +1.0147e+00 -2.2808e+00 +4.9403e-01 +1.5630e+00 -1.5167e+00 -1.3412e+00 +1.7495e+00 -1.8288e+00 -1.4472e+00
2461 +2.511563741e+00 +2.511563741e+00 -5.439884363e+02 -5.439884363e+02 +2.4712e+00 -1.2164e+00 +2.9085e+00 +2.2989e+00 +1.6384e+00 +1.2182e-01 +1.0092e+00 +7.1735e-01 +2.1325e-01 -3.2601e-01 -3.8830e-01 +2.7827e+00 +1.9064e+00 +3.1404e-01 -3.2191e-01 +2.4134e-01 +2.6959e+00 -1.9352e+00 -5.3566e-01 +1.7447e+00 +7.1765e-01 +1.2625e+00 +4.2859e-01 +1.6346e+00 -4.6444e-01 -2.5075e+00 +1.3410e-01 +2.6540e+00 -4.1427e-01 +1.3676e+00 +2.2937e+00 +9.4902e-01 -2.4223e+00 +6.4684e-01 +1.4835e+00 -1.4647e+00 -1.3380e+00 +1.6984e+00 -1.8382e+00 -1.4617e+00
49037 +1.584800249e+00 +1.584800249e+00 -5.449151998e+02 -5.449151998e+02 +2.5017e+00 -1.2148e+00 -1.4067e+00 -2.9980e+00 -1.3418e+00 -2.9604e+00 +1.9664e+00 +3.1081e+00 -1.8500e+00 -1.3624e+00 +2.9744e+00 -1.4409e+00 -2.4058e-01 +4.4671e-01 +3.5108e-01 -2.5454e+00 +1.9822e+00 -2.1290e+00 -1.4601e+00 -3.6237e-01 +2.3045e+00 +1.0088e-01 +7.1229e-01 +1.0669e+00 -1.0101e+00 -1.5340e+00 -2.2677e+00 +4.4890e-01 -9.4515e-01 +2.3919e+00 +5.3207e-01 +2.0607e+00 -2.1278e+00 +1.7046e+00 +8.8596e-01 -1.1071e+00 -1.9744e+00 +1.2137e+00 -1.7507e+00 -2.2018e+00
% function evaluation | noise-free fitness - Fopt (1.000000000000e+03) | best noise-free fitness - Fopt | measured fitness | best measured fitness | x1 | x2...
1 +3.260555606e+05 +3.260555606e+05 +3.270555606e+05 +3.270555606e+05 -3.2256e+00 +3.0309e-01 -2.8580e+00 +1.6171e+00 -4.0694e+00 -3.7015e+00 +4.7352e+00 -4.9458e+00 -3.3883e+00 +1.9675e+00 +4.6497e+00 +9.0092e-01 -4.8714e+00 +3.9393e+00 +1.0581e+00 -7.1621e-02 +9.8095e-01 -1.6503e+00 -1.9419e-01 +2.8047e+00 -4.9094e+00 +2.6354e+00 -4.8712e+00 -2.0770e+00 -1.5967e+00 +1.2580e+00 -3.9917e+00 -3.0127e+00 +2.6927e+00 -3.0068e+00 +5.6991e-01 +2.1431e+00 +1.9400e+00 -4.7866e+00 -4.9248e+00 -3.3346e+00 -1.0567e+00 +1.9510e+00 -2.5473e+00 -3.1643e+00
42 +2.198167681e+05 +2.198167681e+05 +2.208167681e+05 +2.208167681e+05 -3.2060e+00 +3.0307e-01 -2.8579e+00 +1.6230e+00 -4.0582e+00 -3.6102e+00 +4.5133e+00 -4.7410e+00 -3.3908e+00 +1.9044e+00 +4.4203e+00 +8.5409e-01 -4.8083e+00 +3.7853e+00 +9.5754e-01 -8.4150e-02 +9.3075e-01 -1.6503e+00 -1.9416e-01 +2.8990e+00 -4.4384e+00 +2.2945e+00 -4.7230e+00 -2.0284e+00 -1.6348e+00 +1.1327e+00 -3.9690e+00 -2.6709e+00 +2.8052e+00 -2.5201e+00 +8.3242e-01 +1.6735e+00 +1.8219e+00 -4.1462e+00 -4.4171e+00 -2.6281e+00 -1.4081e+00 +1.2854e+00 -2.7973e+00 -2.1643e+00
83 +2.636075455e+04 +2.636075455e+04 +2.736075455e+04 +2.736075455e+04 -3.0645e+00 +3.0298e-01 -2.8578e+00 +1.6658e+00 -3.9662e+00 -3.0022e+00 +3.0121e+00 -3.3474e+00 -3.3981e+00 +1.5195e+00 +2.8820e+00 +5.7356e-01 -4.3375e+00 +2.7736e+00 +3.3006e-01 -1.6492e-01 +6.0739e-01 -1.6503e+00 -1.6224e-01 +3.3132e+00 -1.7338e+00 +3.7157e-01 -3.7276e+00 -1.8066e+00 -1.8601e+00 +4.4314e-01 -3.5886e+00 -7.9635e-01 +3.3452e+00 -3.4010e-01 +1.4396e+00 -4.1246e-01 +1.4500e+00 -1.9331e+00 -2.2622e+00 +2.1636e-01 -1.3326e+00 -7.8067e-01 -3.5097e+00 +6.8293e-01
124 +9.873227154e+03 +9.873227154e+03 +1.087322715e+04 +1.087322715e+04 -2.9839e+00 +3.0291e-01 -2.8577e+00 +1.6911e+00 -3.8992e+00 -2.7278e+00 +2.3008e+00 -2.6742e+00 -3.3990e+00 +1.3490e+00 +2.1676e+00 +4.8637e-01 -4.0580e+00 +2.3290e+00 +1.0109e-01 -1.9804e-01 +4.7528e-01 -1.6503e+00 -1.1464e-01 +3.2746e+00 -9.7351e-01 -1.3578e-01 -3.2816e+00 -1.7821e+00 -1.9361e+00 +2.5056e-01 -3.2566e+00 -3.8520e-01 +3.2251e+00 +1.5410e-02 +1.5164e+00 -6.5287e-01 +1.4070e+00 -1.6808e+00 -2.0715e+00 +7.2755e-01 -1.3452e+00 -7.6022e-01 -2.5556e+00 +1.0171e+00
165 +2.158379200e+03 +2.158379200e+03 +3.158379200e+03 +3.158379200e+03 -2.8666e+00 +3.0280e-01 -2.8576e+00 +1.7285e+00 -3.7888e+00 -2.3994e+00 +1.4112e+00 -1.8178e+00 -3.3997e+00 +1.1378e+00 +1.2862e+00 +4.2084e-01 -3.6563e+00 +1.7979e+00 -1.1796e-01 -2.3439e-01 +3.3057e-01 -1.6503e+00 -3.9035e-02 +3.0891e+00 -3.8349e-01 -5.0424e-01 -2.7755e+00 -1.7596e+00 -2.0119e+00 +7.2130e-02 -2.8529e+00 -9.5646e-02 +2.9342e+00 +2.7368e-01 +1.5818e+00 -8.6860e-01 +1.3684e+00 -1.4524e+00 -1.8675e+00 +1.0803e+00 -1.3457e+00 -8.9193e-01 -2.2998e+00 +1.3149e+00
206 +2.361902100e+02 +2.361902100e+02 +1.236190210e+03 +1.236190210e+03 -2.7596e+00 +3.0268e-01 -2.8575e+00 +1.7627e+00 -3.6745e+00 -2.1911e+00 +7.9266e-01 -1.2021e+00 -3.3994e+00 +9.9183e-01 +6.8557e-01 +4.2700e-01 -3.3161e+00 +1.4390e+00 -2.1920e-01 -2.5352e-01 +2.5446e-01 -1.6503e+00 +1.9245e-02 +2.9186e+00 -6.7361e-02 -7.0134e-01 -2.5225e+00 -1.7456e+00 -2.0470e+00 -1.1154e-02 -2.6796e+00 +5.3247e-02 +2.7608e+00 +4.3902e-01 +1.6239e+00 -1.0051e+00 +1.3437e+00 -1.3071e+00 -1.7387e+00 +1.3066e+00 -1.3479e+00 -9.7305e-01 -2.1248e+00 +1.5051e+00
247 +7.598894524e+01 +7.598894524e+01 +1.075988945e+03 +1.075988945e+03 -2.7021e+00 +3.0259e-01 -2.8574e+00 +1.7805e+00 -3.6089e+00 -2.1338e+00 +6.0983e-01 -1.0090e+00 -3.3652e+00 +9.4872e-01 +5.0847e-01 +4.4227e-01 -3.1684e+00 +1.3217e+00 -2.5106e-01 -2.5885e-01 +2.3327e-01 -1.6503e+00 +3.7582e-02 +2.8645e+00 +3.1537e-02 -7.6483e-01 -2.4503e+00 -1.7412e+00 -2.0581e+00 -3.7913e-02 -2.6280e+00 +1.0415e-01 +2.7235e+00 +4.9043e-01 +1.6369e+00 -1.0477e+00 +1.3360e+00 -1.2617e+00 -1.6985e+00 +1.3770e+00 -1.3486e+00 -9.9843e-01 -2.0699e+00 +1.5644e+00
288 +3.995969893e+01 +3.995969893e+01 +1.039959699e+03 +1.039959699e+03 -2.6601e+00 +3.0252e-01 -2.8573e+00 +1.7928e+00 -3.5617e+00 -2.1145e+00 +5.4930e-01 -9.4973e-01 -3.3213e+00 +9.3502e-01 +4.5191e-01 +4.5434e-01 -3.0897e+00 +1.2790e+00 -2.6243e-01 -2.6071e-01 +2.2580e-01 -1.6503e+00 +4.2875e-02 +2.8496e+00 +6.6290e-02 -7.8704e-01 -2.4245e+00 -1.7398e+00 -2.0621e+00 -4.7273e-02 -2.6094e+00 +1.2195e-01 +2.7095e+00 +5.0829e-01 +1.6416e+00 -1.0627e+00 +1.3332e+00 -1.2459e+00 -1.6844e+00 +1.4018e+00 -1.3489e+00 -1.0074e+00 -2.0502e+00 +1.5851e+00
329 +1.358443844e+01 +1.358443844e+01 +1.013584438e+03 +1.013584438e+03 -2.5942e+00 +3.0238e-01 -2.8570e+00 +1.8109e+00 -3.4909e+00 -2.0928e+00 +4.8215e-01 -8.9534e-01 -3.2451e+00 +9.1946e-01 +3.8760e-01 +4.6940e-01 -2.9954e+00 +1.2350e+00 -2.7506e-01 -2.6272e-01 +2.1768e-01 -1.6503e+00 +4.8958e-02 +2.8316e+00 +1.0435e-01 -8.1128e-01 -2.3959e+00 -1.7383e+00 -2.0667e+00 -5.7479e-02 -2.5890e+00 +1.4145e-01 +2.6933e+00 +5.2769e-01 +1.6467e+00 -1.0792e+00 +1.3301e+00 -1.2286e+00 -1.6690e+00 +1.4289e+00 -1.3492e+00 -1.0173e+00 -2.0282e+00 +1.6076e+00
370 +6.056777670e+00 +6.056777670e+00 +1.006056778e+03 +1.006056778e+03 -2.5477e+00 +3.0226e-01 -2.8569e+00 +1.8224e+00 -3.4456e+00 -2.0805e+00 +4.4344e-01 -8.6613e-01 -3.1905e+00 +9.1054e-01 +3.5069e-01 +4.7697e-01 -2.9463e+00 +1.2095e+00 -2.8230e-01 -2.6380e-01 +2.1321e-01 -1.6503e+00 +5.2413e-02 +2.8209e+00 +1.2579e-01 -8.2490e-01 -2.3797e+00 -1.7375e+00 -2.0695e+00 -6.3200e-02 -2.5774e+00 +1.5253e-01 +2.6839e+00 +5.3851e-01 +1.6496e+00 -1.0886e+00 +1.3283e+00 -1.2190e+00 -1.6603e+00 +1.4442e+00 -1.3495e+00 -1.0231e+00 -2.0157e+00 +1.6202e+00
657 +3.824809764e+00 +3.824809764e+00 +1.003824810e+03 +1.003824810e+03 -2.2018e+00 +2.9435e-01 -2.8379e+00 +1.8763e+00 -3.1863e+00 -2.0465e+00 +2.7028e-01 -7.5666e-01 -2.8645e+00 +8.7446e-01 +1.9139e-01 +5.5339e-01 -2.6436e+00 +1.1089e+00 -3.3542e-01 -2.5539e-01 +2.2421e-01 -1.6471e+00 +4.9724e-02 +2.7289e+00 +1.9708e-01 -8.6572e-01 -2.3253e+00 -1.7419e+00 -2.1115e+00 -7.9407e-02 -2.5511e+00 +2.1728e-01 +2.5965e+00 +5.4931e-01 +1.6583e+00 -1.1389e+00 +1.3113e+00 -1.2098e+00 -1.6379e+00 +1.5025e+00 -1.3462e+00 -1.0866e+00 -1.9609e+00 +1.6522e+00
3076 +2.506592432e+00 +2.506592432e+00 +1.002506592e+03 +1.002506592e+03 -2.1064e+00 +2.9283e-01 -2.7094e+00 +1.8380e+00 -3.1382e+00 -2.1004e+00 +4.2014e-01 -1.0083e+00 -2.8386e+00 +8.8221e-01 +3.2969e-01 +5.6390e-01 -2.7536e+00 +1.1938e+00 -4.6712e-01 -2.0700e-01 +2.9031e-01 -1.6358e+00 -8.1981e-02 +2.6079e+00 -3.6235e-02 -6.9223e-01 -2.4762e+00 -1.8414e+00 -2.1881e+00 +2.3666e-02 -2.6473e+00 +3.4004e-01 +2.5533e+00 +4.3284e-01 +1.6157e+00 -1.1394e+00 +1.2835e+00 -1.2787e+00 -1.6539e+00 +1.4183e+00 -1.3386e+00 -1.0886e+00 -1.9987e+00 +1.5218e+00
23207 +1.577958330e+00 +1.577958330e+00 +1.001577958e+03 +1.001577958e+03 -2.1026e+00 +2.0710e+00 -1.3538e+00 -2.2412e+00 +2.0215e+00 +3.1369e+00 -1.8486e+00 -1.5773e+00 -2.1683e+00 +6.7861e-01 -1.2507e-01 +2.8233e-02 -8.1899e-02 -1.6527e-01 -2.5739e+00 -1.9818e+00 -2.1431e+00 +7.9863e-02 -1.6011e+00 +1.5649e-01 +5.7652e-01 -5.5721e-01 -1.3260e+00 -9.2062e-01 -1.0583e+00 -6.3568e-01 -2.4735e+00 +3.8115e-01 +2.5224e+00 +4.3914e-02 +1.7015e+00 -1.1086e+00 +2.3469e+00 -3.0561e-01 -1.7453e+00 +2.2021e+00 -1.4813e+00 -1.0553e+00 -2.0170e+00 +9.9086e-01
% function evaluation | noise-free fitness - Fopt (2.083800000000e+02) | best noise-free fitness - Fopt | measured fitness | best measured fitness | x1 | x2...
1 +2.424757122e+05 +2.424757122e+05 +2.426840922e+05 +2.426840922e+05 +2.7782e-02 +7.5057e-01 -1.9336e+00 -3.9039e+00 +3.7856e+00 -4.7333e+00 -1.5162e+00 +1.4192e+00 +6.9070e-01 -2.8741e+00 +1.6641e+00 -3.8976e+00 +3.1849e+00 +2.5444e+00 -4.6718e+00 -2.0317e+00 -2.7603e+00 -3.7453e+00 +8.0131e-01 -3.0772e-01 -1.2211e+00 -2.5947e+00 +2.2779e+00 +4.3465e+00 -4.2932e+00 -1.2160e+00 +2.2600e+00 +1.1153e+00 -1.1607e+00 +2.4032e+00 -2.4443e+00 -2.0179e-01 -1.1269e+00 +3.0442e+00 -4.9684e+00 -4.5274e+00 +1.1737e+00 -5.7216e-01 +3.3363e+00 +2.2227e+00
42 +1.533302315e+05 +1.533302315e+05 +1.535386115e+05 +1.535386115e+05 +2.7781e-02 +7.5093e-01 -1.9022e+00 -3.7840e+00 +3.8150e+00 -4.5968e+00 -1.4410e+00 +1.4192e+00 +6.5795e-01 -2.7431e+00 +1.7119e+00 -3.6419e+00 +2.8711e+00 +2.2254e+00 -4.2710e+00 -2.0781e+00 -2.4703e+00 -3.3254e+00 +8.1047e-01 -2.5537e-01 -1.0602e+00 -2.6556e+00 +1.8527e+00 +3.6343e+00 -4.2369e+00 -1.3178e+00 +1.7539e+00 +7.2065e-01 -1.1607e+00 +2.5388e+00 -1.8351e+00 -5.8271e-01 -6.7242e-01 +2.8471e+00 -3.9684e+00 -3.6790e+00 +1.2823e+00 -1.7410e-01 +3.1629e+00 +2.1150e+00
83 +1.428861403e+04 +1.428861403e+04 +1.449699403e+04 +1.449699403e+04 +2.7776e-02 +7.4938e-01 -1.7305e+00 -3.0716e+00 +3.9848e+00 -3.8117e+00 -1.0210e+00 +1.4193e+00 +4.7120e-01 -1.9964e+00 +1.9656e+00 -2.2905e+00 +1.2646e+00 +6.5184e-01 -2.1512e+00 -2.2938e+00 -1.0754e+00 -1.2094e+00 +7.7552e-01 -5.1950e-02 -2.6507e-01 -2.8741e+00 +1.5209e-01 +4.6787e-01 -3.6492e+00 -1.7081e+00 -1.6363e-01 -7.1038e-01 -1.1425e+00 +2.9297e+00 +9.1322e-02 -1.1888e+00 +6.7475e-01 +2.4287e+00 -1.8736e+00 -1.9937e+00 +1.5726e+00 +8.2327e-01 +2.5107e+00 +2.0817e+00
124 +4.290374831e+03 +4.290374831e+03 +4.498754831e+03 +4.498754831e+03 +2.7773e-02 +7.4918e-01 -1.6329e+00 -2.6884e+00 +4.0304e+00 -3.4171e+00 -8.2859e-01 +1.4193e+00 +3.7984e-01 -1.6307e+00 +2.0656e+00 -1.7673e+00 +7.1094e-01 +1.9567e-01 -1.3239e+00 -2.3402e+00 -7.0841e-01 -4.8438e-01 +7.7137e-01 +9.7295e-03 -1.8833e-02 -2.8970e+00 -1.3620e-01 -1.9972e-01 -3.1822e+00 -1.7494e+00 -3.6658e-01 -8.6158e-01 -1.0610e+00 +2.6521e+00 +2.9264e-01 -1.2473e+00 +8.1491e-01 +2.3867e+00 -1.6631e+00 -1.8255e+00 +1.6024e+00 +9.2544e-01 +2.4413e+00 +2.0804e+00
165 +1.011974366e+03 +1.011974366e+03 +1.220354366e+03 +1.220354366e+03 +2.7768e-02 +7.4906e-01 -1.5143e+00 -2.2373e+00 +4.0248e+00 -2.9778e+00 -6.3785e-01 +1.4192e+00 +2.8164e-01 -1.2374e+00 +2.1522e+00 -1.3226e+00 +2.8956e-01 -9.0275e-02 -6.0850e-01 -2.3614e+00 -4.8966e-01 +4.9337e-02 +7.6832e-01 +4.8599e-02 +1.2693e-01 -2.8802e+00 -3.0359e-01 -4.7416e-01 -2.7275e+00 -1.7813e+00 -5.2194e-01 -9.7745e-01 -1.0131e+00 +2.4977e+00 +4.4835e-01 -1.2957e+00 +9.2399e-01 +2.3532e+00 -1.4946e+00 -1.6901e+00 +1.6257e+00 +1.0061e+00 +2.3882e+00 +2.0775e+00
206 +5.091262506e+02 +5.091262506e+02 +7.175062506e+02 +7.175062506e+02 +2.7764e-02 +7.4903e-01 -1.4403e+00 -1.9694e+00 +3.9649e+00 -2.7384e+00 -5.5887e-01 +1.4191e+00 +2.3231e-01 -1.0397e+00 +2.1800e+00 -1.1848e+00 +1.7311e-01 -1.8904e-01 -3.7133e-01 -2.3691e+00 -4.2312e-01 +1.9061e-01 +7.6728e-01 +5.9784e-02 +1.6044e-01 -2.8435e+00 -3.6133e-01 -5.7804e-01 -2.6128e+00 -1.7925e+00 -5.7594e-01 -1.0176e+00 -1.0013e+00 +2.4637e+00 +5.0280e-01 -1.3127e+00 +9.6193e-01 +2.3416e+00 -1.4357e+00 -1.6426e+00 +1.6338e+00 +1.0342e+00 +2.3696e+00 +2.0764e+00
247 +1.793151534e+02 +1.793151534e+02 +3.876951534e+02 +3.876951534e+02 +2.7757e-02 +7.4904e-01 -1.3400e+00 -1.6196e+00 +3.8266e+00 -2.4448e+00 -4.9204e-01 +1.4190e+00 +1.7759e-01 -8.2042e-01 +2.2055e+00 -1.0539e+00 +4.9892e-02 -2.8546e-01 -1.5609e-01 -2.3775e+00 -3.5043e-01 +3.4614e-01 +7.6626e-01 +7.2045e-02 +1.9537e-01 -2.7965e+00 -4.2354e-01 -6.9236e-01 -2.4948e+00 -1.8045e+00 -6.3303e-01 -1.0602e+00 -9.8794e-01 +2.4244e+00 +5.6064e-01 -1.3310e+00 +1.0020e+00 +2.3294e+00 -1.3729e+00 -1.5921e+00 +1.6422e+00 +1.0639e+00 +2.3499e+00 +2.0749e+00
288 +6.675027963e+01 +6.675027963e+01 +2.751302796e+02 +2.751302796e+02 +2.7750e-02 +7.4908e-01 -1.2613e+00 -1.3585e+00 +3.6616e+00 -2.2322e+00 -4.4445e-01 +1.4189e+00 +1.4380e-01 -6.8508e-01 +2.2242e+00 -9.5807e-01 -3.9726e-02 -3.5569e-01 +2.3295e-03 -2.3838e+00 -2.9770e-01 +4.5914e-01 +7.6561e-01 +8.0952e-02 +2.2271e-01 -2.7710e+00 -4.6846e-01 -7.7456e-01 -2.4086e+00 -1.8132e+00 -6.7397e-01 -1.0908e+00 -9.7818e-01 +2.3955e+00 +6.0214e-01 -1.3442e+00 +1.0308e+00 +2.3208e+00 -1.3279e+00 -1.5559e+00 +1.6481e+00 +1.0851e+00 +2.3358e+00 +2.0738e+00
329 +3.163849269e+01 +3.163849269e+01 +2.400184927e+02 +2.400184927e+02 +2.7744e-02 +7.4913e-01 -1.2197e+00 -1.2333e+00 +3.5221e+00 -2.1280e+00 -4.1927e-01 +1.4188e+00 +1.2556e-01 -6.1222e-01 +2.2338e+00 -9.0827e-01 -8.5841e-02 -3.9182e-01 +8.4996e-02 -2.3871e+00 -2.7071e-01 +5.1705e-01 +7.6539e-01 +8.5545e-02 +2.3631e-01 -2.7567e+00 -4.9128e-01 -8.1607e-01 -2.3640e+00 -1.8177e+00 -6.9459e-01 -1.1064e+00 -9.7312e-01 +2.3805e+00 +6.2299e-01 -1.3509e+00 +1.0452e+00 +2.3166e+00 -1.3051e+00 -1.5375e+00 +1.6510e+00 +1.0956e+00 +2.3288e+00 +2.0731e+00
370 +8.760188603e+00 +8.760188603e+00 +2.171401886e+02 +2.171401886e+02 +2.7735e-02 +7.4923e-01 -1.1812e+00 -1.1276e+00 +3.3554e+00 -2.0256e+00 -3.9511e-01 +1.4186e+00 +1.0781e-01 -5.4152e-01 +2.2429e+00 -8.6098e-01 -1.2938e-01 -4.2586e-01 +1.6358e-01 -2.3903e+00 -2.4538e-01 +5.7144e-01 +7.6530e-01 +8.9915e-02 +2.4875e-01 -2.7422e+00 -5.1258e-01 -8.5470e-01 -2.3221e+00 -1.8220e+00 -7.1378e-01 -1.1210e+00 -9.6830e-01 +2.3662e+00 +6.4225e-01 -1.3572e+00 +1.0586e+00 +2.3128e+00 -1.2839e+00 -1.5204e+00 +1.6535e+00 +1.1052e+00 +2.3223e+00 +2.0724e+00
411 +4.549026068e+00 +4.549026068e+00 +2.129290261e+02 +2.129290261e+02 +2.7727e-02 +7.4932e-01 -1.1562e+00 -1.0593e+00 +3.2471e+00 -1.9594e+00 -3.7949e-01 +1.4185e+00 +9.6263e-02 -4.9575e-01 +2.2488e+00 -8.3030e-01 -1.5761e-01 -4.4782e-01 +2.1433e-01 -2.3925e+00 -2.2903e-01 +6.0650e-01 +7.6535e-01 +9.2793e-02 +2.5673e-01 -2.7326e+00 -5.2632e-01 -8.7962e-01 -2.2951e+00 -1.8249e+00 -7.2621e-01 -1.1306e+00 -9.6518e-01 +2.3570e+00 +6.5455e-01 -1.3613e+00 +1.0673e+00 +2.3105e+00 -1.2702e+00 -1.5093e+00 +1.6550e+00 +1.1113e+00 +2.3182e+00 +2.0718e+00
575 +3.732446250e+00 +3.732446250e+00 +2.121124462e+02 +2.121124462e+02 +2.6243e-02 +7.6834e-01 -1.1610e+00 -1.2452e+00 +3.2276e+00 -2.1199e+00 -4.1232e-01 +1.3982e+00 +8.0382e-02 -5.6484e-01 +2.2209e+00 -8.3587e-01 -1.4145e-01 -3.7231e-01 +6.7350e-02 -2.4593e+00 -2.8297e-01 +4.7146e-01 +8.2857e-01 +1.2122e-01 +1.9337e-01 -2.6476e+00 -4.7668e-01 -7.9782e-01 -2.4619e+00 -1.8693e+00 -7.0940e-01 -1.1677e+00 -9.6224e-01 +2.3969e+00 +5.3237e-01 -1.3698e+00 +1.0499e+00 +2.3977e+00 -1.3017e+00 -1.5466e+00 +1.5927e+00 +1.0108e+00 +2.3933e+00 +2.0226e+00
2051 +2.485947621e+00 +2.485947621e+00 +2.108659476e+02 +2.108659476e+02 +1.4546e-02 +8.3613e-01 -1.0523e+00 -1.3162e+00 +2.9108e+00 -2.0655e+00 -4.2536e-01 +1.3391e+00 -6.7369e-02 -4.3920e-01 +2.1565e+00 -6.0867e-01 -2.5635e-01 -3.0419e-01 +1.3839e-01 -2.6109e+00 -2.6274e-01 +4.8807e-01 +9.5389e-01 +2.7720e-01 +1.2941e-02 -2.5875e+00 -5.4340e-01 -6.4016e-01 -2.4741e+00 -2.0748e+00 -8.0379e-01 -1.2185e+00 -9.1499e-01 +2.4121e+00 +5.4205e-01 -1.4077e+00 +9.3763e-01 +2.3345e+00 -1.2843e+00 -1.5536e+00 +1.6333e+00 +1.0365e+00 +2.3586e+00 +2.0653e+00
32924 +1.584395147e+00 +1.584395147e+00 +2.099643951e+02 +2.099643951e+02 -2.1038e+00 -2.3370e+00 -1.1267e+00 +8.4561e-01 -1.6739e+00 -9.2481e-01 +1.3660e+00 +6.0417e-01 +1.1460e+00 +2.0803e+00 +2.1331e+00 +2.1048e+00 -2.1452e+00 -1.3284e+00 -7.4634e-01 -4.7709e-01 -3.6005e-01 -6.7039e-02 +2.6419e+00 -1.1769e-01 +6.4244e-01 -2.4993e+00 -7.6848e-02 -1.7345e+00 -4.1318e-01 -7.9488e-01 -7.7815e-01 -2.4271e+00 -1.5594e+00 +1.7442e+00 +2.1921e+00 -6.3039e-01 +2.4709e+00 +2.0114e+00 -7.9546e-01 -1.1461e+00 +1.0880e+00 +1.1535e+00 +1.7704e+00 +2.1895e+00
% function evaluation | noise-free fitness - Fopt (-1.449600000000e+02) | best noise-free fitness - Fopt | measured fitness | best measured fitness | x1 | x2...
1 +2.742499183e+05 +2.742499183e+05 +2.741049583e+05 +2.741049583e+05 -2.6262e+00 -3.4980e-01 -2.7725e-01 +3.2778e+00 +4.2008e+00 -1.7926e+00 +3.2832e+00 +4.2582e+00 +1.0967e+00 +2.6717e+00 +2.1931e+00 -1.6326e+00 +4.9599e+00 +6.0676e-01 +4.2551e-01 -2.3569e+00 -2.7534e-02 -6.7938e-01 +1.0107e+00 +3.7329e+00 +3.9548e+00 -7.3983e-01 +3.5499e+00 +2.1419e+00 -3.3398e+00 +4.9401e-01 -3.0026e+00 -3.9501e+00 -3.4661e+00 -3.4694e+00 -4.0270e+00 +1.8962e+00 -3.2846e+00 +3.6290e+00 +1.0472e+00 -4.8652e+00 +2.3148e+00 -3.7616e+00 +2.7037e+00 -3.8310e-01
42 +1.755084655e+05 +1.755084655e+05 +1.753635055e+05 +1.753635055e+05 -2.6223e+00 -3.4979e-01 -2.9200e-01 +3.1845e+00 +4.0483e+00 -1.7041e+00 +3.1802e+00 +4.2360e+00 +1.0967e+00 +2.6717e+00 +2.1987e+00 -1.6354e+00 +4.8584e+00 +6.0677e-01 +4.6100e-01 -2.2087e+00 -5.2709e-02 -6.7937e-01 +1.0920e+00 +3.4118e+00 +3.9378e+00 -6.2943e-01 +3.1082e+00 +2.2412e+00 -2.9166e+00 +5.8555e-01 -3.0993e+00 -3.3876e+00 -3.6043e+00 -2.9331e+00 -4.0412e+00 +1.3468e+00 -2.3606e+00 +3.6230e+00 +9.0581e-01 -4.4356e+00 +1.7982e+00 -3.8557e+00 +1.7037e+00 +2.9668e-01
83 +1.780612530e+04 +1.780612530e+04 +1.766116530e+04 +1.766116530e+04 -2.5986e+00 -3.4975e-01 -3.7775e-01 +2.6382e+00 +3.1500e+00 -1.2047e+00 +2.5729e+00 +4.0887e+00 +1.0968e+00 +2.6718e+00 +2.2356e+00 -1.6339e+00 +4.2712e+00 +6.0690e-01 +6.5819e-01 -1.3938e+00 -1.5886e-01 -6.7934e-01 +1.5279e+00 +1.7152e+00 +3.7526e+00 -6.4672e-02 +8.4966e-01 +2.7224e+00 -9.0359e-01 +8.2023e-01 -3.2678e+00 -7.6223e-01 -4.2183e+00 -6.5977e-01 -3.5053e+00 -3.5411e-01 +9.8368e-01 +3.0139e+00 +3.1508e-01 -2.6519e+00 -1.5307e-01 -2.8787e+00 -4.8526e-01 +1.3642e+00
124 +6.978408609e+03 +6.978408609e+03 +6.833448609e+03 +6.833448609e+03 -2.5860e+00 -3.4972e-01 -4.1571e-01 +2.3897e+00 +2.7324e+00 -1.0057e+00 +2.2903e+00 +3.9969e+00 +1.0968e+00 +2.6719e+00 +2.2579e+00 -1.6084e+00 +4.0140e+00 +6.0695e-01 +7.3360e-01 -1.0899e+00 -1.6834e-01 -6.7930e-01 +1.6752e+00 +1.1707e+00 +3.5733e+00 +9.1463e-02 +2.2481e-01 +2.8295e+00 -4.6718e-01 +7.6191e-01 -3.0265e+00 -4.3529e-01 -3.6360e+00 -3.7466e-01 -3.1222e+00 -5.1469e-01 +1.2030e+00 +2.6077e+00 +2.6150e-01 -2.5400e+00 -4.9540e-01 -2.6610e+00 -7.0554e-01 +1.4807e+00
165 +1.562708095e+03 +1.562708095e+03 +1.417748095e+03 +1.417748095e+03 -2.5647e+00 -3.4966e-01 -4.7094e-01 +2.0181e+00 +2.0940e+00 -7.4464e-01 +1.8555e+00 +3.8279e+00 +1.0969e+00 +2.6719e+00 +2.2973e+00 -1.5431e+00 +3.6380e+00 +6.0694e-01 +8.3262e-01 -6.9099e-01 -1.7845e-01 -6.7929e-01 +1.8517e+00 +5.4591e-01 +3.2496e+00 +2.4326e-01 -3.8208e-01 +2.9131e+00 -1.2327e-01 +6.7889e-01 -2.6848e+00 -1.2345e-01 -2.8659e+00 -5.3064e-02 -2.7392e+00 -6.8662e-01 +1.4719e+00 +2.3184e+00 +2.4725e-01 -2.3765e+00 -7.1064e-01 -2.5158e+00 -9.4177e-01 +1.6051e+00
206 +7.098814561e+02 +7.098814561e+02 +5.649214561e+02 +5.649214561e+02 -2.5521e+00 -3.4961e-01 -4.9488e-01 +1.8451e+00 +1.7766e+00 -6.4884e-01 +1.6362e+00 +3.7161e+00 +1.0969e+00 +2.6698e+00 +2.3126e+00 -1.4879e+00 +3.4684e+00 +6.0687e-01 +8.6712e-01 -5.5205e-01 -1.8158e-01 -6.7926e-01 +1.9020e+00 +3.8772e-01 +3.0773e+00 +2.8303e-01 -5.1953e-01 +2.8528e+00 -2.2228e-02 +6.5762e-01 -2.5921e+00 -3.0272e-02 -2.6869e+00 +4.4387e-02 -2.6470e+00 -7.3961e-01 +1.5577e+00 +2.2666e+00 +3.4355e-01 -2.3279e+00 -7.8423e-01 -2.4711e+00 -1.0144e+00 +1.6435e+00
247 +1.159630631e+02 +1.159630631e+02 -2.899693692e+01 -2.899693692e+01 -2.5314e+00 -3.4952e-01 -5.2469e-01 +1.6109e+00 +1.3057e+00 -5.1001e-01 +1.3119e+00 +3.5222e+00 +1.0970e+00 +2.6637e+00 +2.3267e+00 -1.3864e+00 +3.2400e+00 +6.0677e-01 +9.0317e-01 -4.0668e-01 -1.8578e-01 -6.7918e-01 +1.9614e+00 +2.0529e-01 +2.8549e+00 +3.3645e-01 -6.9207e-01 +2.7245e+00 +1.1302e-01 +6.3435e-01 -2.4880e+00 +9.3337e-02 -2.4624e+00 +1.6618e-01 -2.5229e+00 -8.0986e-01 +1.6709e+00 +2.1839e+00 +4.2287e-01 -2.2640e+00 -8.8215e-01 -2.4113e+00 -1.1109e+00 +1.6945e+00
288 +2.738375428e+01 +2.738375428e+01 -1.175762457e+02 -1.175762457e+02 -2.5199e+00 -3.4946e-01 -5.3626e-01 +1.5128e+00 +1.0937e+00 -4.4631e-01 +1.1665e+00 +3.4077e+00 +1.0970e+00 +2.6578e+00 +2.3232e+00 -1.3258e+00 +3.1541e+00 +6.0676e-01 +9.1904e-01 -3.4281e-01 -1.8769e-01 -6.7912e-01 +1.9877e+00 +1.2026e-01 +2.7730e+00 +3.6001e-01 -7.6487e-01 +2.6558e+00 +1.7258e-01 +6.2405e-01 -2.4418e+00 +1.4775e-01 -2.3633e+00 +2.1984e-01 -2.4684e+00 -8.4084e-01 +1.7206e+00 +2.1454e+00 +4.4899e-01 -2.2356e+00 -9.2499e-01 -2.3850e+00 -1.1534e+00 +1.7169e+00
329 +1.505466767e+01 +1.505466767e+01 -1.299053323e+02 -1.299053323e+02 -2.5145e+00 -3.4941e-01 -5.3997e-01 +1.4830e+00 +1.0322e+00 -4.2559e-01 +1.1240e+00 +3.3491e+00 +1.0970e+00 +2.6533e+00 +2.3124e+00 -1.3002e+00 +3.1263e+00 +6.0678e-01 +9.2412e-01 -3.2246e-01 -1.8836e-01 -6.7906e-01 +1.9959e+00 +9.3435e-02 +2.7464e+00 +3.6747e-01 -7.8721e-01 +2.6324e+00 +1.9129e-01 +6.2083e-01 -2.4272e+00 +1.6479e-01 -2.3318e+00 +2.3664e-01 -2.4514e+00 -8.5059e-01 +1.7360e+00 +2.1334e+00 +4.5766e-01 -2.2267e+00 -9.3828e-01 -2.3768e+00 -1.1666e+00 +1.7239e+00
370 +6.690270531e+00 +6.690270531e+00 -1.382697295e+02 -1.382697295e+02 -2.5075e+00 -3.4934e-01 -5.4377e-01 +1.4526e+00 +9.6967e-01 -4.0545e-01 +1.0887e+00 +3.2741e+00 +1.0969e+00 +2.6464e+00 +2.2928e+00 -1.2718e+00 +3.0977e+00 +6.0684e-01 +9.2935e-01 -3.0165e-01 -1.8912e-01 -6.7897e-01 +2.0042e+00 +6.6041e-02 +2.7190e+00 +3.7512e-01 -8.1086e-01 +2.6128e+00 +2.1035e-01 +6.1764e-01 -2.4123e+00 +1.8223e-01 -2.2997e+00 +2.5376e-01 -2.4342e+00 -8.6063e-01 +1.7518e+00 +2.1214e+00 +4.6648e-01 -2.2173e+00 -9.5168e-01 -2.3685e+00 -1.1800e+00 +1.7311e+00
411 +4.656440930e+00 +4.656440930e+00 -1.403035591e+02 -1.403035591e+02 -2.5023e+00 -3.4927e-01 -5.4634e-01 +1.4320e+00 +9.2717e-01 -3.9178e-01 +1.0654e+00 +3.2211e+00 +1.0968e+00 +2.6410e+00 +2.2757e+00 -1.2549e+00 +3.0783e+00 +6.0691e-01 +9.3293e-01 -2.8752e-01 -1.8971e-01 -6.7887e-01 +2.0098e+00 +4.7431e-02 +2.7003e+00 +3.8035e-01 -8.2665e-01 +2.5990e+00 +2.2323e-01 +6.1558e-01 -2.4024e+00 +1.9408e-01 -2.2779e+00 +2.6536e-01 -2.4228e+00 -8.6749e-01 +1.7624e+00 +2.1134e+00 +4.7229e-01 -2.2109e+00 -9.6066e-01 -2.3630e+00 -1.1889e+00 +1.7360e+00
657 +3.755766308e+00 +3.755766308e+00 -1.412042337e+02 -1.412042337e+02 -2.4368e+00 -3.4215e-01 -5.5691e-01 +1.3579e+00 +7.5801e-01 -3.2263e-01 +1.0006e+00 +2.9261e+00 +1.0789e+00 +2.5982e+00 +2.0208e+00 -1.2020e+00 +2.9751e+00 +6.1875e-01 +9.5965e-01 -2.1819e-01 -2.1680e-01 -6.6830e-01 +2.0144e+00 -5.0842e-02 +2.6102e+00 +4.1977e-01 -8.4888e-01 +2.4800e+00 +2.7009e-01 +6.3764e-01 -2.4014e+00 +2.6287e-01 -2.1646e+00 +3.1721e-01 -2.4302e+00 -9.1789e-01 +1.7868e+00 +2.1122e+00 +4.3317e-01 -2.1335e+00 -9.7153e-01 -2.3558e+00 -1.1941e+00 +1.7733e+00
1887 +2.425738425e+00 +2.425738425e+00 -1.425342616e+02 -1.425342616e+02 -2.2431e+00 -3.2652e-01 -5.8588e-01 +1.2491e+00 +5.3374e-01 -2.9997e-01 +1.0725e+00 +2.7912e+00 +9.2929e-01 +2.7379e+00 +1.9979e+00 -7.5420e-01 +2.8209e+00 +6.8313e-01 +1.0373e+00 +5.4010e-02 -3.8413e-01 -5.6598e-01 +1.8718e+00 -1.5083e-01 +2.5664e+00 +5.1401e-01 -7.3156e-01 +2.4128e+00 +3.0734e-01 +8.3079e-01 -2.3932e+00 +4.3931e-01 -1.9901e+00 +5.3489e-01 -2.4816e+00 -9.1108e-01 +1.7350e+00 +2.1650e+00 +4.6236e-01 -2.1217e+00 -8.5961e-01 -2.4031e+00 -1.1814e+00 +1.8031e+00
4265 +1.584277780e+00 +1.584277780e+00 -1.433757222e+02 -1.433757222e+02 -2.1126e+00 -3.5255e-01 -6.2351e-01 +9.9697e-01 +3.0496e-01 -3.7895e-01 +1.1321e+00 +2.8700e+00 +9.1756e-01 +2.8497e+00 +1.9186e+00 -4.3099e-01 +2.7342e+00 +7.3089e-01 +1.0166e+00 +4.8011e-02 -3.1766e-01 -3.4745e-01 +1.8952e+00 -1.0788e-01 +2.6011e+00 +5.1672e-01 -6.1001e-01 +2.5010e+00 +2.2423e-01 +8.3945e-01 -2.4311e+00 +3.9026e-01 -2.0654e+00 +5.8195e-01 -2.4777e+00 -9.3725e-01 +1.7195e+00 +2.2099e+00 +3.9068e-01 -2.1511e+00 -8.5761e-01 -2.4162e+00 -1.1359e+00 +1.7764e+00
% function evaluation | noise-free fitness - Fopt (-6.300000000000e+00) | best noise-free fitness - Fopt | measured fitness | best measured fitness | x1 | x2...
1 +2.540810169e+05 +2.540810169e+05 +2.540747169e+05 +2.540747169e+05 -4.9602e+00 +3.3171e-01 +5.5982e-01 +2.3956e+00 +1.6616e+00 +4.2162e+00 +3.0373e-01 -4.8085e-01 +1.6706e+00 -4.4744e+00 +1.2767e+00 -2.7815e+00 -3.0424e-01 -4.0256e+00 +4.3413e+00 +4.7889e+00 +2.1977e+00 +4.4084e+00 +1.8895e+00 -2.9442e+00 -2.4800e+00 +3.5575e+00 +3.3403e+00 -2.2649e+00 -1.5281e+00 +2.4990e+00 -4.9361e+00 +8.8783e-01 -3.5433e+00 -4.0183e+00 -4.8365e+00 -3.6795e+00 +1.8385e+00 -3.7065e-01 -3.0649e+00 -1.6577e+00 -1.3345e-01 -4.6931e+00 +3.5243e-01 -4.2690e+00
42 +1.695788035e+05 +1.695788035e+05 +1.695725035e+05 +1.695725035e+05 -4.8765e+00 +3.3172e-01 +5.5983e-01 +2.3956e+00 +1.6240e+00 +4.0658e+00 +3.0375e-01 -4.8084e-01 +1.7163e+00 -4.2671e+00 +1.1394e+00 -2.6250e+00 -3.6734e-01 -3.6772e+00 +3.9746e+00 +4.7380e+00 +2.0198e+00 +3.8909e+00 +1.6023e+00 -2.9341e+00 -2.4003e+00 +3.3574e+00 +3.1578e+00 -2.2760e+00 -1.3421e+00 +2.3906e+00 -4.5023e+00 +1.0628e+00 -2.5807e+00 -3.0183e+00 -4.5177e+00 -3.2341e+00 +1.8865e+00 -1.9114e-01 -3.0152e+00 -1.6927e+00 -1.2524e-01 -4.0995e+00 +2.1621e-01 -3.7243e+00
83 +1.160396636e+04 +1.160396636e+04 +1.159766636e+04 +1.159766636e+04 -4.2558e+00 +3.3182e-01 +5.5990e-01 +2.3958e+00 +1.3553e+00 +2.9915e+00 +3.0393e-01 -4.8070e-01 +2.0253e+00 -2.8864e+00 +3.0530e-01 -1.5937e+00 -7.5302e-01 -1.5262e+00 +1.6878e+00 +4.2016e+00 +1.0908e+00 +8.7100e-01 +4.3465e-02 -2.8943e+00 -2.0437e+00 +2.3528e+00 +2.2417e+00 -2.3271e+00 -3.3026e-01 +1.8523e+00 -2.3475e+00 +1.6526e+00 +8.2714e-01 +8.1272e-01 -2.7151e+00 -1.6872e+00 +2.0628e+00 +4.2057e-01 -2.6384e+00 -1.9739e+00 -8.7805e-01 -2.6177e+00 +1.9549e-02 -2.9369e+00
124 +4.149025154e+03 +4.149025154e+03 +4.142725154e+03 +4.142725154e+03 -3.9431e+00 +3.3181e-01 +5.5995e-01 +2.3959e+00 +1.2338e+00 +2.5061e+00 +3.0396e-01 -4.8063e-01 +2.1436e+00 -2.3865e+00 +1.1075e-01 -1.2352e+00 -8.4907e-01 -9.5353e-01 +1.0287e+00 +3.8310e+00 +9.2232e-01 +2.2294e-01 -1.4694e-01 -2.8789e+00 -2.0160e+00 +2.2706e+00 +2.1680e+00 -2.3150e+00 -1.8733e-01 +1.8141e+00 -2.1943e+00 +1.6914e+00 +1.0546e+00 +1.0452e+00 -2.4740e+00 -1.5844e+00 +2.0748e+00 +4.6071e-01 -2.6100e+00 -1.9950e+00 -9.1500e-01 -2.5920e+00 +5.9424e-01 -2.6195e+00
165 +9.749804497e+02 +9.749804497e+02 +9.686804497e+02 +9.686804497e+02 -3.5015e+00 +3.3174e-01 +5.6003e-01 +2.3961e+00 +1.0762e+00 +1.8758e+00 +3.0388e-01 -4.8055e-01 +2.2817e+00 -1.8214e+00 -4.0054e-02 -8.4536e-01 -9.2087e-01 -4.7817e-01 +4.0137e-01 +3.3255e+00 +7.9015e-01 -2.6931e-01 -2.5685e-01 -2.8312e+00 -1.9927e+00 +2.2034e+00 +2.1013e+00 -2.2910e+00 -1.0454e-01 +1.7798e+00 -2.0567e+00 +1.7255e+00 +1.2563e+00 +1.2697e+00 -2.3284e+00 -1.4933e+00 +2.0856e+00 +4.9609e-01 -2.5840e+00 -2.0140e+00 -9.3619e-01 -2.4126e+00 +7.2621e-01 -2.4921e+00
206 +2.474414731e+02 +2.474414731e+02 +2.411414731e+02 +2.411414731e+02 -3.1560e+00 +3.3162e-01 +5.6011e-01 +2.3963e+00 +9.6975e-01 +1.4500e+00 +3.0373e-01 -4.8049e-01 +2.3590e+00 -1.5057e+00 -1.1572e-01 -6.5636e-01 -9.5049e-01 -2.7982e-01 +1.6374e-01 +2.9980e+00 +7.3381e-01 -4.7574e-01 -3.1107e-01 -2.7933e+00 -1.9806e+00 +2.1688e+00 +2.0687e+00 -2.2846e+00 -6.1231e-02 +1.7625e+00 -1.9868e+00 +1.7434e+00 +1.3624e+00 +1.3863e+00 -2.2525e+00 -1.4454e+00 +2.0914e+00 +5.1472e-01 -2.5708e+00 -2.0232e+00 -9.5247e-01 -2.3516e+00 +8.0652e-01 -2.4243e+00
247 +6.762111059e+01 +6.762111059e+01 +6.132111059e+01 +6.132111059e+01 -2.8920e+00 +3.3148e-01 +5.6020e-01 +2.3964e+00 +9.0374e-01 +1.1855e+00 +3.0360e-01 -4.8042e-01 +2.3937e+00 -1.3637e+00 -1.5393e-01 -5.6809e-01 -9.6731e-01 -1.7104e-01 +4.0115e-02 +2.8339e+00 +7.0185e-01 -5.9317e-01 -3.4116e-01 -2.7707e+00 -1.9738e+00 +2.1496e+00 +2.0506e+00 -2.2807e+00 -3.6984e-02 +1.7529e+00 -1.9480e+00 +1.7533e+00 +1.4215e+00 +1.4511e+00 -2.2101e+00 -1.4187e+00 +2.0948e+00 +5.2504e-01 -2.5633e+00 -2.0282e+00 -9.6108e-01 -2.3176e+00 +8.5336e-01 -2.3856e+00
288 +1.796427449e+01 +1.796427449e+01 +1.166427449e+01 +1.166427449e+01 -2.6893e+00 +3.3135e-01 +5.6030e-01 +2.3965e+00 +8.6603e-01 +1.0341e+00 +3.0353e-01 -4.8034e-01 +2.4154e+00 -1.2748e+00 -1.7842e-01 -5.1153e-01 -9.7797e-01 -1.0155e-01 -4.2529e-02 +2.7426e+00 +6.8151e-01 -6.6793e-01 -3.6112e-01 -2.7598e+00 -1.9694e+00 +2.1374e+00 +2.0391e+00 -2.2779e+00 -2.1567e-02 +1.7469e+00 -1.9234e+00 +1.7593e+00 +1.4591e+00 +1.4923e+00 -2.1833e+00 -1.4016e+00 +2.0971e+00 +5.3159e-01 -2.5583e+00 -2.0312e+00 -9.6643e-01 -2.2961e+00 +8.8316e-01 -2.3612e+00
329 +4.626054292e+00 +4.626054292e+00 -1.673945708e+00 -1.673945708e+00 -2.5465e+00 +3.3123e-01 +5.6040e-01 +2.3967e+00 +8.4325e-01 +9.4233e-01 +3.0350e-01 -4.8025e-01 +2.4298e+00 -1.2163e+00 -1.9453e-01 -4.7438e-01 -9.8490e-01 -5.5948e-02 -9.6827e-02 +2.6822e+00 +6.6821e-01 -7.1679e-01 -3.7405e-01 -2.7523e+00 -1.9665e+00 +2.1295e+00 +2.0316e+00 -2.2760e+00 -1.1462e-02 +1.7430e+00 -1.9072e+00 +1.7631e+00 +1.4835e+00 +1.5195e+00 -2.1659e+00 -1.3904e+00 +2.0987e+00 +5.3590e-01 -2.5548e+00 -2.0329e+00 -9.6977e-01 -2.2823e+00 +9.0270e-01 -2.3454e+00
370 +3.808985317e+00 +3.808985317e+00 -2.491014683e+00 -2.491014683e+00 -2.5015e+00 +3.3117e-01 +5.6047e-01 +2.3968e+00 +8.3616e-01 +9.1359e-01 +3.0352e-01 -4.8019e-01 +2.4344e+00 -1.1980e+00 -1.9961e-01 -4.6276e-01 -9.8702e-01 -4.1668e-02 -1.1394e-01 +2.6632e+00 +6.6408e-01 -7.3197e-01 -3.7799e-01 -2.7498e+00 -1.9656e+00 +2.1270e+00 +2.0293e+00 -2.2751e+00 -8.2790e-03 +1.7419e+00 -1.9020e+00 +1.7642e+00 +1.4911e+00 +1.5280e+00 -2.1606e+00 -1.3868e+00 +2.0994e+00 +5.3727e-01 -2.5535e+00 -2.0333e+00 -9.7066e-01 -2.2782e+00 +9.0878e-01 -2.3406e+00
1190 +2.510315247e+00 +2.510315247e+00 -3.789684753e+00 -3.789684753e+00 -2.4907e+00 +3.1202e-01 +6.0402e-01 +2.4765e+00 +9.4462e-01 +1.0698e+00 +3.3114e-01 -4.3137e-01 +2.4780e+00 -1.2452e+00 -2.1662e-01 -5.2854e-01 -9.1108e-01 -7.8793e-02 -1.7145e-01 +2.6354e+00 +7.2312e-01 -5.8743e-01 -2.9535e-01 -2.5720e+00 -1.9575e+00 +2.1618e+00 +2.0867e+00 -2.0925e+00 -2.2826e-02 +1.7829e+00 -1.8273e+00 +1.6450e+00 +1.4099e+00 +1.5012e+00 -2.2734e+00 -1.3762e+00 +2.3179e+00 +6.3926e-01 -2.5033e+00 -2.0123e+00 -8.8832e-01 -2.4573e+00 +8.1052e-01 -2.4244e+00
5085 +1.582252675e+00 +1.582252675e+00 -4.717747325e+00 -4.717747325e+00 -2.5004e+00 +2.7214e-01 +6.7132e-01 +2.7299e+00 +1.2174e+00 +1.0383e+00 +4.6448e-01 -3.0661e-01 +2.5515e+00 -1.2427e+00 -2.3440e-01 -7.5637e-01 -8.7365e-01 -4.6333e-02 -2.7091e-01 +2.5558e+00 +8.7985e-01 -6.6395e-01 -3.5138e-01 -2.5327e+00 -2.0030e+00 +2.1224e+00 +2.0991e+00 -2.1079e+00 -1.6360e-01 +1.8323e+00 -1.6467e+00 +1.7300e+00 +1.4199e+00 +1.5270e+00 -2.2447e+00 -1.3489e+00 +2.2889e+00 +6.8771e-01 -2.4437e+00 -2.0139e+00 -8.8336e-01 -2.4182e+00 +8.4166e-01 -2.4034e+00
478225 +9.999035506e-01 +9.999035506e-01 -5.300096449e+00 -5.300096449e+00 +1.0273e+00 -2.3586e+00 -2.0432e+00 +2.1237e+00 -2.0889e+00 -2.1270e+00 +2.1005e+00 +8.2556e-01 +2.8301e+00 +1.9245e+00 +5.3747e-01 +1.4819e-01 -2.5980e+00 -1.1562e+00 -2.9229e+00 -4.2591e-01 -1.0383e+00 -1.0195e+00 -7.7611e-01 -3.6688e-01 -2.5403e+00 +1.9971e+00 +2.3846e-01 -1.1887e+00 +9.9089e-01 +6.4780e-01 -1.2043e+00 +6.9536e-01 +8.7147e-01 +8.7573e-01 -2.4135e+00 -5.7556e-01 +2.4870e+00 +2.0090e+00 -2.1239e+00 -2.0993e+00 -8.5484e-01 -2.4172e+00 +8.4816e-01 -1.2735e+00
