% f evaluations | g evaluations | best noise-free fitness - Fopt | noise-free fitness - Fopt (7.948000000000e+001) | measured fitness | best measured fitness | x1 | x2...
1 0 +7.056555850e+000 +7.056555850e+000 +8.653655585e+001 +8.653655585e+001 -1.0938e+000 +5.0104e-001 -2.3035e+000
2 0 +1.818574541e+000 +1.818574541e+000 +8.129857454e+001 +8.129857454e+001 +3.6642e-001 -7.2544e-002 -1.5178e+000
7 0 +3.159230460e-001 +3.159230460e-001 +7.979592305e+001 +7.979592305e+001 +1.6184e-001 -1.5224e+000 -3.0691e-001
33 0 +2.374093678e-001 +2.374093678e-001 +7.971740937e+001 +7.971740937e+001 +6.4445e-001 -1.1720e+000 -1.0135e+000
227 0 +2.294650908e-001 +2.294650908e-001 +7.970946509e+001 +7.970946509e+001 +2.7380e-001 -7.0978e-001 -8.9486e-001
305 0 +1.332167397e-001 +1.332167397e-001 +7.961321674e+001 +7.961321674e+001 +6.1145e-001 -1.1002e+000 -7.6116e-001
499 0 +7.651161619e-002 +7.651161619e-002 +7.955651162e+001 +7.955651162e+001 +4.5434e-001 -1.3199e+000 -8.2044e-001
705 0 +4.813015541e-002 +4.813015541e-002 +7.952813016e+001 +7.952813016e+001 +2.2944e-001 -9.4486e-001 -6.7238e-001
797 0 +4.310182520e-002 +4.310182520e-002 +7.952310183e+001 +7.952310183e+001 +4.0907e-001 -1.2553e+000 -6.2923e-001
1107 0 +6.485614820e-003 +6.485614820e-003 +7.948648561e+001 +7.948648561e+001 +2.9571e-001 -1.0897e+000 -7.3571e-001
1646 0 +6.232387544e-003 +6.232387544e-003 +7.948623239e+001 +7.948623239e+001 +2.6234e-001 -1.2311e+000 -7.4886e-001
1716 0 +5.265094265e-003 +5.265094265e-003 +7.948526509e+001 +7.948526509e+001 +2.4404e-001 -1.1038e+000 -7.7281e-001
1776 0 +2.674041926e-003 +2.674041926e-003 +7.948267404e+001 +7.948267404e+001 +2.4438e-001 -1.1590e+000 -6.7303e-001
2066 0 +1.846528128e-003 +1.846528128e-003 +7.948184653e+001 +7.948184653e+001 +2.6510e-001 -1.1408e+000 -7.6192e-001
2153 0 +5.795872711e-004 +5.795872711e-004 +7.948057959e+001 +7.948057959e+001 +2.3337e-001 -1.1513e+000 -7.3711e-001
2485 0 +2.147315541e-004 +2.147315541e-004 +7.948021473e+001 +7.948021473e+001 +2.4343e-001 -1.1679e+000 -7.2228e-001
3426 0 +1.776100829e-004 +1.776100829e-004 +7.948017761e+001 +7.948017761e+001 +2.5339e-001 -1.1557e+000 -7.3727e-001
3574 0 +1.204488707e-004 +1.204488707e-004 +7.948012045e+001 +7.948012045e+001 +2.4913e-001 -1.1487e+000 -7.3042e-001
3678 0 +8.364967023e-005 +8.364967023e-005 +7.948008365e+001 +7.948008365e+001 +2.5277e-001 -1.1614e+000 -7.3191e-001
3871 0 +2.977233950e-005 +2.977233950e-005 +7.948002977e+001 +7.948002977e+001 +2.5494e-001 -1.1563e+000 -7.1901e-001
4328 0 +1.899539365e-005 +1.899539365e-005 +7.948001900e+001 +7.948001900e+001 +2.5590e-001 -1.1572e+000 -7.2704e-001
4840 0 +1.209546613e-005 +1.209546613e-005 +7.948001210e+001 +7.948001210e+001 +2.5377e-001 -1.1557e+000 -7.2715e-001
4847 0 +1.074516543e-005 +1.074516543e-005 +7.948001075e+001 +7.948001075e+001 +2.4955e-001 -1.1566e+000 -7.2434e-001
4943 0 +5.313751075e-006 +5.313751075e-006 +7.948000531e+001 +7.948000531e+001 +2.5061e-001 -1.1564e+000 -7.2342e-001
5330 0 +1.536626854e-006 +1.536626854e-006 +7.948000154e+001 +7.948000154e+001 +2.5293e-001 -1.1562e+000 -7.2508e-001
5799 0 +1.197261838e-006 +1.197261838e-006 +7.948000120e+001 +7.948000120e+001 +2.5243e-001 -1.1571e+000 -7.2303e-001
6416 0 +7.479671069e-007 +7.479671069e-007 +7.948000075e+001 +7.948000075e+001 +2.5232e-001 -1.1561e+000 -7.2413e-001
6523 0 +3.999912224e-007 +3.999912224e-007 +7.948000040e+001 +7.948000040e+001 +2.5296e-001 -1.1569e+000 -7.2461e-001
6673 0 +2.403531454e-007 +2.403531454e-007 +7.948000024e+001 +7.948000024e+001 +2.5267e-001 -1.1566e+000 -7.2359e-001
6836 0 +1.569282517e-007 +1.569282517e-007 +7.948000016e+001 +7.948000016e+001 +2.5251e-001 -1.1566e+000 -7.2379e-001
6894 0 +7.841160254e-008 +7.841160254e-008 +7.948000008e+001 +7.948000008e+001 +2.5289e-001 -1.1571e+000 -7.2391e-001
7225 0 +2.817081679e-008 +2.817081679e-008 +7.948000003e+001 +7.948000003e+001 +2.5277e-001 -1.1566e+000 -7.2400e-001
7720 0 +1.949328521e-008 +1.949328521e-008 +7.948000002e+001 +7.948000002e+001 +2.5281e-001 -1.1569e+000 -7.2394e-001
7797 0 +1.864532351e-008 +1.864532351e-008 +7.948000002e+001 +7.948000002e+001 +2.5277e-001 -1.1567e+000 -7.2394e-001
8092 0 +1.771819313e-008 +1.771819313e-008 +7.948000002e+001 +7.948000002e+001 +2.5278e-001 -1.1568e+000 -7.2413e-001
8109 0 +6.769070637e-009 +6.769070637e-009 +7.948000001e+001 +7.948000001e+001 +2.5288e-001 -1.1568e+000 -7.2402e-001
14764 0 +0.000000000e+000 +0.000000000e+000 +7.948000000e+001 +7.948000000e+001 +2.5280e-001 -1.1568e+000 -7.2400e-001
% f evaluations | g evaluations | best noise-free fitness - Fopt | noise-free fitness - Fopt (3.944800000000e+002) | measured fitness | best measured fitness | x1 | x2...
1 0 +5.156086947e+001 +5.156086947e+001 +4.460408695e+002 +4.460408695e+002 +1.2219e+000 -1.2239e+000 +9.4802e-001
3 0 +4.489067828e+001 +4.489067828e+001 +4.393706783e+002 +4.393706783e+002 +7.7333e-001 +5.0192e-001 -4.0273e-001
4 0 +2.853618997e+001 +2.853618997e+001 +4.230161900e+002 +4.230161900e+002 -7.1845e-001 +4.0812e-003 -6.3285e-001
6 0 +2.366080624e+001 +2.366080624e+001 +4.181408062e+002 +4.181408062e+002 -2.2435e+000 -8.6563e-001 +2.9912e-001
28 0 +1.919577685e+001 +1.919577685e+001 +4.136757769e+002 +4.136757769e+002 -1.1267e+000 -8.6299e-001 -1.0815e+000
46 0 +1.872067478e+001 +1.872067478e+001 +4.132006748e+002 +4.132006748e+002 -7.0654e-001 -1.1933e+000 -1.4249e+000
102 0 +1.707800370e+001 +1.707800370e+001 +4.115580037e+002 +4.115580037e+002 -1.8897e+000 -2.8189e+000 -1.9160e-001
124 0 +1.107926532e+001 +1.107926532e+001 +4.055592653e+002 +4.055592653e+002 -3.6440e+000 -8.5281e-001 -1.1827e+000
127 0 +8.863141204e+000 +8.863141204e+000 +4.033431412e+002 +4.033431412e+002 -1.1777e+000 -1.9195e+000 -3.0824e+000
137 0 +7.934495056e+000 +7.934495056e+000 +4.024144951e+002 +4.024144951e+002 -3.0727e+000 -1.3759e+000 -1.5755e+000
171 0 +5.972525790e+000 +5.972525790e+000 +4.004525258e+002 +4.004525258e+002 -1.9049e+000 -3.5802e+000 -2.5684e+000
201 0 +5.152920941e+000 +5.152920941e+000 +3.996329209e+002 +3.996329209e+002 -5.6694e+000 -1.6727e+000 -4.5328e+000
209 0 +3.296608209e+000 +3.296608209e+000 +3.977766082e+002 +3.977766082e+002 -3.8013e+000 -1.2292e+000 -4.5287e+000
212 0 +2.679553360e+000 +2.679553360e+000 +3.971595534e+002 +3.971595534e+002 -2.7887e+000 -2.2333e+000 -4.8105e+000
246 0 +1.434583426e+000 +1.434583426e+000 +3.959145834e+002 +3.959145834e+002 -2.8818e+000 -3.5236e+000 -3.8199e+000
569 0 +3.342741524e-001 +3.342741524e-001 +3.948142742e+002 +3.948142742e+002 -3.9212e+000 -2.3314e+000 -3.9483e+000
902 0 +3.104673938e-001 +3.104673938e-001 +3.947904674e+002 +3.947904674e+002 -3.3704e+000 -2.7732e+000 -3.6685e+000
1235 0 +2.476303386e-002 +2.476303386e-002 +3.945047630e+002 +3.945047630e+002 -3.7789e+000 -2.8323e+000 -3.7181e+000
1909 0 +9.678090985e-003 +9.678090985e-003 +3.944896781e+002 +3.944896781e+002 -3.9740e+000 -2.9434e+000 -3.7684e+000
2223 0 +2.962120092e-003 +2.962120092e-003 +3.944829621e+002 +3.944829621e+002 -3.9473e+000 -2.9118e+000 -3.8130e+000
3227 0 +1.468413418e-003 +1.468413418e-003 +3.944814684e+002 +3.944814684e+002 -3.8711e+000 -2.8813e+000 -3.7771e+000
3307 0 +9.290380146e-004 +9.290380146e-004 +3.944809290e+002 +3.944809290e+002 -3.9065e+000 -2.8757e+000 -3.8278e+000
3459 0 +3.418183448e-004 +3.418183448e-004 +3.944803418e+002 +3.944803418e+002 -3.9005e+000 -2.8736e+000 -3.7950e+000
4164 0 +7.150969549e-005 +7.150969549e-005 +3.944800715e+002 +3.944800715e+002 -3.9034e+000 -2.8972e+000 -3.8017e+000
4564 0 +3.390458085e-005 +3.390458085e-005 +3.944800339e+002 +3.944800339e+002 -3.8990e+000 -2.8924e+000 -3.7970e+000
5321 0 +1.809593687e-005 +1.809593687e-005 +3.944800181e+002 +3.944800181e+002 -3.8974e+000 -2.8888e+000 -3.7986e+000
5813 0 +8.634741732e-006 +8.634741732e-006 +3.944800086e+002 +3.944800086e+002 -3.8983e+000 -2.8875e+000 -3.8027e+000
5892 0 +3.603592916e-006 +3.603592916e-006 +3.944800036e+002 +3.944800036e+002 -3.8999e+000 -2.8894e+000 -3.8019e+000
6643 0 +3.394663167e-006 +3.394663167e-006 +3.944800034e+002 +3.944800034e+002 -3.8976e+000 -2.8888e+000 -3.8026e+000
6725 0 +2.252655463e-006 +2.252655463e-006 +3.944800023e+002 +3.944800023e+002 -3.8984e+000 -2.8910e+000 -3.8010e+000
6824 0 +1.354520919e-006 +1.354520919e-006 +3.944800014e+002 +3.944800014e+002 -3.8986e+000 -2.8911e+000 -3.8015e+000
6839 0 +1.087788235e-006 +1.087788235e-006 +3.944800011e+002 +3.944800011e+002 -3.8988e+000 -2.8905e+000 -3.8015e+000
7018 0 +2.301214295e-007 +2.301214295e-007 +3.944800002e+002 +3.944800002e+002 -3.8984e+000 -2.8909e+000 -3.8024e+000
7286 0 +1.901954079e-007 +1.901954079e-007 +3.944800002e+002 +3.944800002e+002 -3.8988e+000 -2.8902e+000 -3.8024e+000
7988 0 +1.193309913e-007 +1.193309913e-007 +3.944800001e+002 +3.944800001e+002 -3.8986e+000 -2.8906e+000 -3.8023e+000
8003 0 +1.024284870e-007 +1.024284870e-007 +3.944800001e+002 +3.944800001e+002 -3.8984e+000 -2.8902e+000 -3.8026e+000
8295 0 +9.938901258e-009 +9.938901258e-009 +3.944800000e+002 +3.944800000e+002 -3.8984e+000 -2.8904e+000 -3.8025e+000
15299 0 +0.000000000e+000 +0.000000000e+000 +3.944800000e+002 +3.944800000e+002 -3.8984e+000 -2.8904e+000 -3.8024e+000
% f evaluations | g evaluations | best noise-free fitness - Fopt | noise-free fitness - Fopt (-2.471100000000e+002) | measured fitness | best measured fitness | x1 | x2...
1 0 +1.739503583e+001 +1.739503583e+001 -2.297149642e+002 -2.297149642e+002 -3.5770e-001 -1.8789e+000 +4.1395e-001
2 0 +1.625941393e+001 +1.625941393e+001 -2.308505861e+002 -2.308505861e+002 -5.6224e-001 +1.4657e+000 +1.3564e+000
3 0 +8.774147648e+000 +8.774147648e+000 -2.383358524e+002 -2.383358524e+002 -1.1615e+000 +3.9096e-001 +6.4513e-001
8 0 +8.103304011e+000 +8.103304011e+000 -2.390066960e+002 -2.390066960e+002 -1.1341e+000 +5.2073e-001 +2.5964e-001
14 0 +5.223002669e+000 +5.223002669e+000 -2.418869973e+002 -2.418869973e+002 -1.8291e+000 +1.2140e+000 -1.2595e+000
29 0 +5.107828588e+000 +5.107828588e+000 -2.420021714e+002 -2.420021714e+002 -1.7544e+000 +4.5810e-001 +2.3884e-001
111 0 +2.525886637e+000 +2.525886637e+000 -2.445841134e+002 -2.445841134e+002 -3.6848e+000 -6.7761e-001 +6.2681e-001
129 0 +1.593970306e+000 +1.593970306e+000 -2.455160297e+002 -2.455160297e+002 -3.3445e+000 -6.1965e-001 -1.5344e+000
194 0 +1.217296647e-001 +1.217296647e-001 -2.469882703e+002 -2.469882703e+002 -3.9908e+000 -7.9102e-002 -6.2043e-001
750 0 +5.321987631e-002 +5.321987631e-002 -2.470567801e+002 -2.470567801e+002 -3.7918e+000 +2.6243e-001 -9.1406e-001
1322 0 +2.728859676e-002 +2.728859676e-002 -2.470827114e+002 -2.470827114e+002 -3.7485e+000 +1.8493e-001 -5.3479e-001
1722 0 +9.558013285e-003 +9.558013285e-003 -2.471004420e+002 -2.471004420e+002 -3.7035e+000 +2.0469e-001 -6.6771e-001
2129 0 +9.417814955e-003 +9.417814955e-003 -2.471005822e+002 -2.471005822e+002 -3.7651e+000 +1.1210e-001 -6.8786e-001
2295 0 +7.299248483e-003 +7.299248483e-003 -2.471027008e+002 -2.471027008e+002 -3.7730e+000 +1.5842e-001 -6.2304e-001
2559 0 +6.293781032e-003 +6.293781032e-003 -2.471037062e+002 -2.471037062e+002 -3.7955e+000 +1.7609e-001 -6.1670e-001
2616 0 +6.148019811e-003 +6.148019811e-003 -2.471038520e+002 -2.471038520e+002 -3.7687e+000 +1.3147e-001 -6.8032e-001
2716 0 +4.639148422e-003 +4.639148422e-003 -2.471053609e+002 -2.471053609e+002 -3.8490e+000 +2.4359e-001 -7.1233e-001
2724 0 +1.873530606e-003 +1.873530606e-003 -2.471081265e+002 -2.471081265e+002 -3.8293e+000 +1.7296e-001 -6.8889e-001
3104 0 +1.519502826e-003 +1.519502826e-003 -2.471084805e+002 -2.471084805e+002 -3.7601e+000 +2.0665e-001 -6.9761e-001
3132 0 +7.014827713e-004 +7.014827713e-004 -2.471092985e+002 -2.471092985e+002 -3.7938e+000 +1.8351e-001 -6.7409e-001
3425 0 +6.797789974e-004 +6.797789974e-004 -2.471093202e+002 -2.471093202e+002 -3.7997e+000 +1.7722e-001 -6.8942e-001
3517 0 +3.281298338e-004 +3.281298338e-004 -2.471096719e+002 -2.471096719e+002 -3.8027e+000 +2.1994e-001 -6.9662e-001
3830 0 +2.820295620e-004 +2.820295620e-004 -2.471097180e+002 -2.471097180e+002 -3.7970e+000 +2.0685e-001 -6.7487e-001
3889 0 +2.397611123e-004 +2.397611123e-004 -2.471097602e+002 -2.471097602e+002 -3.7982e+000 +2.1666e-001 -6.9885e-001
3892 0 +2.056497420e-004 +2.056497420e-004 -2.471097944e+002 -2.471097944e+002 -3.7893e+000 +1.9909e-001 -6.8093e-001
4120 0 +1.453692488e-004 +1.453692488e-004 -2.471098546e+002 -2.471098546e+002 -3.8041e+000 +2.1377e-001 -6.9221e-001
4220 0 +1.314713201e-004 +1.314713201e-004 -2.471098685e+002 -2.471098685e+002 -3.7909e+000 +1.9506e-001 -6.8829e-001
4326 0 +1.199847382e-004 +1.199847382e-004 -2.471098800e+002 -2.471098800e+002 -3.7961e+000 +1.9656e-001 -6.9961e-001
4510 0 +6.201767610e-005 +6.201767610e-005 -2.471099380e+002 -2.471099380e+002 -3.7927e+000 +2.0057e-001 -6.9593e-001
4674 0 +5.143342082e-005 +5.143342082e-005 -2.471099486e+002 -2.471099486e+002 -3.7988e+000 +1.9821e-001 -6.9634e-001
4773 0 +3.057926409e-005 +3.057926409e-005 -2.471099694e+002 -2.471099694e+002 -3.7943e+000 +2.0458e-001 -6.8778e-001
4949 0 +2.299319644e-005 +2.299319644e-005 -2.471099770e+002 -2.471099770e+002 -3.8028e+000 +2.0419e-001 -6.9279e-001
5034 0 +1.999388206e-005 +1.999388206e-005 -2.471099800e+002 -2.471099800e+002 -3.7976e+000 +1.9891e-001 -6.9219e-001
5081 0 +1.859716983e-005 +1.859716983e-005 -2.471099814e+002 -2.471099814e+002 -3.7982e+000 +2.0698e-001 -6.8913e-001
5384 0 +1.710168340e-005 +1.710168340e-005 -2.471099829e+002 -2.471099829e+002 -3.7991e+000 +2.0666e-001 -6.9336e-001
5507 0 +1.525583173e-006 +1.525583173e-006 -2.471099985e+002 -2.471099985e+002 -3.7994e+000 +2.0389e-001 -6.9126e-001
6552 0 +9.659604245e-007 +9.659604245e-007 -2.471099990e+002 -2.471099990e+002 -3.7979e+000 +2.0288e-001 -6.9045e-001
6953 0 +2.759201436e-007 +2.759201436e-007 -2.471099997e+002 -2.471099997e+002 -3.7986e+000 +2.0336e-001 -6.9164e-001
7800 0 +1.341670668e-007 +1.341670668e-007 -2.471099999e+002 -2.471099999e+002 -3.7983e+000 +2.0343e-001 -6.9147e-001
7951 0 +4.457723435e-008 +4.457723435e-008 -2.471100000e+002 -2.471100000e+002 -3.7984e+000 +2.0337e-001 -6.9107e-001
8386 0 +3.993818609e-009 +3.993818609e-009 -2.471100000e+002 -2.471100000e+002 -3.7984e+000 +2.0318e-001 -6.9125e-001
16368 0 +0.000000000e+000 +0.000000000e+000 -2.471100000e+002 -2.471100000e+002 -3.7984e+000 +2.0320e-001 -6.9120e-001
% f evaluations | g evaluations | best noise-free fitness - Fopt | noise-free fitness - Fopt (-1.520400000000e+002) | measured fitness | best measured fitness | x1 | x2...
1 0 +1.494053406e+001 +1.494053406e+001 -1.370994659e+002 -1.370994659e+002 -2.4472e+000 +1.0308e+000 -7.5720e-001
3 0 +5.616786180e+000 +5.616786180e+000 -1.464232138e+002 -1.464232138e+002 +1.4941e-001 +8.7384e-001 -1.6575e+000
15 0 +5.380280779e+000 +5.380280779e+000 -1.466597192e+002 -1.466597192e+002 -7.6850e-001 +2.3876e+000 -1.8753e+000
80 0 +3.955104593e+000 +3.955104593e+000 -1.480848954e+002 -1.480848954e+002 -5.3818e-001 +1.9384e+000 -2.0229e+000
109 0 +3.493365822e+000 +3.493365822e+000 -1.485466342e+002 -1.485466342e+002 -1.4955e+000 +4.5556e-001 -2.9016e+000
123 0 +1.861286496e+000 +1.861286496e+000 -1.501787135e+002 -1.501787135e+002 -5.4059e-001 +5.0388e-001 -4.8943e+000
126 0 +1.031800651e+000 +1.031800651e+000 -1.510081993e+002 -1.510081993e+002 -7.5797e-001 +7.8814e-001 -3.3030e+000
189 0 +4.466071118e-001 +4.466071118e-001 -1.515933929e+002 -1.515933929e+002 -5.8448e-001 +1.9335e+000 -3.6309e+000
821 0 +3.088223759e-001 +3.088223759e-001 -1.517311776e+002 -1.517311776e+002 +2.5404e-001 +1.2416e+000 -3.9868e+000
886 0 +2.657480538e-001 +2.657480538e-001 -1.517742519e+002 -1.517742519e+002 +5.3439e-002 +1.2206e+000 -3.5761e+000
917 0 +1.489063951e-001 +1.489063951e-001 -1.518910936e+002 -1.518910936e+002 -4.4271e-001 +1.4671e+000 -4.2658e+000
1322 0 +9.719655746e-002 +9.719655746e-002 -1.519428034e+002 -1.519428034e+002 -3.6506e-001 +1.1819e+000 -4.0951e+000
1370 0 +9.104196329e-002 +9.104196329e-002 -1.519489580e+002 -1.519489580e+002 -4.1135e-002 +1.3271e+000 -4.0996e+000
1933 0 +4.648559068e-002 +4.648559068e-002 -1.519935144e+002 -1.519935144e+002 -8.1287e-002 +1.3153e+000 -3.9354e+000
2001 0 +4.300113045e-002 +4.300113045e-002 -1.519969989e+002 -1.519969989e+002 -3.1533e-001 +1.3242e+000 -4.1001e+000
2005 0 +1.119733376e-002 +1.119733376e-002 -1.520288027e+002 -1.520288027e+002 -3.3557e-001 +1.4884e+000 -3.9735e+000
2083 0 +8.269194435e-003 +8.269194435e-003 -1.520317308e+002 -1.520317308e+002 -3.5500e-001 +1.4006e+000 -3.9282e+000
3002 0 +6.622101637e-003 +6.622101637e-003 -1.520333779e+002 -1.520333779e+002 -2.4206e-001 +1.4895e+000 -3.9661e+000
3386 0 +5.891894858e-003 +5.891894858e-003 -1.520341081e+002 -1.520341081e+002 -2.3439e-001 +1.4641e+000 -3.8682e+000
3501 0 +3.730852716e-003 +3.730852716e-003 -1.520362691e+002 -1.520362691e+002 -2.8661e-001 +1.4075e+000 -3.8693e+000
3540 0 +9.049503165e-004 +9.049503165e-004 -1.520390950e+002 -1.520390950e+002 -2.7885e-001 +1.4308e+000 -3.8979e+000
3677 0 +5.699140608e-004 +5.699140608e-004 -1.520394301e+002 -1.520394301e+002 -2.5736e-001 +1.4092e+000 -3.9408e+000
3823 0 +5.520437989e-004 +5.520437989e-004 -1.520394480e+002 -1.520394480e+002 -2.5750e-001 +1.4300e+000 -3.9453e+000
4275 0 +4.411253108e-004 +4.411253108e-004 -1.520395589e+002 -1.520395589e+002 -2.6587e-001 +1.4409e+000 -3.9372e+000
4278 0 +7.014017228e-005 +7.014017228e-005 -1.520399299e+002 -1.520399299e+002 -2.6288e-001 +1.4184e+000 -3.9203e+000
4931 0 +4.760739373e-005 +4.760739373e-005 -1.520399524e+002 -1.520399524e+002 -2.6412e-001 +1.4298e+000 -3.9227e+000
5355 0 +4.089973419e-005 +4.089973419e-005 -1.520399591e+002 -1.520399591e+002 -2.6421e-001 +1.4193e+000 -3.9279e+000
5402 0 +7.261735846e-006 +7.261735846e-006 -1.520399927e+002 -1.520399927e+002 -2.6698e-001 +1.4218e+000 -3.9263e+000
5744 0 +4.736030917e-006 +4.736030917e-006 -1.520399953e+002 -1.520399953e+002 -2.6675e-001 +1.4261e+000 -3.9249e+000
6364 0 +3.593082511e-006 +3.593082511e-006 -1.520399964e+002 -1.520399964e+002 -2.6754e-001 +1.4243e+000 -3.9266e+000
6487 0 +3.215940325e-006 +3.215940325e-006 -1.520399968e+002 -1.520399968e+002 -2.6607e-001 +1.4250e+000 -3.9238e+000
6853 0 +3.109969185e-006 +3.109969185e-006 -1.520399969e+002 -1.520399969e+002 -2.6705e-001 +1.4256e+000 -3.9240e+000
6984 0 +9.424230427e-007 +9.424230427e-007 -1.520399991e+002 -1.520399991e+002 -2.6751e-001 +1.4231e+000 -3.9250e+000
7223 0 +4.272205558e-007 +4.272205558e-007 -1.520399996e+002 -1.520399996e+002 -2.6784e-001 +1.4239e+000 -3.9248e+000
8158 0 +4.072358308e-007 +4.072358308e-007 -1.520399996e+002 -1.520399996e+002 -2.6727e-001 +1.4242e+000 -3.9254e+000
8166 0 +1.164043510e-007 +1.164043510e-007 -1.520399999e+002 -1.520399999e+002 -2.6724e-001 +1.4239e+000 -3.9245e+000
8546 0 +5.752630727e-008 +5.752630727e-008 -1.520399999e+002 -1.520399999e+002 -2.6723e-001 +1.4242e+000 -3.9248e+000
8710 0 +1.052626430e-008 +1.052626430e-008 -1.520400000e+002 -1.520400000e+002 -2.6727e-001 +1.4240e+000 -3.9247e+000
9407 0 +9.210140206e-009 +9.210140206e-009 -1.520400000e+002 -1.520400000e+002 -2.6713e-001 +1.4240e+000 -3.9248e+000
16471 0 +0.000000000e+000 +0.000000000e+000 -1.520400000e+002 -1.520400000e+002 -2.6720e-001 +1.4240e+000 -3.9248e+000
% f evaluations | g evaluations | best noise-free fitness - Fopt | noise-free fitness - Fopt (-2.525000000000e+001) | measured fitness | best measured fitness | x1 | x2...
1 0 +1.979422736e+001 +1.979422736e+001 -5.455772641e+000 -5.455772641e+000 -5.9063e-001 +1.9639e+000 -2.0102e+000
4 0 +1.761701939e+001 +1.761701939e+001 -7.632980611e+000 -7.632980611e+000 -4.6394e-001 -2.8289e-001 -1.0457e+000
5 0 +9.636207845e+000 +9.636207845e+000 -1.561379216e+001 -1.561379216e+001 +1.7775e+000 -1.9438e-001 +9.3930e-001
13 0 +7.569256193e+000 +7.569256193e+000 -1.768074381e+001 -1.768074381e+001 +1.4659e+000 +1.3407e+000 +1.4541e-001
16 0 +5.691327615e+000 +5.691327615e+000 -1.955867238e+001 -1.955867238e+001 +1.6648e+000 +8.1952e-001 -5.9101e-002
28 0 +4.920550896e+000 +4.920550896e+000 -2.032944910e+001 -2.032944910e+001 +1.9135e+000 +3.3718e-001 -2.9254e-002
90 0 +3.548965333e+000 +3.548965333e+000 -2.170103467e+001 -2.170103467e+001 +1.9034e+000 +5.0171e-001 -6.4458e-001
109 0 +4.241455581e-001 +4.241455581e-001 -2.482585444e+001 -2.482585444e+001 +3.2321e+000 +2.1193e-001 -1.7360e+000
443 0 +3.556629708e-001 +3.556629708e-001 -2.489433703e+001 -2.489433703e+001 +3.2935e+000 +4.5696e-001 -1.8916e+000
848 0 +3.257950523e-001 +3.257950523e-001 -2.492420495e+001 -2.492420495e+001 +3.0444e+000 +6.3540e-001 -1.3909e+000
852 0 +3.059649478e-001 +3.059649478e-001 -2.494403505e+001 -2.494403505e+001 +3.1323e+000 +3.6442e-001 -1.4073e+000
870 0 +2.048287261e-001 +2.048287261e-001 -2.504517127e+001 -2.504517127e+001 +3.5814e+000 +3.7241e-001 -1.0546e+000
988 0 +1.947323194e-001 +1.947323194e-001 -2.505526768e+001 -2.505526768e+001 +4.0360e+000 +5.7448e-001 -1.3061e+000
997 0 +1.857440930e-001 +1.857440930e-001 -2.506425591e+001 -2.506425591e+001 +3.3889e+000 +2.7954e-001 -1.3301e+000
1001 0 +1.001341399e-001 +1.001341399e-001 -2.514986586e+001 -2.514986586e+001 +3.7135e+000 +8.5495e-001 -1.2166e+000
1169 0 +1.612517469e-002 +1.612517469e-002 -2.523387483e+001 -2.523387483e+001 +3.6164e+000 +7.4639e-001 -1.4829e+000
1533 0 +1.358427137e-002 +1.358427137e-002 -2.523641573e+001 -2.523641573e+001 +3.7090e+000 +7.0263e-001 -1.4127e+000
1630 0 +1.181283657e-002 +1.181283657e-002 -2.523818716e+001 -2.523818716e+001 +3.6973e+000 +7.0465e-001 -1.4105e+000
1891 0 +7.302899244e-003 +7.302899244e-003 -2.524269710e+001 -2.524269710e+001 +3.6318e+000 +7.0775e-001 -1.4633e+000
2494 0 +5.169811501e-003 +5.169811501e-003 -2.524483019e+001 -2.524483019e+001 +3.6413e+000 +6.9320e-001 -1.4545e+000
2707 0 +3.809830632e-003 +3.809830632e-003 -2.524619017e+001 -2.524619017e+001 +3.5996e+000 +6.4616e-001 -1.3627e+000
2851 0 +2.617419941e-003 +2.617419941e-003 -2.524738258e+001 -2.524738258e+001 +3.5959e+000 +6.8173e-001 -1.4111e+000
2891 0 +6.169783852e-004 +6.169783852e-004 -2.524938302e+001 -2.524938302e+001 +3.6377e+000 +6.4363e-001 -1.4202e+000
3299 0 +5.179859934e-004 +5.179859934e-004 -2.524948201e+001 -2.524948201e+001 +3.5975e+000 +6.4332e-001 -1.4345e+000
3615 0 +2.848493980e-004 +2.848493980e-004 -2.524971515e+001 -2.524971515e+001 +3.6253e+000 +6.2627e-001 -1.4309e+000
3676 0 +2.059669910e-004 +2.059669910e-004 -2.524979403e+001 -2.524979403e+001 +3.6126e+000 +6.3929e-001 -1.4080e+000
4120 0 +5.579460288e-005 +5.579460288e-005 -2.524994421e+001 -2.524994421e+001 +3.6134e+000 +6.3991e-001 -1.4159e+000
4611 0 +2.685330419e-005 +2.685330419e-005 -2.524997315e+001 -2.524997315e+001 +3.6142e+000 +6.4026e-001 -1.4227e+000
5261 0 +1.105869122e-005 +1.105869122e-005 -2.524998894e+001 -2.524998894e+001 +3.6128e+000 +6.3791e-001 -1.4205e+000
5903 0 +9.789615216e-006 +9.789615216e-006 -2.524999021e+001 -2.524999021e+001 +3.6168e+000 +6.3411e-001 -1.4199e+000
5932 0 +7.306394441e-006 +7.306394441e-006 -2.524999269e+001 -2.524999269e+001 +3.6144e+000 +6.3495e-001 -1.4243e+000
5946 0 +6.154351158e-006 +6.154351158e-006 -2.524999385e+001 -2.524999385e+001 +3.6129e+000 +6.3720e-001 -1.4217e+000
6036 0 +8.904148174e-008 +8.904148174e-008 -2.524999991e+001 -2.524999991e+001 +3.6145e+000 +6.3496e-001 -1.4214e+000
7749 0 +6.779156081e-008 +6.779156081e-008 -2.524999993e+001 -2.524999993e+001 +3.6146e+000 +6.3535e-001 -1.4217e+000
7914 0 +2.663600895e-008 +2.663600895e-008 -2.524999997e+001 -2.524999997e+001 +3.6144e+000 +6.3518e-001 -1.4218e+000
8135 0 +1.279703099e-008 +1.279703099e-008 -2.524999999e+001 -2.524999999e+001 +3.6144e+000 +6.3525e-001 -1.4215e+000
8864 0 +4.430621203e-009 +4.430621203e-009 -2.525000000e+001 -2.525000000e+001 +3.6144e+000 +6.3514e-001 -1.4216e+000
16103 0 +0.000000000e+000 +0.000000000e+000 -2.525000000e+001 -2.525000000e+001 +3.6144e+000 +6.3520e-001 -1.4216e+000
% f evaluations | g evaluations | best noise-free fitness - Fopt | noise-free fitness - Fopt (1.830100000000e+002) | measured fitness | best measured fitness | x1 | x2...
1 0 +3.314633609e+001 +3.314633609e+001 +2.161563361e+002 +2.161563361e+002 -7.4997e-001 -1.5657e+000 +2.1827e-001
2 0 +1.699357566e+001 +1.699357566e+001 +2.000035757e+002 +2.000035757e+002 -6.5285e-001 +1.4587e+000 +6.2500e-001
4 0 +1.357460285e+001 +1.357460285e+001 +1.965846028e+002 +1.965846028e+002 +1.0343e-001 +6.0136e-001 -1.3353e+000
12 0 +4.137777088e+000 +4.137777088e+000 +1.871477771e+002 +1.871477771e+002 -2.3760e+000 +1.2723e+000 -1.9988e+000
105 0 +2.396517700e+000 +2.396517700e+000 +1.854065177e+002 +1.854065177e+002 -1.6689e+000 +1.9483e+000 -1.9330e+000
177 0 +3.723386638e-001 +3.723386638e-001 +1.833823387e+002 +1.833823387e+002 -2.4115e+000 +2.9342e+000 -2.3344e+000
274 0 +8.440257263e-002 +8.440257263e-002 +1.830944026e+002 +1.830944026e+002 -2.2379e+000 +2.8706e+000 -2.9931e+000
719 0 +2.439443716e-002 +2.439443716e-002 +1.830343944e+002 +1.830343944e+002 -2.2489e+000 +3.0362e+000 -2.9366e+000
2101 0 +2.028769041e-002 +2.028769041e-002 +1.830302877e+002 +1.830302877e+002 -2.0624e+000 +3.0094e+000 -2.7740e+000
2774 0 +1.663509329e-002 +1.663509329e-002 +1.830266351e+002 +1.830266351e+002 -2.1910e+000 +2.9945e+000 -2.8944e+000
2889 0 +1.167804079e-002 +1.167804079e-002 +1.830216780e+002 +1.830216780e+002 -2.1457e+000 +3.0460e+000 -2.7608e+000
2923 0 +9.796344407e-003 +9.796344407e-003 +1.830197963e+002 +1.830197963e+002 -2.1378e+000 +3.0205e+000 -2.7976e+000
3025 0 +8.348279003e-003 +8.348279003e-003 +1.830183483e+002 +1.830183483e+002 -2.1470e+000 +3.0778e+000 -2.9391e+000
3261 0 +2.727590052e-003 +2.727590052e-003 +1.830127276e+002 +1.830127276e+002 -2.1028e+000 +3.1244e+000 -2.8177e+000
3488 0 +2.334338096e-003 +2.334338096e-003 +1.830123343e+002 +1.830123343e+002 -2.1528e+000 +3.1451e+000 -2.8693e+000
3899 0 +1.428517646e-003 +1.428517646e-003 +1.830114285e+002 +1.830114285e+002 -2.1087e+000 +3.1200e+000 -2.8320e+000
3974 0 +1.265954120e-003 +1.265954120e-003 +1.830112660e+002 +1.830112660e+002 -2.1598e+000 +3.0794e+000 -2.8636e+000
4062 0 +9.244591851e-004 +9.244591851e-004 +1.830109245e+002 +1.830109245e+002 -2.1454e+000 +3.0939e+000 -2.8794e+000
4081 0 +8.256597946e-004 +8.256597946e-004 +1.830108257e+002 +1.830108257e+002 -2.1423e+000 +3.1310e+000 -2.8553e+000
4387 0 +5.765372896e-004 +5.765372896e-004 +1.830105765e+002 +1.830105765e+002 -2.1315e+000 +3.1191e+000 -2.8346e+000
4467 0 +5.508085120e-004 +5.508085120e-004 +1.830105508e+002 +1.830105508e+002 -2.1558e+000 +3.1125e+000 -2.8434e+000
4493 0 +6.026164684e-005 +6.026164684e-005 +1.830100603e+002 +1.830100603e+002 -2.1326e+000 +3.1094e+000 -2.8552e+000
5422 0 +4.665852541e-005 +4.665852541e-005 +1.830100467e+002 +1.830100467e+002 -2.1416e+000 +3.1002e+000 -2.8495e+000
5672 0 +2.193793176e-005 +2.193793176e-005 +1.830100219e+002 +1.830100219e+002 -2.1333e+000 +3.1016e+000 -2.8486e+000
6154 0 +1.671602811e-005 +1.671602811e-005 +1.830100167e+002 +1.830100167e+002 -2.1364e+000 +3.1045e+000 -2.8481e+000
6397 0 +1.187046894e-005 +1.187046894e-005 +1.830100119e+002 +1.830100119e+002 -2.1326e+000 +3.1035e+000 -2.8513e+000
6485 0 +7.632557498e-006 +7.632557498e-006 +1.830100076e+002 +1.830100076e+002 -2.1375e+000 +3.1043e+000 -2.8500e+000
6683 0 +5.813388924e-006 +5.813388924e-006 +1.830100058e+002 +1.830100058e+002 -2.1351e+000 +3.1054e+000 -2.8526e+000
6850 0 +5.260294216e-006 +5.260294216e-006 +1.830100053e+002 +1.830100053e+002 -2.1344e+000 +3.1037e+000 -2.8535e+000
6922 0 +2.087436684e-006 +2.087436684e-006 +1.830100021e+002 +1.830100021e+002 -2.1371e+000 +3.1034e+000 -2.8510e+000
7440 0 +1.045055001e-006 +1.045055001e-006 +1.830100010e+002 +1.830100010e+002 -2.1361e+000 +3.1040e+000 -2.8526e+000
7960 0 +3.514088860e-007 +3.514088860e-007 +1.830100004e+002 +1.830100004e+002 -2.1355e+000 +3.1035e+000 -2.8518e+000
8247 0 +2.066775835e-007 +2.066775835e-007 +1.830100002e+002 +1.830100002e+002 -2.1361e+000 +3.1030e+000 -2.8516e+000
8674 0 +2.039940625e-007 +2.039940625e-007 +1.830100002e+002 +1.830100002e+002 -2.1357e+000 +3.1028e+000 -2.8520e+000
8681 0 +1.574992723e-007 +1.574992723e-007 +1.830100002e+002 +1.830100002e+002 -2.1357e+000 +3.1029e+000 -2.8520e+000
9040 0 +7.878622910e-008 +7.878622910e-008 +1.830100001e+002 +1.830100001e+002 -2.1359e+000 +3.1030e+000 -2.8519e+000
9159 0 +7.537335023e-008 +7.537335023e-008 +1.830100001e+002 +1.830100001e+002 -2.1359e+000 +3.1030e+000 -2.8519e+000
9410 0 +1.157368956e-008 +1.157368956e-008 +1.830100000e+002 +1.830100000e+002 -2.1361e+000 +3.1032e+000 -2.8520e+000
9740 0 +9.505811249e-009 +9.505811249e-009 +1.830100000e+002 +1.830100000e+002 -2.1360e+000 +3.1032e+000 -2.8519e+000
14516 0 +0.000000000e+000 +0.000000000e+000 +1.830100000e+002 +1.830100000e+002 -2.1360e+000 +3.1032e+000 -2.8520e+000
% f evaluations | g evaluations | best noise-free fitness - Fopt | noise-free fitness - Fopt (1.835200000000e+002) | measured fitness | best measured fitness | x1 | x2...
1 0 +3.561770353e+001 +3.561770353e+001 +2.191377035e+002 +2.191377035e+002 +7.3169e-003 +5.4689e-001 +1.5988e+000
2 0 +2.154503516e+001 +2.154503516e+001 +2.050650352e+002 +2.050650352e+002 -2.3133e+000 -1.1231e+000 +5.5510e-001
3 0 +2.105167402e+001 +2.105167402e+001 +2.045716740e+002 +2.045716740e+002 +1.8663e-001 +4.5609e-001 -1.0427e+000
6 0 +1.298369892e+001 +1.298369892e+001 +1.965036989e+002 +1.965036989e+002 -4.9309e-001 -9.9848e-001 -3.0969e-001
18 0 +8.945091664e+000 +8.945091664e+000 +1.924650917e+002 +1.924650917e+002 +1.2046e+000 -1.2758e+000 -1.7555e+000
34 0 +2.866476414e+000 +2.866476414e+000 +1.863864764e+002 +1.863864764e+002 +7.7008e-001 -2.5332e+000 -1.8284e+000
101 0 +1.863151676e+000 +1.863151676e+000 +1.853831517e+002 +1.853831517e+002 +1.1370e+000 -4.4268e+000 -1.8002e+000
119 0 +8.543739493e-001 +8.543739493e-001 +1.843743739e+002 +1.843743739e+002 +3.2663e-001 -3.8772e+000 -1.4806e+000
320 0 +8.034732919e-001 +8.034732919e-001 +1.843234733e+002 +1.843234733e+002 -6.4715e-001 -4.1374e+000 -1.7230e+000
627 0 +5.605218726e-001 +5.605218726e-001 +1.840805219e+002 +1.840805219e+002 -5.5277e-003 -3.3322e+000 -2.7690e+000
643 0 +4.654526976e-001 +4.654526976e-001 +1.839854527e+002 +1.839854527e+002 -4.1478e-001 -4.4641e+000 -2.1397e+000
661 0 +2.647776663e-002 +2.647776663e-002 +1.835464778e+002 +1.835464778e+002 -1.3698e-001 -3.8384e+000 -2.3845e+000
1730 0 +1.440813717e-002 +1.440813717e-002 +1.835344081e+002 +1.835344081e+002 +3.5083e-002 -4.0306e+000 -2.3916e+000
2942 0 +1.038283418e-002 +1.038283418e-002 +1.835303828e+002 +1.835303828e+002 -7.9337e-002 -3.9938e+000 -2.2687e+000
3071 0 +6.498983856e-003 +6.498983856e-003 +1.835264990e+002 +1.835264990e+002 +5.0617e-002 -3.9385e+000 -2.2987e+000
3210 0 +5.672116560e-003 +5.672116560e-003 +1.835256721e+002 +1.835256721e+002 -3.8812e-002 -3.9605e+000 -2.4052e+000
3323 0 +3.012242541e-003 +3.012242541e-003 +1.835230122e+002 +1.835230122e+002 +2.9288e-002 -3.9248e+000 -2.3462e+000
3613 0 +2.755432312e-003 +2.755432312e-003 +1.835227554e+002 +1.835227554e+002 -4.0742e-002 -3.9075e+000 -2.2994e+000
3761 0 +6.765730683e-004 +6.765730683e-004 +1.835206766e+002 +1.835206766e+002 -4.1155e-002 -3.9304e+000 -2.3214e+000
3938 0 +4.903078313e-004 +4.903078313e-004 +1.835204903e+002 +1.835204903e+002 -3.0891e-002 -3.9578e+000 -2.3463e+000
4017 0 +9.103709112e-005 +9.103709112e-005 +1.835200910e+002 +1.835200910e+002 -1.6265e-002 -3.9461e+000 -2.3409e+000
4454 0 +8.640301922e-005 +8.640301922e-005 +1.835200864e+002 +1.835200864e+002 -2.4685e-002 -3.9343e+000 -2.3392e+000
4753 0 +7.073325435e-005 +7.073325435e-005 +1.835200707e+002 +1.835200707e+002 -1.9313e-002 -3.9420e+000 -2.3263e+000
4849 0 +5.524152766e-005 +5.524152766e-005 +1.835200552e+002 +1.835200552e+002 -2.8157e-002 -3.9414e+000 -2.3309e+000
4954 0 +5.256641356e-005 +5.256641356e-005 +1.835200526e+002 +1.835200526e+002 -2.4170e-002 -3.9370e+000 -2.3393e+000
5064 0 +4.464147440e-005 +4.464147440e-005 +1.835200446e+002 +1.835200446e+002 -1.6506e-002 -3.9373e+000 -2.3349e+000
5287 0 +2.197880190e-005 +2.197880190e-005 +1.835200220e+002 +1.835200220e+002 -1.8957e-002 -3.9395e+000 -2.3311e+000
5523 0 +3.598593509e-006 +3.598593509e-006 +1.835200036e+002 +1.835200036e+002 -2.0934e-002 -3.9403e+000 -2.3356e+000
6220 0 +2.114830409e-007 +2.114830409e-007 +1.835200002e+002 +1.835200002e+002 -2.1843e-002 -3.9420e+000 -2.3344e+000
7709 0 +1.909288301e-007 +1.909288301e-007 +1.835200002e+002 +1.835200002e+002 -2.1306e-002 -3.9415e+000 -2.3347e+000
7817 0 +5.333441777e-008 +5.333441777e-008 +1.835200001e+002 +1.835200001e+002 -2.1390e-002 -3.9416e+000 -2.3345e+000
8036 0 +3.791635095e-008 +3.791635095e-008 +1.835200000e+002 +1.835200000e+002 -2.1685e-002 -3.9417e+000 -2.3345e+000
8790 0 +2.410143907e-008 +2.410143907e-008 +1.835200000e+002 +1.835200000e+002 -2.1511e-002 -3.9415e+000 -2.3345e+000
8828 0 +9.122373967e-009 +9.122373967e-009 +1.835200000e+002 +1.835200000e+002 -2.1585e-002 -3.9416e+000 -2.3345e+000
16124 0 +0.000000000e+000 +0.000000000e+000 +1.835200000e+002 +1.835200000e+002 -2.1600e-002 -3.9416e+000 -2.3344e+000
% f evaluations | g evaluations | best noise-free fitness - Fopt | noise-free fitness - Fopt (-5.938400000000e+002) | measured fitness | best measured fitness | x1 | x2...
1 0 +2.664452557e+000 +2.664452557e+000 -5.911755474e+002 -5.911755474e+002 -1.9035e+000 -1.3388e+000 +9.8023e-001
3 0 +2.451264997e+000 +2.451264997e+000 -5.913887350e+002 -5.913887350e+002 -1.4968e+000 -8.4108e-001 -8.0087e-002
12 0 +2.342800159e+000 +2.342800159e+000 -5.914971998e+002 -5.914971998e+002 -1.3781e+000 -1.7949e-001 -3.4899e-001
21 0 +9.220673827e-001 +9.220673827e-001 -5.929179326e+002 -5.929179326e+002 -1.7558e+000 +6.0322e-001 +5.4300e-001
130 0 +2.468551843e-001 +2.468551843e-001 -5.935931448e+002 -5.935931448e+002 -3.0563e+000 +9.7074e-002 +6.7201e-001
522 0 +1.181898198e-001 +1.181898198e-001 -5.937218102e+002 -5.937218102e+002 -2.8730e+000 +1.0987e-001 +7.3288e-001
702 0 +1.074030389e-001 +1.074030389e-001 -5.937325970e+002 -5.937325970e+002 -2.4541e+000 +3.1882e-002 +8.7227e-001
925 0 +6.046052820e-002 +6.046052820e-002 -5.937795395e+002 -5.937795395e+002 -2.4075e+000 +1.9281e-001 +7.2857e-001
1428 0 +5.427002030e-002 +5.427002030e-002 -5.937857300e+002 -5.937857300e+002 -2.5846e+000 +4.9577e-002 +3.4389e-001
1481 0 +2.316896423e-002 +2.316896423e-002 -5.938168310e+002 -5.938168310e+002 -2.5374e+000 +1.5912e-001 +7.0594e-001
1548 0 +1.517413485e-002 +1.517413485e-002 -5.938248259e+002 -5.938248259e+002 -2.5828e+000 +2.1484e-001 +5.4982e-001
1593 0 +8.627117535e-003 +8.627117535e-003 -5.938313729e+002 -5.938313729e+002 -2.5488e+000 +1.8115e-001 +5.9785e-001
2104 0 +5.178145353e-003 +5.178145353e-003 -5.938348219e+002 -5.938348219e+002 -2.5409e+000 +6.8581e-002 +5.1126e-001
2439 0 +1.144844042e-003 +1.144844042e-003 -5.938388552e+002 -5.938388552e+002 -2.5673e+000 +1.0692e-001 +5.4065e-001
2744 0 +5.846880708e-004 +5.846880708e-004 -5.938394153e+002 -5.938394153e+002 -2.5489e+000 +9.6230e-002 +5.8443e-001
2971 0 +3.219467765e-004 +3.219467765e-004 -5.938396781e+002 -5.938396781e+002 -2.5726e+000 +9.0315e-002 +5.5478e-001
3260 0 +2.357006297e-004 +2.357006297e-004 -5.938397643e+002 -5.938397643e+002 -2.5738e+000 +8.0503e-002 +5.7698e-001
3555 0 +2.285254668e-004 +2.285254668e-004 -5.938397715e+002 -5.938397715e+002 -2.5781e+000 +8.6831e-002 +5.6206e-001
3898 0 +1.711854675e-004 +1.711854675e-004 -5.938398288e+002 -5.938398288e+002 -2.5590e+000 +9.6741e-002 +5.6476e-001
3910 0 +1.499709548e-004 +1.499709548e-004 -5.938398500e+002 -5.938398500e+002 -2.5786e+000 +1.0181e-001 +5.6823e-001
3922 0 +1.171121630e-004 +1.171121630e-004 -5.938398829e+002 -5.938398829e+002 -2.5792e+000 +8.9409e-002 +5.7204e-001
4053 0 +9.710893676e-005 +9.710893676e-005 -5.938399029e+002 -5.938399029e+002 -2.5707e+000 +1.0409e-001 +5.7059e-001
4070 0 +6.498248649e-005 +6.498248649e-005 -5.938399350e+002 -5.938399350e+002 -2.5742e+000 +9.1469e-002 +5.6604e-001
4457 0 +2.067342052e-005 +2.067342052e-005 -5.938399793e+002 -5.938399793e+002 -2.5672e+000 +9.5521e-002 +5.7569e-001
4782 0 +1.438142385e-005 +1.438142385e-005 -5.938399856e+002 -5.938399856e+002 -2.5728e+000 +9.4477e-002 +5.7004e-001
4818 0 +1.231294186e-005 +1.231294186e-005 -5.938399877e+002 -5.938399877e+002 -2.5697e+000 +9.5672e-002 +5.7527e-001
5139 0 +8.250592487e-006 +8.250592487e-006 -5.938399917e+002 -5.938399917e+002 -2.5685e+000 +9.6941e-002 +5.7277e-001
5256 0 +8.680295878e-007 +8.680295878e-007 -5.938399991e+002 -5.938399991e+002 -2.5704e+000 +9.4137e-002 +5.7154e-001
6612 0 +3.061829830e-007 +3.061829830e-007 -5.938399997e+002 -5.938399997e+002 -2.5691e+000 +9.4539e-002 +5.7177e-001
7406 0 +2.301811719e-007 +2.301811719e-007 -5.938399998e+002 -5.938399998e+002 -2.5695e+000 +9.4075e-002 +5.7234e-001
7620 0 +2.159040378e-007 +2.159040378e-007 -5.938399998e+002 -5.938399998e+002 -2.5696e+000 +9.3981e-002 +5.7180e-001
7675 0 +1.289774900e-007 +1.289774900e-007 -5.938399999e+002 -5.938399999e+002 -2.5699e+000 +9.4251e-002 +5.7218e-001
7792 0 +6.555671916e-008 +6.555671916e-008 -5.938399999e+002 -5.938399999e+002 -2.5696e+000 +9.4532e-002 +5.7222e-001
7844 0 +5.021206562e-008 +5.021206562e-008 -5.938399999e+002 -5.938399999e+002 -2.5694e+000 +9.4372e-002 +5.7200e-001
7912 0 +1.602813882e-008 +1.602813882e-008 -5.938400000e+002 -5.938400000e+002 -2.5696e+000 +9.4319e-002 +5.7190e-001
8961 0 +1.329158295e-008 +1.329158295e-008 -5.938400000e+002 -5.938400000e+002 -2.5697e+000 +9.4459e-002 +5.7207e-001
9005 0 +3.582727004e-009 +3.582727004e-009 -5.938400000e+002 -5.938400000e+002 -2.5696e+000 +9.4420e-002 +5.7195e-001
14468 0 +0.000000000e+000 +0.000000000e+000 -5.938400000e+002 -5.938400000e+002 -2.5696e+000 +9.4400e-002 +5.7200e-001
% f evaluations | g evaluations | best noise-free fitness - Fopt | noise-free fitness - Fopt (-1.000000000000e+003) | measured fitness | best measured fitness | x1 | x2...
1 0 +3.871242143e+001 +3.871242143e+001 -9.612875786e+002 -9.612875786e+002 +9.6381e-001 +1.5298e+000 -6.2651e-001
9 0 +3.813131359e+001 +3.813131359e+001 -9.618686864e+002 -9.618686864e+002 -1.8481e-001 +5.4153e-001 -1.0905e-001
12 0 +3.329203551e+001 +3.329203551e+001 -9.667079645e+002 -9.667079645e+002 -1.3813e+000 -3.9911e-001 -7.9633e-001
25 0 +3.061256363e+001 +3.061256363e+001 -9.693874364e+002 -9.693874364e+002 -9.4268e-001 -3.7239e-001 -1.7366e+000
32 0 +2.447820792e+001 +2.447820792e+001 -9.755217921e+002 -9.755217921e+002 -8.0000e-001 +9.9622e-001 -1.1651e+000
42 0 +2.286485972e+001 +2.286485972e+001 -9.771351403e+002 -9.771351403e+002 -1.5664e+000 +1.3881e+000 -4.1475e-001
50 0 +1.998206632e+001 +1.998206632e+001 -9.800179337e+002 -9.800179337e+002 -1.1266e+000 +1.9456e+000 -8.2746e-001
82 0 +1.036198138e+001 +1.036198138e+001 -9.896380186e+002 -9.896380186e+002 -1.4603e+000 +1.9595e+000 -2.7731e+000
113 0 +5.904716884e+000 +5.904716884e+000 -9.940952831e+002 -9.940952831e+002 -2.4125e+000 +3.2416e+000 -1.9549e+000
162 0 +1.285807155e+000 +1.285807155e+000 -9.987141928e+002 -9.987141928e+002 -3.5071e+000 +2.7760e+000 -3.9375e+000
173 0 +9.544664499e-001 +9.544664499e-001 -9.990455336e+002 -9.990455336e+002 -4.6326e+000 +4.4268e+000 -3.8651e+000
616 0 +4.120528692e-001 +4.120528692e-001 -9.995879471e+002 -9.995879471e+002 -3.9785e+000 +4.2461e+000 -4.3106e+000
1142 0 +3.129480076e-001 +3.129480076e-001 -9.996870520e+002 -9.996870520e+002 -3.5078e+000 +3.6894e+000 -4.2385e+000
1217 0 +3.020152022e-001 +3.020152022e-001 -9.996979848e+002 -9.996979848e+002 -4.3379e+000 +3.6702e+000 -3.6670e+000
1278 0 +2.088495471e-001 +2.088495471e-001 -9.997911505e+002 -9.997911505e+002 -4.0665e+000 +4.2481e+000 -3.8736e+000
1401 0 +1.702952218e-001 +1.702952218e-001 -9.998297048e+002 -9.998297048e+002 -3.5030e+000 +3.8501e+000 -3.5881e+000
1710 0 +6.206974029e-002 +6.206974029e-002 -9.999379303e+002 -9.999379303e+002 -3.9314e+000 +3.6211e+000 -3.7971e+000
1812 0 +3.118184801e-002 +3.118184801e-002 -9.999688182e+002 -9.999688182e+002 -3.8115e+000 +3.7081e+000 -3.7255e+000
1997 0 +1.281728943e-002 +1.281728943e-002 -9.999871827e+002 -9.999871827e+002 -3.8342e+000 +3.7422e+000 -3.8440e+000
2631 0 +7.946762395e-003 +7.946762395e-003 -9.999920532e+002 -9.999920532e+002 -3.7798e+000 +3.8712e+000 -3.8815e+000
2653 0 +7.746499865e-003 +7.746499865e-003 -9.999922535e+002 -9.999922535e+002 -3.9156e+000 +3.9028e+000 -3.8237e+000
2776 0 +7.019260607e-003 +7.019260607e-003 -9.999929807e+002 -9.999929807e+002 -3.7605e+000 +3.8630e+000 -3.8131e+000
2808 0 +1.070767223e-003 +1.070767223e-003 -9.999989292e+002 -9.999989292e+002 -3.8720e+000 +3.8601e+000 -3.8353e+000
3220 0 +6.884100570e-004 +6.884100570e-004 -9.999993116e+002 -9.999993116e+002 -3.8621e+000 +3.8619e+000 -3.8059e+000
3434 0 +5.288981432e-004 +5.288981432e-004 -9.999994711e+002 -9.999994711e+002 -3.8546e+000 +3.8635e+000 -3.8047e+000
3520 0 +3.238046284e-004 +3.238046284e-004 -9.999996762e+002 -9.999996762e+002 -3.8322e+000 +3.8448e+000 -3.8334e+000
3535 0 +1.576547795e-004 +1.576547795e-004 -9.999998423e+002 -9.999998423e+002 -3.8499e+000 +3.8517e+000 -3.8322e+000
3635 0 +1.027281085e-004 +1.027281085e-004 -9.999998973e+002 -9.999998973e+002 -3.8332e+000 +3.8522e+000 -3.8228e+000
3868 0 +5.015603926e-005 +5.015603926e-005 -9.999999498e+002 -9.999999498e+002 -3.8371e+000 +3.8556e+000 -3.8192e+000
4632 0 +1.414203496e-005 +1.414203496e-005 -9.999999859e+002 -9.999999859e+002 -3.8423e+000 +3.8515e+000 -3.8250e+000
5028 0 +1.032747309e-005 +1.032747309e-005 -9.999999897e+002 -9.999999897e+002 -3.8403e+000 +3.8514e+000 -3.8213e+000
5117 0 +9.343641182e-006 +9.343641182e-006 -9.999999907e+002 -9.999999907e+002 -3.8419e+000 +3.8553e+000 -3.8205e+000
5184 0 +6.878838690e-006 +6.878838690e-006 -9.999999931e+002 -9.999999931e+002 -3.8451e+000 +3.8515e+000 -3.8229e+000
5408 0 +5.663048114e-006 +5.663048114e-006 -9.999999943e+002 -9.999999943e+002 -3.8424e+000 +3.8549e+000 -3.8223e+000
5437 0 +1.468385790e-006 +1.468385790e-006 -9.999999985e+002 -9.999999985e+002 -3.8439e+000 +3.8525e+000 -3.8207e+000
5829 0 +6.379344768e-007 +6.379344768e-007 -9.999999994e+002 -9.999999994e+002 -3.8427e+000 +3.8522e+000 -3.8214e+000
6569 0 +4.951433539e-007 +4.951433539e-007 -9.999999995e+002 -9.999999995e+002 -3.8430e+000 +3.8523e+000 -3.8220e+000
6694 0 +4.744578064e-007 +4.744578064e-007 -9.999999995e+002 -9.999999995e+002 -3.8430e+000 +3.8528e+000 -3.8209e+000
7059 0 +3.519155598e-007 +3.519155598e-007 -9.999999996e+002 -9.999999996e+002 -3.8436e+000 +3.8532e+000 -3.8218e+000
7158 0 +1.282612629e-007 +1.282612629e-007 -9.999999999e+002 -9.999999999e+002 -3.8433e+000 +3.8525e+000 -3.8217e+000
7432 0 +6.965512966e-008 +6.965512966e-008 -9.999999999e+002 -9.999999999e+002 -3.8431e+000 +3.8530e+000 -3.8217e+000
7898 0 +5.676190540e-008 +5.676190540e-008 -9.999999999e+002 -9.999999999e+002 -3.8432e+000 +3.8527e+000 -3.8218e+000
8108 0 +3.517823188e-008 +3.517823188e-008 -1.000000000e+003 -1.000000000e+003 -3.8433e+000 +3.8529e+000 -3.8216e+000
8261 0 +2.212595973e-008 +2.212595973e-008 -1.000000000e+003 -1.000000000e+003 -3.8432e+000 +3.8529e+000 -3.8216e+000
8489 0 +5.280867299e-009 +5.280867299e-009 -1.000000000e+003 -1.000000000e+003 -3.8432e+000 +3.8528e+000 -3.8217e+000
13962 0 +0.000000000e+000 +0.000000000e+000 -1.000000000e+003 -1.000000000e+003 -3.8432e+000 +3.8528e+000 -3.8216e+000
% f evaluations | g evaluations | best noise-free fitness - Fopt | noise-free fitness - Fopt (-2.531000000000e+001) | measured fitness | best measured fitness | x1 | x2...
1 0 +1.479516364e+001 +1.479516364e+001 -1.051483636e+001 -1.051483636e+001 +3.1896e-001 +2.4964e+000 -1.0964e+000
15 0 +1.178206892e+001 +1.178206892e+001 -1.352793108e+001 -1.352793108e+001 +6.1164e-001 +1.7089e+000 +3.1245e-001
29 0 +7.110338997e+000 +7.110338997e+000 -1.819966100e+001 -1.819966100e+001 +1.3589e+000 +1.9036e+000 +9.1816e-001
115 0 +4.383543016e+000 +4.383543016e+000 -2.092645698e+001 -2.092645698e+001 +1.5025e+000 +2.9558e+000 +1.2820e+000
118 0 +3.847150280e+000 +3.847150280e+000 -2.146284972e+001 -2.146284972e+001 +5.0379e+000 +2.4899e+000 +3.0739e-001
129 0 +1.491370490e+000 +1.491370490e+000 -2.381862951e+001 -2.381862951e+001 +3.7444e+000 +2.4497e+000 +1.3451e+000
282 0 +7.165117793e-001 +7.165117793e-001 -2.459348822e+001 -2.459348822e+001 +4.1628e+000 +3.4793e+000 +3.7115e-001
557 0 +2.904755817e-001 +2.904755817e-001 -2.501952442e+001 -2.501952442e+001 +3.6090e+000 +3.1362e+000 +1.1897e+000
613 0 +9.777871845e-002 +9.777871845e-002 -2.521222128e+001 -2.521222128e+001 +3.7478e+000 +3.4558e+000 +9.7107e-001
1441 0 +6.898507085e-002 +6.898507085e-002 -2.524101493e+001 -2.524101493e+001 +3.2697e+000 +3.6764e+000 +9.4624e-001
1549 0 +2.395738783e-002 +2.395738783e-002 -2.528604261e+001 -2.528604261e+001 +3.5785e+000 +3.6382e+000 +8.2430e-001
1799 0 +2.325669835e-002 +2.325669835e-002 -2.528674330e+001 -2.528674330e+001 +3.4334e+000 +3.4193e+000 +9.4834e-001
2142 0 +6.785717784e-003 +6.785717784e-003 -2.530321428e+001 -2.530321428e+001 +3.5354e+000 +3.5696e+000 +8.2128e-001
2426 0 +5.538965588e-003 +5.538965588e-003 -2.530446103e+001 -2.530446103e+001 +3.4053e+000 +3.5598e+000 +8.2504e-001
2641 0 +4.990731955e-003 +4.990731955e-003 -2.530500927e+001 -2.530500927e+001 +3.4275e+000 +3.5534e+000 +7.9930e-001
2802 0 +3.381480371e-003 +3.381480371e-003 -2.530661852e+001 -2.530661852e+001 +3.5042e+000 +3.5700e+000 +8.8008e-001
3227 0 +2.034336123e-003 +2.034336123e-003 -2.530796566e+001 -2.530796566e+001 +3.4880e+000 +3.5571e+000 +8.2003e-001
3522 0 +8.142114894e-004 +8.142114894e-004 -2.530918579e+001 -2.530918579e+001 +3.4578e+000 +3.5169e+000 +8.7382e-001
3846 0 +5.478058541e-004 +5.478058541e-004 -2.530945219e+001 -2.530945219e+001 +3.4575e+000 +3.5526e+000 +8.5798e-001
3915 0 +4.640068684e-005 +4.640068684e-005 -2.530995360e+001 -2.530995360e+001 +3.4730e+000 +3.5280e+000 +8.5030e-001
5028 0 +4.090113150e-005 +4.090113150e-005 -2.530995910e+001 -2.530995910e+001 +3.4749e+000 +3.5317e+000 +8.5425e-001
5052 0 +3.978437906e-006 +3.978437906e-006 -2.530999602e+001 -2.530999602e+001 +3.4693e+000 +3.5322e+000 +8.5464e-001
6202 0 +2.541780887e-006 +2.541780887e-006 -2.530999746e+001 -2.530999746e+001 +3.4673e+000 +3.5332e+000 +8.5314e-001
6702 0 +1.814230323e-006 +1.814230323e-006 -2.530999819e+001 -2.530999819e+001 +3.4687e+000 +3.5315e+000 +8.5316e-001
7233 0 +1.770691675e-006 +1.770691675e-006 -2.530999823e+001 -2.530999823e+001 +3.4679e+000 +3.5333e+000 +8.5359e-001
7404 0 +6.402491408e-007 +6.402491408e-007 -2.530999936e+001 -2.530999936e+001 +3.4691e+000 +3.5321e+000 +8.5300e-001
7589 0 +3.713360357e-007 +3.713360357e-007 -2.530999963e+001 -2.530999963e+001 +3.4691e+000 +3.5332e+000 +8.5310e-001
7833 0 +2.306407048e-007 +2.306407048e-007 -2.530999977e+001 -2.530999977e+001 +3.4688e+000 +3.5324e+000 +8.5257e-001
8086 0 +1.321161243e-007 +1.321161243e-007 -2.530999987e+001 -2.530999987e+001 +3.4685e+000 +3.5330e+000 +8.5292e-001
9007 0 +5.457849284e-008 +5.457849284e-008 -2.530999995e+001 -2.530999995e+001 +3.4686e+000 +3.5328e+000 +8.5294e-001
9057 0 +3.031737705e-008 +3.031737705e-008 -2.530999997e+001 -2.530999997e+001 +3.4688e+000 +3.5327e+000 +8.5268e-001
9125 0 +1.838817099e-008 +1.838817099e-008 -2.530999998e+001 -2.530999998e+001 +3.4688e+000 +3.5327e+000 +8.5272e-001
9405 0 +1.214566936e-008 +1.214566936e-008 -2.530999999e+001 -2.530999999e+001 +3.4689e+000 +3.5329e+000 +8.5273e-001
9521 0 +1.071165912e-008 +1.071165912e-008 -2.530999999e+001 -2.530999999e+001 +3.4689e+000 +3.5329e+000 +8.5280e-001
9623 0 +8.457455181e-009 +8.457455181e-009 -2.530999999e+001 -2.530999999e+001 +3.4688e+000 +3.5329e+000 +8.5275e-001
17068 0 +0.000000000e+000 +0.000000000e+000 -2.531000000e+001 -2.531000000e+001 +3.4688e+000 +3.5328e+000 +8.5280e-001
% f evaluations | g evaluations | best noise-free fitness - Fopt | noise-free fitness - Fopt (2.228000000000e+001) | measured fitness | best measured fitness | x1 | x2...
1 0 +8.747202681e+000 +8.747202681e+000 +3.102720268e+001 +3.102720268e+001 -2.3474e-001 +1.8734e-001 -3.4681e-001
2 0 +5.306041131e+000 +5.306041131e+000 +2.758604113e+001 +2.758604113e+001 +2.5926e-001 -1.5129e-001 -6.6699e-001
11 0 +1.569783610e+000 +1.569783610e+000 +2.384978361e+001 +2.384978361e+001 +1.4462e+000 -1.0824e+000 -7.7927e-001
93 0 +8.041146025e-001 +8.041146025e-001 +2.308411460e+001 +2.308411460e+001 +7.7743e-001 -1.2935e+000 -1.4132e+000
305 0 +2.755956499e-001 +2.755956499e-001 +2.255559565e+001 +2.255559565e+001 +1.8496e+000 -1.6047e+000 -1.5868e+000
757 0 +1.770734295e-001 +1.770734295e-001 +2.245707343e+001 +2.245707343e+001 +1.2579e+000 -2.1238e+000 -1.6408e+000
964 0 +1.529397904e-001 +1.529397904e-001 +2.243293979e+001 +2.243293979e+001 +1.1232e+000 -1.5391e+000 -1.9338e+000
986 0 +1.370475098e-001 +1.370475098e-001 +2.241704751e+001 +2.241704751e+001 +1.2238e+000 -1.7519e+000 -2.1389e+000
1123 0 +1.205059190e-001 +1.205059190e-001 +2.240050592e+001 +2.240050592e+001 +1.2079e+000 -1.4980e+000 -1.8500e+000
1203 0 +2.423275866e-002 +2.423275866e-002 +2.230423276e+001 +2.230423276e+001 +1.4137e+000 -1.6211e+000 -1.8236e+000
1310 0 +1.600968739e-002 +1.600968739e-002 +2.229600969e+001 +2.229600969e+001 +1.4587e+000 -1.8922e+000 -1.7975e+000
1414 0 +1.559395226e-002 +1.559395226e-002 +2.229559395e+001 +2.229559395e+001 +1.4174e+000 -1.7762e+000 -1.9464e+000
1562 0 +1.452411190e-002 +1.452411190e-002 +2.229452411e+001 +2.229452411e+001 +1.4994e+000 -1.8464e+000 -1.8683e+000
2092 0 +2.931385272e-003 +2.931385272e-003 +2.228293139e+001 +2.228293139e+001 +1.4020e+000 -1.7243e+000 -1.8142e+000
2170 0 +5.899336365e-004 +5.899336365e-004 +2.228058993e+001 +2.228058993e+001 +1.4134e+000 -1.7667e+000 -1.7995e+000
2917 0 +2.946872391e-004 +2.946872391e-004 +2.228029469e+001 +2.228029469e+001 +1.4198e+000 -1.7679e+000 -1.8345e+000
2918 0 +2.546789922e-004 +2.546789922e-004 +2.228025468e+001 +2.228025468e+001 +1.4073e+000 -1.7864e+000 -1.8101e+000
3288 0 +1.897467664e-004 +1.897467664e-004 +2.228018975e+001 +2.228018975e+001 +1.4248e+000 -1.7836e+000 -1.8216e+000
3450 0 +1.102650081e-004 +1.102650081e-004 +2.228011027e+001 +2.228011027e+001 +1.4210e+000 -1.7709e+000 -1.8189e+000
3876 0 +1.046608358e-004 +1.046608358e-004 +2.228010466e+001 +2.228010466e+001 +1.4049e+000 -1.7754e+000 -1.8152e+000
4056 0 +7.957391784e-005 +7.957391784e-005 +2.228007957e+001 +2.228007957e+001 +1.4193e+000 -1.7713e+000 -1.8188e+000
4170 0 +7.038236819e-005 +7.038236819e-005 +2.228007038e+001 +2.228007038e+001 +1.4111e+000 -1.7817e+000 -1.8282e+000
4184 0 +5.771923787e-005 +5.771923787e-005 +2.228005772e+001 +2.228005772e+001 +1.4150e+000 -1.7738e+000 -1.8150e+000
4819 0 +4.749923488e-005 +4.749923488e-005 +2.228004750e+001 +2.228004750e+001 +1.4125e+000 -1.7711e+000 -1.8254e+000
4887 0 +4.541364086e-005 +4.541364086e-005 +2.228004541e+001 +2.228004541e+001 +1.4155e+000 -1.7812e+000 -1.8173e+000
5138 0 +4.362116054e-005 +4.362116054e-005 +2.228004362e+001 +2.228004362e+001 +1.4100e+000 -1.7725e+000 -1.8175e+000
5219 0 +1.630249704e-005 +1.630249704e-005 +2.228001630e+001 +2.228001630e+001 +1.4100e+000 -1.7793e+000 -1.8231e+000
5509 0 +1.577779068e-005 +1.577779068e-005 +2.228001578e+001 +2.228001578e+001 +1.4140e+000 -1.7730e+000 -1.8213e+000
5530 0 +6.962532687e-006 +6.962532687e-006 +2.228000696e+001 +2.228000696e+001 +1.4154e+000 -1.7765e+000 -1.8220e+000
6302 0 +6.548077785e-006 +6.548077785e-006 +2.228000655e+001 +2.228000655e+001 +1.4130e+000 -1.7791e+000 -1.8228e+000
6354 0 +5.897480040e-006 +5.897480040e-006 +2.228000590e+001 +2.228000590e+001 +1.4122e+000 -1.7765e+000 -1.8239e+000
6518 0 +3.813403861e-006 +3.813403861e-006 +2.228000381e+001 +2.228000381e+001 +1.4130e+000 -1.7780e+000 -1.8201e+000
6564 0 +2.782718944e-006 +2.782718944e-006 +2.228000278e+001 +2.228000278e+001 +1.4136e+000 -1.7777e+000 -1.8228e+000
6587 0 +1.439201789e-006 +1.439201789e-006 +2.228000144e+001 +2.228000144e+001 +1.4120e+000 -1.7774e+000 -1.8222e+000
6772 0 +7.087271605e-007 +7.087271605e-007 +2.228000071e+001 +2.228000071e+001 +1.4131e+000 -1.7775e+000 -1.8213e+000
6819 0 +2.437233668e-007 +2.437233668e-007 +2.228000024e+001 +2.228000024e+001 +1.4131e+000 -1.7772e+000 -1.8215e+000
7548 0 +1.523366180e-007 +1.523366180e-007 +2.228000015e+001 +2.228000015e+001 +1.4127e+000 -1.7764e+000 -1.8217e+000
7639 0 +2.682159916e-008 +2.682159916e-008 +2.228000003e+001 +2.228000003e+001 +1.4128e+000 -1.7768e+000 -1.8218e+000
8406 0 +1.531958560e-008 +1.531958560e-008 +2.228000002e+001 +2.228000002e+001 +1.4128e+000 -1.7769e+000 -1.8217e+000
8518 0 +1.385288684e-008 +1.385288684e-008 +2.228000001e+001 +2.228000001e+001 +1.4129e+000 -1.7767e+000 -1.8216e+000
8844 0 +1.363745383e-008 +1.363745383e-008 +2.228000001e+001 +2.228000001e+001 +1.4127e+000 -1.7768e+000 -1.8216e+000
9017 0 +1.044393372e-008 +1.044393372e-008 +2.228000001e+001 +2.228000001e+001 +1.4129e+000 -1.7768e+000 -1.8215e+000
9022 0 +2.200767568e-009 +2.200767568e-009 +2.228000000e+001 +2.228000000e+001 +1.4128e+000 -1.7768e+000 -1.8216e+000
15466 0 +0.000000000e+000 +0.000000000e+000 +2.228000000e+001 +2.228000000e+001 +1.4128e+000 -1.7768e+000 -1.8216e+000
% f evaluations | g evaluations | best noise-free fitness - Fopt | noise-free fitness - Fopt (3.561400000000e+002) | measured fitness | best measured fitness | x1 | x2...
1 0 +3.659531421e+001 +3.659531421e+001 +3.927353142e+002 +3.927353142e+002 -2.2713e+000 +3.3419e-001 +1.1472e+000
2 0 +9.218855479e+000 +9.218855479e+000 +3.653588555e+002 +3.653588555e+002 +6.9808e-001 +1.4119e+000 -1.3263e+000
7 0 +5.294337266e+000 +5.294337266e+000 +3.614343373e+002 +3.614343373e+002 +2.1219e+000 -1.0553e+000 -1.3992e+000
19 0 +5.046504316e+000 +5.046504316e+000 +3.611865043e+002 +3.611865043e+002 -1.1750e-001 +3.1217e-001 -2.1729e+000
29 0 +4.202059502e+000 +4.202059502e+000 +3.603420595e+002 +3.603420595e+002 +1.2598e+000 -8.1974e-001 -1.5188e+000
41 0 +3.091881952e+000 +3.091881952e+000 +3.592318820e+002 +3.592318820e+002 +1.1103e+000 -3.4077e-001 -1.8239e+000
87 0 +1.792132048e+000 +1.792132048e+000 +3.579321320e+002 +3.579321320e+002 +9.3868e-001 -4.0457e-001 -2.3098e+000
89 0 +1.687293212e+000 +1.687293212e+000 +3.578272932e+002 +3.578272932e+002 +8.8403e-001 -4.7919e-001 -2.3734e+000
136 0 +3.668460835e-001 +3.668460835e-001 +3.565068461e+002 +3.565068461e+002 +1.1649e+000 -6.8004e-001 -3.0311e+000
153 0 +1.049367130e-001 +1.049367130e-001 +3.562449367e+002 +3.562449367e+002 +1.5666e+000 -5.8337e-001 -3.8372e+000
910 0 +6.600014705e-002 +6.600014705e-002 +3.562060001e+002 +3.562060001e+002 +1.2279e+000 -4.4384e-001 -3.6169e+000
1371 0 +2.840102926e-002 +2.840102926e-002 +3.561684010e+002 +3.561684010e+002 +1.3100e+000 -5.0330e-001 -3.4608e+000
1726 0 +1.603684985e-002 +1.603684985e-002 +3.561560368e+002 +3.561560368e+002 +1.3441e+000 -4.7562e-001 -3.5610e+000
2192 0 +9.582777542e-003 +9.582777542e-003 +3.561495828e+002 +3.561495828e+002 +1.5394e+000 -4.6986e-001 -3.5380e+000
2666 0 +6.590712412e-003 +6.590712412e-003 +3.561465907e+002 +3.561465907e+002 +1.4297e+000 -4.5472e-001 -3.5669e+000
2884 0 +4.987323593e-004 +4.987323593e-004 +3.561404987e+002 +3.561404987e+002 +1.4555e+000 -5.4267e-001 -3.5507e+000
3388 0 +1.434580278e-004 +1.434580278e-004 +3.561401435e+002 +3.561401435e+002 +1.4586e+000 -5.1284e-001 -3.5370e+000
4017 0 +4.341582246e-005 +4.341582246e-005 +3.561400434e+002 +3.561400434e+002 +1.4521e+000 -5.2304e-001 -3.5377e+000
4407 0 +2.472346324e-005 +2.472346324e-005 +3.561400247e+002 +3.561400247e+002 +1.4577e+000 -5.1998e-001 -3.5386e+000
4838 0 +1.377285065e-005 +1.377285065e-005 +3.561400138e+002 +3.561400138e+002 +1.4591e+000 -5.2128e-001 -3.5366e+000
5205 0 +9.704041361e-006 +9.704041361e-006 +3.561400097e+002 +3.561400097e+002 +1.4556e+000 -5.2597e-001 -3.5369e+000
5344 0 +3.887659773e-006 +3.887659773e-006 +3.561400039e+002 +3.561400039e+002 +1.4575e+000 -5.2525e-001 -3.5359e+000
5468 0 +3.766760585e-006 +3.766760585e-006 +3.561400038e+002 +3.561400038e+002 +1.4585e+000 -5.2554e-001 -3.5394e+000
5521 0 +1.536573620e-006 +1.536573620e-006 +3.561400015e+002 +3.561400015e+002 +1.4589e+000 -5.2520e-001 -3.5365e+000
6115 0 +9.485096371e-007 +9.485096371e-007 +3.561400009e+002 +3.561400009e+002 +1.4588e+000 -5.2457e-001 -3.5384e+000
6212 0 +7.398484172e-007 +7.398484172e-007 +3.561400007e+002 +3.561400007e+002 +1.4588e+000 -5.2405e-001 -3.5378e+000
6213 0 +3.509384783e-007 +3.509384783e-007 +3.561400004e+002 +3.561400004e+002 +1.4580e+000 -5.2502e-001 -3.5380e+000
6954 0 +2.024809760e-007 +2.024809760e-007 +3.561400002e+002 +3.561400002e+002 +1.4582e+000 -5.2487e-001 -3.5372e+000
7052 0 +3.973815410e-008 +3.973815410e-008 +3.561400000e+002 +3.561400000e+002 +1.4582e+000 -5.2489e-001 -3.5375e+000
7377 0 +2.393539944e-008 +2.393539944e-008 +3.561400000e+002 +3.561400000e+002 +1.4583e+000 -5.2479e-001 -3.5375e+000
8085 0 +1.087101964e-008 +1.087101964e-008 +3.561400000e+002 +3.561400000e+002 +1.4583e+000 -5.2485e-001 -3.5376e+000
8116 0 +1.067587618e-008 +1.067587618e-008 +3.561400000e+002 +3.561400000e+002 +1.4584e+000 -5.2479e-001 -3.5375e+000
8950 0 +6.198831670e-009 +6.198831670e-009 +3.561400000e+002 +3.561400000e+002 +1.4585e+000 -5.2475e-001 -3.5376e+000
15136 0 +0.000000000e+000 +0.000000000e+000 +3.561400000e+002 +3.561400000e+002 +1.4584e+000 -5.2480e-001 -3.5376e+000
% f evaluations | g evaluations | best noise-free fitness - Fopt | noise-free fitness - Fopt (-4.757000000000e+002) | measured fitness | best measured fitness | x1 | x2...
1 0 +1.044113285e+001 +1.044113285e+001 -4.652588671e+002 -4.652588671e+002 -3.9048e-001 -6.7002e-001 +5.9389e-001
3 0 +4.568833051e+000 +4.568833051e+000 -4.711311669e+002 -4.711311669e+002 -8.4506e-001 +5.4471e-001 +1.8922e+000
57 0 +9.871732546e-001 +9.871732546e-001 -4.747128267e+002 -4.747128267e+002 -7.4473e-001 -3.9408e-001 +2.7985e+000
139 0 +3.845906039e-001 +3.845906039e-001 -4.753154094e+002 -4.753154094e+002 -1.4315e+000 -3.2606e-001 +3.6958e+000
486 0 +2.854888748e-001 +2.854888748e-001 -4.754145111e+002 -4.754145111e+002 -3.4291e-001 -2.2545e-001 +3.7579e+000
728 0 +1.234911472e-001 +1.234911472e-001 -4.755765089e+002 -4.755765089e+002 -6.3784e-001 -3.2759e-001 +3.5167e+000
932 0 +9.180879173e-002 +9.180879173e-002 -4.756081912e+002 -4.756081912e+002 -6.8240e-001 -3.0249e-001 +4.0111e+000
1224 0 +3.184397235e-002 +3.184397235e-002 -4.756681560e+002 -4.756681560e+002 -7.8890e-001 -2.7047e-001 +3.7785e+000
1593 0 +3.089306486e-002 +3.089306486e-002 -4.756691069e+002 -4.756691069e+002 -1.0006e+000 -4.1597e-001 +3.8165e+000
1963 0 +5.912789291e-003 +5.912789291e-003 -4.756940872e+002 -4.756940872e+002 -7.9781e-001 -4.6429e-001 +3.7202e+000
2205 0 +1.377338446e-003 +1.377338446e-003 -4.756986227e+002 -4.756986227e+002 -8.1720e-001 -4.1182e-001 +3.7735e+000
2650 0 +4.918271352e-004 +4.918271352e-004 -4.756995082e+002 -4.756995082e+002 -8.4877e-001 -4.4882e-001 +3.7772e+000
3294 0 +2.131258922e-004 +2.131258922e-004 -4.756997869e+002 -4.756997869e+002 -8.3585e-001 -4.5006e-001 +3.7989e+000
3784 0 +4.058634232e-005 +4.058634232e-005 -4.756999594e+002 -4.756999594e+002 -8.3291e-001 -4.4939e-001 +3.7880e+000
5080 0 +2.402527838e-005 +2.402527838e-005 -4.756999760e+002 -4.756999760e+002 -8.2926e-001 -4.3928e-001 +3.7859e+000
5284 0 +2.475595068e-006 +2.475595068e-006 -4.756999975e+002 -4.756999975e+002 -8.2996e-001 -4.4552e-001 +3.7870e+000
5679 0 +9.273958312e-007 +9.273958312e-007 -4.756999991e+002 -4.756999991e+002 -8.2869e-001 -4.4394e-001 +3.7875e+000
6827 0 +1.845687052e-007 +1.845687052e-007 -4.756999998e+002 -4.756999998e+002 -8.2970e-001 -4.4432e-001 +3.7875e+000
7174 0 +8.923865380e-008 +8.923865380e-008 -4.756999999e+002 -4.756999999e+002 -8.2973e-001 -4.4425e-001 +3.7871e+000
7904 0 +8.370699334e-008 +8.370699334e-008 -4.756999999e+002 -4.756999999e+002 -8.2944e-001 -4.4405e-001 +3.7870e+000
8261 0 +5.589168950e-008 +5.589168950e-008 -4.756999999e+002 -4.756999999e+002 -8.2954e-001 -4.4398e-001 +3.7874e+000
8277 0 +3.301681772e-008 +3.301681772e-008 -4.757000000e+002 -4.757000000e+002 -8.2970e-001 -4.4410e-001 +3.7873e+000
8280 0 +2.352805950e-008 +2.352805950e-008 -4.757000000e+002 -4.757000000e+002 -8.2946e-001 -4.4405e-001 +3.7872e+000
8305 0 +2.316130576e-008 +2.316130576e-008 -4.757000000e+002 -4.757000000e+002 -8.2958e-001 -4.4414e-001 +3.7871e+000
8431 0 +1.867891797e-008 +1.867891797e-008 -4.757000000e+002 -4.757000000e+002 -8.2962e-001 -4.4388e-001 +3.7871e+000
8632 0 +1.304852049e-008 +1.304852049e-008 -4.757000000e+002 -4.757000000e+002 -8.2967e-001 -4.4391e-001 +3.7872e+000
9075 0 +5.381593837e-009 +5.381593837e-009 -4.757000000e+002 -4.757000000e+002 -8.2960e-001 -4.4393e-001 +3.7872e+000
14959 0 +0.000000000e+000 +0.000000000e+000 -4.757000000e+002 -4.757000000e+002 -8.2960e-001 -4.4400e-001 +3.7872e+000
% f evaluations | g evaluations | best noise-free fitness - Fopt | noise-free fitness - Fopt (-1.000000000000e+003) | measured fitness | best measured fitness | x1 | x2...
1 0 +4.092064176e+001 +4.092064176e+001 -9.590793582e+002 -9.590793582e+002 -4.7188e-001 +1.0320e+000 -1.2256e+000
3 0 +2.458022517e+001 +2.458022517e+001 -9.754197748e+002 -9.754197748e+002 +6.4781e-002 +2.5474e+000 +7.2850e-001
35 0 +2.108231390e+001 +2.108231390e+001 -9.789176861e+002 -9.789176861e+002 -1.6063e+000 +1.8888e+000 -3.6356e-002
36 0 +1.965332094e+001 +1.965332094e+001 -9.803466791e+002 -9.803466791e+002 -2.2130e+000 +1.4301e+000 +5.1868e-002
55 0 +1.886818067e+001 +1.886818067e+001 -9.811318193e+002 -9.811318193e+002 -1.7057e-002 +2.6494e+000 +1.7110e+000
103 0 +1.539707545e+001 +1.539707545e+001 -9.846029245e+002 -9.846029245e+002 -7.6034e-001 +1.4381e+000 +2.1218e+000
111 0 +1.306962048e+001 +1.306962048e+001 -9.869303795e+002 -9.869303795e+002 -3.2509e+000 +2.6602e+000 +2.2167e-001
114 0 +4.841477269e+000 +4.841477269e+000 -9.951585227e+002 -9.951585227e+002 -4.5389e+000 +5.1054e+000 +2.6759e+000
126 0 +1.264215715e+000 +1.264215715e+000 -9.987357843e+002 -9.987357843e+002 -3.4286e+000 +3.2832e+000 +2.6731e+000
199 0 +1.034339506e+000 +1.034339506e+000 -9.989656605e+002 -9.989656605e+002 -3.7259e+000 +3.3930e+000 +2.7212e+000
372 0 +2.258794591e-001 +2.258794591e-001 -9.997741205e+002 -9.997741205e+002 -4.1145e+000 +3.6719e+000 +3.8087e+000
1221 0 +7.701231572e-002 +7.701231572e-002 -9.999229877e+002 -9.999229877e+002 -4.0569e+000 +3.3717e+000 +3.6340e+000
1763 0 +6.582859669e-002 +6.582859669e-002 -9.999341714e+002 -9.999341714e+002 -3.6080e+000 +3.2862e+000 +3.5692e+000
1807 0 +5.746725858e-002 +5.746725858e-002 -9.999425327e+002 -9.999425327e+002 -4.0245e+000 +3.3164e+000 +3.6427e+000
1933 0 +3.754194010e-002 +3.754194010e-002 -9.999624581e+002 -9.999624581e+002 -3.6972e+000 +3.4320e+000 +3.6132e+000
2118 0 +1.272257744e-002 +1.272257744e-002 -9.999872774e+002 -9.999872774e+002 -3.7126e+000 +3.3602e+000 +3.6765e+000
2299 0 +1.165994333e-002 +1.165994333e-002 -9.999883401e+002 -9.999883401e+002 -3.8777e+000 +3.2617e+000 +3.7818e+000
2344 0 +5.251469020e-003 +5.251469020e-003 -9.999947485e+002 -9.999947485e+002 -3.8323e+000 +3.2852e+000 +3.6777e+000
2968 0 +5.198021420e-003 +5.198021420e-003 -9.999948020e+002 -9.999948020e+002 -3.7396e+000 +3.3197e+000 +3.7682e+000
2982 0 +3.778297486e-003 +3.778297486e-003 -9.999962217e+002 -9.999962217e+002 -3.8594e+000 +3.3204e+000 +3.7099e+000
3186 0 +2.375315129e-003 +2.375315129e-003 -9.999976247e+002 -9.999976247e+002 -3.7732e+000 +3.3268e+000 +3.6941e+000
3330 0 +1.714760826e-003 +1.714760826e-003 -9.999982852e+002 -9.999982852e+002 -3.7699e+000 +3.3329e+000 +3.7558e+000
3386 0 +1.820599230e-004 +1.820599230e-004 -9.999998179e+002 -9.999998179e+002 -3.7931e+000 +3.3193e+000 +3.7423e+000
4304 0 +1.803318100e-004 +1.803318100e-004 -9.999998197e+002 -9.999998197e+002 -3.8146e+000 +3.3249e+000 +3.7374e+000
4869 0 +1.036999246e-004 +1.036999246e-004 -9.999998963e+002 -9.999998963e+002 -3.8052e+000 +3.3291e+000 +3.7391e+000
5090 0 +9.057235252e-005 +9.057235252e-005 -9.999999094e+002 -9.999999094e+002 -3.8013e+000 +3.3142e+000 +3.7269e+000
5138 0 +6.815488098e-005 +6.815488098e-005 -9.999999318e+002 -9.999999318e+002 -3.7961e+000 +3.3163e+000 +3.7329e+000
5141 0 +2.904088217e-005 +2.904088217e-005 -9.999999710e+002 -9.999999710e+002 -3.8055e+000 +3.3172e+000 +3.7335e+000
5665 0 +1.480343974e-005 +1.480343974e-005 -9.999999852e+002 -9.999999852e+002 -3.8034e+000 +3.3244e+000 +3.7353e+000
5697 0 +4.407238521e-007 +4.407238521e-007 -9.999999996e+002 -9.999999996e+002 -3.8026e+000 +3.3218e+000 +3.7322e+000
7383 0 +2.338130116e-007 +2.338130116e-007 -9.999999998e+002 -9.999999998e+002 -3.8025e+000 +3.3212e+000 +3.7330e+000
7646 0 +1.227382427e-007 +1.227382427e-007 -9.999999999e+002 -9.999999999e+002 -3.8021e+000 +3.3218e+000 +3.7328e+000
8381 0 +1.191737056e-007 +1.191737056e-007 -9.999999999e+002 -9.999999999e+002 -3.8021e+000 +3.3217e+000 +3.7326e+000
8409 0 +1.124697064e-007 +1.124697064e-007 -9.999999999e+002 -9.999999999e+002 -3.8022e+000 +3.3217e+000 +3.7326e+000
8434 0 +4.430069112e-008 +4.430069112e-008 -1.000000000e+003 -1.000000000e+003 -3.8022e+000 +3.3216e+000 +3.7329e+000
8653 0 +1.455975962e-008 +1.455975962e-008 -1.000000000e+003 -1.000000000e+003 -3.8025e+000 +3.3216e+000 +3.7327e+000
9303 0 +1.212310963e-008 +1.212310963e-008 -1.000000000e+003 -1.000000000e+003 -3.8025e+000 +3.3216e+000 +3.7328e+000
9444 0 +3.713353181e-009 +3.713353181e-009 -1.000000000e+003 -1.000000000e+003 -3.8023e+000 +3.3216e+000 +3.7328e+000
15375 0 +0.000000000e+000 +0.000000000e+000 -1.000000000e+003 -1.000000000e+003 -3.8024e+000 +3.3216e+000 +3.7328e+000
% f evaluations | g evaluations | best noise-free fitness - Fopt | noise-free fitness - Fopt (-4.158000000000e+001) | measured fitness | best measured fitness | x1 | x2...
1 0 +1.737812638e+001 +1.737812638e+001 -2.420187362e+001 -2.420187362e+001 -3.8424e-001 +5.8108e-001 +2.1701e-001
6 0 +8.141931887e+000 +8.141931887e+000 -3.343806811e+001 -3.343806811e+001 +4.2475e-001 +2.0369e-001 -2.0915e+000
32 0 +7.877485528e+000 +7.877485528e+000 -3.370251447e+001 -3.370251447e+001 +2.3943e-001 +1.6550e+000 -6.2473e-001
67 0 +7.479329517e+000 +7.479329517e+000 -3.410067048e+001 -3.410067048e+001 +1.6394e-001 +1.3560e+000 -8.9019e-001
113 0 +4.194390787e+000 +4.194390787e+000 -3.738560921e+001 -3.738560921e+001 +1.1339e+000 +2.1160e+000 -1.3035e+000
132 0 +1.140202402e+000 +1.140202402e+000 -4.043979760e+001 -4.043979760e+001 +1.4776e+000 +2.2576e+000 -3.0304e+000
268 0 +7.263070210e-001 +7.263070210e-001 -4.085369298e+001 -4.085369298e+001 +1.7077e-001 +2.2395e+000 -3.5474e+000
628 0 +3.746064731e-001 +3.746064731e-001 -4.120539353e+001 -4.120539353e+001 +1.1599e+000 +3.0627e+000 -3.0176e+000
664 0 +9.890112485e-002 +9.890112485e-002 -4.148109888e+001 -4.148109888e+001 +3.5942e-001 +2.8197e+000 -3.3403e+000
1077 0 +3.621492950e-002 +3.621492950e-002 -4.154378507e+001 -4.154378507e+001 +6.2448e-001 +2.8235e+000 -2.9515e+000
1788 0 +3.056937490e-002 +3.056937490e-002 -4.154943063e+001 -4.154943063e+001 +6.4070e-001 +2.9203e+000 -3.2930e+000
1962 0 +2.802585217e-002 +2.802585217e-002 -4.155197415e+001 -4.155197415e+001 +6.3052e-001 +2.9698e+000 -3.0225e+000
2071 0 +1.769327748e-002 +1.769327748e-002 -4.156230672e+001 -4.156230672e+001 +5.5877e-001 +2.9301e+000 -3.0365e+000
2278 0 +5.148181198e-003 +5.148181198e-003 -4.157485182e+001 -4.157485182e+001 +5.6834e-001 +2.9183e+000 -3.1394e+000
2712 0 +2.782670850e-003 +2.782670850e-003 -4.157721733e+001 -4.157721733e+001 +5.8369e-001 +2.9015e+000 -3.1523e+000
3105 0 +1.760097364e-003 +1.760097364e-003 -4.157823990e+001 -4.157823990e+001 +5.9453e-001 +2.8773e+000 -3.1036e+000
3218 0 +1.239853077e-003 +1.239853077e-003 -4.157876015e+001 -4.157876015e+001 +5.7278e-001 +2.8413e+000 -3.1598e+000
3373 0 +1.186006610e-003 +1.186006610e-003 -4.157881399e+001 -4.157881399e+001 +6.1006e-001 +2.8644e+000 -3.1675e+000
3375 0 +9.748424700e-004 +9.748424700e-004 -4.157902516e+001 -4.157902516e+001 +5.9698e-001 +2.8683e+000 -3.1647e+000
3431 0 +2.163861551e-004 +2.163861551e-004 -4.157978361e+001 -4.157978361e+001 +5.9373e-001 +2.8536e+000 -3.1518e+000
4077 0 +6.384471929e-005 +6.384471929e-005 -4.157993616e+001 -4.157993616e+001 +6.0494e-001 +2.8553e+000 -3.1396e+000
4225 0 +1.410264150e-005 +1.410264150e-005 -4.157998590e+001 -4.157998590e+001 +5.9656e-001 +2.8563e+000 -3.1368e+000
5457 0 +2.647406632e-007 +2.647406632e-007 -4.157999974e+001 -4.157999974e+001 +5.9713e-001 +2.8530e+000 -3.1375e+000
6866 0 +1.529361029e-007 +1.529361029e-007 -4.157999985e+001 -4.157999985e+001 +5.9772e-001 +2.8526e+000 -3.1379e+000
7442 0 +1.115945523e-007 +1.115945523e-007 -4.157999989e+001 -4.157999989e+001 +5.9765e-001 +2.8529e+000 -3.1373e+000
7870 0 +1.023278955e-007 +1.023278955e-007 -4.157999990e+001 -4.157999990e+001 +5.9736e-001 +2.8530e+000 -3.1376e+000
7871 0 +6.537628394e-008 +6.537628394e-008 -4.157999993e+001 -4.157999993e+001 +5.9756e-001 +2.8530e+000 -3.1375e+000
8193 0 +5.797575398e-008 +5.797575398e-008 -4.157999994e+001 -4.157999994e+001 +5.9753e-001 +2.8529e+000 -3.1378e+000
8221 0 +3.938092163e-008 +3.938092163e-008 -4.157999996e+001 -4.157999996e+001 +5.9775e-001 +2.8529e+000 -3.1375e+000
8426 0 +3.518967162e-008 +3.518967162e-008 -4.157999996e+001 -4.157999996e+001 +5.9761e-001 +2.8529e+000 -3.1377e+000
8513 0 +7.873083518e-009 +7.873083518e-009 -4.157999999e+001 -4.157999999e+001 +5.9762e-001 +2.8528e+000 -3.1377e+000
17126 0 +0.000000000e+000 +0.000000000e+000 -4.158000000e+001 -4.158000000e+001 +5.9760e-001 +2.8528e+000 -3.1376e+000
