% f evaluations | g evaluations | best noise-free fitness - Fopt | noise-free fitness - Fopt (-5.235000000000e+001) | measured fitness | best measured fitness | x1 | x2...
1 0 +2.912766308e+000 +2.912766308e+000 -4.943723369e+001 -4.943723369e+001 +6.3542e-001 +5.0992e-001
3 0 +2.374608494e+000 +2.374608494e+000 -4.997539151e+001 -4.997539151e+001 +9.0099e-001 +2.9826e-001
6 0 +6.182305326e-001 +6.182305326e-001 -5.173176947e+001 -5.173176947e+001 -7.3060e-001 -3.8344e-001
15 0 +5.433493280e-001 +5.433493280e-001 -5.180665067e+001 -5.180665067e+001 -1.4074e+000 -1.3466e+000
23 0 +3.982622744e-001 +3.982622744e-001 -5.195173773e+001 -5.195173773e+001 -1.3331e+000 -7.1278e-001
33 0 +2.926756618e-001 +2.926756618e-001 -5.205732434e+001 -5.205732434e+001 -5.0599e-001 -1.4848e+000
47 0 +1.967680701e-001 +1.967680701e-001 -5.215323193e+001 -5.215323193e+001 -8.9824e-001 -6.9321e-001
244 0 +1.663765422e-001 +1.663765422e-001 -5.218362346e+001 -5.218362346e+001 -1.1159e+000 -8.0908e-001
268 0 +5.356428089e-002 +5.356428089e-002 -5.229643572e+001 -5.229643572e+001 -9.1017e-001 -9.3369e-001
269 0 +9.311303302e-003 +9.311303302e-003 -5.234068870e+001 -5.234068870e+001 -8.2720e-001 -1.4328e+000
1167 0 +6.500942038e-003 +6.500942038e-003 -5.234349906e+001 -5.234349906e+001 -8.3523e-001 -1.4000e+000
1515 0 +1.974789881e-003 +1.974789881e-003 -5.234802521e+001 -5.234802521e+001 -8.6099e-001 -1.2779e+000
2312 0 +1.807251322e-003 +1.807251322e-003 -5.234819275e+001 -5.234819275e+001 -8.9889e-001 -1.1405e+000
2455 0 +8.265493971e-004 +8.265493971e-004 -5.234917345e+001 -5.234917345e+001 -8.9238e-001 -1.1722e+000
2565 0 +7.567797626e-004 +7.567797626e-004 -5.234924322e+001 -5.234924322e+001 -8.6712e-001 -1.2599e+000
2890 0 +2.708032560e-004 +2.708032560e-004 -5.234972920e+001 -5.234972920e+001 -8.8209e-001 -1.2085e+000
41002 0 +2.685162101e-004 +2.685162101e-004 -5.234973148e+001 -5.234973148e+001 -8.8886e-001 -1.1825e+000
41808 0 +2.627705298e-004 +2.627705298e-004 -5.234973723e+001 -5.234973723e+001 -8.8871e-001 -1.1830e+000
43343 0 +2.566697374e-004 +2.566697374e-004 -5.234974333e+001 -5.234974333e+001 -8.8858e-001 -1.1835e+000
44462 0 +2.508332798e-004 +2.508332798e-004 -5.234974917e+001 -5.234974917e+001 -8.8847e-001 -1.1839e+000
45357 0 +2.452042846e-004 +2.452042846e-004 -5.234975480e+001 -5.234975480e+001 -8.8836e-001 -1.1844e+000
45522 0 +2.377617006e-004 +2.377617006e-004 -5.234976224e+001 -5.234976224e+001 -8.8819e-001 -1.1850e+000
47948 0 +2.330595702e-004 +2.330595702e-004 -5.234976694e+001 -5.234976694e+001 -8.8808e-001 -1.1854e+000
48271 0 +2.289098902e-004 +2.289098902e-004 -5.234977109e+001 -5.234977109e+001 -8.8799e-001 -1.1858e+000
50767 0 +2.238190598e-004 +2.238190598e-004 -5.234977618e+001 -5.234977618e+001 -8.8786e-001 -1.1862e+000
53436 0 +2.186478748e-004 +2.186478748e-004 -5.234978135e+001 -5.234978135e+001 -8.8773e-001 -1.1867e+000
55426 0 +2.132758848e-004 +2.132758848e-004 -5.234978672e+001 -5.234978672e+001 -8.8762e-001 -1.1871e+000
57398 0 +2.086270408e-004 +2.086270408e-004 -5.234979137e+001 -5.234979137e+001 -8.8750e-001 -1.1876e+000
59480 0 +2.036256671e-004 +2.036256671e-004 -5.234979637e+001 -5.234979637e+001 -8.8738e-001 -1.1880e+000
60673 0 +1.982651908e-004 +1.982651908e-004 -5.234980173e+001 -5.234980173e+001 -8.8724e-001 -1.1885e+000
63789 0 +1.941669169e-004 +1.941669169e-004 -5.234980583e+001 -5.234980583e+001 -8.8714e-001 -1.1889e+000
65699 0 +1.904754695e-004 +1.904754695e-004 -5.234980952e+001 -5.234980952e+001 -8.8704e-001 -1.1893e+000
69690 0 +1.861240127e-004 +1.861240127e-004 -5.234981388e+001 -5.234981388e+001 -8.8692e-001 -1.1897e+000
71060 0 +1.816687663e-004 +1.816687663e-004 -5.234981833e+001 -5.234981833e+001 -8.8680e-001 -1.1901e+000
74835 0 +1.772919554e-004 +1.772919554e-004 -5.234982271e+001 -5.234982271e+001 -8.8668e-001 -1.1906e+000
77047 0 +1.737800823e-004 +1.737800823e-004 -5.234982622e+001 -5.234982622e+001 -8.8657e-001 -1.1909e+000
78739 0 +1.696289459e-004 +1.696289459e-004 -5.234983037e+001 -5.234983037e+001 -8.8647e-001 -1.1914e+000
82174 0 +1.655111740e-004 +1.655111740e-004 -5.234983449e+001 -5.234983449e+001 -8.8634e-001 -1.1918e+000
85238 0 +1.618630751e-004 +1.618630751e-004 -5.234983814e+001 -5.234983814e+001 -8.8623e-001 -1.1922e+000
88063 0 +1.583288929e-004 +1.583288929e-004 -5.234984167e+001 -5.234984167e+001 -8.8614e-001 -1.1926e+000
90957 0 +1.545713294e-004 +1.545713294e-004 -5.234984543e+001 -5.234984543e+001 -8.8602e-001 -1.1930e+000
93133 0 +1.507050754e-004 +1.507050754e-004 -5.234984929e+001 -5.234984929e+001 -8.8591e-001 -1.1934e+000
96866 0 +1.479065569e-004 +1.479065569e-004 -5.234985209e+001 -5.234985209e+001 -8.8582e-001 -1.1938e+000
100419 0 +1.445112313e-004 +1.445112313e-004 -5.234985549e+001 -5.234985549e+001 -8.8570e-001 -1.1943e+000
103931 0 +1.406571139e-004 +1.406571139e-004 -5.234985934e+001 -5.234985934e+001 -8.8559e-001 -1.1946e+000
107612 0 +1.378673033e-004 +1.378673033e-004 -5.234986213e+001 -5.234986213e+001 -8.8550e-001 -1.1949e+000
111129 0 +1.348569360e-004 +1.348569360e-004 -5.234986514e+001 -5.234986514e+001 -8.8539e-001 -1.1953e+000
114353 0 +1.317431181e-004 +1.317431181e-004 -5.234986826e+001 -5.234986826e+001 -8.8530e-001 -1.1957e+000
117145 0 +1.286730790e-004 +1.286730790e-004 -5.234987133e+001 -5.234987133e+001 -8.8519e-001 -1.1961e+000
120140 0 +1.255387262e-004 +1.255387262e-004 -5.234987446e+001 -5.234987446e+001 -8.8508e-001 -1.1965e+000
125488 0 +1.229598550e-004 +1.229598550e-004 -5.234987704e+001 -5.234987704e+001 -8.8500e-001 -1.1968e+000
129721 0 +1.202080443e-004 +1.202080443e-004 -5.234987979e+001 -5.234987979e+001 -8.8490e-001 -1.1972e+000
132923 0 +1.166957113e-004 +1.166957113e-004 -5.234988330e+001 -5.234988330e+001 -8.8477e-001 -1.1976e+000
137261 0 +1.147584984e-004 +1.147584984e-004 -5.234988524e+001 -5.234988524e+001 -8.8470e-001 -1.1979e+000
140721 0 +1.119800957e-004 +1.119800957e-004 -5.234988802e+001 -5.234988802e+001 -8.8460e-001 -1.1983e+000
145022 0 +1.096032710e-004 +1.096032710e-004 -5.234989040e+001 -5.234989040e+001 -8.8451e-001 -1.1986e+000
150423 0 +1.067601588e-004 +1.067601588e-004 -5.234989324e+001 -5.234989324e+001 -8.8439e-001 -1.1990e+000
154766 0 +1.047052895e-004 +1.047052895e-004 -5.234989529e+001 -5.234989529e+001 -8.8432e-001 -1.1993e+000
159640 0 +1.023020078e-004 +1.023020078e-004 -5.234989770e+001 -5.234989770e+001 -8.8422e-001 -1.1997e+000
164124 0 +9.984014617e-005 +9.984014617e-005 -5.234990016e+001 -5.234990016e+001 -8.8412e-001 -1.2000e+000
169608 0 +9.766908865e-005 +9.766908865e-005 -5.234990233e+001 -5.234990233e+001 -8.8403e-001 -1.2004e+000
175023 0 +9.535832978e-005 +9.535832978e-005 -5.234990464e+001 -5.234990464e+001 -8.8394e-001 -1.2007e+000
178915 0 +9.332174747e-005 +9.332174747e-005 -5.234990668e+001 -5.234990668e+001 -8.8385e-001 -1.2010e+000
185219 0 +9.118226708e-005 +9.118226708e-005 -5.234990882e+001 -5.234990882e+001 -8.8376e-001 -1.2014e+000
193082 0 +8.910254043e-005 +8.910254043e-005 -5.234991090e+001 -5.234991090e+001 -8.8367e-001 -1.2017e+000
199243 0 +8.699548895e-005 +8.699548895e-005 -5.234991300e+001 -5.234991300e+001 -8.8358e-001 -1.2020e+000
206447 0 +8.507718706e-005 +8.507718706e-005 -5.234991492e+001 -5.234991492e+001 -8.8349e-001 -1.2024e+000
213159 0 +8.305606697e-005 +8.305606697e-005 -5.234991694e+001 -5.234991694e+001 -8.8340e-001 -1.2027e+000
219323 0 +8.128267660e-005 +8.128267660e-005 -5.234991872e+001 -5.234991872e+001 -8.8332e-001 -1.2030e+000
226318 0 +7.938898746e-005 +7.938898746e-005 -5.234992061e+001 -5.234992061e+001 -8.8323e-001 -1.2033e+000
233618 0 +7.761773016e-005 +7.761773016e-005 -5.234992238e+001 -5.234992238e+001 -8.8314e-001 -1.2036e+000
240852 0 +7.582481254e-005 +7.582481254e-005 -5.234992418e+001 -5.234992418e+001 -8.8306e-001 -1.2039e+000
249284 0 +7.398460180e-005 +7.398460180e-005 -5.234992602e+001 -5.234992602e+001 -8.8297e-001 -1.2043e+000
256990 0 +7.239459273e-005 +7.239459273e-005 -5.234992761e+001 -5.234992761e+001 -8.8289e-001 -1.2046e+000
264925 0 +7.077322708e-005 +7.077322708e-005 -5.234992923e+001 -5.234992923e+001 -8.8281e-001 -1.2049e+000
274589 0 +6.917794310e-005 +6.917794310e-005 -5.234993082e+001 -5.234993082e+001 -8.8273e-001 -1.2052e+000
282995 0 +6.759938935e-005 +6.759938935e-005 -5.234993240e+001 -5.234993240e+001 -8.8265e-001 -1.2055e+000
291848 0 +6.605842195e-005 +6.605842195e-005 -5.234993394e+001 -5.234993394e+001 -8.8256e-001 -1.2058e+000
302829 0 +6.451133812e-005 +6.451133812e-005 -5.234993549e+001 -5.234993549e+001 -8.8248e-001 -1.2061e+000
312738 0 +6.306642908e-005 +6.306642908e-005 -5.234993693e+001 -5.234993693e+001 -8.8240e-001 -1.2064e+000
323531 0 +6.164534881e-005 +6.164534881e-005 -5.234993835e+001 -5.234993835e+001 -8.8232e-001 -1.2067e+000
333966 0 +6.025056767e-005 +6.025056767e-005 -5.234993975e+001 -5.234993975e+001 -8.8224e-001 -1.2070e+000
345494 0 +5.886227850e-005 +5.886227850e-005 -5.234994114e+001 -5.234994114e+001 -8.8217e-001 -1.2073e+000
356738 0 +5.752399490e-005 +5.752399490e-005 -5.234994248e+001 -5.234994248e+001 -8.8209e-001 -1.2075e+000
366348 0 +5.615065442e-005 +5.615065442e-005 -5.234994385e+001 -5.234994385e+001 -8.8201e-001 -1.2079e+000
376765 0 +5.493681643e-005 +5.493681643e-005 -5.234994506e+001 -5.234994506e+001 -8.8193e-001 -1.2081e+000
389039 0 +5.369872434e-005 +5.369872434e-005 -5.234994630e+001 -5.234994630e+001 -8.8186e-001 -1.2084e+000
403525 0 +5.246086705e-005 +5.246086705e-005 -5.234994754e+001 -5.234994754e+001 -8.8178e-001 -1.2087e+000
415452 0 +5.127327976e-005 +5.127327976e-005 -5.234994873e+001 -5.234994873e+001 -8.8171e-001 -1.2089e+000
430392 0 +5.011827202e-005 +5.011827202e-005 -5.234994988e+001 -5.234994988e+001 -8.8164e-001 -1.2092e+000
444340 0 +4.897223044e-005 +4.897223044e-005 -5.234995103e+001 -5.234995103e+001 -8.8156e-001 -1.2095e+000
459271 0 +4.785661061e-005 +4.785661061e-005 -5.234995214e+001 -5.234995214e+001 -8.8149e-001 -1.2098e+000
475905 0 +4.676723334e-005 +4.676723334e-005 -5.234995323e+001 -5.234995323e+001 -8.8141e-001 -1.2100e+000
489713 0 +4.570881729e-005 +4.570881729e-005 -5.234995429e+001 -5.234995429e+001 -8.8134e-001 -1.2103e+000
504999 0 +4.464465945e-005 +4.464465945e-005 -5.234995536e+001 -5.234995536e+001 -8.8127e-001 -1.2106e+000
521198 0 +4.364865115e-005 +4.364865115e-005 -5.234995635e+001 -5.234995635e+001 -8.8120e-001 -1.2108e+000
538746 0 +4.265364115e-005 +4.265364115e-005 -5.234995735e+001 -5.234995735e+001 -8.8113e-001 -1.2111e+000
557102 0 +4.167599786e-005 +4.167599786e-005 -5.234995832e+001 -5.234995832e+001 -8.8106e-001 -1.2113e+000
573854 0 +4.072639636e-005 +4.072639636e-005 -5.234995927e+001 -5.234995927e+001 -8.8099e-001 -1.2116e+000
592468 0 +3.979217905e-005 +3.979217905e-005 -5.234996021e+001 -5.234996021e+001 -8.8092e-001 -1.2118e+000
612110 0 +3.888076890e-005 +3.888076890e-005 -5.234996112e+001 -5.234996112e+001 -8.8085e-001 -1.2121e+000
631652 0 +3.801745058e-005 +3.801745058e-005 -5.234996198e+001 -5.234996198e+001 -8.8079e-001 -1.2123e+000
649315 0 +3.715153388e-005 +3.715153388e-005 -5.234996285e+001 -5.234996285e+001 -8.8072e-001 -1.2126e+000
669054 0 +3.629717688e-005 +3.629717688e-005 -5.234996370e+001 -5.234996370e+001 -8.8065e-001 -1.2128e+000
692116 0 +3.548106089e-005 +3.548106089e-005 -5.234996452e+001 -5.234996452e+001 -8.8059e-001 -1.2131e+000
712072 0 +3.466991299e-005 +3.466991299e-005 -5.234996533e+001 -5.234996533e+001 -8.8052e-001 -1.2133e+000
733526 0 +3.388183333e-005 +3.388183333e-005 -5.234996612e+001 -5.234996612e+001 -8.8046e-001 -1.2136e+000
758660 0 +3.310975696e-005 +3.310975696e-005 -5.234996689e+001 -5.234996689e+001 -8.8039e-001 -1.2138e+000
782029 0 +3.234861842e-005 +3.234861842e-005 -5.234996765e+001 -5.234996765e+001 -8.8033e-001 -1.2140e+000
808473 0 +3.161884502e-005 +3.161884502e-005 -5.234996838e+001 -5.234996838e+001 -8.8026e-001 -1.2143e+000
835558 0 +3.089226314e-005 +3.089226314e-005 -5.234996911e+001 -5.234996911e+001 -8.8020e-001 -1.2145e+000
861655 0 +3.019594353e-005 +3.019594353e-005 -5.234996980e+001 -5.234996980e+001 -8.8014e-001 -1.2147e+000
888881 0 +2.951155702e-005 +2.951155702e-005 -5.234997049e+001 -5.234997049e+001 -8.8008e-001 -1.2150e+000
919015 0 +2.883859293e-005 +2.883859293e-005 -5.234997116e+001 -5.234997116e+001 -8.8001e-001 -1.2152e+000
947659 0 +2.817186926e-005 +2.817186926e-005 -5.234997183e+001 -5.234997183e+001 -8.7995e-001 -1.2154e+000
974108 0 +2.754101605e-005 +2.754101605e-005 -5.234997246e+001 -5.234997246e+001 -8.7989e-001 -1.2157e+000
% f evaluations | g evaluations | best noise-free fitness - Fopt | noise-free fitness - Fopt (-1.795400000000e+002) | measured fitness | best measured fitness | x1 | x2...
1 0 +7.460298640e-001 +7.460298640e-001 -1.787939701e+002 -1.787939701e+002 +4.2919e-001 -3.1796e-001
3 0 +2.798560521e-001 +2.798560521e-001 -1.792601439e+002 -1.792601439e+002 +8.0558e-001 -2.6436e-002
21 0 +1.079940395e-001 +1.079940395e-001 -1.794320060e+002 -1.794320060e+002 +8.0759e-001 +7.7388e-001
101 0 +4.922273166e-002 +4.922273166e-002 -1.794907773e+002 -1.794907773e+002 +6.8925e-001 +2.2429e-001
393 0 +3.756409638e-002 +3.756409638e-002 -1.795024359e+002 -1.795024359e+002 +7.9342e-001 +5.9501e-001
443 0 +1.596191378e-002 +1.596191378e-002 -1.795240381e+002 -1.795240381e+002 +8.8699e-001 +7.1851e-001
900 0 +1.134646892e-002 +1.134646892e-002 -1.795286535e+002 -1.795286535e+002 +6.9618e-001 +3.4384e-001
906 0 +4.969442529e-003 +4.969442529e-003 -1.795350306e+002 -1.795350306e+002 +8.2469e-001 +5.6290e-001
1007 0 +4.151778889e-003 +4.151778889e-003 -1.795358482e+002 -1.795358482e+002 +7.7709e-001 +4.9072e-001
1802 0 +3.710238875e-003 +3.710238875e-003 -1.795362898e+002 -1.795362898e+002 +8.3002e-001 +5.9197e-001
1947 0 +2.065397038e-003 +2.065397038e-003 -1.795379346e+002 -1.795379346e+002 +7.8248e-001 +4.9660e-001
2069 0 +1.139633035e-003 +1.139633035e-003 -1.795388604e+002 -1.795388604e+002 +7.7558e-001 +4.7630e-001
2093 0 +3.567625416e-004 +3.567625416e-004 -1.795396432e+002 -1.795396432e+002 +7.7969e-001 +4.8593e-001
3453 0 +1.738449077e-004 +1.738449077e-004 -1.795398262e+002 -1.795398262e+002 +8.0919e-001 +5.4337e-001
3616 0 +5.598491450e-005 +5.598491450e-005 -1.795399440e+002 -1.795399440e+002 +7.7735e-001 +4.8225e-001
4293 0 +5.141049397e-005 +5.141049397e-005 -1.795399486e+002 -1.795399486e+002 +7.9623e-001 +5.1856e-001
4520 0 +1.377985649e-005 +1.377985649e-005 -1.795399862e+002 -1.795399862e+002 +7.9852e-001 +5.2309e-001
4629 0 +2.768674904e-006 +2.768674904e-006 -1.795399972e+002 -1.795399972e+002 +7.9370e-001 +5.1378e-001
6115 0 +2.561279814e-006 +2.561279814e-006 -1.795399974e+002 -1.795399974e+002 +7.9943e-001 +5.2488e-001
7303 0 +9.321482537e-007 +9.321482537e-007 -1.795399991e+002 -1.795399991e+002 +7.9804e-001 +5.2218e-001
8664 0 +8.686062358e-007 +8.686062358e-007 -1.795399991e+002 -1.795399991e+002 +7.9786e-001 +5.2183e-001
9062 0 +8.441210184e-007 +8.441210184e-007 -1.795399992e+002 -1.795399992e+002 +7.9768e-001 +5.2148e-001
9583 0 +7.157034645e-007 +7.157034645e-007 -1.795399993e+002 -1.795399993e+002 +7.9771e-001 +5.2154e-001
10302 0 +6.807848649e-007 +6.807848649e-007 -1.795399993e+002 -1.795399993e+002 +7.9764e-001 +5.2141e-001
10620 0 +6.742770893e-007 +6.742770893e-007 -1.795399993e+002 -1.795399993e+002 +7.9762e-001 +5.2137e-001
% f evaluations | g evaluations | best noise-free fitness - Fopt | noise-free fitness - Fopt (7.731000000000e+001) | measured fitness | best measured fitness | x1 | x2...
1 0 +5.508584747e-001 +5.508584747e-001 +7.786085847e+001 +7.786085847e+001 +1.3404e+000 +8.7753e-002
5 0 +2.261294015e-001 +2.261294015e-001 +7.753612940e+001 +7.753612940e+001 +1.1129e+000 -1.2396e-001
27 0 +1.811670772e-001 +1.811670772e-001 +7.749116708e+001 +7.749116708e+001 +8.3933e-001 -6.1739e-002
30 0 +1.589002821e-001 +1.589002821e-001 +7.746890028e+001 +7.746890028e+001 +8.6563e-001 -1.1488e+000
48 0 +7.674402615e-002 +7.674402615e-002 +7.738674403e+001 +7.738674403e+001 +9.1877e-001 -1.8369e-001
175 0 +3.426321990e-002 +3.426321990e-002 +7.734426322e+001 +7.734426322e+001 +8.6706e-001 -4.9639e-001
413 0 +2.426805587e-002 +2.426805587e-002 +7.733426806e+001 +7.733426806e+001 +8.6894e-001 -6.4356e-001
569 0 +1.247648286e-002 +1.247648286e-002 +7.732247648e+001 +7.732247648e+001 +9.1174e-001 -3.8080e-001
774 0 +1.217241773e-002 +1.217241773e-002 +7.732217242e+001 +7.732217242e+001 +8.9426e-001 -4.2941e-001
1233 0 +9.538211709e-003 +9.538211709e-003 +7.731953821e+001 +7.731953821e+001 +8.9301e-001 -7.8675e-001
1732 0 +3.401033944e-003 +3.401033944e-003 +7.731340103e+001 +7.731340103e+001 +9.0069e-001 -5.7025e-001
1790 0 +1.250266522e-003 +1.250266522e-003 +7.731125027e+001 +7.731125027e+001 +8.9697e-001 -5.5342e-001
1997 0 +8.572351797e-004 +8.572351797e-004 +7.731085724e+001 +7.731085724e+001 +8.8978e-001 -6.9939e-001
2576 0 +7.088303363e-004 +7.088303363e-004 +7.731070883e+001 +7.731070883e+001 +8.9088e-001 -6.7477e-001
3379 0 +2.141531690e-004 +2.141531690e-004 +7.731021415e+001 +7.731021415e+001 +8.9754e-001 -5.6208e-001
3745 0 +2.548565969e-005 +2.548565969e-005 +7.731002549e+001 +7.731002549e+001 +8.9563e-001 -5.9978e-001
% f evaluations | g evaluations | best noise-free fitness - Fopt | noise-free fitness - Fopt (3.992000000000e+001) | measured fitness | best measured fitness | x1 | x2...
1 0 +5.168346961e+000 +5.168346961e+000 +4.508834696e+001 +4.508834696e+001 -5.7812e-001 -8.5838e-001
9 0 +2.718538305e+000 +2.718538305e+000 +4.263853831e+001 +4.263853831e+001 +1.4702e+000 -5.6740e-001
21 0 +2.268327882e+000 +2.268327882e+000 +4.218832788e+001 +4.218832788e+001 +1.6087e+000 -1.0622e+000
76 0 +1.649680048e+000 +1.649680048e+000 +4.156968005e+001 +4.156968005e+001 +2.3186e+000 -5.5414e-001
110 0 +1.503513416e+000 +1.503513416e+000 +4.142351342e+001 +4.142351342e+001 +2.4186e+000 -1.1725e+000
126 0 +1.110782368e+000 +1.110782368e+000 +4.103078237e+001 +4.103078237e+001 +4.5332e+000 +1.9214e-002
130 0 +5.519298328e-001 +5.519298328e-001 +4.047192983e+001 +4.047192983e+001 +3.3517e+000 -5.0300e-001
234 0 +3.531438527e-001 +3.531438527e-001 +4.027314385e+001 +4.027314385e+001 +3.6202e+000 -1.2001e+000
248 0 +2.051209592e-001 +2.051209592e-001 +4.012512096e+001 +4.012512096e+001 +3.9925e+000 -1.6355e+000
309 0 +1.523288928e-001 +1.523288928e-001 +4.007232889e+001 +4.007232889e+001 +3.8019e+000 -5.5670e-001
412 0 +1.242735056e-001 +1.242735056e-001 +4.004427351e+001 +4.004427351e+001 +3.8134e+000 -5.8980e-001
429 0 +3.349371351e-002 +3.349371351e-002 +3.995349371e+001 +3.995349371e+001 +3.8975e+000 -7.8907e-001
639 0 +3.085385026e-002 +3.085385026e-002 +3.995085385e+001 +3.995085385e+001 +4.0093e+000 -1.3529e+000
760 0 +2.745657150e-002 +2.745657150e-002 +3.994745657e+001 +3.994745657e+001 +3.9980e+000 -1.3217e+000
820 0 +1.088233770e-002 +1.088233770e-002 +3.993088234e+001 +3.993088234e+001 +3.9547e+000 -1.0446e+000
994 0 +4.346788679e-003 +4.346788679e-003 +3.992434679e+001 +3.992434679e+001 +3.9072e+000 -9.1267e-001
1777 0 +3.671057871e-003 +3.671057871e-003 +3.992367106e+001 +3.992367106e+001 +3.9646e+000 -1.1069e+000
2333 0 +4.211700201e-006 +4.211700201e-006 +3.992000421e+001 +3.992000421e+001 +3.9496e+000 -1.0667e+000
% f evaluations | g evaluations | best noise-free fitness - Fopt | noise-free fitness - Fopt (-5.661000000000e+001) | measured fitness | best measured fitness | x1 | x2...
1 0 +1.961114984e+001 +1.961114984e+001 -3.699885016e+001 -3.699885016e+001 +3.6609e-001 -8.9580e-001
2 0 +3.775529475e+000 +3.775529475e+000 -5.283447053e+001 -5.283447053e+001 +1.8032e+000 -5.9365e-001
4 0 +3.071021099e+000 +3.071021099e+000 -5.353897890e+001 -5.353897890e+001 +9.2855e-001 +1.4622e+000
23 0 +2.981283275e+000 +2.981283275e+000 -5.362871672e+001 -5.362871672e+001 +3.3446e+000 +2.4239e-001
27 0 +9.366865677e-001 +9.366865677e-001 -5.567331343e+001 -5.567331343e+001 +1.1636e+000 +2.2688e+000
109 0 +3.206394319e-001 +3.206394319e-001 -5.628936057e+001 -5.628936057e+001 +2.4921e+000 +3.3034e+000
150 0 +2.312707322e-001 +2.312707322e-001 -5.637872927e+001 -5.637872927e+001 +1.9493e+000 +3.1644e+000
184 0 +8.370754706e-002 +8.370754706e-002 -5.652629245e+001 -5.652629245e+001 +1.9060e+000 +2.9952e+000
1073 0 +6.312508006e-002 +6.312508006e-002 -5.654687492e+001 -5.654687492e+001 +1.9946e+000 +3.0023e+000
1082 0 +4.138679015e-002 +4.138679015e-002 -5.656861321e+001 -5.656861321e+001 +1.8165e+000 +2.8348e+000
1238 0 +3.524651941e-002 +3.524651941e-002 -5.657475348e+001 -5.657475348e+001 +2.1640e+000 +3.0253e+000
1263 0 +2.017806479e-002 +2.017806479e-002 -5.658982194e+001 -5.658982194e+001 +1.8950e+000 +2.9248e+000
1696 0 +8.081130472e-003 +8.081130472e-003 -5.660191887e+001 -5.660191887e+001 +2.1412e+000 +2.9826e+000
2069 0 +1.801248170e-003 +1.801248170e-003 -5.660819875e+001 -5.660819875e+001 +1.9089e+000 +2.9100e+000
2110 0 +1.643006538e-003 +1.643006538e-003 -5.660835699e+001 -5.660835699e+001 +1.8774e+000 +2.8996e+000
2737 0 +6.925938682e-004 +6.925938682e-004 -5.660930741e+001 -5.660930741e+001 +1.9719e+000 +2.9293e+000
3830 0 +5.873157778e-004 +5.873157778e-004 -5.660941268e+001 -5.660941268e+001 +1.8755e+000 +2.8976e+000
3902 0 +3.178486754e-004 +3.178486754e-004 -5.660968215e+001 -5.660968215e+001 +1.8900e+000 +2.9022e+000
4090 0 +9.382775067e-005 +9.382775067e-005 -5.660990617e+001 -5.660990617e+001 +1.9112e+000 +2.9089e+000
174155 0 +9.316700915e-005 +9.316700915e-005 -5.660990683e+001 -5.660990683e+001 +1.9073e+000 +2.9076e+000
179908 0 +9.111758386e-005 +9.111758386e-005 -5.660990888e+001 -5.660990888e+001 +1.9076e+000 +2.9077e+000
186886 0 +8.903755965e-005 +8.903755965e-005 -5.660991096e+001 -5.660991096e+001 +1.9079e+000 +2.9078e+000
193538 0 +8.705320032e-005 +8.705320032e-005 -5.660991295e+001 -5.660991295e+001 +1.9082e+000 +2.9079e+000
198946 0 +8.509312942e-005 +8.509312942e-005 -5.660991491e+001 -5.660991491e+001 +1.9086e+000 +2.9080e+000
204975 0 +8.312787780e-005 +8.312787780e-005 -5.660991687e+001 -5.660991687e+001 +1.9089e+000 +2.9081e+000
211115 0 +8.118666721e-005 +8.118666721e-005 -5.660991881e+001 -5.660991881e+001 +1.9092e+000 +2.9082e+000
219062 0 +7.941415930e-005 +7.941415930e-005 -5.660992059e+001 -5.660992059e+001 +1.9095e+000 +2.9083e+000
226074 0 +7.755456244e-005 +7.755456244e-005 -5.660992245e+001 -5.660992245e+001 +1.9098e+000 +2.9084e+000
234724 0 +7.583633981e-005 +7.583633981e-005 -5.660992416e+001 -5.660992416e+001 +1.9101e+000 +2.9085e+000
243417 0 +7.403757981e-005 +7.403757981e-005 -5.660992596e+001 -5.660992596e+001 +1.9105e+000 +2.9086e+000
251504 0 +7.237879953e-005 +7.237879953e-005 -5.660992762e+001 -5.660992762e+001 +1.9108e+000 +2.9087e+000
258648 0 +7.077809226e-005 +7.077809226e-005 -5.660992922e+001 -5.660992922e+001 +1.9111e+000 +2.9088e+000
267443 0 +6.915004651e-005 +6.915004651e-005 -5.660993085e+001 -5.660993085e+001 +1.9114e+000 +2.9089e+000
277377 0 +6.760444636e-005 +6.760444636e-005 -5.660993240e+001 -5.660993240e+001 +1.9117e+000 +2.9090e+000
285176 0 +6.601887284e-005 +6.601887284e-005 -5.660993398e+001 -5.660993398e+001 +1.9120e+000 +2.9091e+000
296043 0 +6.455196329e-005 +6.455196329e-005 -5.660993545e+001 -5.660993545e+001 +1.9122e+000 +2.9092e+000
304375 0 +6.308068595e-005 +6.308068595e-005 -5.660993692e+001 -5.660993692e+001 +1.9125e+000 +2.9093e+000
315727 0 +6.160244511e-005 +6.160244511e-005 -5.660993840e+001 -5.660993840e+001 +1.9128e+000 +2.9094e+000
326843 0 +6.024806457e-005 +6.024806457e-005 -5.660993975e+001 -5.660993975e+001 +1.9131e+000 +2.9095e+000
338729 0 +5.887052721e-005 +5.887052721e-005 -5.660994113e+001 -5.660994113e+001 +1.9134e+000 +2.9096e+000
349772 0 +5.744393253e-005 +5.744393253e-005 -5.660994256e+001 -5.660994256e+001 +1.9137e+000 +2.9097e+000
362877 0 +5.623388713e-005 +5.623388713e-005 -5.660994377e+001 -5.660994377e+001 +1.9140e+000 +2.9098e+000
376070 0 +5.494420187e-005 +5.494420187e-005 -5.660994506e+001 -5.660994506e+001 +1.9142e+000 +2.9099e+000
389946 0 +5.368566011e-005 +5.368566011e-005 -5.660994631e+001 -5.660994631e+001 +1.9145e+000 +2.9100e+000
401472 0 +5.246930655e-005 +5.246930655e-005 -5.660994753e+001 -5.660994753e+001 +1.9148e+000 +2.9100e+000
414012 0 +5.125651251e-005 +5.125651251e-005 -5.660994874e+001 -5.660994874e+001 +1.9151e+000 +2.9101e+000
428644 0 +5.010147633e-005 +5.010147633e-005 -5.660994990e+001 -5.660994990e+001 +1.9153e+000 +2.9102e+000
442069 0 +4.897678023e-005 +4.897678023e-005 -5.660995102e+001 -5.660995102e+001 +1.9156e+000 +2.9103e+000
456221 0 +4.781949401e-005 +4.781949401e-005 -5.660995218e+001 -5.660995218e+001 +1.9159e+000 +2.9104e+000
470761 0 +4.676943998e-005 +4.676943998e-005 -5.660995323e+001 -5.660995323e+001 +1.9161e+000 +2.9105e+000
486952 0 +4.570626202e-005 +4.570626202e-005 -5.660995429e+001 -5.660995429e+001 +1.9164e+000 +2.9106e+000
501712 0 +4.464185844e-005 +4.464185844e-005 -5.660995536e+001 -5.660995536e+001 +1.9167e+000 +2.9107e+000
517105 0 +4.364082478e-005 +4.364082478e-005 -5.660995636e+001 -5.660995636e+001 +1.9169e+000 +2.9107e+000
535308 0 +4.265641648e-005 +4.265641648e-005 -5.660995734e+001 -5.660995734e+001 +1.9172e+000 +2.9108e+000
553357 0 +4.168643271e-005 +4.168643271e-005 -5.660995831e+001 -5.660995831e+001 +1.9174e+000 +2.9109e+000
572007 0 +4.073475731e-005 +4.073475731e-005 -5.660995927e+001 -5.660995927e+001 +1.9177e+000 +2.9110e+000
590219 0 +3.980307470e-005 +3.980307470e-005 -5.660996020e+001 -5.660996020e+001 +1.9179e+000 +2.9111e+000
609704 0 +3.889446960e-005 +3.889446960e-005 -5.660996111e+001 -5.660996111e+001 +1.9182e+000 +2.9111e+000
627918 0 +3.801672586e-005 +3.801672586e-005 -5.660996198e+001 -5.660996198e+001 +1.9184e+000 +2.9112e+000
644827 0 +3.715339341e-005 +3.715339341e-005 -5.660996285e+001 -5.660996285e+001 +1.9187e+000 +2.9113e+000
664291 0 +3.630489536e-005 +3.630489536e-005 -5.660996370e+001 -5.660996370e+001 +1.9189e+000 +2.9114e+000
683748 0 +3.545865177e-005 +3.545865177e-005 -5.660996454e+001 -5.660996454e+001 +1.9192e+000 +2.9115e+000
707551 0 +3.466804959e-005 +3.466804959e-005 -5.660996533e+001 -5.660996533e+001 +1.9194e+000 +2.9115e+000
729772 0 +3.386312518e-005 +3.386312518e-005 -5.660996614e+001 -5.660996614e+001 +1.9196e+000 +2.9116e+000
754962 0 +3.311089746e-005 +3.311089746e-005 -5.660996689e+001 -5.660996689e+001 +1.9199e+000 +2.9117e+000
778884 0 +3.235223303e-005 +3.235223303e-005 -5.660996765e+001 -5.660996765e+001 +1.9201e+000 +2.9118e+000
805233 0 +3.161867036e-005 +3.161867036e-005 -5.660996838e+001 -5.660996838e+001 +1.9203e+000 +2.9118e+000
829645 0 +3.089736206e-005 +3.089736206e-005 -5.660996910e+001 -5.660996910e+001 +1.9206e+000 +2.9119e+000
857817 0 +3.019532760e-005 +3.019532760e-005 -5.660996980e+001 -5.660996980e+001 +1.9208e+000 +2.9120e+000
883665 0 +2.951023083e-005 +2.951023083e-005 -5.660997049e+001 -5.660997049e+001 +1.9210e+000 +2.9121e+000
911928 0 +2.884020653e-005 +2.884020653e-005 -5.660997116e+001 -5.660997116e+001 +1.9212e+000 +2.9121e+000
940420 0 +2.817975012e-005 +2.817975012e-005 -5.660997182e+001 -5.660997182e+001 +1.9215e+000 +2.9122e+000
971961 0 +2.753684828e-005 +2.753684828e-005 -5.660997246e+001 -5.660997246e+001 +1.9217e+000 +2.9123e+000
% f evaluations | g evaluations | best noise-free fitness - Fopt | noise-free fitness - Fopt (3.270000000000e+001) | measured fitness | best measured fitness | x1 | x2...
1 0 +9.973895485e+000 +9.973895485e+000 +4.267389549e+001 +4.267389549e+001 +2.9631e-001 -1.6210e+000
2 0 +2.269521326e+000 +2.269521326e+000 +3.496952133e+001 +3.496952133e+001 -7.6296e-001 +2.8567e-001
21 0 +1.899471688e+000 +1.899471688e+000 +3.459947169e+001 +3.459947169e+001 -7.6880e-001 -1.2864e-001
42 0 +1.697959028e+000 +1.697959028e+000 +3.439795903e+001 +3.439795903e+001 -1.0551e+000 -2.2296e+000
44 0 +1.269307270e+000 +1.269307270e+000 +3.396930727e+001 +3.396930727e+001 -1.1211e+000 -6.5489e-001
46 0 +9.280258460e-001 +9.280258460e-001 +3.362802585e+001 +3.362802585e+001 -1.7180e+000 -7.4412e-001
107 0 +8.465502854e-001 +8.465502854e-001 +3.354655029e+001 +3.354655029e+001 -1.7234e+000 -8.3185e-001
116 0 +6.052929506e-001 +6.052929506e-001 +3.330529295e+001 +3.330529295e+001 -2.1129e+000 -9.1433e-001
137 0 +3.898415937e-001 +3.898415937e-001 +3.308984159e+001 +3.308984159e+001 -1.4233e+000 -1.9297e+000
208 0 +3.090059109e-001 +3.090059109e-001 +3.300900591e+001 +3.300900591e+001 -1.8435e+000 -2.0475e+000
261 0 +6.434956130e-002 +6.434956130e-002 +3.276434956e+001 +3.276434956e+001 -2.2424e+000 -1.4516e+000
306 0 +4.677716369e-002 +4.677716369e-002 +3.274677716e+001 +3.274677716e+001 -2.3870e+000 -1.4860e+000
324 0 +4.480938594e-002 +4.480938594e-002 +3.274480939e+001 +3.274480939e+001 -2.0059e+000 -1.5854e+000
433 0 +4.801375100e-003 +4.801375100e-003 +3.270480138e+001 +3.270480138e+001 -1.9294e+000 -1.6739e+000
994 0 +1.346302430e-003 +1.346302430e-003 +3.270134630e+001 +3.270134630e+001 -1.9819e+000 -1.6457e+000
1446 0 +1.237407104e-003 +1.237407104e-003 +3.270123741e+001 +3.270123741e+001 -2.0699e+000 -1.6032e+000
2128 0 +1.176136373e-003 +1.176136373e-003 +3.270117614e+001 +3.270117614e+001 -1.9846e+000 -1.6459e+000
3332 0 +2.791775537e-004 +2.791775537e-004 +3.270027918e+001 +3.270027918e+001 -2.0256e+000 -1.6259e+000
3954 0 +2.002514973e-004 +2.002514973e-004 +3.270020025e+001 +3.270020025e+001 -2.1218e+000 -1.5795e+000
4434 0 +4.855803361e-005 +4.855803361e-005 +3.270004856e+001 +3.270004856e+001 -2.0656e+000 -1.6065e+000
5972 0 +2.221470060e-005 +2.221470060e-005 +3.270002221e+001 +3.270002221e+001 -2.0959e+000 -1.5921e+000
% f evaluations | g evaluations | best noise-free fitness - Fopt | noise-free fitness - Fopt (-3.943000000000e+001) | measured fitness | best measured fitness | x1 | x2...
1 0 +8.847513942e+001 +8.847513942e+001 +4.904513942e+001 +4.904513942e+001 -6.6365e-001 +2.5069e+000
4 0 +4.244777562e+001 +4.244777562e+001 +3.017775616e+000 +3.017775616e+000 +3.9598e-001 -1.1871e-001
7 0 +1.470852996e+001 +1.470852996e+001 -2.472147004e+001 -2.472147004e+001 +1.4035e+000 +1.0060e+000
19 0 +1.391123983e+001 +1.391123983e+001 -2.551876017e+001 -2.551876017e+001 +1.4267e+000 +1.5524e+000
33 0 +1.261721905e+001 +1.261721905e+001 -2.681278095e+001 -2.681278095e+001 +1.6278e+000 -9.5625e-001
101 0 +5.329962059e+000 +5.329962059e+000 -3.410003794e+001 -3.410003794e+001 +3.7785e+000 -1.9541e+000
104 0 +5.066861396e+000 +5.066861396e+000 -3.436313860e+001 -3.436313860e+001 +3.9814e+000 -1.6841e+000
105 0 +2.640419016e+000 +2.640419016e+000 -3.678958098e+001 -3.678958098e+001 +3.1314e+000 +7.4226e-001
124 0 +2.461488895e+000 +2.461488895e+000 -3.696851110e+001 -3.696851110e+001 +2.5472e+000 +1.9418e+000
133 0 +2.415065985e+000 +2.415065985e+000 -3.701493402e+001 -3.701493402e+001 +2.4539e+000 +2.7971e+000
134 0 +1.166485987e+000 +1.166485987e+000 -3.826351401e+001 -3.826351401e+001 +3.6227e+000 +4.5408e+000
171 0 +6.148146578e-001 +6.148146578e-001 -3.881518534e+001 -3.881518534e+001 +4.1106e+000 +4.0031e+000
192 0 +5.996055481e-001 +5.996055481e-001 -3.883039445e+001 -3.883039445e+001 +3.5205e+000 +3.9700e+000
223 0 +5.821633520e-001 +5.821633520e-001 -3.884783665e+001 -3.884783665e+001 +2.9305e+000 +3.3739e+000
256 0 +5.296430951e-001 +5.296430951e-001 -3.890035690e+001 -3.890035690e+001 +3.6536e+000 +3.9046e+000
329 0 +3.522934307e-001 +3.522934307e-001 -3.907770657e+001 -3.907770657e+001 +3.8845e+000 +3.0299e+000
614 0 +3.823925580e-002 +3.823925580e-002 -3.939176074e+001 -3.939176074e+001 +3.4330e+000 +3.3778e+000
1203 0 +3.661417839e-002 +3.661417839e-002 -3.939338582e+001 -3.939338582e+001 +3.4997e+000 +3.3382e+000
1492 0 +2.910896629e-002 +2.910896629e-002 -3.940089103e+001 -3.940089103e+001 +3.9962e+000 +3.3596e+000
1581 0 +2.748545494e-002 +2.748545494e-002 -3.940251455e+001 -3.940251455e+001 +3.7362e+000 +3.3499e+000
1772 0 +2.553577534e-002 +2.553577534e-002 -3.940446422e+001 -3.940446422e+001 +3.4803e+000 +3.3796e+000
1857 0 +2.437924791e-002 +2.437924791e-002 -3.940562075e+001 -3.940562075e+001 +4.0552e+000 +3.3893e+000
1929 0 +1.870644356e-002 +1.870644356e-002 -3.941129356e+001 -3.941129356e+001 +3.7293e+000 +3.3585e+000
1975 0 +8.736120005e-003 +8.736120005e-003 -3.942126388e+001 -3.942126388e+001 +3.6017e+000 +3.3805e+000
2389 0 +3.156039674e-003 +3.156039674e-003 -3.942684396e+001 -3.942684396e+001 +3.6805e+000 +3.3725e+000
2645 0 +2.378046932e-004 +2.378046932e-004 -3.942976220e+001 -3.942976220e+001 +3.7123e+000 +3.3764e+000
3859 0 +1.396520365e-004 +1.396520365e-004 -3.942986035e+001 -3.942986035e+001 +3.8153e+000 +3.3800e+000
3878 0 +1.060893063e-004 +1.060893063e-004 -3.942989391e+001 -3.942989391e+001 +3.7387e+000 +3.3776e+000
4657 0 +6.136021007e-006 +6.136021007e-006 -3.942999386e+001 -3.942999386e+001 +3.7570e+000 +3.3781e+000
% f evaluations | g evaluations | best noise-free fitness - Fopt | noise-free fitness - Fopt (4.197200000000e+002) | measured fitness | best measured fitness | x1 | x2...
1 0 +1.204739475e+001 +1.204739475e+001 +4.317673947e+002 +4.317673947e+002 +5.8241e-001 +2.7474e-001
2 0 +5.899522871e-001 +5.899522871e-001 +4.203099523e+002 +4.203099523e+002 -6.1041e-001 +2.4060e+000
117 0 +3.975364019e-001 +3.975364019e-001 +4.201175364e+002 +4.201175364e+002 -1.4939e+000 +3.2739e+000
137 0 +1.714148180e-001 +1.714148180e-001 +4.198914148e+002 +4.198914148e+002 -1.3664e+000 +2.3834e+000
150 0 +1.142784937e-001 +1.142784937e-001 +4.198342785e+002 +4.198342785e+002 -1.1300e+000 +2.3232e+000
501 0 +9.534861581e-002 +9.534861581e-002 +4.198153486e+002 +4.198153486e+002 -1.2690e+000 +2.6840e+000
563 0 +7.768261963e-002 +7.768261963e-002 +4.197976826e+002 +4.197976826e+002 -1.0774e+000 +2.8452e+000
818 0 +5.895653697e-002 +5.895653697e-002 +4.197789565e+002 +4.197789565e+002 -1.2461e+000 +2.5497e+000
949 0 +5.482284794e-002 +5.482284794e-002 +4.197748228e+002 +4.197748228e+002 -1.1298e+000 +2.5771e+000
1234 0 +4.323340084e-002 +4.323340084e-002 +4.197632334e+002 +4.197632334e+002 -1.1853e+000 +2.9646e+000
1275 0 +2.310960822e-002 +2.310960822e-002 +4.197431096e+002 +4.197431096e+002 -1.1907e+000 +2.4784e+000
1604 0 +4.259971459e-003 +4.259971459e-003 +4.197242600e+002 +4.197242600e+002 -1.1482e+000 +2.9202e+000
1900 0 +1.050242931e-003 +1.050242931e-003 +4.197210502e+002 +4.197210502e+002 -1.1687e+000 +2.7145e+000
3228 0 +6.119709902e-004 +6.119709902e-004 +4.197206120e+002 +4.197206120e+002 -1.1570e+000 +2.8356e+000
4559 0 +1.218090799e-004 +1.218090799e-004 +4.197201218e+002 +4.197201218e+002 -1.1674e+000 +2.7350e+000
5462 0 +5.649387714e-005 +5.649387714e-005 +4.197200565e+002 +4.197200565e+002 -1.1689e+000 +2.7227e+000
5835 0 +4.208988247e-005 +4.208988247e-005 +4.197200421e+002 +4.197200421e+002 -1.1672e+000 +2.7372e+000
426952 0 +4.168292077e-005 +4.168292077e-005 +4.197200417e+002 +4.197200417e+002 -1.1686e+000 +2.7255e+000
445151 0 +4.073498224e-005 +4.073498224e-005 +4.197200407e+002 +4.197200407e+002 -1.1685e+000 +2.7258e+000
465809 0 +3.979306791e-005 +3.979306791e-005 +4.197200398e+002 +4.197200398e+002 -1.1685e+000 +2.7261e+000
484794 0 +3.889320953e-005 +3.889320953e-005 +4.197200389e+002 +4.197200389e+002 -1.1685e+000 +2.7263e+000
502077 0 +3.801828154e-005 +3.801828154e-005 +4.197200380e+002 +4.197200380e+002 -1.1684e+000 +2.7266e+000
519904 0 +3.711701754e-005 +3.711701754e-005 +4.197200371e+002 +4.197200371e+002 -1.1684e+000 +2.7268e+000
539364 0 +3.630421168e-005 +3.630421168e-005 +4.197200363e+002 +4.197200363e+002 -1.1684e+000 +2.7271e+000
561009 0 +3.547922574e-005 +3.547922574e-005 +4.197200355e+002 +4.197200355e+002 -1.1684e+000 +2.7273e+000
582839 0 +3.466894464e-005 +3.466894464e-005 +4.197200347e+002 +4.197200347e+002 -1.1683e+000 +2.7276e+000
603212 0 +3.388181239e-005 +3.388181239e-005 +4.197200339e+002 +4.197200339e+002 -1.1683e+000 +2.7278e+000
626250 0 +3.309673281e-005 +3.309673281e-005 +4.197200331e+002 +4.197200331e+002 -1.1683e+000 +2.7281e+000
648335 0 +3.234624052e-005 +3.234624052e-005 +4.197200323e+002 +4.197200323e+002 -1.1682e+000 +2.7283e+000
674491 0 +3.161789942e-005 +3.161789942e-005 +4.197200316e+002 +4.197200316e+002 -1.1682e+000 +2.7286e+000
698007 0 +3.090153803e-005 +3.090153803e-005 +4.197200309e+002 +4.197200309e+002 -1.1682e+000 +2.7288e+000
725653 0 +3.019849606e-005 +3.019849606e-005 +4.197200302e+002 +4.197200302e+002 -1.1682e+000 +2.7290e+000
753228 0 +2.950317247e-005 +2.950317247e-005 +4.197200295e+002 +4.197200295e+002 -1.1681e+000 +2.7293e+000
783095 0 +2.883952419e-005 +2.883952419e-005 +4.197200288e+002 +4.197200288e+002 -1.1681e+000 +2.7295e+000
811267 0 +2.818329023e-005 +2.818329023e-005 +4.197200282e+002 +4.197200282e+002 -1.1681e+000 +2.7297e+000
839756 0 +2.753681343e-005 +2.753681343e-005 +4.197200275e+002 +4.197200275e+002 -1.1681e+000 +2.7300e+000
871841 0 +2.690861055e-005 +2.690861055e-005 +4.197200269e+002 +4.197200269e+002 -1.1680e+000 +2.7302e+000
903886 0 +2.629431214e-005 +2.629431214e-005 +4.197200263e+002 +4.197200263e+002 -1.1680e+000 +2.7304e+000
937361 0 +2.570179521e-005 +2.570179521e-005 +4.197200257e+002 +4.197200257e+002 -1.1680e+000 +2.7307e+000
970299 0 +2.511779610e-005 +2.511779610e-005 +4.197200251e+002 +4.197200251e+002 -1.1680e+000 +2.7309e+000
% f evaluations | g evaluations | best noise-free fitness - Fopt | noise-free fitness - Fopt (7.640000000000e+000) | measured fitness | best measured fitness | x1 | x2...
1 0 +2.943638507e+000 +2.943638507e+000 +1.058363851e+001 +1.058363851e+001 +1.8352e+000 +1.4398e-001
61 0 +2.548924557e+000 +2.548924557e+000 +1.018892456e+001 +1.018892456e+001 +1.8510e+000 +6.9862e-001
104 0 +1.742453936e+000 +1.742453936e+000 +9.382453936e+000 +9.382453936e+000 +2.5549e+000 +3.4866e+000
115 0 +5.944204958e-001 +5.944204958e-001 +8.234420496e+000 +8.234420496e+000 +3.8961e+000 +1.9157e+000
200 0 +4.051834649e-001 +4.051834649e-001 +8.045183465e+000 +8.045183465e+000 +3.6773e+000 +2.1534e+000
398 0 +2.926176542e-001 +2.926176542e-001 +7.932617654e+000 +7.932617654e+000 +3.0667e+000 +2.4750e+000
401 0 +9.395618049e-003 +9.395618049e-003 +7.649395618e+000 +7.649395618e+000 +3.7232e+000 +2.5641e+000
2304 0 +8.017616102e-003 +8.017616102e-003 +7.648017616e+000 +7.648017616e+000 +3.6417e+000 +2.5820e+000
2467 0 +7.749196994e-003 +7.749196994e-003 +7.647749197e+000 +7.647749197e+000 +3.4911e+000 +2.6308e+000
2536 0 +3.029667567e-003 +3.029667567e-003 +7.643029668e+000 +7.643029668e+000 +3.6599e+000 +2.5845e+000
2687 0 +1.236541294e-003 +1.236541294e-003 +7.641236541e+000 +7.641236541e+000 +3.5420e+000 +2.6211e+000
2739 0 +7.086748228e-004 +7.086748228e-004 +7.640708675e+000 +7.640708675e+000 +3.4976e+000 +2.6376e+000
3197 0 +3.852276208e-004 +3.852276208e-004 +7.640385228e+000 +7.640385228e+000 +3.5595e+000 +2.6172e+000
3931 0 +1.802469829e-004 +1.802469829e-004 +7.640180247e+000 +7.640180247e+000 +3.4951e+000 +2.6379e+000
4390 0 +2.497482834e-005 +2.497482834e-005 +7.640024975e+000 +7.640024975e+000 +3.5345e+000 +2.6249e+000
737842 0 +2.454445482e-005 +2.454445482e-005 +7.640024544e+000 +7.640024544e+000 +3.4948e+000 +2.6378e+000
773522 0 +2.398652786e-005 +2.398652786e-005 +7.640023987e+000 +7.640023987e+000 +3.4950e+000 +2.6377e+000
811807 0 +2.344063945e-005 +2.344063945e-005 +7.640023441e+000 +7.640023441e+000 +3.4952e+000 +2.6376e+000
851895 0 +2.290755751e-005 +2.290755751e-005 +7.640022908e+000 +7.640022908e+000 +3.4954e+000 +2.6376e+000
891440 0 +2.238456833e-005 +2.238456833e-005 +7.640022385e+000 +7.640022385e+000 +3.4956e+000 +2.6375e+000
932501 0 +2.186997306e-005 +2.186997306e-005 +7.640021870e+000 +7.640021870e+000 +3.4958e+000 +2.6374e+000
974571 0 +2.137953559e-005 +2.137953559e-005 +7.640021380e+000 +7.640021380e+000 +3.4960e+000 +2.6374e+000
% f evaluations | g evaluations | best noise-free fitness - Fopt | noise-free fitness - Fopt (-1.276800000000e+002) | measured fitness | best measured fitness | x1 | x2...
1 0 +6.689009438e+000 +6.689009438e+000 -1.209909906e+002 -1.209909906e+002 -7.4866e-001 -2.1943e+000
2 0 +3.620870232e+000 +3.620870232e+000 -1.240591298e+002 -1.240591298e+002 +1.3473e-001 +8.0572e-001
13 0 +3.223485695e+000 +3.223485695e+000 -1.244565143e+002 -1.244565143e+002 +1.2305e-001 +1.5051e+000
17 0 +1.790728555e+000 +1.790728555e+000 -1.258892714e+002 -1.258892714e+002 +9.8861e-001 +2.4089e+000
123 0 +2.192045294e-001 +2.192045294e-001 -1.274607955e+002 -1.274607955e+002 +2.7381e+000 +3.8217e+000
142 0 +1.737096425e-001 +1.737096425e-001 -1.275062904e+002 -1.275062904e+002 +2.5135e+000 +3.8814e+000
603 0 +1.363435139e-001 +1.363435139e-001 -1.275436565e+002 -1.275436565e+002 +2.1763e+000 +3.6857e+000
754 0 +1.113497815e-001 +1.113497815e-001 -1.275686502e+002 -1.275686502e+002 +2.4945e+000 +3.5843e+000
898 0 +9.708218197e-002 +9.708218197e-002 -1.275829178e+002 -1.275829178e+002 +1.9718e+000 +4.0121e+000
1301 0 +4.356281741e-002 +4.356281741e-002 -1.276364372e+002 -1.276364372e+002 +2.1543e+000 +3.7952e+000
1482 0 +3.219584209e-002 +3.219584209e-002 -1.276478042e+002 -1.276478042e+002 +2.2732e+000 +3.7583e+000
1645 0 +2.505953245e-002 +2.505953245e-002 -1.276549405e+002 -1.276549405e+002 +2.4960e+000 +3.6816e+000
1653 0 +1.267813887e-002 +1.267813887e-002 -1.276673219e+002 -1.276673219e+002 +2.2070e+000 +3.8343e+000
1778 0 +7.968753315e-003 +7.968753315e-003 -1.276720312e+002 -1.276720312e+002 +2.3131e+000 +3.7852e+000
1897 0 +6.256662145e-003 +6.256662145e-003 -1.276737433e+002 -1.276737433e+002 +2.1310e+000 +3.8459e+000
2632 0 +2.941765871e-003 +2.941765871e-003 -1.276770582e+002 -1.276770582e+002 +2.3103e+000 +3.7746e+000
3543 0 +6.595934076e-005 +6.595934076e-005 -1.276799340e+002 -1.276799340e+002 +2.2967e+000 +3.7834e+000
306184 0 +6.455058517e-005 +6.455058517e-005 -1.276799354e+002 -1.276799354e+002 +2.2995e+000 +3.7823e+000
315957 0 +6.308361615e-005 +6.308361615e-005 -1.276799369e+002 -1.276799369e+002 +2.2992e+000 +3.7824e+000
324934 0 +6.164503104e-005 +6.164503104e-005 -1.276799384e+002 -1.276799384e+002 +2.2989e+000 +3.7825e+000
335905 0 +6.024885494e-005 +6.024885494e-005 -1.276799398e+002 -1.276799398e+002 +2.2986e+000 +3.7826e+000
346585 0 +5.887997531e-005 +5.887997531e-005 -1.276799411e+002 -1.276799411e+002 +2.2983e+000 +3.7827e+000
357303 0 +5.742343653e-005 +5.742343653e-005 -1.276799426e+002 -1.276799426e+002 +2.2980e+000 +3.7828e+000
368310 0 +5.622281950e-005 +5.622281950e-005 -1.276799438e+002 -1.276799438e+002 +2.2978e+000 +3.7829e+000
380140 0 +5.494040843e-005 +5.494040843e-005 -1.276799451e+002 -1.276799451e+002 +2.2975e+000 +3.7831e+000
393014 0 +5.369260985e-005 +5.369260985e-005 -1.276799463e+002 -1.276799463e+002 +2.2973e+000 +3.7832e+000
406403 0 +5.247611581e-005 +5.247611581e-005 -1.276799475e+002 -1.276799475e+002 +2.2970e+000 +3.7833e+000
417005 0 +5.126337234e-005 +5.126337234e-005 -1.276799487e+002 -1.276799487e+002 +2.2967e+000 +3.7834e+000
430093 0 +5.011365954e-005 +5.011365954e-005 -1.276799499e+002 -1.276799499e+002 +2.2965e+000 +3.7835e+000
444568 0 +4.896473563e-005 +4.896473563e-005 -1.276799510e+002 -1.276799510e+002 +2.2962e+000 +3.7836e+000
460790 0 +4.784046294e-005 +4.784046294e-005 -1.276799522e+002 -1.276799522e+002 +2.2959e+000 +3.7837e+000
473896 0 +4.676848398e-005 +4.676848398e-005 -1.276799532e+002 -1.276799532e+002 +2.2957e+000 +3.7838e+000
487945 0 +4.570245582e-005 +4.570245582e-005 -1.276799543e+002 -1.276799543e+002 +2.2954e+000 +3.7839e+000
504633 0 +4.464556818e-005 +4.464556818e-005 -1.276799554e+002 -1.276799554e+002 +2.2952e+000 +3.7840e+000
520583 0 +4.365063504e-005 +4.365063504e-005 -1.276799563e+002 -1.276799563e+002 +2.2949e+000 +3.7841e+000
539208 0 +4.265656706e-005 +4.265656706e-005 -1.276799573e+002 -1.276799573e+002 +2.2947e+000 +3.7842e+000
557591 0 +4.168429123e-005 +4.168429123e-005 -1.276799583e+002 -1.276799583e+002 +2.2944e+000 +3.7843e+000
576805 0 +4.073720487e-005 +4.073720487e-005 -1.276799593e+002 -1.276799593e+002 +2.2942e+000 +3.7844e+000
594801 0 +3.980403974e-005 +3.980403974e-005 -1.276799602e+002 -1.276799602e+002 +2.2939e+000 +3.7845e+000
615404 0 +3.889671234e-005 +3.889671234e-005 -1.276799611e+002 -1.276799611e+002 +2.2937e+000 +3.7846e+000
635458 0 +3.800866020e-005 +3.800866020e-005 -1.276799620e+002 -1.276799620e+002 +2.2935e+000 +3.7847e+000
655777 0 +3.714493030e-005 +3.714493030e-005 -1.276799629e+002 -1.276799629e+002 +2.2932e+000 +3.7848e+000
677607 0 +3.629493544e-005 +3.629493544e-005 -1.276799637e+002 -1.276799637e+002 +2.2930e+000 +3.7849e+000
698926 0 +3.547802420e-005 +3.547802420e-005 -1.276799645e+002 -1.276799645e+002 +2.2928e+000 +3.7850e+000
719822 0 +3.467242810e-005 +3.467242810e-005 -1.276799653e+002 -1.276799653e+002 +2.2925e+000 +3.7851e+000
745122 0 +3.387349028e-005 +3.387349028e-005 -1.276799661e+002 -1.276799661e+002 +2.2923e+000 +3.7852e+000
768539 0 +3.309807992e-005 +3.309807992e-005 -1.276799669e+002 -1.276799669e+002 +2.2921e+000 +3.7853e+000
793755 0 +3.235214926e-005 +3.235214926e-005 -1.276799676e+002 -1.276799676e+002 +2.2918e+000 +3.7854e+000
819427 0 +3.162254977e-005 +3.162254977e-005 -1.276799684e+002 -1.276799684e+002 +2.2916e+000 +3.7855e+000
846504 0 +3.090030053e-005 +3.090030053e-005 -1.276799691e+002 -1.276799691e+002 +2.2914e+000 +3.7856e+000
874239 0 +3.019937016e-005 +3.019937016e-005 -1.276799698e+002 -1.276799698e+002 +2.2912e+000 +3.7857e+000
898436 0 +2.950358294e-005 +2.950358294e-005 -1.276799705e+002 -1.276799705e+002 +2.2909e+000 +3.7858e+000
930828 0 +2.883962664e-005 +2.883962664e-005 -1.276799712e+002 -1.276799712e+002 +2.2907e+000 +3.7859e+000
958248 0 +2.817305645e-005 +2.817305645e-005 -1.276799718e+002 -1.276799718e+002 +2.2905e+000 +3.7860e+000
986177 0 +2.754119225e-005 +2.754119225e-005 -1.276799725e+002 -1.276799725e+002 +2.2903e+000 +3.7860e+000
% f evaluations | g evaluations | best noise-free fitness - Fopt | noise-free fitness - Fopt (-3.650000000000e+001) | measured fitness | best measured fitness | x1 | x2...
1 0 +1.020956059e+002 +1.020956059e+002 +6.559560588e+001 +6.559560588e+001 -2.1943e+000 -1.4013e+000
2 0 +1.014023185e+000 +1.014023185e+000 -3.548597681e+001 -3.548597681e+001 +1.7052e+000 +1.4445e+000
6 0 +3.419041566e-001 +3.419041566e-001 -3.615809584e+001 -3.615809584e+001 +1.7762e+000 +7.1389e-001
91 0 +2.651144632e-001 +2.651144632e-001 -3.623488554e+001 -3.623488554e+001 +1.5466e+000 +1.7051e-001
205 0 +1.719831972e-001 +1.719831972e-001 -3.632801680e+001 -3.632801680e+001 +1.8382e+000 +1.7122e-001
252 0 +5.018731291e-002 +5.018731291e-002 -3.644981269e+001 -3.644981269e+001 +2.1336e+000 +4.6467e-001
383 0 +4.831602136e-002 +4.831602136e-002 -3.645168398e+001 -3.645168398e+001 +1.9187e+000 +4.5688e-001
491 0 +4.129200627e-002 +4.129200627e-002 -3.645870799e+001 -3.645870799e+001 +1.9298e+000 +4.5507e-001
634 0 +2.878179806e-002 +2.878179806e-002 -3.647121820e+001 -3.647121820e+001 +2.2877e+000 +6.3811e-001
1051 0 +5.950659060e-004 +5.950659060e-004 -3.649940493e+001 -3.649940493e+001 +2.0405e+000 +4.6945e-001
3276 0 +1.123788073e-004 +1.123788073e-004 -3.649988762e+001 -3.649988762e+001 +2.0907e+000 +4.9806e-001
4939 0 +2.304478125e-005 +2.304478125e-005 -3.649997696e+001 -3.649997696e+001 +2.1044e+000 +5.0585e-001
5991 0 +1.887958091e-005 +1.887958091e-005 -3.649998112e+001 -3.649998112e+001 +2.1074e+000 +5.0752e-001
6042 0 +2.394818395e-006 +2.394818395e-006 -3.649999761e+001 -3.649999761e+001 +2.1065e+000 +5.0705e-001
6578 0 +4.042196267e-007 +4.042196267e-007 -3.649999960e+001 -3.649999960e+001 +2.0921e+000 +4.9899e-001
10886 0 +3.324918083e-007 +3.324918083e-007 -3.649999967e+001 -3.649999967e+001 +2.0908e+000 +4.9822e-001
% f evaluations | g evaluations | best noise-free fitness - Fopt | noise-free fitness - Fopt (1.728700000000e+002) | measured fitness | best measured fitness | x1 | x2...
1 0 +3.828376936e+001 +3.828376936e+001 +2.111537694e+002 +2.111537694e+002 -2.6960e-001 -1.6912e+000
2 0 +2.135584488e+001 +2.135584488e+001 +1.942258449e+002 +1.942258449e+002 +2.8554e-001 -1.2651e+000
5 0 +1.001433575e+001 +1.001433575e+001 +1.828843358e+002 +1.828843358e+002 +7.6297e-001 +1.9496e-001
7 0 +2.121141499e+000 +2.121141499e+000 +1.749911415e+002 +1.749911415e+002 +1.7884e+000 +8.2796e-001
24 0 +2.078704286e+000 +2.078704286e+000 +1.749487043e+002 +1.749487043e+002 +1.9830e+000 +1.0961e+000
42 0 +1.710768275e+000 +1.710768275e+000 +1.745807683e+002 +1.745807683e+002 +1.8020e+000 -3.7845e-001
70 0 +1.258269190e+000 +1.258269190e+000 +1.741282692e+002 +1.741282692e+002 +2.1900e+000 +3.2656e-001
77 0 +1.067990060e+000 +1.067990060e+000 +1.739379901e+002 +1.739379901e+002 +3.0437e+000 +2.7860e-001
113 0 +9.013184757e-001 +9.013184757e-001 +1.737713185e+002 +1.737713185e+002 +2.2614e+000 -2.7514e-002
149 0 +1.710750933e-002 +1.710750933e-002 +1.728871075e+002 +1.728871075e+002 +3.0308e+000 -8.1354e-001
1741 0 +7.306194440e-003 +7.306194440e-003 +1.728773062e+002 +1.728773062e+002 +3.0589e+000 -7.8611e-001
2231 0 +4.595798737e-003 +4.595798737e-003 +1.728745958e+002 +1.728745958e+002 +2.8611e+000 -8.1342e-001
2243 0 +3.885108874e-003 +3.885108874e-003 +1.728738851e+002 +1.728738851e+002 +3.0785e+000 -7.9535e-001
2389 0 +1.632781463e-003 +1.632781463e-003 +1.728716328e+002 +1.728716328e+002 +3.0884e+000 -7.9205e-001
2594 0 +1.242382881e-003 +1.242382881e-003 +1.728712424e+002 +1.728712424e+002 +3.0437e+000 -7.9627e-001
2862 0 +5.804934393e-004 +5.804934393e-004 +1.728705805e+002 +1.728705805e+002 +2.9498e+000 -8.0504e-001
4397 0 +4.000492582e-004 +4.000492582e-004 +1.728704000e+002 +1.728704000e+002 +2.9633e+000 -8.0297e-001
4421 0 +2.817710694e-004 +2.817710694e-004 +1.728702818e+002 +1.728702818e+002 +2.9694e+000 -8.0245e-001
5384 0 +2.296725085e-004 +2.296725085e-004 +1.728702297e+002 +1.728702297e+002 +2.9771e+000 -8.0207e-001
27004 0 +2.282571278e-004 +2.282571278e-004 +1.728702283e+002 +1.728702283e+002 +2.9657e+000 -8.0303e-001
27747 0 +2.218857209e-004 +2.218857209e-004 +1.728702219e+002 +1.728702219e+002 +2.9662e+000 -8.0299e-001
30227 0 +2.183405908e-004 +2.183405908e-004 +1.728702183e+002 +1.728702183e+002 +2.9665e+000 -8.0297e-001
32103 0 +2.124023902e-004 +2.124023902e-004 +1.728702124e+002 +1.728702124e+002 +2.9670e+000 -8.0290e-001
33822 0 +2.088644970e-004 +2.088644970e-004 +1.728702089e+002 +1.728702089e+002 +2.9674e+000 -8.0287e-001
35933 0 +2.035244132e-004 +2.035244132e-004 +1.728702035e+002 +1.728702035e+002 +2.9679e+000 -8.0280e-001
37908 0 +1.993370353e-004 +1.993370353e-004 +1.728701993e+002 +1.728701993e+002 +2.9686e+000 -8.0271e-001
40590 0 +1.947509442e-004 +1.947509442e-004 +1.728701948e+002 +1.728701948e+002 +2.9687e+000 -8.0273e-001
43790 0 +1.902509680e-004 +1.902509680e-004 +1.728701903e+002 +1.728701903e+002 +2.9692e+000 -8.0268e-001
45983 0 +1.858256933e-004 +1.858256933e-004 +1.728701858e+002 +1.728701858e+002 +2.9697e+000 -8.0264e-001
48244 0 +1.816128035e-004 +1.816128035e-004 +1.728701816e+002 +1.728701816e+002 +2.9701e+000 -8.0259e-001
50620 0 +1.777894595e-004 +1.777894595e-004 +1.728701778e+002 +1.728701778e+002 +2.9705e+000 -8.0255e-001
52568 0 +1.734580152e-004 +1.734580152e-004 +1.728701735e+002 +1.728701735e+002 +2.9709e+000 -8.0251e-001
54940 0 +1.692171004e-004 +1.692171004e-004 +1.728701692e+002 +1.728701692e+002 +2.9714e+000 -8.0245e-001
58114 0 +1.653775624e-004 +1.653775624e-004 +1.728701654e+002 +1.728701654e+002 +2.9718e+000 -8.0242e-001
61025 0 +1.621603374e-004 +1.621603374e-004 +1.728701622e+002 +1.728701622e+002 +2.9722e+000 -8.0238e-001
63031 0 +1.579989425e-004 +1.579989425e-004 +1.728701580e+002 +1.728701580e+002 +2.9726e+000 -8.0233e-001
65451 0 +1.547882917e-004 +1.547882917e-004 +1.728701548e+002 +1.728701548e+002 +2.9730e+000 -8.0229e-001
68414 0 +1.512654046e-004 +1.512654046e-004 +1.728701513e+002 +1.728701513e+002 +2.9734e+000 -8.0225e-001
71478 0 +1.478399226e-004 +1.478399226e-004 +1.728701478e+002 +1.728701478e+002 +2.9738e+000 -8.0221e-001
73423 0 +1.444661312e-004 +1.444661312e-004 +1.728701445e+002 +1.728701445e+002 +2.9742e+000 -8.0217e-001
76677 0 +1.408762417e-004 +1.408762417e-004 +1.728701409e+002 +1.728701409e+002 +2.9746e+000 -8.0212e-001
80791 0 +1.379347906e-004 +1.379347906e-004 +1.728701379e+002 +1.728701379e+002 +2.9750e+000 -8.0208e-001
84023 0 +1.346940536e-004 +1.346940536e-004 +1.728701347e+002 +1.728701347e+002 +2.9754e+000 -8.0203e-001
88606 0 +1.317665620e-004 +1.317665620e-004 +1.728701318e+002 +1.728701318e+002 +2.9758e+000 -8.0201e-001
90604 0 +1.285007766e-004 +1.285007766e-004 +1.728701285e+002 +1.728701285e+002 +2.9762e+000 -8.0196e-001
95179 0 +1.257466149e-004 +1.257466149e-004 +1.728701257e+002 +1.728701257e+002 +2.9766e+000 -8.0192e-001
99679 0 +1.229438289e-004 +1.229438289e-004 +1.728701229e+002 +1.728701229e+002 +2.9769e+000 -8.0188e-001
104502 0 +1.201458375e-004 +1.201458375e-004 +1.728701201e+002 +1.728701201e+002 +2.9773e+000 -8.0184e-001
110406 0 +1.173769650e-004 +1.173769650e-004 +1.728701174e+002 +1.728701174e+002 +2.9777e+000 -8.0181e-001
115007 0 +1.147736788e-004 +1.147736788e-004 +1.728701148e+002 +1.728701148e+002 +2.9781e+000 -8.0177e-001
118519 0 +1.120986448e-004 +1.120986448e-004 +1.728701121e+002 +1.728701121e+002 +2.9784e+000 -8.0173e-001
122916 0 +1.095408555e-004 +1.095408555e-004 +1.728701095e+002 +1.728701095e+002 +2.9788e+000 -8.0169e-001
127399 0 +1.068676869e-004 +1.068676869e-004 +1.728701069e+002 +1.728701069e+002 +2.9792e+000 -8.0165e-001
131283 0 +1.045737877e-004 +1.045737877e-004 +1.728701046e+002 +1.728701046e+002 +2.9795e+000 -8.0162e-001
137930 0 +1.022714850e-004 +1.022714850e-004 +1.728701023e+002 +1.728701023e+002 +2.9799e+000 -8.0158e-001
143592 0 +9.995896104e-005 +9.995896104e-005 +1.728701000e+002 +1.728701000e+002 +2.9803e+000 -8.0155e-001
149796 0 +9.771632631e-005 +9.771632631e-005 +1.728700977e+002 +1.728700977e+002 +2.9806e+000 -8.0151e-001
156336 0 +9.543073088e-005 +9.543073088e-005 +1.728700954e+002 +1.728700954e+002 +2.9809e+000 -8.0147e-001
161742 0 +9.323100713e-005 +9.323100713e-005 +1.728700932e+002 +1.728700932e+002 +2.9813e+000 -8.0144e-001
166826 0 +9.110504149e-005 +9.110504149e-005 +1.728700911e+002 +1.728700911e+002 +2.9817e+000 -8.0141e-001
174202 0 +8.910198585e-005 +8.910198585e-005 +1.728700891e+002 +1.728700891e+002 +2.9820e+000 -8.0137e-001
179664 0 +8.706034956e-005 +8.706034956e-005 +1.728700871e+002 +1.728700871e+002 +2.9823e+000 -8.0134e-001
187000 0 +8.508361248e-005 +8.508361248e-005 +1.728700851e+002 +1.728700851e+002 +2.9827e+000 -8.0130e-001
192770 0 +8.307446529e-005 +8.307446529e-005 +1.728700831e+002 +1.728700831e+002 +2.9830e+000 -8.0126e-001
198306 0 +8.124746918e-005 +8.124746918e-005 +1.728700812e+002 +1.728700812e+002 +2.9833e+000 -8.0123e-001
206082 0 +7.941844515e-005 +7.941844515e-005 +1.728700794e+002 +1.728700794e+002 +2.9836e+000 -8.0119e-001
212273 0 +7.756213168e-005 +7.756213168e-005 +1.728700776e+002 +1.728700776e+002 +2.9840e+000 -8.0116e-001
221255 0 +7.585259911e-005 +7.585259911e-005 +1.728700759e+002 +1.728700759e+002 +2.9843e+000 -8.0113e-001
229729 0 +7.412333329e-005 +7.412333329e-005 +1.728700741e+002 +1.728700741e+002 +2.9846e+000 -8.0109e-001
237324 0 +7.234941316e-005 +7.234941316e-005 +1.728700723e+002 +1.728700723e+002 +2.9850e+000 -8.0106e-001
246110 0 +7.079355203e-005 +7.079355203e-005 +1.728700708e+002 +1.728700708e+002 +2.9852e+000 -8.0103e-001
253301 0 +6.910305865e-005 +6.910305865e-005 +1.728700691e+002 +1.728700691e+002 +2.9856e+000 -8.0100e-001
260885 0 +6.760530397e-005 +6.760530397e-005 +1.728700676e+002 +1.728700676e+002 +2.9859e+000 -8.0097e-001
271737 0 +6.605782002e-005 +6.605782002e-005 +1.728700661e+002 +1.728700661e+002 +2.9862e+000 -8.0094e-001
280404 0 +6.451945470e-005 +6.451945470e-005 +1.728700645e+002 +1.728700645e+002 +2.9865e+000 -8.0090e-001
290943 0 +6.307304605e-005 +6.307304605e-005 +1.728700631e+002 +1.728700631e+002 +2.9868e+000 -8.0087e-001
300450 0 +6.162778590e-005 +6.162778590e-005 +1.728700616e+002 +1.728700616e+002 +2.9871e+000 -8.0084e-001
311003 0 +6.022843738e-005 +6.022843738e-005 +1.728700602e+002 +1.728700602e+002 +2.9874e+000 -8.0080e-001
323103 0 +5.886006119e-005 +5.886006119e-005 +1.728700589e+002 +1.728700589e+002 +2.9877e+000 -8.0078e-001
333605 0 +5.752183830e-005 +5.752183830e-005 +1.728700575e+002 +1.728700575e+002 +2.9880e+000 -8.0075e-001
344311 0 +5.623208122e-005 +5.623208122e-005 +1.728700562e+002 +1.728700562e+002 +2.9883e+000 -8.0072e-001
357105 0 +5.493725476e-005 +5.493725476e-005 +1.728700549e+002 +1.728700549e+002 +2.9886e+000 -8.0069e-001
369109 0 +5.368349221e-005 +5.368349221e-005 +1.728700537e+002 +1.728700537e+002 +2.9889e+000 -8.0066e-001
379936 0 +5.238798460e-005 +5.238798460e-005 +1.728700524e+002 +1.728700524e+002 +2.9892e+000 -8.0063e-001
393036 0 +5.128423783e-005 +5.128423783e-005 +1.728700513e+002 +1.728700513e+002 +2.9894e+000 -8.0060e-001
405640 0 +5.009402338e-005 +5.009402338e-005 +1.728700501e+002 +1.728700501e+002 +2.9897e+000 -8.0057e-001
420119 0 +4.897157510e-005 +4.897157510e-005 +1.728700490e+002 +1.728700490e+002 +2.9900e+000 -8.0054e-001
434082 0 +4.784557220e-005 +4.784557220e-005 +1.728700478e+002 +1.728700478e+002 +2.9903e+000 -8.0051e-001
447825 0 +4.673777934e-005 +4.673777934e-005 +1.728700467e+002 +1.728700467e+002 +2.9906e+000 -8.0049e-001
462075 0 +4.570724784e-005 +4.570724784e-005 +1.728700457e+002 +1.728700457e+002 +2.9908e+000 -8.0046e-001
476661 0 +4.466326007e-005 +4.466326007e-005 +1.728700447e+002 +1.728700447e+002 +2.9911e+000 -8.0043e-001
490642 0 +4.365157346e-005 +4.365157346e-005 +1.728700437e+002 +1.728700437e+002 +2.9914e+000 -8.0040e-001
509597 0 +4.265102478e-005 +4.265102478e-005 +1.728700427e+002 +1.728700427e+002 +2.9916e+000 -8.0037e-001
523899 0 +4.166479513e-005 +4.166479513e-005 +1.728700417e+002 +1.728700417e+002 +2.9919e+000 -8.0035e-001
542328 0 +4.073108656e-005 +4.073108656e-005 +1.728700407e+002 +1.728700407e+002 +2.9922e+000 -8.0032e-001
559793 0 +3.981001888e-005 +3.981001888e-005 +1.728700398e+002 +1.728700398e+002 +2.9924e+000 -8.0029e-001
574514 0 +3.884946875e-005 +3.884946875e-005 +1.728700388e+002 +1.728700388e+002 +2.9927e+000 -8.0026e-001
592303 0 +3.801129216e-005 +3.801129216e-005 +1.728700380e+002 +1.728700380e+002 +2.9930e+000 -8.0024e-001
613130 0 +3.714273234e-005 +3.714273234e-005 +1.728700371e+002 +1.728700371e+002 +2.9932e+000 -8.0021e-001
634380 0 +3.627474908e-005 +3.627474908e-005 +1.728700363e+002 +1.728700363e+002 +2.9935e+000 -8.0019e-001
656412 0 +3.548114779e-005 +3.548114779e-005 +1.728700355e+002 +1.728700355e+002 +2.9937e+000 -8.0016e-001
678705 0 +3.467201171e-005 +3.467201171e-005 +1.728700347e+002 +1.728700347e+002 +2.9940e+000 -8.0014e-001
703816 0 +3.388006937e-005 +3.388006937e-005 +1.728700339e+002 +1.728700339e+002 +2.9942e+000 -8.0011e-001
728755 0 +3.309311296e-005 +3.309311296e-005 +1.728700331e+002 +1.728700331e+002 +2.9945e+000 -8.0008e-001
751338 0 +3.235637089e-005 +3.235637089e-005 +1.728700324e+002 +1.728700324e+002 +2.9947e+000 -8.0006e-001
775907 0 +3.161832069e-005 +3.161832069e-005 +1.728700316e+002 +1.728700316e+002 +2.9949e+000 -8.0003e-001
799420 0 +3.090253563e-005 +3.090253563e-005 +1.728700309e+002 +1.728700309e+002 +2.9952e+000 -8.0001e-001
826564 0 +3.019103787e-005 +3.019103787e-005 +1.728700302e+002 +1.728700302e+002 +2.9954e+000 -7.9999e-001
853273 0 +2.950795138e-005 +2.950795138e-005 +1.728700295e+002 +1.728700295e+002 +2.9957e+000 -7.9996e-001
880055 0 +2.883775448e-005 +2.883775448e-005 +1.728700288e+002 +1.728700288e+002 +2.9959e+000 -7.9994e-001
909615 0 +2.818274115e-005 +2.818274115e-005 +1.728700282e+002 +1.728700282e+002 +2.9961e+000 -7.9991e-001
939698 0 +2.754140644e-005 +2.754140644e-005 +1.728700275e+002 +1.728700275e+002 +2.9964e+000 -7.9989e-001
969248 0 +2.691354695e-005 +2.691354695e-005 +1.728700269e+002 +1.728700269e+002 +2.9966e+000 -7.9986e-001
% f evaluations | g evaluations | best noise-free fitness - Fopt | noise-free fitness - Fopt (1.577200000000e+002) | measured fitness | best measured fitness | x1 | x2...
1 0 +1.664741672e+001 +1.664741672e+001 +1.743674167e+002 +1.743674167e+002 +6.9085e-001 +8.1773e-001
2 0 +2.823710232e+000 +2.823710232e+000 +1.605437102e+002 +1.605437102e+002 -1.1538e+000 +6.5398e-001
3 0 +1.470374981e+000 +1.470374981e+000 +1.591903750e+002 +1.591903750e+002 -2.4370e+000 -2.5961e-001
7 0 +1.065406613e+000 +1.065406613e+000 +1.587854066e+002 +1.587854066e+002 -2.3691e+000 -7.1260e-001
103 0 +2.762417652e-001 +2.762417652e-001 +1.579962418e+002 +1.579962418e+002 -3.2295e+000 -1.2697e+000
138 0 +1.400408733e-001 +1.400408733e-001 +1.578600409e+002 +1.578600409e+002 -3.3613e+000 -1.5510e+000
202 0 +6.239980197e-002 +6.239980197e-002 +1.577823998e+002 +1.577823998e+002 -2.9729e+000 -1.5637e+000
638 0 +5.925321346e-002 +5.925321346e-002 +1.577792532e+002 +1.577792532e+002 -2.6521e+000 -1.6803e+000
994 0 +3.037766116e-002 +3.037766116e-002 +1.577503777e+002 +1.577503777e+002 -2.6954e+000 -1.6954e+000
1547 0 +2.245665951e-002 +2.245665951e-002 +1.577424567e+002 +1.577424567e+002 -2.6717e+000 -1.7132e+000
1717 0 +3.717636312e-003 +3.717636312e-003 +1.577237176e+002 +1.577237176e+002 -2.8754e+000 -1.6680e+000
2278 0 +5.907033937e-004 +5.907033937e-004 +1.577205907e+002 +1.577205907e+002 -2.9270e+000 -1.6465e+000
3164 0 +5.169066445e-004 +5.169066445e-004 +1.577205169e+002 +1.577205169e+002 -2.8394e+000 -1.6761e+000
3421 0 +1.533596871e-004 +1.533596871e-004 +1.577201534e+002 +1.577201534e+002 -2.9168e+000 -1.6495e+000
102548 0 +1.512211673e-004 +1.512211673e-004 +1.577201512e+002 +1.577201512e+002 -2.9167e+000 -1.6496e+000
107054 0 +1.475578784e-004 +1.475578784e-004 +1.577201476e+002 +1.577201476e+002 -2.9163e+000 -1.6497e+000
110121 0 +1.445217362e-004 +1.445217362e-004 +1.577201445e+002 +1.577201445e+002 -2.9159e+000 -1.6498e+000
114599 0 +1.409755409e-004 +1.409755409e-004 +1.577201410e+002 +1.577201410e+002 -2.9155e+000 -1.6500e+000
117407 0 +1.379189332e-004 +1.379189332e-004 +1.577201379e+002 +1.577201379e+002 -2.9151e+000 -1.6501e+000
120952 0 +1.346934443e-004 +1.346934443e-004 +1.577201347e+002 +1.577201347e+002 -2.9148e+000 -1.6502e+000
123750 0 +1.313267096e-004 +1.313267096e-004 +1.577201313e+002 +1.577201313e+002 -2.9144e+000 -1.6504e+000
127274 0 +1.287970996e-004 +1.287970996e-004 +1.577201288e+002 +1.577201288e+002 -2.9141e+000 -1.6505e+000
130878 0 +1.258165323e-004 +1.258165323e-004 +1.577201258e+002 +1.577201258e+002 -2.9136e+000 -1.6506e+000
135701 0 +1.228121399e-004 +1.228121399e-004 +1.577201228e+002 +1.577201228e+002 -2.9133e+000 -1.6508e+000
138618 0 +1.199551763e-004 +1.199551763e-004 +1.577201200e+002 +1.577201200e+002 -2.9129e+000 -1.6509e+000
141760 0 +1.173729048e-004 +1.173729048e-004 +1.577201174e+002 +1.577201174e+002 -2.9126e+000 -1.6510e+000
146093 0 +1.147734242e-004 +1.147734242e-004 +1.577201148e+002 +1.577201148e+002 -2.9122e+000 -1.6511e+000
149829 0 +1.121529068e-004 +1.121529068e-004 +1.577201122e+002 +1.577201122e+002 -2.9119e+000 -1.6512e+000
153750 0 +1.095191438e-004 +1.095191438e-004 +1.577201095e+002 +1.577201095e+002 -2.9115e+000 -1.6514e+000
159203 0 +1.069265261e-004 +1.069265261e-004 +1.577201069e+002 +1.577201069e+002 -2.9112e+000 -1.6515e+000
164005 0 +1.045723816e-004 +1.045723816e-004 +1.577201046e+002 +1.577201046e+002 -2.9109e+000 -1.6516e+000
168813 0 +1.023224987e-004 +1.023224987e-004 +1.577201023e+002 +1.577201023e+002 -2.9105e+000 -1.6517e+000
174103 0 +9.998630705e-005 +9.998630705e-005 +1.577201000e+002 +1.577201000e+002 -2.9102e+000 -1.6518e+000
178730 0 +9.767293520e-005 +9.767293520e-005 +1.577200977e+002 +1.577200977e+002 -2.9099e+000 -1.6520e+000
185706 0 +9.528265738e-005 +9.528265738e-005 +1.577200953e+002 +1.577200953e+002 -2.9095e+000 -1.6521e+000
191054 0 +9.330647489e-005 +9.330647489e-005 +1.577200933e+002 +1.577200933e+002 -2.9092e+000 -1.6522e+000
196098 0 +9.119467566e-005 +9.119467566e-005 +1.577200912e+002 +1.577200912e+002 -2.9089e+000 -1.6523e+000
201487 0 +8.908609186e-005 +8.908609186e-005 +1.577200891e+002 +1.577200891e+002 -2.9085e+000 -1.6524e+000
208196 0 +8.704222043e-005 +8.704222043e-005 +1.577200870e+002 +1.577200870e+002 -2.9082e+000 -1.6525e+000
213715 0 +8.502189530e-005 +8.502189530e-005 +1.577200850e+002 +1.577200850e+002 -2.9079e+000 -1.6526e+000
218696 0 +8.316696216e-005 +8.316696216e-005 +1.577200832e+002 +1.577200832e+002 -2.9076e+000 -1.6527e+000
226675 0 +8.128207065e-005 +8.128207065e-005 +1.577200813e+002 +1.577200813e+002 -2.9073e+000 -1.6529e+000
234291 0 +7.934056410e-005 +7.934056410e-005 +1.577200793e+002 +1.577200793e+002 -2.9069e+000 -1.6530e+000
238858 0 +7.740868813e-005 +7.740868813e-005 +1.577200774e+002 +1.577200774e+002 -2.9066e+000 -1.6531e+000
247640 0 +7.583384928e-005 +7.583384928e-005 +1.577200758e+002 +1.577200758e+002 -2.9063e+000 -1.6532e+000
255375 0 +7.411710055e-005 +7.411710055e-005 +1.577200741e+002 +1.577200741e+002 -2.9060e+000 -1.6533e+000
263157 0 +7.243416459e-005 +7.243416459e-005 +1.577200724e+002 +1.577200724e+002 -2.9057e+000 -1.6534e+000
269541 0 +7.069576733e-005 +7.069576733e-005 +1.577200707e+002 +1.577200707e+002 -2.9054e+000 -1.6535e+000
278810 0 +6.910799985e-005 +6.910799985e-005 +1.577200691e+002 +1.577200691e+002 -2.9051e+000 -1.6536e+000
288343 0 +6.758860326e-005 +6.758860326e-005 +1.577200676e+002 +1.577200676e+002 -2.9048e+000 -1.6537e+000
298505 0 +6.597460785e-005 +6.597460785e-005 +1.577200660e+002 +1.577200660e+002 -2.9045e+000 -1.6538e+000
308618 0 +6.456176553e-005 +6.456176553e-005 +1.577200646e+002 +1.577200646e+002 -2.9043e+000 -1.6539e+000
317937 0 +6.308346138e-005 +6.308346138e-005 +1.577200631e+002 +1.577200631e+002 -2.9040e+000 -1.6540e+000
327968 0 +6.165138433e-005 +6.165138433e-005 +1.577200617e+002 +1.577200617e+002 -2.9037e+000 -1.6541e+000
339137 0 +6.022109619e-005 +6.022109619e-005 +1.577200602e+002 +1.577200602e+002 -2.9034e+000 -1.6542e+000
351405 0 +5.888145299e-005 +5.888145299e-005 +1.577200589e+002 +1.577200589e+002 -2.9031e+000 -1.6543e+000
361171 0 +5.752613467e-005 +5.752613467e-005 +1.577200575e+002 +1.577200575e+002 -2.9028e+000 -1.6544e+000
372386 0 +5.615777249e-005 +5.615777249e-005 +1.577200562e+002 +1.577200562e+002 -2.9025e+000 -1.6545e+000
382938 0 +5.494732417e-005 +5.494732417e-005 +1.577200549e+002 +1.577200549e+002 -2.9023e+000 -1.6546e+000
394239 0 +5.366944379e-005 +5.366944379e-005 +1.577200537e+002 +1.577200537e+002 -2.9020e+000 -1.6547e+000
405878 0 +5.244837615e-005 +5.244837615e-005 +1.577200524e+002 +1.577200524e+002 -2.9017e+000 -1.6548e+000
422213 0 +5.126525127e-005 +5.126525127e-005 +1.577200513e+002 +1.577200513e+002 -2.9014e+000 -1.6549e+000
435912 0 +5.010252806e-005 +5.010252806e-005 +1.577200501e+002 +1.577200501e+002 -2.9012e+000 -1.6550e+000
451278 0 +4.894217972e-005 +4.894217972e-005 +1.577200489e+002 +1.577200489e+002 -2.9009e+000 -1.6551e+000
465726 0 +4.785694460e-005 +4.785694460e-005 +1.577200479e+002 +1.577200479e+002 -2.9007e+000 -1.6552e+000
478911 0 +4.674827971e-005 +4.674827971e-005 +1.577200467e+002 +1.577200467e+002 -2.9004e+000 -1.6553e+000
496431 0 +4.570209836e-005 +4.570209836e-005 +1.577200457e+002 +1.577200457e+002 -2.9001e+000 -1.6554e+000
511159 0 +4.465392507e-005 +4.465392507e-005 +1.577200447e+002 +1.577200447e+002 -2.8999e+000 -1.6555e+000
525300 0 +4.364261079e-005 +4.364261079e-005 +1.577200436e+002 +1.577200436e+002 -2.8996e+000 -1.6555e+000
542277 0 +4.265294871e-005 +4.265294871e-005 +1.577200427e+002 +1.577200427e+002 -2.8994e+000 -1.6556e+000
558623 0 +4.167174939e-005 +4.167174939e-005 +1.577200417e+002 +1.577200417e+002 -2.8991e+000 -1.6557e+000
574124 0 +4.069823200e-005 +4.069823200e-005 +1.577200407e+002 +1.577200407e+002 -2.8989e+000 -1.6558e+000
591739 0 +3.980303049e-005 +3.980303049e-005 +1.577200398e+002 +1.577200398e+002 -2.8986e+000 -1.6559e+000
611299 0 +3.890449798e-005 +3.890449798e-005 +1.577200389e+002 +1.577200389e+002 -2.8984e+000 -1.6560e+000
630915 0 +3.801210318e-005 +3.801210318e-005 +1.577200380e+002 +1.577200380e+002 -2.8981e+000 -1.6561e+000
649709 0 +3.713816432e-005 +3.713816432e-005 +1.577200371e+002 +1.577200371e+002 -2.8979e+000 -1.6562e+000
669630 0 +3.629277256e-005 +3.629277256e-005 +1.577200363e+002 +1.577200363e+002 -2.8976e+000 -1.6562e+000
692667 0 +3.547407420e-005 +3.547407420e-005 +1.577200355e+002 +1.577200355e+002 -2.8974e+000 -1.6563e+000
716080 0 +3.465800202e-005 +3.465800202e-005 +1.577200347e+002 +1.577200347e+002 -2.8972e+000 -1.6564e+000
739096 0 +3.387920128e-005 +3.387920128e-005 +1.577200339e+002 +1.577200339e+002 -2.8969e+000 -1.6565e+000
761389 0 +3.310781605e-005 +3.310781605e-005 +1.577200331e+002 +1.577200331e+002 -2.8967e+000 -1.6566e+000
784916 0 +3.235829723e-005 +3.235829723e-005 +1.577200324e+002 +1.577200324e+002 -2.8965e+000 -1.6567e+000
806687 0 +3.161806674e-005 +3.161806674e-005 +1.577200316e+002 +1.577200316e+002 -2.8962e+000 -1.6567e+000
832797 0 +3.090250175e-005 +3.090250175e-005 +1.577200309e+002 +1.577200309e+002 -2.8960e+000 -1.6568e+000
862330 0 +3.019082655e-005 +3.019082655e-005 +1.577200302e+002 +1.577200302e+002 -2.8958e+000 -1.6569e+000
889999 0 +2.950963270e-005 +2.950963270e-005 +1.577200295e+002 +1.577200295e+002 -2.8956e+000 -1.6570e+000
918606 0 +2.883932405e-005 +2.883932405e-005 +1.577200288e+002 +1.577200288e+002 -2.8953e+000 -1.6570e+000
947689 0 +2.818243081e-005 +2.818243081e-005 +1.577200282e+002 +1.577200282e+002 -2.8951e+000 -1.6571e+000
978865 0 +2.753969676e-005 +2.753969676e-005 +1.577200275e+002 +1.577200275e+002 -2.8949e+000 -1.6572e+000
% f evaluations | g evaluations | best noise-free fitness - Fopt | noise-free fitness - Fopt (2.819000000000e+001) | measured fitness | best measured fitness | x1 | x2...
1 0 +1.079236075e+000 +1.079236075e+000 +2.926923607e+001 +2.926923607e+001 +1.2643e+000 +3.0401e-001
6 0 +1.037249398e+000 +1.037249398e+000 +2.922724940e+001 +2.922724940e+001 +1.1066e+000 +2.1165e-001
8 0 +9.214942582e-001 +9.214942582e-001 +2.911149426e+001 +2.911149426e+001 +8.8351e-001 -4.3609e-001
21 0 +6.986175470e-001 +6.986175470e-001 +2.888861755e+001 +2.888861755e+001 +1.0339e+000 -2.8128e-001
22 0 +1.796407539e-001 +1.796407539e-001 +2.836964075e+001 +2.836964075e+001 +1.2931e+000 -7.3747e-001
156 0 +6.601615367e-002 +6.601615367e-002 +2.825601615e+001 +2.825601615e+001 +1.5108e+000 -8.0164e-001
401 0 +1.260878616e-002 +1.260878616e-002 +2.820260879e+001 +2.820260879e+001 +2.0854e+000 -7.0333e-001
1102 0 +6.458542180e-003 +6.458542180e-003 +2.819645854e+001 +2.819645854e+001 +1.9558e+000 -7.2248e-001
1700 0 +2.218120467e-003 +2.218120467e-003 +2.819221812e+001 +2.819221812e+001 +1.9527e+000 -7.1834e-001
2203 0 +9.628412792e-004 +9.628412792e-004 +2.819096284e+001 +2.819096284e+001 +1.9428e+000 -7.1642e-001
2336 0 +8.218834805e-004 +8.218834805e-004 +2.819082188e+001 +2.819082188e+001 +1.9237e+000 -7.1937e-001
2726 0 +3.328313536e-004 +3.328313536e-004 +2.819033283e+001 +2.819033283e+001 +1.8755e+000 -7.2274e-001
3031 0 +8.494378325e-005 +8.494378325e-005 +2.819008494e+001 +2.819008494e+001 +1.8312e+000 -7.2581e-001
4609 0 +2.469801976e-005 +2.469801976e-005 +2.819002470e+001 +2.819002470e+001 +1.8521e+000 -7.2422e-001
4717 0 +1.955659106e-005 +1.955659106e-005 +2.819001956e+001 +2.819001956e+001 +1.8486e+000 -7.2454e-001
5520 0 +1.876869160e-005 +1.876869160e-005 +2.819001877e+001 +2.819001877e+001 +1.8555e+000 -7.2399e-001
5524 0 +5.471583275e-006 +5.471583275e-006 +2.819000547e+001 +2.819000547e+001 +1.8678e+000 -7.2301e-001
5873 0 +2.583390675e-006 +2.583390675e-006 +2.819000258e+001 +2.819000258e+001 +1.8534e+000 -7.2414e-001
6568 0 +1.214599841e-006 +1.214599841e-006 +2.819000121e+001 +2.819000121e+001 +1.8655e+000 -7.2319e-001
7540 0 +9.362422269e-007 +9.362422269e-007 +2.819000094e+001 +2.819000094e+001 +1.8636e+000 -7.2334e-001
% f evaluations | g evaluations | best noise-free fitness - Fopt | noise-free fitness - Fopt (-9.925000000000e+001) | measured fitness | best measured fitness | x1 | x2...
1 0 +1.967195008e+002 +1.967195008e+002 +9.746950080e+001 +9.746950080e+001 +2.7599e-001 +2.2792e+000
2 0 +6.379525553e+001 +6.379525553e+001 -3.545474447e+001 -3.545474447e+001 -7.6785e-001 -8.4648e-001
6 0 +1.311957361e+001 +1.311957361e+001 -8.613042639e+001 -8.613042639e+001 +7.5401e-001 -1.7349e+000
69 0 +7.854635127e+000 +7.854635127e+000 -9.139536487e+001 -9.139536487e+001 +1.8289e+000 -1.3723e+000
101 0 +4.711698422e-001 +4.711698422e-001 -9.877883016e+001 -9.877883016e+001 +2.2285e+000 -2.8203e+000
109 0 +4.392466591e-001 +4.392466591e-001 -9.881075334e+001 -9.881075334e+001 +1.9550e+000 -2.8555e+000
133 0 +1.655032429e-002 +1.655032429e-002 -9.923344968e+001 -9.923344968e+001 +2.1063e+000 -3.3480e+000
444 0 +1.162480202e-002 +1.162480202e-002 -9.923837520e+001 -9.923837520e+001 +2.1279e+000 -3.3706e+000
1207 0 +7.154041111e-003 +7.154041111e-003 -9.924284596e+001 -9.924284596e+001 +2.2618e+000 -3.5586e+000
1964 0 +4.525254071e-004 +4.525254071e-004 -9.924954747e+001 -9.924954747e+001 +2.2661e+000 -3.5518e+000
2360 0 +4.121334095e-004 +4.121334095e-004 -9.924958787e+001 -9.924958787e+001 +2.3011e+000 -3.5967e+000
3303 0 +3.306466277e-004 +3.306466277e-004 -9.924966935e+001 -9.924966935e+001 +2.2298e+000 -3.5056e+000
3719 0 +1.349591486e-004 +1.349591486e-004 -9.924986504e+001 -9.924986504e+001 +2.2319e+000 -3.5088e+000
108056 0 +1.347884423e-004 +1.347884423e-004 -9.924986521e+001 -9.924986521e+001 +2.2316e+000 -3.5084e+000
111665 0 +1.314761838e-004 +1.314761838e-004 -9.924986852e+001 -9.924986852e+001 +2.2319e+000 -3.5087e+000
114429 0 +1.285371175e-004 +1.285371175e-004 -9.924987146e+001 -9.924987146e+001 +2.2321e+000 -3.5090e+000
116789 0 +1.257899371e-004 +1.257899371e-004 -9.924987421e+001 -9.924987421e+001 +2.2323e+000 -3.5093e+000
121749 0 +1.227288981e-004 +1.227288981e-004 -9.924987727e+001 -9.924987727e+001 +2.2326e+000 -3.5096e+000
126412 0 +1.201413448e-004 +1.201413448e-004 -9.924987986e+001 -9.924987986e+001 +2.2328e+000 -3.5099e+000
131257 0 +1.174161765e-004 +1.174161765e-004 -9.924988258e+001 -9.924988258e+001 +2.2330e+000 -3.5102e+000
135505 0 +1.145795408e-004 +1.145795408e-004 -9.924988542e+001 -9.924988542e+001 +2.2333e+000 -3.5105e+000
139224 0 +1.121605215e-004 +1.121605215e-004 -9.924988784e+001 -9.924988784e+001 +2.2335e+000 -3.5108e+000
146244 0 +1.095569418e-004 +1.095569418e-004 -9.924989044e+001 -9.924989044e+001 +2.2337e+000 -3.5111e+000
151006 0 +1.070183152e-004 +1.070183152e-004 -9.924989298e+001 -9.924989298e+001 +2.2340e+000 -3.5114e+000
156318 0 +1.046224638e-004 +1.046224638e-004 -9.924989538e+001 -9.924989538e+001 +2.2342e+000 -3.5117e+000
162207 0 +1.023145133e-004 +1.023145133e-004 -9.924989769e+001 -9.924989769e+001 +2.2344e+000 -3.5119e+000
168114 0 +9.994800870e-005 +9.994800870e-005 -9.924990005e+001 -9.924990005e+001 +2.2346e+000 -3.5122e+000
173610 0 +9.771445178e-005 +9.771445178e-005 -9.924990229e+001 -9.924990229e+001 +2.2348e+000 -3.5125e+000
178765 0 +9.537819625e-005 +9.537819625e-005 -9.924990462e+001 -9.924990462e+001 +2.2351e+000 -3.5128e+000
185178 0 +9.331461885e-005 +9.331461885e-005 -9.924990669e+001 -9.924990669e+001 +2.2353e+000 -3.5131e+000
191633 0 +9.116010894e-005 +9.116010894e-005 -9.924990884e+001 -9.924990884e+001 +2.2355e+000 -3.5134e+000
195279 0 +8.888696415e-005 +8.888696415e-005 -9.924991111e+001 -9.924991111e+001 +2.2357e+000 -3.5137e+000
201148 0 +8.707746493e-005 +8.707746493e-005 -9.924991292e+001 -9.924991292e+001 +2.2359e+000 -3.5139e+000
209137 0 +8.497909181e-005 +8.497909181e-005 -9.924991502e+001 -9.924991502e+001 +2.2361e+000 -3.5142e+000
214155 0 +8.310719605e-005 +8.310719605e-005 -9.924991689e+001 -9.924991689e+001 +2.2363e+000 -3.5144e+000
219289 0 +8.110937385e-005 +8.110937385e-005 -9.924991889e+001 -9.924991889e+001 +2.2366e+000 -3.5147e+000
227194 0 +7.941236733e-005 +7.941236733e-005 -9.924992059e+001 -9.924992059e+001 +2.2367e+000 -3.5149e+000
234318 0 +7.758359344e-005 +7.758359344e-005 -9.924992242e+001 -9.924992242e+001 +2.2369e+000 -3.5152e+000
243498 0 +7.579325741e-005 +7.579325741e-005 -9.924992421e+001 -9.924992421e+001 +2.2371e+000 -3.5155e+000
250558 0 +7.408750615e-005 +7.408750615e-005 -9.924992591e+001 -9.924992591e+001 +2.2373e+000 -3.5157e+000
259412 0 +7.244121258e-005 +7.244121258e-005 -9.924992756e+001 -9.924992756e+001 +2.2375e+000 -3.5160e+000
268418 0 +7.079204599e-005 +7.079204599e-005 -9.924992921e+001 -9.924992921e+001 +2.2377e+000 -3.5162e+000
276338 0 +6.913303240e-005 +6.913303240e-005 -9.924993087e+001 -9.924993087e+001 +2.2379e+000 -3.5165e+000
284453 0 +6.759040527e-005 +6.759040527e-005 -9.924993241e+001 -9.924993241e+001 +2.2381e+000 -3.5167e+000
294662 0 +6.596614034e-005 +6.596614034e-005 -9.924993403e+001 -9.924993403e+001 +2.2383e+000 -3.5170e+000
304634 0 +6.455726199e-005 +6.455726199e-005 -9.924993544e+001 -9.924993544e+001 +2.2385e+000 -3.5172e+000
315720 0 +6.308195417e-005 +6.308195417e-005 -9.924993692e+001 -9.924993692e+001 +2.2387e+000 -3.5174e+000
325481 0 +6.162924024e-005 +6.162924024e-005 -9.924993837e+001 -9.924993837e+001 +2.2389e+000 -3.5177e+000
336289 0 +6.023959179e-005 +6.023959179e-005 -9.924993976e+001 -9.924993976e+001 +2.2391e+000 -3.5179e+000
346517 0 +5.886740165e-005 +5.886740165e-005 -9.924994113e+001 -9.924994113e+001 +2.2393e+000 -3.5182e+000
356589 0 +5.754249078e-005 +5.754249078e-005 -9.924994246e+001 -9.924994246e+001 +2.2394e+000 -3.5184e+000
368797 0 +5.622568605e-005 +5.622568605e-005 -9.924994377e+001 -9.924994377e+001 +2.2396e+000 -3.5186e+000
381075 0 +5.495382734e-005 +5.495382734e-005 -9.924994505e+001 -9.924994505e+001 +2.2398e+000 -3.5188e+000
393370 0 +5.369310313e-005 +5.369310313e-005 -9.924994631e+001 -9.924994631e+001 +2.2400e+000 -3.5191e+000
404679 0 +5.248045420e-005 +5.248045420e-005 -9.924994752e+001 -9.924994752e+001 +2.2402e+000 -3.5193e+000
415296 0 +5.128207741e-005 +5.128207741e-005 -9.924994872e+001 -9.924994872e+001 +2.2403e+000 -3.5195e+000
425176 0 +5.011296801e-005 +5.011296801e-005 -9.924994989e+001 -9.924994989e+001 +2.2405e+000 -3.5198e+000
439891 0 +4.897441245e-005 +4.897441245e-005 -9.924995103e+001 -9.924995103e+001 +2.2407e+000 -3.5200e+000
456706 0 +4.786174571e-005 +4.786174571e-005 -9.924995214e+001 -9.924995214e+001 +2.2408e+000 -3.5202e+000
472361 0 +4.677212887e-005 +4.677212887e-005 -9.924995323e+001 -9.924995323e+001 +2.2410e+000 -3.5204e+000
490386 0 +4.570636354e-005 +4.570636354e-005 -9.924995429e+001 -9.924995429e+001 +2.2412e+000 -3.5206e+000
503729 0 +4.462481910e-005 +4.462481910e-005 -9.924995538e+001 -9.924995538e+001 +2.2414e+000 -3.5209e+000
518663 0 +4.361942992e-005 +4.361942992e-005 -9.924995638e+001 -9.924995638e+001 +2.2415e+000 -3.5211e+000
537814 0 +4.264210867e-005 +4.264210867e-005 -9.924995736e+001 -9.924995736e+001 +2.2417e+000 -3.5213e+000
553260 0 +4.167910160e-005 +4.167910160e-005 -9.924995832e+001 -9.924995832e+001 +2.2419e+000 -3.5215e+000
571316 0 +4.073233451e-005 +4.073233451e-005 -9.924995927e+001 -9.924995927e+001 +2.2420e+000 -3.5217e+000
589947 0 +3.980720960e-005 +3.980720960e-005 -9.924996019e+001 -9.924996019e+001 +2.2422e+000 -3.5219e+000
608389 0 +3.890390049e-005 +3.890390049e-005 -9.924996110e+001 -9.924996110e+001 +2.2423e+000 -3.5221e+000
630395 0 +3.800399429e-005 +3.800399429e-005 -9.924996200e+001 -9.924996200e+001 +2.2425e+000 -3.5223e+000
651778 0 +3.713709657e-005 +3.713709657e-005 -9.924996286e+001 -9.924996286e+001 +2.2427e+000 -3.5225e+000
674360 0 +3.628308131e-005 +3.628308131e-005 -9.924996372e+001 -9.924996372e+001 +2.2428e+000 -3.5227e+000
698977 0 +3.546687086e-005 +3.546687086e-005 -9.924996453e+001 -9.924996453e+001 +2.2430e+000 -3.5229e+000
721296 0 +3.467120379e-005 +3.467120379e-005 -9.924996533e+001 -9.924996533e+001 +2.2431e+000 -3.5231e+000
741940 0 +3.388166529e-005 +3.388166529e-005 -9.924996612e+001 -9.924996612e+001 +2.2433e+000 -3.5233e+000
763744 0 +3.310740418e-005 +3.310740418e-005 -9.924996689e+001 -9.924996689e+001 +2.2434e+000 -3.5235e+000
789586 0 +3.235087694e-005 +3.235087694e-005 -9.924996765e+001 -9.924996765e+001 +2.2436e+000 -3.5237e+000
815523 0 +3.161608984e-005 +3.161608984e-005 -9.924996838e+001 -9.924996838e+001 +2.2437e+000 -3.5239e+000
838639 0 +3.089660382e-005 +3.089660382e-005 -9.924996910e+001 -9.924996910e+001 +2.2439e+000 -3.5241e+000
864372 0 +3.018578526e-005 +3.018578526e-005 -9.924996981e+001 -9.924996981e+001 +2.2440e+000 -3.5243e+000
889141 0 +2.950752115e-005 +2.950752115e-005 -9.924997049e+001 -9.924997049e+001 +2.2442e+000 -3.5245e+000
915375 0 +2.882869876e-005 +2.882869876e-005 -9.924997117e+001 -9.924997117e+001 +2.2443e+000 -3.5246e+000
941808 0 +2.818347429e-005 +2.818347429e-005 -9.924997182e+001 -9.924997182e+001 +2.2445e+000 -3.5248e+000
971136 0 +2.754089937e-005 +2.754089937e-005 -9.924997246e+001 -9.924997246e+001 +2.2446e+000 -3.5250e+000
999651 0 +2.691450365e-005 +2.691450365e-005 -9.924997309e+001 -9.924997309e+001 +2.2447e+000 -3.5252e+000
