% function evaluation | noise-free fitness - Fopt (-1.000000000000e+03) | best noise-free fitness - Fopt | measured fitness | best measured fitness | x1 | x2...
1 +8.645720201e+01 +8.645720201e+01 -9.135427980e+02 -9.135427980e+02 -4.7934e+00 -2.9375e+00 +4.8901e+00 -2.7336e+00 +4.1699e+00 +1.6461e+00 +2.2718e+00 +4.0323e+00 -1.2822e+00 +4.7748e+00
166 +6.260476869e+01 +6.260476869e+01 -9.373952313e+02 -9.373952313e+02 +2.3781e+00 -2.0271e+00 +4.5917e+00 -3.9597e+00 -1.0630e+00 +8.2014e-01 +1.9507e-01 -1.6887e+00 +3.0086e-01 +3.0216e+00
518 +2.321607663e+01 +2.321607663e+01 -9.767839234e+02 -9.767839234e+02 -1.3533e+00 +9.8871e-01 -3.4191e-01 -6.2400e-01 +3.1723e+00 +1.3378e+00 +3.3797e+00 -4.3813e+00 +2.9030e+00 +3.5990e+00
881 +1.360129790e+01 +1.360129790e+01 -9.863987021e+02 -9.863987021e+02 +4.7540e-01 -1.1557e+00 +1.1836e+00 +2.9431e+00 +2.9738e+00 -1.7580e+00 +8.8623e-01 +2.0548e+00 +2.0504e+00 +1.5010e+00
903 +6.428977527e+00 +6.428977527e+00 -9.935710225e+02 -9.935710225e+02 +1.9477e-01 -5.3196e-01 +9.9301e-01 +3.8024e+00 +3.4850e+00 -1.2533e+00 +6.4628e-01 +2.0720e+00 +3.2263e+00 +1.2066e+00
925 +5.093943496e+00 +5.093943496e+00 -9.949060565e+02 -9.949060565e+02 +2.5776e-01 -1.0410e-01 +7.1867e-01 +4.0489e+00 +3.7417e+00 -1.0250e+00 +6.1327e-01 +2.1934e+00 +3.7961e+00 +1.0779e+00
947 +2.200429796e+00 +2.200429796e+00 -9.977995702e+02 -9.977995702e+02 +1.0102e+00 +6.3060e-01 -7.4109e-02 +3.6841e+00 +3.9462e+00 -9.2302e-01 +8.7559e-01 +2.6607e+00 +4.2050e+00 +1.0202e+00
4929 +6.812774679e-01 +6.812774679e-01 -9.993187225e+02 -9.993187225e+02 +6.7539e-01 +1.6226e+00 +2.6778e+00 -1.6807e+00 -2.1820e+00 -1.9997e+00 +5.3125e-01 -5.4924e-01 +2.5346e+00 +1.2716e+00
4940 +6.134222416e-01 +6.134222416e-01 -9.993865778e+02 -9.993865778e+02 +8.6356e-01 +1.5966e+00 +2.8021e+00 -1.3553e+00 -2.0883e+00 -2.3283e+00 +2.9721e-01 -5.8285e-01 +2.5423e+00 +1.1108e+00
4984 +3.923047307e-01 +3.923047307e-01 -9.996076953e+02 -9.996076953e+02 +1.0957e+00 +1.4758e+00 +3.0220e+00 -1.0583e+00 -2.1614e+00 -2.6320e+00 -5.0226e-02 -5.0396e-01 +2.6211e+00 +8.2651e-01
5017 +2.141162441e-01 +2.141162441e-01 -9.997858838e+02 -9.997858838e+02 +1.1898e+00 +1.4227e+00 +3.1124e+00 -9.6009e-01 -2.2017e+00 -2.7234e+00 -1.9711e-01 -4.7016e-01 +2.6582e+00 +7.0343e-01
5028 +1.398917332e-01 +1.398917332e-01 -9.998601083e+02 -9.998601083e+02 +1.2161e+00 +1.4028e+00 +3.1384e+00 -9.7251e-01 -2.2277e+00 -2.6895e+00 -2.4849e-01 -4.6150e-01 +2.6765e+00 +6.5706e-01
5072 +7.737432293e-02 +7.737432293e-02 -9.999226257e+02 -9.999226257e+02 +1.4120e+00 +1.3591e+00 +3.2571e+00 -9.4901e-01 -2.2029e+00 -2.5411e+00 -5.6720e-01 -5.4153e-01 +2.7325e+00 +4.1710e-01
5083 +5.137392867e-02 +5.137392867e-02 -9.999486261e+02 -9.999486261e+02 +1.3714e+00 +1.3767e+00 +3.2269e+00 -9.4363e-01 -2.1905e+00 -2.5810e+00 -4.9620e-01 -5.3679e-01 +2.7145e+00 +4.7620e-01
5094 +3.845833255e-02 +3.845833255e-02 -9.999615417e+02 -9.999615417e+02 +1.3990e+00 +1.3804e+00 +3.2372e+00 -9.2829e-01 -2.1668e+00 -2.5706e+00 -5.3559e-01 -5.6178e-01 +2.7150e+00 +4.5337e-01
5105 +1.029851773e-02 +1.029851773e-02 -9.999897015e+02 -9.999897015e+02 +1.5135e+00 +1.3979e+00 +3.2793e+00 -8.6125e-01 -2.0645e+00 -2.5303e+00 -6.9813e-01 -6.6843e-01 +2.7157e+00 +3.6217e-01
5116 +4.777824553e-03 +4.777824553e-03 -9.999952222e+02 -9.999952222e+02 +1.5667e+00 +1.4067e+00 +3.2991e+00 -8.2845e-01 -2.0161e+00 -2.5125e+00 -7.7391e-01 -7.1900e-01 +2.7158e+00 +3.2147e-01
5193 +3.931015724e-03 +3.931015724e-03 -9.999960690e+02 -9.999960690e+02 +1.6093e+00 +1.4107e+00 +3.3284e+00 -7.8778e-01 -1.9883e+00 -2.4991e+00 -8.4980e-01 -7.5939e-01 +2.7228e+00 +3.0348e-01
5457 +2.139375668e-03 +2.139375668e-03 -9.999978606e+02 -9.999978606e+02 +1.3859e+00 +1.3043e+00 +3.2157e+00 -5.4921e-01 -1.9520e+00 -2.3461e+00 -1.0028e+00 -7.2833e-01 +2.9492e+00 +3.7075e-01
5545 +1.491324894e-03 +1.491324894e-03 -9.999985087e+02 -9.999985087e+02 +1.4035e+00 +1.2813e+00 +3.2043e+00 -5.1181e-01 -1.9211e+00 -2.3877e+00 -1.0576e+00 -7.1208e-01 +2.9621e+00 +3.3571e-01
5578 +9.440292126e-04 +9.440292126e-04 -9.999990560e+02 -9.999990560e+02 +1.3674e+00 +1.2442e+00 +3.1405e+00 -4.9705e-01 -1.8711e+00 -2.3759e+00 -1.1304e+00 -6.7574e-01 +2.9949e+00 +3.7476e-01
5611 +3.410037697e-04 +3.410037697e-04 -9.999996590e+02 -9.999996590e+02 +1.2382e+00 +1.1195e+00 +2.9523e+00 -4.5051e-01 -1.7445e+00 -2.3131e+00 -1.3733e+00 -5.5036e-01 +3.1138e+00 +5.2688e-01
5655 +2.505566520e-04 +2.505566520e-04 -9.999997494e+02 -9.999997494e+02 +1.2230e+00 +1.1084e+00 +2.9503e+00 -4.4518e-01 -1.7564e+00 -2.2953e+00 -1.3977e+00 -5.3524e-01 +3.1296e+00 +5.5107e-01
5710 +1.469109676e-04 +1.469109676e-04 -9.999998531e+02 -9.999998531e+02 +1.1721e+00 +1.0716e+00 +2.8875e+00 -4.0464e-01 -1.7327e+00 -2.2589e+00 -1.5183e+00 -4.5879e-01 +3.1774e+00 +6.0892e-01
5732 +7.880518876e-05 +7.880518876e-05 -9.999999212e+02 -9.999999212e+02 +1.1651e+00 +1.0659e+00 +2.8606e+00 -3.9439e-01 -1.7073e+00 -2.2618e+00 -1.5434e+00 -4.4346e-01 +3.1819e+00 +6.0925e-01
5743 +5.291248715e-05 +5.291248715e-05 -9.999999471e+02 -9.999999471e+02 +1.1637e+00 +1.0652e+00 +2.8422e+00 -3.8779e-01 -1.6872e+00 -2.2673e+00 -1.5556e+00 -4.3545e-01 +3.1812e+00 +6.0334e-01
5985 +3.907299447e-05 +3.907299447e-05 -9.999999609e+02 -9.999999609e+02 +1.1740e+00 +1.0416e+00 +2.8397e+00 -3.7663e-01 -1.6706e+00 -2.2507e+00 -1.5456e+00 -4.1114e-01 +3.1525e+00 +6.0282e-01
6062 +2.300987865e-05 +2.300987865e-05 -9.999999770e+02 -9.999999770e+02 +1.1881e+00 +9.7085e-01 +2.8148e+00 -3.3043e-01 -1.6218e+00 -2.2139e+00 -1.5742e+00 -3.4479e-01 +3.1366e+00 +6.4365e-01
6084 +8.961982871e-06 +8.961982871e-06 -9.999999910e+02 -9.999999910e+02 +1.2067e+00 +8.8327e-01 +2.7976e+00 -2.7621e-01 -1.5673e+00 -2.1486e+00 -1.5769e+00 -2.8058e-01 +3.1079e+00 +6.8758e-01
19130 +5.849181889e-06 +5.849181889e-06 -9.999999942e+02 -9.999999942e+02 +1.3786e+00 +6.1066e-01 +2.6173e+00 -4.7577e-02 -1.6522e+00 -2.0324e+00 -1.5740e+00 -2.8436e-01 +2.9798e+00 +7.4333e-01
19185 +3.345695518e-06 +3.345695518e-06 -9.999999967e+02 -9.999999967e+02 +1.3646e+00 +6.1065e-01 +2.6050e+00 -5.3621e-02 -1.6396e+00 -2.0281e+00 -1.5835e+00 -2.7212e-01 +2.9849e+00 +7.5293e-01
19196 +2.266281626e-06 +2.266281626e-06 -9.999999977e+02 -9.999999977e+02 +1.3541e+00 +6.0978e-01 +2.5936e+00 -5.6583e-02 -1.6317e+00 -2.0241e+00 -1.5919e+00 -2.6310e-01 +2.9889e+00 +7.6037e-01
19207 +1.505126761e-06 +1.505126761e-06 -9.999999985e+02 -9.999999985e+02 +1.3525e+00 +6.1281e-01 +2.5811e+00 -5.6999e-02 -1.6418e+00 -2.0230e+00 -1.5950e+00 -2.6623e-01 +2.9875e+00 +7.6085e-01
19229 +9.572343060e-07 +9.572343060e-07 -9.999999990e+02 -9.999999990e+02 +1.3516e+00 +6.1960e-01 +2.5782e+00 -6.2812e-02 -1.6475e+00 -2.0252e+00 -1.5927e+00 -2.6978e-01 +2.9860e+00 +7.5931e-01
19251 +3.885543265e-07 +3.885543265e-07 -9.999999996e+02 -9.999999996e+02 +1.3565e+00 +6.6245e-01 +2.5733e+00 -9.7392e-02 -1.6883e+00 -2.0429e+00 -1.5693e+00 -2.9990e-01 +2.9719e+00 +7.4281e-01
19262 +2.267198624e-07 +2.267198624e-07 -9.999999998e+02 -9.999999998e+02 +1.3593e+00 +6.6556e-01 +2.5812e+00 -1.0039e-01 -1.6884e+00 -2.0460e+00 -1.5640e+00 -3.0280e-01 +2.9707e+00 +7.3967e-01
19273 +1.295552465e-07 +1.295552465e-07 -9.999999999e+02 -9.999999999e+02 +1.3626e+00 +6.7237e-01 +2.5918e+00 -1.0684e-01 -1.6897e+00 -2.0512e+00 -1.5559e+00 -3.0782e-01 +2.9688e+00 +7.3482e-01
19284 +6.891548310e-08 +6.891548310e-08 -9.999999999e+02 -9.999999999e+02 +1.3653e+00 +6.7049e-01 +2.6081e+00 -1.0729e-01 -1.6791e+00 -2.0537e+00 -1.5509e+00 -3.0602e-01 +2.9702e+00 +7.3289e-01
19295 +5.538458936e-08 +5.538458936e-08 -9.999999999e+02 -9.999999999e+02 +1.3650e+00 +6.7375e-01 +2.6078e+00 -1.1020e-01 -1.6813e+00 -2.0550e+00 -1.5494e+00 -3.0771e-01 +2.9695e+00 +7.3194e-01
% function evaluation | noise-free fitness - Fopt (1.000000000000e+03) | best noise-free fitness - Fopt | measured fitness | best measured fitness | x1 | x2...
1 +8.157547065e+01 +8.157547065e+01 +1.081575471e+03 +1.081575471e+03 +1.3675e+00 +1.8609e+00 +2.8203e+00 -4.6593e-01 -4.2168e+00 -4.7270e+00 +4.0611e+00 +1.6039e+00 -4.9680e+00 -3.0062e+00
67 +5.997016643e+01 +5.997016643e+01 +1.059970166e+03 +1.059970166e+03 -6.2108e-01 +2.4392e+00 +1.9933e+00 +5.4465e-01 -3.5945e+00 -3.7038e+00 +3.8319e+00 -3.7332e-01 -3.8666e+00 -5.3218e+00
144 +2.854998176e+01 +2.854998176e+01 +1.028549982e+03 +1.028549982e+03 -3.2579e+00 +2.3894e+00 +1.3966e+00 +2.2889e+00 -2.8355e+00 -1.9619e+00 +3.6698e+00 -2.3357e-01 -1.4965e+00 -5.1208e+00
155 +2.472052603e+01 +2.472052603e+01 +1.024720526e+03 +1.024720526e+03 -3.5661e+00 +2.5948e+00 +1.3535e+00 +2.6121e+00 -2.6254e+00 -1.8666e+00 +3.5034e+00 -3.1447e-01 -1.3709e+00 -5.0544e+00
177 +1.391543079e+01 +1.391543079e+01 +1.013915431e+03 +1.013915431e+03 -3.9019e+00 +3.5137e+00 +1.2080e+00 +3.7424e+00 -1.6680e+00 -1.2429e+00 +2.9200e+00 -6.3731e-01 -1.0569e+00 -3.3295e+00
199 +9.789792486e+00 +9.789792486e+00 +1.009789792e+03 +1.009789792e+03 -4.0320e+00 +3.7933e+00 +1.2478e+00 +4.1329e+00 -1.3712e+00 -1.4285e+00 +3.0263e+00 -9.5339e-01 -1.8674e+00 -2.8199e+00
1816 +5.283974698e+00 +5.283974698e+00 +1.005283975e+03 +1.005283975e+03 -2.6745e+00 +3.1482e+00 -5.0972e+00 -1.9815e+00 +1.9542e-01 +9.3206e-01 +1.1843e+00 +8.0597e-01 -1.3837e+00 -2.7105e+00
1827 +2.034222979e+00 +2.034222979e+00 +1.002034223e+03 +1.002034223e+03 -2.1823e+00 +3.2421e+00 -4.6048e+00 -1.8875e+00 +1.8589e-02 +9.6011e-01 +1.1423e+00 +2.4343e-01 -3.0426e+00 -2.4648e+00
3235 +1.529847394e+00 +1.529847394e+00 +1.001529847e+03 +1.001529847e+03 +1.5266e+00 -5.0938e+00 +4.0382e+00 -7.6593e-01 -1.8299e+00 +4.0181e+00 +2.0032e+00 +4.5338e+00 +3.8773e+00 -3.6039e+00
3279 +9.794479538e-01 +9.794479538e-01 +1.000979448e+03 +1.000979448e+03 +1.4871e+00 -4.8427e+00 +4.3362e+00 -9.8477e-01 -2.1659e+00 +4.2535e+00 +2.0327e+00 +4.7223e+00 +3.9770e+00 -4.0268e+00
16259 +5.251870911e-01 +5.251870911e-01 +1.000525187e+03 +1.000525187e+03 -1.7450e+00 -8.7017e-01 -1.8595e+00 +1.4825e+00 -6.4095e-01 -2.1384e+00 -3.2949e+00 +1.3759e-01 -4.9454e+00 -8.5009e-02
16303 +3.244089015e-01 +3.244089015e-01 +1.000324409e+03 +1.000324409e+03 -2.1849e+00 -7.0643e-01 -1.7455e+00 +2.3331e+00 -1.0204e+00 -1.7098e+00 -2.8182e+00 +2.5140e-01 -4.8411e+00 +4.9703e-01
16347 +1.570987998e-01 +1.570987998e-01 +1.000157099e+03 +1.000157099e+03 -2.1092e+00 -6.3538e-01 -1.7570e+00 +2.4943e+00 -1.1361e+00 -1.5687e+00 -2.8051e+00 +1.8636e-01 -4.7007e+00 +5.7940e-01
16380 +9.208348222e-02 +9.208348222e-02 +1.000092083e+03 +1.000092083e+03 -1.9152e+00 -5.2834e-01 -1.8274e+00 +2.6685e+00 -1.3141e+00 -1.3734e+00 -2.8456e+00 +3.4672e-02 -4.4315e+00 +6.8892e-01
16424 +6.236726375e-02 +6.236726375e-02 +1.000062367e+03 +1.000062367e+03 -1.7810e+00 -4.6862e-01 -1.9484e+00 +2.7812e+00 -1.5099e+00 -1.2349e+00 -2.8722e+00 -9.8288e-02 -4.1758e+00 +8.6028e-01
16490 +3.446668482e-02 +3.446668482e-02 +1.000034467e+03 +1.000034467e+03 -1.8125e+00 -7.5426e-01 -2.1050e+00 +2.6581e+00 -1.8992e+00 -1.2844e+00 -2.7935e+00 +3.7094e-02 -4.0387e+00 +1.2037e+00
16512 +2.369395534e-02 +2.369395534e-02 +1.000023694e+03 +1.000023694e+03 -1.7314e+00 -8.9776e-01 -2.1597e+00 +2.6676e+00 -2.1589e+00 -1.2419e+00 -2.7492e+00 +9.9231e-02 -3.8907e+00 +1.3834e+00
16556 +1.515425289e-02 +1.515425289e-02 +1.000015154e+03 +1.000015154e+03 -1.5605e+00 -9.8117e-01 -2.1775e+00 +2.7582e+00 -2.2722e+00 -1.2066e+00 -2.6920e+00 +1.1513e-01 -3.7049e+00 +1.4895e+00
16622 +9.766393095e-03 +9.766393095e-03 +1.000009766e+03 +1.000009766e+03 -1.4167e+00 -1.2715e+00 -2.2276e+00 +2.7515e+00 -2.4719e+00 -1.2868e+00 -2.5528e+00 +2.7468e-01 -3.5171e+00 +1.7254e+00
16677 +5.927106972e-03 +5.927106972e-03 +1.000005927e+03 +1.000005927e+03 -1.3638e+00 -1.4175e+00 -2.1893e+00 +2.6601e+00 -2.4372e+00 -1.3305e+00 -2.5262e+00 +5.0527e-01 -3.5052e+00 +1.9059e+00
16699 +3.795835239e-03 +3.795835239e-03 +1.000003796e+03 +1.000003796e+03 -1.2864e+00 -1.4512e+00 -2.1637e+00 +2.6228e+00 -2.4004e+00 -1.2944e+00 -2.5496e+00 +6.4581e-01 -3.4518e+00 +2.0692e+00
16743 +8.857282568e-04 +8.857282568e-04 +1.000000886e+03 +1.000000886e+03 -9.6738e-01 -1.4957e+00 -2.0896e+00 +2.5062e+00 -2.2766e+00 -1.0844e+00 -2.6870e+00 +1.1280e+00 -3.1920e+00 +2.7371e+00
16831 +5.869555976e-04 +5.869555976e-04 +1.000000587e+03 +1.000000587e+03 -8.8534e-01 -1.4292e+00 -2.1093e+00 +2.5066e+00 -2.2922e+00 -9.8074e-01 -2.7544e+00 +1.1560e+00 -3.0730e+00 +2.9192e+00
16864 +3.362008139e-04 +3.362008139e-04 +1.000000336e+03 +1.000000336e+03 -9.1699e-01 -1.4442e+00 -2.1170e+00 +2.5105e+00 -2.3161e+00 -1.0183e+00 -2.7292e+00 +1.1137e+00 -3.0936e+00 +2.8597e+00
16886 +2.400858547e-04 +2.400858547e-04 +1.000000240e+03 +1.000000240e+03 -8.6788e-01 -1.4723e+00 -2.1060e+00 +2.4835e+00 -2.3126e+00 -1.0071e+00 -2.7365e+00 +1.1901e+00 -3.0454e+00 +2.9695e+00
16919 +1.403500492e-04 +1.403500492e-04 +1.000000140e+03 +1.000000140e+03 -7.7910e-01 -1.5331e+00 -2.0855e+00 +2.4290e+00 -2.3162e+00 -1.0021e+00 -2.7413e+00 +1.3241e+00 -2.9515e+00 +3.1692e+00
16963 +9.371057718e-05 +9.371057718e-05 +1.000000094e+03 +1.000000094e+03 -8.3267e-01 -1.4980e+00 -2.0836e+00 +2.4513e+00 -2.3156e+00 -1.0383e+00 -2.7279e+00 +1.2220e+00 -3.0020e+00 +3.0301e+00
17150 +6.286120356e-05 +6.286120356e-05 +1.000000063e+03 +1.000000063e+03 -7.9023e-01 -1.4775e+00 -2.0576e+00 +2.4349e+00 -2.2585e+00 -1.0342e+00 -2.7708e+00 +1.2628e+00 -2.9971e+00 +3.0666e+00
17238 +3.237132398e-05 +3.237132398e-05 +1.000000032e+03 +1.000000032e+03 -7.8585e-01 -1.4391e+00 -2.0688e+00 +2.5093e+00 -2.3176e+00 -1.0552e+00 -2.8264e+00 +1.2753e+00 -2.9492e+00 +3.1078e+00
17271 +2.480370802e-05 +2.480370802e-05 +1.000000025e+03 +1.000000025e+03 -7.7602e-01 -1.4421e+00 -2.0682e+00 +2.5510e+00 -2.3446e+00 -1.0886e+00 -2.8523e+00 +1.3110e+00 -2.9263e+00 +3.1347e+00
17326 +1.336740240e-05 +1.336740240e-05 +1.000000013e+03 +1.000000013e+03 -7.4225e-01 -1.4641e+00 -2.0646e+00 +2.5978e+00 -2.3754e+00 -1.1424e+00 -2.8960e+00 +1.3988e+00 -2.8820e+00 +3.2121e+00
17348 +9.860402542e-06 +9.860402542e-06 +1.000000010e+03 +1.000000010e+03 -7.3144e-01 -1.4651e+00 -2.0613e+00 +2.5799e+00 -2.3558e+00 -1.1382e+00 -2.9020e+00 +1.4125e+00 -2.8809e+00 +3.2287e+00
17425 +5.429822409e-06 +5.429822409e-06 +1.000000005e+03 +1.000000005e+03 -7.2883e-01 -1.3965e+00 -2.0416e+00 +2.6260e+00 -2.3081e+00 -1.2071e+00 -3.0103e+00 +1.4678e+00 -2.8810e+00 +3.2343e+00
17458 +3.552984595e-06 +3.552984595e-06 +1.000000004e+03 +1.000000004e+03 -7.5995e-01 -1.3848e+00 -2.0445e+00 +2.6325e+00 -2.3106e+00 -1.2078e+00 -2.9938e+00 +1.4193e+00 -2.9107e+00 +3.1668e+00
17491 +2.289717713e-06 +2.289717713e-06 +1.000000002e+03 +1.000000002e+03 -7.6648e-01 -1.3889e+00 -2.0422e+00 +2.6190e+00 -2.2938e+00 -1.2206e+00 -2.9950e+00 +1.4181e+00 -2.9300e+00 +3.1415e+00
17535 +1.578792762e-06 +1.578792762e-06 +1.000000002e+03 +1.000000002e+03 -7.6774e-01 -1.3860e+00 -2.0420e+00 +2.6102e+00 -2.2865e+00 -1.2294e+00 -3.0045e+00 +1.4161e+00 -2.9372e+00 +3.1252e+00
17557 +4.393601785e-07 +4.393601785e-07 +1.000000000e+03 +1.000000000e+03 -7.5909e-01 -1.3860e+00 -2.0446e+00 +2.5794e+00 -2.2763e+00 -1.2469e+00 -3.0292e+00 +1.4160e+00 -2.9430e+00 +3.0983e+00
17568 +3.899848480e-07 +3.899848480e-07 +1.000000000e+03 +1.000000000e+03 -7.5798e-01 -1.3858e+00 -2.0444e+00 +2.5840e+00 -2.2788e+00 -1.2458e+00 -3.0288e+00 +1.4188e+00 -2.9394e+00 +3.1053e+00
17579 +2.219089765e-07 +2.219089765e-07 +1.000000000e+03 +1.000000000e+03 -7.4838e-01 -1.3876e+00 -2.0448e+00 +2.5937e+00 -2.2886e+00 -1.2448e+00 -3.0333e+00 +1.4325e+00 -2.9232e+00 +3.1321e+00
17601 +7.955395631e-08 +7.955395631e-08 +1.000000000e+03 +1.000000000e+03 -7.3343e-01 -1.3921e+00 -2.0472e+00 +2.5983e+00 -2.3021e+00 -1.2487e+00 -3.0441e+00 +1.4488e+00 -2.9028e+00 +3.1587e+00
17612 +4.938056009e-08 +4.938056009e-08 +1.000000000e+03 +1.000000000e+03 -7.2585e-01 -1.3957e+00 -2.0490e+00 +2.5970e+00 -2.3082e+00 -1.2516e+00 -3.0494e+00 +1.4551e+00 -2.8942e+00 +3.1679e+00
27897 +5.098058864e-09 +5.098058864e-09 +1.000000000e+03 +1.000000000e+03 -7.2141e-01 -1.3999e+00 -2.0535e+00 +2.6264e+00 -2.3297e+00 -1.2871e+00 -3.0707e+00 +1.4709e+00 -2.8806e+00 +3.1749e+00
% function evaluation | noise-free fitness - Fopt (-4.913000000000e+01) | best noise-free fitness - Fopt | measured fitness | best measured fitness | x1 | x2...
1 +8.384510767e+01 +8.384510767e+01 +3.471510767e+01 +3.471510767e+01 +1.3755e+00 +3.6724e+00 -2.9139e-01 -5.1546e-01 -4.0146e+00 +3.2702e+00 +6.4670e-01 -4.1700e-01 -1.0019e-01 +1.4322e+00
34 +4.834574493e+01 +4.834574493e+01 -7.842550734e-01 -7.842550734e-01 +2.0903e+00 +3.4086e+00 +1.5973e+00 -4.3921e+00 -2.4909e+00 +2.7498e+00 +2.0826e+00 +1.6487e+00 -2.1016e+00 +1.6380e-02
89 +2.044259763e+01 +2.044259763e+01 -2.868740237e+01 -2.868740237e+01 +3.6376e+00 +1.8533e+00 +3.4586e+00 -5.1602e+00 -2.0080e+00 +3.2166e+00 +3.7849e+00 +1.7123e+00 -2.1494e+00 -6.7854e-01
111 +1.335882108e+01 +1.335882108e+01 -3.577117892e+01 -3.577117892e+01 +4.7283e+00 +9.3954e-01 +4.8567e+00 -4.3960e+00 -2.5437e+00 +4.3797e+00 +2.8820e+00 +1.9984e+00 -2.4881e+00 -1.4736e+00
617 +9.791232895e+00 +9.791232895e+00 -3.933876710e+01 -3.933876710e+01 -1.4196e-01 -3.5340e+00 +2.3017e+00 +1.1916e+00 +3.9268e+00 +4.6179e+00 +1.1425e+00 -7.4575e-01 -1.7581e+00 +3.0296e+00
1343 +5.962178573e+00 +5.962178573e+00 -4.316782143e+01 -4.316782143e+01 -4.5338e+00 -1.1675e+00 +1.0479e-01 -2.6846e+00 +1.5311e+00 -1.8815e+00 -4.2145e+00 +2.0462e+00 -4.7987e+00 +5.2859e-01
4852 +1.408487619e+00 +1.408487619e+00 -4.772151238e+01 -4.772151238e+01 +4.5573e+00 +4.0991e-01 -2.0060e+00 -1.9441e-03 -2.4327e+00 -4.3667e+00 -4.6044e+00 -5.2683e-01 +1.6758e+00 +3.5338e+00
4863 +7.487577709e-01 +7.487577709e-01 -4.838124223e+01 -4.838124223e+01 +4.4350e+00 +8.0739e-02 -2.0311e+00 +2.0094e-01 -2.5978e+00 -4.2820e+00 -4.5723e+00 -8.2896e-02 +1.3751e+00 +2.9766e+00
28546 +5.825267251e-01 +5.825267251e-01 -4.854747327e+01 -4.854747327e+01 +5.0240e+00 +1.3570e+00 +1.4530e+00 -7.8546e-01 -9.9967e-01 +2.7026e+00 -1.6585e+00 +2.1801e-01 +1.6043e+00 -2.3203e+00
28645 +3.675897092e-01 +3.675897092e-01 -4.876241029e+01 -4.876241029e+01 +5.1025e+00 +1.8611e+00 +2.1282e+00 -9.0184e-01 -1.3272e+00 +2.1203e+00 -1.0250e+00 +1.0776e+00 +2.2217e+00 -1.8614e+00
28667 +2.366945236e-01 +2.366945236e-01 -4.889330548e+01 -4.889330548e+01 +5.1185e+00 +1.9351e+00 +2.1749e+00 -8.1484e-01 -1.2029e+00 +2.0718e+00 -7.5615e-01 +1.2903e+00 +2.2686e+00 -1.9283e+00
28678 +1.338702599e-01 +1.338702599e-01 -4.899612974e+01 -4.899612974e+01 +4.9870e+00 +1.9430e+00 +2.2699e+00 -8.0619e-01 -9.9549e-01 +2.0400e+00 -5.0325e-01 +1.5204e+00 +2.4230e+00 -1.9973e+00
28700 +3.476663462e-02 +3.476663462e-02 -4.909523337e+01 -4.909523337e+01 +4.7155e+00 +2.0409e+00 +2.5589e+00 -7.4596e-01 -4.2433e-01 +1.9196e+00 +2.9936e-01 +2.2248e+00 +2.8466e+00 -2.1801e+00
28711 +1.350286279e-02 +1.350286279e-02 -4.911649714e+01 -4.911649714e+01 +4.4316e+00 +2.1109e+00 +2.8191e+00 -6.8910e-01 +1.6934e-01 +1.8338e+00 +1.0616e+00 +2.8756e+00 +3.2454e+00 -2.3823e+00
28733 +9.933423042e-03 +9.933423042e-03 -4.912006658e+01 -4.912006658e+01 +4.3537e+00 +2.0634e+00 +2.8051e+00 -6.9081e-01 +3.2357e-01 +1.8983e+00 +1.0999e+00 +2.8622e+00 +3.2626e+00 -2.4554e+00
28766 +4.879922140e-03 +4.879922140e-03 -4.912512008e+01 -4.912512008e+01 +4.3388e+00 +2.0147e+00 +2.7531e+00 -7.2617e-01 +3.4943e-01 +2.0063e+00 +9.2560e-01 +2.6352e+00 +3.1935e+00 -2.4568e+00
28788 +3.874345897e-03 +3.874345897e-03 -4.912612565e+01 -4.912612565e+01 +4.3616e+00 +2.0668e+00 +2.8049e+00 -7.2943e-01 +3.1820e-01 +1.9723e+00 +9.5925e-01 +2.6688e+00 +3.2264e+00 -2.4139e+00
28909 +1.798446406e-03 +1.798446406e-03 -4.912820155e+01 -4.912820155e+01 +4.2873e+00 +2.2772e+00 +3.0923e+00 -7.0767e-01 +6.0679e-01 +1.9229e+00 +1.3899e+00 +2.9377e+00 +3.4937e+00 -2.3937e+00
28920 +1.068101826e-03 +1.068101826e-03 -4.912893190e+01 -4.912893190e+01 +4.2619e+00 +2.2988e+00 +3.1148e+00 -6.7179e-01 +7.2069e-01 +1.9389e+00 +1.5083e+00 +3.0002e+00 +3.5253e+00 -2.4429e+00
28942 +9.342065359e-04 +9.342065359e-04 -4.912906579e+01 -4.912906579e+01 +4.2852e+00 +2.3064e+00 +3.1039e+00 -6.6630e-01 +6.9004e-01 +1.9441e+00 +1.4775e+00 +2.9662e+00 +3.5020e+00 -2.4316e+00
29074 +6.043007320e-04 +6.043007320e-04 -4.912939570e+01 -4.912939570e+01 +4.3212e+00 +2.3437e+00 +3.0619e+00 -6.4740e-01 +6.1086e-01 +2.0098e+00 +1.3559e+00 +2.8067e+00 +3.4334e+00 -2.3925e+00
29217 +3.591860785e-04 +3.591860785e-04 -4.912964081e+01 -4.912964081e+01 +4.2358e+00 +2.3878e+00 +3.0986e+00 -5.7753e-01 +7.1077e-01 +2.0280e+00 +1.3948e+00 +2.8789e+00 +3.4339e+00 -2.4019e+00
29261 +2.432727296e-04 +2.432727296e-04 -4.912975673e+01 -4.912975673e+01 +4.1416e+00 +2.4568e+00 +3.1687e+00 -4.8415e-01 +7.4488e-01 +2.0377e+00 +1.3289e+00 +2.9288e+00 +3.4222e+00 -2.3432e+00
29360 +1.105218936e-04 +1.105218936e-04 -4.912988948e+01 -4.912988948e+01 +4.0744e+00 +2.5490e+00 +3.2518e+00 -3.9063e-01 +8.3720e-01 +2.0279e+00 +1.3680e+00 +3.0823e+00 +3.4359e+00 -2.2578e+00
29371 +7.875585101e-05 +7.875585101e-05 -4.912992124e+01 -4.912992124e+01 +4.0323e+00 +2.5719e+00 +3.2678e+00 -3.4393e-01 +8.6230e-01 +2.0393e+00 +1.3398e+00 +3.1093e+00 +3.4208e+00 -2.2360e+00
29382 +2.986336231e-05 +2.986336231e-05 -4.912997014e+01 -4.912997014e+01 +3.9509e+00 +2.6186e+00 +3.2955e+00 -2.5122e-01 +9.0569e-01 +2.0639e+00 +1.2793e+00 +3.1578e+00 +3.3877e+00 -2.1905e+00
29404 +2.505678660e-05 +2.505678660e-05 -4.912997494e+01 -4.912997494e+01 +3.9159e+00 +2.6406e+00 +3.3052e+00 -2.0944e-01 +9.2157e-01 +2.0762e+00 +1.2502e+00 +3.1772e+00 +3.3707e+00 -2.1685e+00
29426 +1.425138800e-05 +1.425138800e-05 -4.912998575e+01 -4.912998575e+01 +3.8285e+00 +2.6972e+00 +3.3278e+00 -1.0348e-01 +9.5931e-01 +2.1082e+00 +1.1753e+00 +3.2246e+00 +3.3263e+00 -2.1117e+00
29448 +7.497518830e-06 +7.497518830e-06 -4.912999250e+01 -4.912999250e+01 +3.8492e+00 +2.6933e+00 +3.3119e+00 -1.1871e-01 +9.3865e-01 +2.1089e+00 +1.1794e+00 +3.2083e+00 +3.3238e+00 -2.1130e+00
29921 +6.295251517e-06 +6.295251517e-06 -4.912999370e+01 -4.912999370e+01 +3.8602e+00 +2.6830e+00 +3.3029e+00 -1.2210e-01 +9.2705e-01 +2.1100e+00 +1.1889e+00 +3.1957e+00 +3.3147e+00 -2.0996e+00
30053 +3.839127359e-06 +3.839127359e-06 -4.912999616e+01 -4.912999616e+01 +3.8459e+00 +2.6678e+00 +3.2848e+00 -8.8521e-02 +9.1131e-01 +2.1235e+00 +1.1374e+00 +3.1301e+00 +3.2693e+00 -2.0609e+00
30075 +2.067719123e-06 +2.067719123e-06 -4.912999793e+01 -4.912999793e+01 +3.8420e+00 +2.6722e+00 +3.2928e+00 -8.6000e-02 +9.2121e-01 +2.1150e+00 +1.1621e+00 +3.1547e+00 +3.2788e+00 -2.0588e+00
30108 +1.499703188e-06 +1.499703188e-06 -4.912999850e+01 -4.912999850e+01 +3.8318e+00 +2.6691e+00 +3.2981e+00 -7.4727e-02 +9.2502e-01 +2.1067e+00 +1.1755e+00 +3.1580e+00 +3.2784e+00 -2.0457e+00
30119 +1.560499925e-07 +1.560499925e-07 -4.912999984e+01 -4.912999984e+01 +3.7922e+00 +2.6671e+00 +3.3241e+00 -3.0942e-02 +9.5179e-01 +2.0795e+00 +1.2365e+00 +3.1853e+00 +3.2864e+00 -2.0019e+00
30130 +8.654063066e-08 +8.654063066e-08 -4.912999991e+01 -4.912999991e+01 +3.7830e+00 +2.6645e+00 +3.3293e+00 -1.9919e-02 +9.5648e-01 +2.0722e+00 +1.2502e+00 +3.1902e+00 +3.2872e+00 -1.9900e+00
30141 +6.054916213e-08 +6.054916213e-08 -4.912999994e+01 -4.912999994e+01 +3.7680e+00 +2.6571e+00 +3.3360e+00 -6.0392e-04 +9.6138e-01 +2.0593e+00 +1.2701e+00 +3.1955e+00 +3.2863e+00 -1.9678e+00
30218 +3.689882533e-08 +3.689882533e-08 -4.912999996e+01 -4.912999996e+01 +3.7812e+00 +2.6546e+00 +3.3248e+00 -1.4593e-02 +9.5074e-01 +2.0694e+00 +1.2456e+00 +3.1824e+00 +3.2818e+00 -1.9820e+00
30295 +2.260662058e-08 +2.260662058e-08 -4.912999998e+01 -4.912999998e+01 +3.7771e+00 +2.6487e+00 +3.3261e+00 -9.1406e-03 +9.5116e-01 +2.0635e+00 +1.2553e+00 +3.1812e+00 +3.2825e+00 -1.9741e+00
30317 +1.293393836e-08 +1.293393836e-08 -4.912999999e+01 -4.912999999e+01 +3.7793e+00 +2.6470e+00 +3.3221e+00 -1.2059e-02 +9.4877e-01 +2.0679e+00 +1.2459e+00 +3.1749e+00 +3.2803e+00 -1.9777e+00
30383 +8.793932693e-09 +8.793932693e-09 -4.912999999e+01 -4.912999999e+01 +3.7801e+00 +2.6451e+00 +3.3197e+00 -1.6647e-02 +9.4748e-01 +2.0715e+00 +1.2408e+00 +3.1654e+00 +3.2798e+00 -1.9806e+00
% function evaluation | noise-free fitness - Fopt (2.977300000000e+02) | best noise-free fitness - Fopt | measured fitness | best measured fitness | x1 | x2...
1 +8.171797009e+01 +8.171797009e+01 +3.794479701e+02 +3.794479701e+02 +1.4140e-01 +2.6705e+00 -1.7198e+00 +4.0391e+00 -3.6114e+00 +1.9440e+00 -3.8796e+00 -9.3273e-01 +4.0215e+00 -4.6777e+00
56 +6.091769132e+01 +6.091769132e+01 +3.586476913e+02 +3.586476913e+02 -8.6765e-01 +5.1346e+00 +2.2101e+00 +3.0728e+00 -4.0236e+00 +2.0761e+00 -4.5282e+00 -4.5641e+00 +3.6787e+00 +9.1757e-01
408 +3.334703270e+01 +3.334703270e+01 +3.310770327e+02 +3.310770327e+02 +2.6611e+00 -2.9158e-01 +1.3866e+00 +1.1096e+00 +2.0001e+00 +1.2192e+00 +2.3590e+00 +2.8203e+00 +1.0279e+00 +3.9450e+00
441 +1.869737422e+01 +1.869737422e+01 +3.164273742e+02 +3.164273742e+02 +3.1537e+00 -1.9710e-01 +3.3043e-02 +8.8407e-01 +1.0026e+00 +1.6593e+00 +2.6590e+00 +2.8309e+00 +2.1760e+00 +3.8807e+00
452 +8.224523077e+00 +8.224523077e+00 +3.059545231e+02 +3.059545231e+02 +3.0324e+00 +2.9941e-01 +3.4248e-01 +1.1279e+00 +8.0559e-01 +1.4499e+00 +2.4991e+00 +2.8217e+00 +2.1572e+00 +4.3140e+00
485 +3.328137942e+00 +3.328137942e+00 +3.010581379e+02 +3.010581379e+02 +3.0919e+00 +1.3115e+00 +3.7939e-01 +1.2568e+00 +2.6499e-03 +1.1036e+00 +2.0635e+00 +3.0515e+00 +2.8954e+00 +4.6395e+00
496 +2.286031273e+00 +2.286031273e+00 +3.000160313e+02 +3.000160313e+02 +3.1288e+00 +1.4542e+00 +3.0782e-01 +1.2103e+00 -1.4272e-01 +1.0592e+00 +1.9062e+00 +3.1133e+00 +3.2192e+00 +4.5391e+00
2476 +1.505729565e+00 +1.505729565e+00 +2.992357296e+02 +2.992357296e+02 +4.4067e+00 -1.3037e+00 +2.9062e+00 -1.6594e+00 -4.5661e+00 -1.0219e+00 -3.7423e+00 +8.0045e-01 +3.6638e+00 +2.3077e+00
2498 +8.927117592e-01 +8.927117592e-01 +2.986227118e+02 +2.986227118e+02 +4.3514e+00 -1.4724e+00 +3.2542e+00 -1.6912e+00 -4.4325e+00 -7.7780e-01 -3.7722e+00 +6.4965e-01 +3.3622e+00 +2.4569e+00
38743 +5.766116952e-01 +5.766116952e-01 +2.983066117e+02 +2.983066117e+02 -2.1913e+00 -5.3617e-01 +4.8606e+00 +3.1633e+00 +2.9954e+00 -1.5501e+00 -4.9156e-01 -7.0010e-01 +3.8047e+00 +4.7890e+00
38886 +3.824415468e-01 +3.824415468e-01 +2.981124415e+02 +2.981124415e+02 -2.0407e+00 -1.5579e-01 +4.9224e+00 +2.5835e+00 +2.7255e+00 -2.0346e+00 -6.9746e-02 -9.3611e-01 +3.8381e+00 +4.0164e+00
38897 +2.511354289e-01 +2.511354289e-01 +2.979811354e+02 +2.979811354e+02 -2.1713e+00 +6.9730e-02 +4.8490e+00 +2.0992e+00 +2.6396e+00 -2.4343e+00 +2.6584e-01 -1.0404e+00 +3.8448e+00 +3.7693e+00
38908 +1.328573910e-01 +1.328573910e-01 +2.978628574e+02 +2.978628574e+02 -2.1903e+00 -2.1207e-03 +4.8341e+00 +2.2144e+00 +2.6848e+00 -2.3384e+00 +1.8105e-01 -9.8816e-01 +3.8360e+00 +3.9103e+00
38930 +8.208550982e-02 +8.208550982e-02 +2.978120855e+02 +2.978120855e+02 -2.2492e+00 -3.8767e-02 +4.7774e+00 +2.2425e+00 +2.7164e+00 -2.3154e+00 +1.5096e-01 -9.2522e-01 +3.8187e+00 +4.0430e+00
39018 +6.219576382e-02 +6.219576382e-02 +2.977921958e+02 +2.977921958e+02 -2.2117e+00 +4.8556e-02 +4.6736e+00 +2.2713e+00 +2.6000e+00 -2.3566e+00 +8.6704e-02 -8.3416e-01 +3.7249e+00 +3.9719e+00
39062 +3.779252092e-02 +3.779252092e-02 +2.977677925e+02 +2.977677925e+02 -2.4687e+00 +3.4028e-01 +4.5813e+00 +2.3374e+00 +2.4623e+00 -2.5693e+00 -6.3524e-02 -9.9639e-01 +3.4962e+00 +3.8949e+00
39128 +2.393747748e-02 +2.393747748e-02 +2.977539375e+02 +2.977539375e+02 -2.5830e+00 +4.7751e-01 +4.3921e+00 +2.1234e+00 +2.3194e+00 -2.7735e+00 +2.3354e-02 -1.1374e+00 +3.4517e+00 +3.6773e+00
39150 +1.515243132e-02 +1.515243132e-02 +2.977451524e+02 +2.977451524e+02 -2.6753e+00 +5.9868e-01 +4.2007e+00 +2.1437e+00 +2.1557e+00 -2.8547e+00 -7.8274e-02 -1.2430e+00 +3.3385e+00 +3.5365e+00
39172 +4.813527160e-03 +4.813527160e-03 +2.977348135e+02 +2.977348135e+02 -2.8442e+00 +7.4706e-01 +3.9068e+00 +2.2835e+00 +1.9192e+00 -2.9062e+00 -3.1663e-01 -1.4424e+00 +3.1575e+00 +3.3864e+00
39194 +3.702140519e-03 +3.702140519e-03 +2.977337021e+02 +2.977337021e+02 -2.9524e+00 +8.1176e-01 +3.7392e+00 +2.3883e+00 +1.7936e+00 -2.9112e+00 -4.6859e-01 -1.5763e+00 +3.0618e+00 +3.3256e+00
39337 +2.298655619e-03 +2.298655619e-03 +2.977322987e+02 +2.977322987e+02 -2.9909e+00 +7.2918e-01 +3.7651e+00 +2.4002e+00 +1.8497e+00 -2.8516e+00 -4.4540e-01 -1.6496e+00 +3.1314e+00 +3.4232e+00
39348 +1.371576546e-03 +1.371576546e-03 +2.977313716e+02 +2.977313716e+02 -3.0050e+00 +7.8755e-01 +3.7287e+00 +2.3376e+00 +1.8029e+00 -2.9219e+00 -4.1300e-01 -1.6567e+00 +3.1096e+00 +3.3648e+00
39370 +9.882997651e-04 +9.882997651e-04 +2.977309883e+02 +2.977309883e+02 -3.0452e+00 +8.1045e-01 +3.6896e+00 +2.3249e+00 +1.7709e+00 -2.9470e+00 -4.1371e-01 -1.7058e+00 +3.1001e+00 +3.3541e+00
39601 +5.936059020e-04 +5.936059020e-04 +2.977305936e+02 +2.977305936e+02 -3.1288e+00 +7.9657e-01 +3.7695e+00 +2.2692e+00 +1.6481e+00 -2.8472e+00 -4.5212e-01 -1.7288e+00 +3.0462e+00 +3.3714e+00
39656 +3.632179854e-04 +3.632179854e-04 +2.977303632e+02 +2.977303632e+02 -3.1856e+00 +8.5056e-01 +3.6978e+00 +2.2684e+00 +1.5337e+00 -2.8418e+00 -5.1261e-01 -1.7657e+00 +2.9744e+00 +3.3038e+00
39689 +2.502515745e-04 +2.502515745e-04 +2.977302503e+02 +2.977302503e+02 -3.2225e+00 +8.4472e-01 +3.6977e+00 +2.2440e+00 +1.4799e+00 -2.7652e+00 -5.1889e-01 -1.7622e+00 +2.9553e+00 +3.2950e+00
39733 +1.471966579e-04 +1.471966579e-04 +2.977301472e+02 +2.977301472e+02 -3.2522e+00 +8.0682e-01 +3.7977e+00 +2.1754e+00 +1.4938e+00 -2.6107e+00 -4.5602e-01 -1.6815e+00 +2.9692e+00 +3.3336e+00
39755 +9.786124508e-05 +9.786124508e-05 +2.977300979e+02 +2.977300979e+02 -3.2896e+00 +8.3696e-01 +3.7968e+00 +2.1574e+00 +1.4989e+00 -2.6374e+00 -4.4093e-01 -1.7005e+00 +2.9597e+00 +3.3320e+00
39920 +6.302869548e-05 +6.302869548e-05 +2.977300630e+02 +2.977300630e+02 -3.4237e+00 +9.1589e-01 +3.7287e+00 +2.1206e+00 +1.3940e+00 -2.6447e+00 -4.6866e-01 -1.7804e+00 +2.8873e+00 +3.2829e+00
40107 +3.819565217e-05 +3.819565217e-05 +2.977300382e+02 +2.977300382e+02 -3.4931e+00 +8.7877e-01 +3.7771e+00 +2.1172e+00 +1.3140e+00 -2.6156e+00 -4.1920e-01 -1.7301e+00 +2.8652e+00 +3.2342e+00
40140 +2.300250907e-05 +2.300250907e-05 +2.977300230e+02 +2.977300230e+02 -3.5602e+00 +8.3419e-01 +3.7983e+00 +2.1623e+00 +1.2567e+00 -2.6215e+00 -3.8080e-01 -1.7031e+00 +2.8491e+00 +3.1987e+00
40151 +8.789825188e-07 +8.789825188e-07 +2.977300009e+02 +2.977300009e+02 -3.7393e+00 +7.0414e-01 +3.8498e+00 +2.3025e+00 +1.1171e+00 -2.6473e+00 -2.7408e-01 -1.6355e+00 +2.8148e+00 +3.1099e+00
40162 +4.418689628e-07 +4.418689628e-07 +2.977300004e+02 +2.977300004e+02 -3.7646e+00 +6.8532e-01 +3.8549e+00 +2.3248e+00 +1.0995e+00 -2.6528e+00 -2.5925e-01 -1.6279e+00 +2.8111e+00 +3.0980e+00
40173 +3.573111940e-07 +3.573111940e-07 +2.977300004e+02 +2.977300004e+02 -3.7725e+00 +6.7976e-01 +3.8559e+00 +2.3318e+00 +1.0943e+00 -2.6548e+00 -2.5488e-01 -1.6262e+00 +2.8100e+00 +3.0944e+00
40184 +1.982756430e-07 +1.982756430e-07 +2.977300002e+02 +2.977300002e+02 -3.8435e+00 +6.2970e-01 +3.8646e+00 +2.3949e+00 +1.0475e+00 -2.6725e+00 -2.1553e-01 -1.6107e+00 +2.8002e+00 +3.0620e+00
40195 +1.352651111e-07 +1.352651111e-07 +2.977300001e+02 +2.977300001e+02 -3.8216e+00 +6.4507e-01 +3.8607e+00 +2.3765e+00 +1.0631e+00 -2.6679e+00 -2.2779e-01 -1.6167e+00 +2.8038e+00 +3.0724e+00
40228 +4.804826403e-08 +4.804826403e-08 +2.977300000e+02 +2.977300000e+02 -3.8348e+00 +6.3595e-01 +3.8531e+00 +2.3932e+00 +1.0620e+00 -2.6752e+00 -2.2218e-01 -1.6228e+00 +2.8061e+00 +3.0692e+00
% function evaluation | noise-free fitness - Fopt (5.157000000000e+01) | best noise-free fitness - Fopt | measured fitness | best measured fitness | x1 | x2...
1 +7.481487913e+01 +7.481487913e+01 +1.263848791e+02 +1.263848791e+02 -2.3244e+00 +2.9937e+00 -1.0961e+00 -2.7730e+00 -1.4159e+00 +1.0078e+00 +4.8751e-01 +4.0302e+00 -4.2061e+00 +1.5524e-01
12 +6.082004558e+01 +6.082004558e+01 +1.123900456e+02 +1.123900456e+02 -2.2056e+00 +1.9937e+00 -9.6105e-01 -2.0005e+00 -1.8549e+00 +9.4646e-02 +1.1559e+00 +3.1922e+00 -4.0524e+00 +5.2855e-03
45 +3.529411394e+01 +3.529411394e+01 +8.686411394e+01 +8.686411394e+01 -2.0509e+00 +6.9151e-01 -7.8524e-01 -9.9457e-01 -2.4266e+00 -1.0944e+00 +2.0263e+00 +2.1010e+00 -3.8523e+00 -1.8999e-01
78 +1.938206850e+01 +1.938206850e+01 +7.095206850e+01 +7.095206850e+01 -2.1915e+00 -4.3601e-02 -1.1690e+00 -1.1470e+00 -2.2327e+00 -1.1772e+00 +2.6033e+00 +1.4880e+00 -3.4938e+00 -6.0223e-01
89 +1.358651185e+01 +1.358651185e+01 +6.515651185e+01 +6.515651185e+01 -2.2480e+00 -3.5512e-01 -1.6424e+00 -1.2329e+00 -2.1471e+00 -1.1829e+00 +2.8751e+00 +1.2356e+00 -3.3357e+00 -8.7423e-01
100 +9.194927810e+00 +9.194927810e+00 +6.076492781e+01 +6.076492781e+01 -2.3314e+00 -1.0075e+00 -3.1836e+00 -1.3119e+00 -2.0277e+00 -1.2839e+00 +3.5315e+00 +6.3299e-01 -3.0268e+00 -1.6056e+00
133 +6.304558366e+00 +6.304558366e+00 +5.787455837e+01 +5.787455837e+01 -2.1834e+00 -3.7876e-01 -3.6982e+00 -9.5377e-01 -2.1911e+00 -1.5634e+00 +3.3062e+00 +7.3086e-01 -3.2875e+00 -1.5846e+00
2718 +3.050447917e+00 +3.050447917e+00 +5.462044792e+01 +5.462044792e+01 +2.3771e+00 -8.4793e-01 -1.2195e-01 -3.2407e-01 +1.7123e+00 +4.3680e+00 -3.6170e-01 +1.6180e+00 -2.0804e+00 -1.0021e+00
2740 +2.405198968e+00 +2.405198968e+00 +5.397519897e+01 +5.397519897e+01 +2.3997e+00 -9.0042e-01 -1.6449e-01 -3.5568e-01 +1.6328e+00 +4.3840e+00 -3.6982e-01 +1.6063e+00 -1.9939e+00 -9.9086e-01
2894 +1.573426038e+00 +1.573426038e+00 +5.314342604e+01 +5.314342604e+01 +2.2395e+00 -3.7634e-01 -4.5895e-01 -3.3875e-01 +1.4149e+00 +4.6067e+00 -1.1227e-01 +1.8774e+00 -1.9667e+00 -1.0668e+00
2916 +8.791867563e-01 +8.791867563e-01 +5.244918676e+01 +5.244918676e+01 +2.1468e+00 -1.2515e-01 -6.8386e-01 -4.8226e-01 +1.2041e+00 +4.7001e+00 +3.7011e-02 +2.1161e+00 -2.0388e+00 -1.1156e+00
2927 +5.589298546e-01 +5.589298546e-01 +5.212892985e+01 +5.212892985e+01 +2.1344e+00 -5.7395e-02 -7.4105e-01 -5.5001e-01 +1.1614e+00 +4.7048e+00 +4.0068e-02 +2.2251e+00 -2.0659e+00 -1.1645e+00
2971 +1.625786203e-01 +1.625786203e-01 +5.173257862e+01 +5.173257862e+01 +2.1035e+00 +1.8046e-01 -9.2746e-01 -7.8820e-01 +1.0360e+00 +4.7064e+00 +1.8588e-02 +2.6244e+00 -2.1483e+00 -1.3608e+00
2982 +1.254516001e-01 +1.254516001e-01 +5.169545160e+01 +5.169545160e+01 +2.0808e+00 +3.5584e-01 -1.0650e+00 -9.6465e-01 +9.4352e-01 +4.7071e+00 +2.2388e-03 +2.9197e+00 -2.2093e+00 -1.5060e+00
3103 +8.693695646e-02 +8.693695646e-02 +5.165693696e+01 +5.165693696e+01 +2.1093e+00 +4.1965e-01 -8.9249e-01 -9.9065e-01 +1.0504e+00 +4.4197e+00 +2.5167e-02 +2.6924e+00 -2.0044e+00 -1.3944e+00
3114 +6.249151639e-02 +6.249151639e-02 +5.163249152e+01 +5.163249152e+01 +2.0832e+00 +6.0371e-01 -9.3525e-01 -1.1121e+00 +1.0032e+00 +4.3197e+00 +7.6894e-02 +2.7810e+00 -1.9647e+00 -1.4196e+00
3136 +3.723725604e-02 +3.723725604e-02 +5.160723726e+01 +5.160723726e+01 +2.0548e+00 +7.6805e-01 -1.0047e+00 -1.2679e+00 +9.2665e-01 +4.2371e+00 +1.2784e-01 +2.9065e+00 -1.9695e+00 -1.4558e+00
3158 +2.398307178e-02 +2.398307178e-02 +5.159398307e+01 +5.159398307e+01 +2.0344e+00 +9.0564e-01 -1.0361e+00 -1.4303e+00 +8.6430e-01 +4.1039e+00 +1.8633e-01 +2.9654e+00 -1.9558e+00 -1.4546e+00
3290 +1.566458646e-02 +1.566458646e-02 +5.158566459e+01 +5.158566459e+01 +1.9833e+00 +9.5932e-01 -1.0784e+00 -1.4729e+00 +8.2415e-01 +4.0446e+00 +1.6211e-01 +2.9221e+00 -1.9543e+00 -1.5317e+00
3367 +9.775174947e-03 +9.775174947e-03 +5.157977517e+01 +5.157977517e+01 +1.8816e+00 +1.0404e+00 -1.0850e+00 -1.5493e+00 +7.9969e-01 +3.8156e+00 +1.3438e-01 +2.7252e+00 -1.8732e+00 -1.5819e+00
3477 +5.649840388e-03 +5.649840388e-03 +5.157564984e+01 +5.157564984e+01 +1.8747e+00 +1.0161e+00 -1.1954e+00 -1.5265e+00 +8.4145e-01 +3.8257e+00 +9.6525e-02 +2.6531e+00 -1.9571e+00 -1.6044e+00
3499 +3.778497440e-03 +3.778497440e-03 +5.157377850e+01 +5.157377850e+01 +1.9084e+00 +1.0402e+00 -1.3147e+00 -1.5424e+00 +8.8760e-01 +3.7889e+00 +7.0461e-02 +2.5913e+00 -1.9747e+00 -1.6082e+00
3543 +3.232587260e-04 +3.232587260e-04 +5.157032326e+01 +5.157032326e+01 +2.0910e+00 +1.3278e+00 -2.0229e+00 -1.7188e+00 +1.1418e+00 +3.4663e+00 -3.7024e-02 +2.2590e+00 -2.0183e+00 -1.6282e+00
3565 +2.391774600e-04 +2.391774600e-04 +5.157023918e+01 +5.157023918e+01 +2.0905e+00 +1.3604e+00 -2.0337e+00 -1.7376e+00 +1.1419e+00 +3.4410e+00 -2.9392e-02 +2.2607e+00 -2.0069e+00 -1.6279e+00
3697 +1.573290380e-04 +1.573290380e-04 +5.157015733e+01 +5.157015733e+01 +2.0677e+00 +1.3959e+00 -1.9758e+00 -1.7572e+00 +1.1164e+00 +3.4178e+00 +6.6042e-03 +2.3042e+00 -1.9733e+00 -1.6246e+00
3774 +7.329114000e-05 +7.329114000e-05 +5.157007329e+01 +5.157007329e+01 +2.1184e+00 +1.4187e+00 -2.1754e+00 -1.7817e+00 +1.2085e+00 +3.3079e+00 +6.3034e-02 +2.2408e+00 -1.9676e+00 -1.6842e+00
3785 +6.942688316e-06 +6.942688316e-06 +5.157000694e+01 +5.157000694e+01 +2.1648e+00 +1.3152e+00 -2.3771e+00 -1.7524e+00 +1.3423e+00 +3.1542e+00 +3.1342e-01 +2.2435e+00 -1.9241e+00 -1.8721e+00
3807 +6.300840809e-06 +6.300840809e-06 +5.157000630e+01 +5.157000630e+01 +2.1589e+00 +1.3172e+00 -2.3536e+00 -1.7515e+00 +1.3301e+00 +3.1687e+00 +2.9925e-01 +2.2482e+00 -1.9262e+00 -1.8600e+00
3818 +1.831623443e-06 +1.831623443e-06 +5.157000183e+01 +5.157000183e+01 +2.1434e+00 +1.3211e+00 -2.2925e+00 -1.7485e+00 +1.2987e+00 +3.2059e+00 +2.6417e-01 +2.2609e+00 -1.9314e+00 -1.8294e+00
3873 +1.551842907e-06 +1.551842907e-06 +5.157000155e+01 +5.157000155e+01 +2.1333e+00 +1.3213e+00 -2.2529e+00 -1.7456e+00 +1.2791e+00 +3.2292e+00 +2.4496e-01 +2.2703e+00 -1.9341e+00 -1.8119e+00
3917 +8.015317263e-07 +8.015317263e-07 +5.157000080e+01 +5.157000080e+01 +2.1078e+00 +1.2955e+00 -2.1609e+00 -1.7276e+00 +1.2423e+00 +3.2738e+00 +2.3996e-01 +2.3051e+00 -1.9325e+00 -1.7970e+00
3928 +4.195547092e-07 +4.195547092e-07 +5.157000042e+01 +5.157000042e+01 +2.1114e+00 +1.2893e+00 -2.1768e+00 -1.7261e+00 +1.2523e+00 +3.2621e+00 +2.5708e-01 +2.3043e+00 -1.9296e+00 -1.8102e+00
3939 +3.286460384e-07 +3.286460384e-07 +5.157000033e+01 +5.157000033e+01 +2.1127e+00 +1.2861e+00 -2.1829e+00 -1.7252e+00 +1.2563e+00 +3.2574e+00 +2.6477e-01 +2.3044e+00 -1.9283e+00 -1.8160e+00
3961 +1.915485512e-07 +1.915485512e-07 +5.157000019e+01 +5.157000019e+01 +2.1177e+00 +1.2742e+00 -2.2059e+00 -1.7219e+00 +1.2715e+00 +3.2393e+00 +2.9396e-01 +2.3048e+00 -1.9232e+00 -1.8379e+00
4005 +1.421161642e-07 +1.421161642e-07 +5.157000014e+01 +5.157000014e+01 +2.1171e+00 +1.2783e+00 -2.2160e+00 -1.7248e+00 +1.2748e+00 +3.2306e+00 +2.9706e-01 +2.3000e+00 -1.9230e+00 -1.8427e+00
4027 +8.512709826e-08 +8.512709826e-08 +5.157000009e+01 +5.157000009e+01 +2.1152e+00 +1.2851e+00 -2.2330e+00 -1.7299e+00 +1.2802e+00 +3.2147e+00 +3.0348e-01 +2.2919e+00 -1.9226e+00 -1.8518e+00
4071 +6.259671892e-08 +6.259671892e-08 +5.157000006e+01 +5.157000006e+01 +2.1080e+00 +1.2864e+00 -2.2171e+00 -1.7296e+00 +1.2715e+00 +3.2208e+00 +2.9757e-01 +2.2945e+00 -1.9236e+00 -1.8474e+00
24102 +1.346906942e-08 +1.346906942e-08 +5.157000001e+01 +5.157000001e+01 +2.0795e+00 +1.2963e+00 -2.2339e+00 -1.8071e+00 +1.3303e+00 +3.2642e+00 +3.1796e-01 +2.2671e+00 -1.8996e+00 -1.8632e+00
24124 +8.821515962e-09 +8.821515962e-09 +5.157000001e+01 +5.157000001e+01 +2.0799e+00 +1.2949e+00 -2.2310e+00 -1.8066e+00 +1.3307e+00 +3.2689e+00 +3.1018e-01 +2.2639e+00 -1.9015e+00 -1.8599e+00
% function evaluation | noise-free fitness - Fopt (2.977300000000e+02) | best noise-free fitness - Fopt | measured fitness | best measured fitness | x1 | x2...
1 +8.584369040e+01 +8.584369040e+01 +3.835736904e+02 +3.835736904e+02 -1.9142e+00 +4.8798e+00 -4.4525e+00 +5.1908e-01 +1.8310e+00 +3.2728e+00 +2.9331e-01 +8.2481e-01 -4.2324e+00 -2.3709e+00
23 +6.284887268e+01 +6.284887268e+01 +3.605788727e+02 +3.605788727e+02 -1.9209e+00 +3.0916e+00 -6.5306e+00 +4.0228e+00 +1.0234e+00 -3.7825e+00 +3.9463e+00 -1.0483e-01 -3.9794e+00 -3.1333e-01
34 +3.418569551e+01 +3.418569551e+01 +3.319156955e+02 +3.319156955e+02 -1.9193e+00 +3.5171e+00 -6.0361e+00 +3.1891e+00 +1.2156e+00 -2.1036e+00 +3.0770e+00 +1.1638e-01 -4.0396e+00 -8.0293e-01
111 +1.661380972e+01 +1.661380972e+01 +3.143438097e+02 +3.143438097e+02 -2.4394e+00 +2.7714e+00 -5.2409e+00 +3.4467e+00 +8.5509e-01 -1.7970e+00 +3.7068e+00 +3.4666e-02 -4.3456e+00 -3.4767e-01
122 +8.918666847e+00 +8.918666847e+00 +3.066486668e+02 +3.066486668e+02 -3.1687e+00 +1.7558e+00 -4.3386e+00 +3.8917e+00 +4.2597e-01 -1.5140e+00 +4.5273e+00 -6.6677e-02 -4.7125e+00 +1.6672e-01
1002 +6.221200061e+00 +6.221200061e+00 +3.039512001e+02 +3.039512001e+02 +2.4084e+00 -1.2789e-01 -1.6751e+00 +3.6081e+00 -8.5143e-01 -4.2829e+00 +9.4592e-01 +3.5195e+00 -8.1323e-01 +1.9800e+00
5424 +2.852837689e+00 +2.852837689e+00 +3.005828377e+02 +3.005828377e+02 +2.7352e+00 +1.7963e+00 +8.9985e-01 +1.1241e+00 +2.7569e-01 +1.5236e+00 +1.7213e+00 +3.2194e+00 +4.1015e+00 +3.9285e+00
5435 +2.221447090e+00 +2.221447090e+00 +2.999514471e+02 +2.999514471e+02 +2.6160e+00 +1.5382e+00 +7.6612e-01 +1.3429e+00 +9.8957e-03 +1.3614e+00 +1.8238e+00 +3.2906e+00 +4.0652e+00 +4.0502e+00
6876 +7.593516926e-01 +7.593516926e-01 +2.984893517e+02 +2.984893517e+02 +4.7337e+00 -1.5412e+00 +3.4118e+00 -1.5486e+00 -4.5093e+00 -6.9237e-01 -3.7399e+00 +8.6053e-01 +3.4410e+00 +2.4397e+00
% function evaluation | noise-free fitness - Fopt (5.157000000000e+01) | best noise-free fitness - Fopt | measured fitness | best measured fitness | x1 | x2...
1 +8.354081948e+01 +8.354081948e+01 +1.351108195e+02 +1.351108195e+02 +3.2799e+00 -5.0444e-01 +2.3263e+00 -4.7256e+00 -4.1679e+00 -2.8881e-02 +9.7717e-01 +2.4403e-01 +3.7899e+00 -1.5510e+00
56 +5.868196630e+01 +5.868196630e+01 +1.102519663e+02 +1.102519663e+02 +2.3151e+00 +1.1475e+00 -2.0156e+00 -1.8704e+00 +1.5129e+00 -1.0495e+00 +6.2334e-01 -3.6359e-01 +5.0369e+00 -4.3494e+00
639 +3.268245404e+01 +3.268245404e+01 +8.425245404e+01 +8.425245404e+01 -3.8721e+00 +4.1956e+00 -1.6838e+00 -3.3309e+00 +3.3470e+00 -1.1163e+00 +2.7044e+00 -4.1237e+00 +4.0150e+00 -4.4805e+00
1772 +2.156864324e+01 +2.156864324e+01 +7.313864324e+01 +7.313864324e+01 +8.4485e-01 +2.1696e+00 -2.1023e+00 -2.6238e+00 +5.4754e+00 +3.1188e+00 +8.0575e-01 -1.4342e+00 +4.2565e+00 -3.6682e+00
1816 +1.571803487e+01 +1.571803487e+01 +6.728803487e+01 +6.728803487e+01 +2.3032e+00 +1.0221e+00 -2.1765e+00 -3.0904e+00 +4.6749e+00 +2.7593e+00 +1.6941e+00 -1.7039e+00 +4.7276e+00 -1.6912e+00
2289 +8.551205116e+00 +8.551205116e+00 +6.012120512e+01 +6.012120512e+01 +4.1411e+00 -4.3023e-01 +1.0281e+00 -4.8024e-01 -3.3616e-01 -9.7447e-01 -1.1874e-01 -6.9826e-01 +1.3033e+00 -3.8675e+00
2344 +3.856291583e+00 +3.856291583e+00 +5.542629158e+01 +5.542629158e+01 +3.7745e+00 -1.7545e+00 +2.1050e+00 -1.5972e+00 -3.2338e-01 -2.2259e+00 -7.8629e-01 -7.6030e-01 -3.8363e-01 -3.8722e+00
2377 +2.396123575e+00 +2.396123575e+00 +5.396612358e+01 +5.396612358e+01 +3.6520e+00 -2.8431e+00 +2.2874e+00 -2.6911e+00 -4.2962e-01 -2.9719e+00 -9.2848e-01 -9.2548e-01 -1.8604e+00 -3.9140e+00
18624 +1.478787467e+00 +1.478787467e+00 +5.304878747e+01 +5.304878747e+01 +4.5928e+00 +4.4175e+00 +2.9212e+00 -1.9135e+00 +3.9812e+00 +3.3258e+00 -2.3795e+00 -3.2019e+00 -1.5215e+00 +4.1146e+00
18635 +9.632498924e-01 +9.632498924e-01 +5.253324989e+01 +5.253324989e+01 +4.5158e+00 +4.1448e+00 +3.0781e+00 -1.8639e+00 +3.9111e+00 +3.5553e+00 -2.4450e+00 -3.2280e+00 -1.6422e+00 +4.1400e+00
36081 +6.253689196e-01 +6.253689196e-01 +5.219536892e+01 +5.219536892e+01 +1.9614e+00 +1.9667e+00 -3.4731e+00 -2.3352e+00 +1.4317e+00 +1.9236e+00 +1.9867e+00 +3.1066e+00 -1.6168e+00 -2.9871e+00
36191 +2.166188165e-01 +2.166188165e-01 +5.178661882e+01 +5.178661882e+01 +2.0612e+00 +1.5648e+00 -3.4878e+00 -1.9977e+00 +1.5987e+00 +2.3183e+00 +1.5330e+00 +2.4378e+00 -1.9816e+00 -2.8160e+00
36202 +8.790930714e-02 +8.790930714e-02 +5.165790931e+01 +5.165790931e+01 +2.0923e+00 +1.0697e+00 -3.2918e+00 -1.7919e+00 +1.7339e+00 +2.3025e+00 +8.7942e-01 +1.8480e+00 -1.7187e+00 -2.7556e+00
36213 +4.732250817e-02 +4.732250817e-02 +5.161732251e+01 +5.161732251e+01 +2.1016e+00 +1.1717e+00 -3.3660e+00 -1.8156e+00 +1.7224e+00 +2.3516e+00 +1.0023e+00 +1.9912e+00 -1.7916e+00 -2.7473e+00
36235 +3.729156707e-02 +3.729156707e-02 +5.160729157e+01 +5.160729157e+01 +2.1205e+00 +1.2500e+00 -3.4372e+00 -1.8231e+00 +1.7255e+00 +2.4142e+00 +1.0895e+00 +2.1108e+00 -1.8564e+00 -2.7236e+00
36279 +2.370289056e-02 +2.370289056e-02 +5.159370289e+01 +5.159370289e+01 +2.2070e+00 +1.2101e+00 -3.4493e+00 -1.7555e+00 +1.8129e+00 +2.5268e+00 +1.0004e+00 +2.0859e+00 -1.8688e+00 -2.5874e+00
36312 +1.535091518e-02 +1.535091518e-02 +5.158535092e+01 +5.158535092e+01 +2.2618e+00 +1.1526e+00 -3.3482e+00 -1.7397e+00 +1.8598e+00 +2.5099e+00 +9.2329e-01 +1.9768e+00 -1.8211e+00 -2.4933e+00
36488 +8.137841984e-03 +8.137841984e-03 +5.157813784e+01 +5.157813784e+01 +2.2422e+00 +1.1941e+00 -3.1667e+00 -1.8253e+00 +1.7602e+00 +2.5635e+00 +8.4251e-01 +1.9996e+00 -1.8239e+00 -2.4060e+00
36499 +4.803328396e-03 +4.803328396e-03 +5.157480333e+01 +5.157480333e+01 +2.1845e+00 +1.2367e+00 -3.0433e+00 -1.8587e+00 +1.6798e+00 +2.6363e+00 +7.5541e-01 +2.0177e+00 -1.8360e+00 -2.3598e+00
36510 +3.783015195e-03 +3.783015195e-03 +5.157378302e+01 +5.157378302e+01 +2.1741e+00 +1.2533e+00 -2.9920e+00 -1.8676e+00 +1.6570e+00 +2.6785e+00 +7.1455e-01 +2.0262e+00 -1.8427e+00 -2.3211e+00
36554 +2.450419054e-04 +2.450419054e-04 +5.157024504e+01 +5.157024504e+01 +2.1053e+00 +1.3783e+00 -2.6031e+00 -1.9302e+00 +1.4931e+00 +3.0064e+00 +4.0063e-01 +2.0913e+00 -1.8923e+00 -2.0134e+00
36565 +1.310297194e-04 +1.310297194e-04 +5.157013103e+01 +5.157013103e+01 +2.0587e+00 +1.4643e+00 -2.3357e+00 -1.9729e+00 +1.3809e+00 +3.2325e+00 +1.8446e-01 +2.1362e+00 -1.9261e+00 -1.8007e+00
36598 +9.908539832e-05 +9.908539832e-05 +5.157009909e+01 +5.157009909e+01 +2.0760e+00 +1.4399e+00 -2.4116e+00 -1.9592e+00 +1.4158e+00 +3.1714e+00 +2.4451e-01 +2.1244e+00 -1.9151e+00 -1.8557e+00
36708 +6.094816908e-05 +6.094816908e-05 +5.157006095e+01 +5.157006095e+01 +2.0751e+00 +1.4552e+00 -2.4172e+00 -1.9670e+00 +1.4032e+00 +3.1556e+00 +2.6670e-01 +2.1488e+00 -1.8830e+00 -1.8766e+00
36928 +3.832791035e-05 +3.832791035e-05 +5.157003833e+01 +5.157003833e+01 +2.0869e+00 +1.4408e+00 -2.4147e+00 -1.9449e+00 +1.4030e+00 +3.2158e+00 +2.5948e-01 +2.1698e+00 -1.9077e+00 -1.8558e+00
36994 +2.303201658e-05 +2.303201658e-05 +5.157002303e+01 +5.157002303e+01 +2.0625e+00 +1.3851e+00 -2.3827e+00 -1.9070e+00 +1.3811e+00 +3.2387e+00 +2.9745e-01 +2.2138e+00 -1.8995e+00 -1.9057e+00
37071 +9.068082903e-06 +9.068082903e-06 +5.157000907e+01 +5.157000907e+01 +2.0483e+00 +1.3159e+00 -2.3129e+00 -1.8648e+00 +1.3673e+00 +3.2588e+00 +3.2645e-01 +2.2388e+00 -1.8820e+00 -1.9313e+00
37104 +5.481033433e-06 +5.481033433e-06 +5.157000548e+01 +5.157000548e+01 +2.0531e+00 +1.3142e+00 -2.2999e+00 -1.8641e+00 +1.3693e+00 +3.2653e+00 +3.2356e-01 +2.2390e+00 -1.8835e+00 -1.9179e+00
37115 +5.663628144e-08 +5.663628144e-08 +5.157000006e+01 +5.157000006e+01 +2.0667e+00 +1.2942e+00 -2.2431e+00 -1.8530e+00 +1.3731e+00 +3.2923e+00 +3.2103e-01 +2.2470e+00 -1.8862e+00 -1.8781e+00
37214 +3.691717154e-08 +3.691717154e-08 +5.157000004e+01 +5.157000004e+01 +2.0667e+00 +1.2830e+00 -2.2264e+00 -1.8458e+00 +1.3711e+00 +3.3013e+00 +3.2516e-01 +2.2544e+00 -1.8859e+00 -1.8753e+00
37324 +2.479927730e-08 +2.479927730e-08 +5.157000002e+01 +5.157000002e+01 +2.0648e+00 +1.2781e+00 -2.2192e+00 -1.8419e+00 +1.3679e+00 +3.3093e+00 +3.2716e-01 +2.2617e+00 -1.8873e+00 -1.8755e+00
42483 +1.190232979e-08 +1.190232979e-08 +5.157000001e+01 +5.157000001e+01 +2.0781e+00 +1.2866e+00 -2.2412e+00 -1.8091e+00 +1.3387e+00 +3.2569e+00 +3.2967e-01 +2.2667e+00 -1.8963e+00 -1.8782e+00
42538 +5.047930074e-09 +5.047930074e-09 +5.157000001e+01 +5.157000001e+01 +2.0728e+00 +1.2840e+00 -2.2398e+00 -1.8203e+00 +1.3534e+00 +3.2691e+00 +3.3618e-01 +2.2604e+00 -1.8921e+00 -1.8811e+00
42549 +3.716060348e-09 +3.716060348e-09 +5.157000000e+01 +5.157000000e+01 +2.0750e+00 +1.2825e+00 -2.2402e+00 -1.8191e+00 +1.3538e+00 +3.2695e+00 +3.3628e-01 +2.2617e+00 -1.8928e+00 -1.8806e+00
