% f evaluations | g evaluations | best noise-free fitness - Fopt | noise-free fitness - Fopt (-1.000000000000e+003) | measured fitness | best measured fitness | x1 | x2...
1 0 +3.690693174e+001 +3.690693174e+001 -9.630930683e+002 -9.630930683e+002 +6.9228e-001 -1.0043e-001
4 0 +2.561514798e+001 +2.561514798e+001 -9.743848520e+002 -9.743848520e+002 +1.4111e+000 -1.8254e+000
6 0 +1.106098764e-001 +1.106098764e-001 -9.998893901e+002 -9.998893901e+002 +4.5818e-001 +2.5514e+000
179 0 +1.855961521e-002 +1.855961521e-002 -9.999814404e+002 -9.999814404e+002 +9.3095e-001 +1.6375e+000
264 0 +1.644166645e-003 +1.644166645e-003 -9.999983558e+002 -9.999983558e+002 +1.5012e+000 +4.5620e-001
458 0 +9.082663180e-004 +9.082663180e-004 -9.999990917e+002 -9.999990917e+002 +1.4945e+000 +4.6222e-001
17730 0 +8.401116917e-004 +8.401116917e-004 -9.999991599e+002 -9.999991599e+002 +1.6019e+000 +1.9576e-001
17825 0 +8.213177458e-004 +8.213177458e-004 -9.999991787e+002 -9.999991787e+002 +1.6069e+000 +1.9590e-001
17904 0 +5.678980905e-004 +5.678980905e-004 -9.999994321e+002 -9.999994321e+002 +1.5856e+000 +2.3581e-001
18423 0 +4.439821153e-004 +4.439821153e-004 -9.999995560e+002 -9.999995560e+002 +1.5762e+000 +2.5473e-001
18662 0 +3.589878646e-004 +3.589878646e-004 -9.999996410e+002 -9.999996410e+002 +1.5688e+000 +2.7176e-001
18764 0 +3.008438322e-004 +3.008438322e-004 -9.999996992e+002 -9.999996992e+002 +1.5594e+000 +2.9633e-001
19472 0 +2.903197111e-004 +2.903197111e-004 -9.999997097e+002 -9.999997097e+002 +1.5585e+000 +2.9183e-001
19888 0 +2.454258769e-004 +2.454258769e-004 -9.999997546e+002 -9.999997546e+002 +1.5475e+000 +3.1885e-001
20742 0 +2.341592359e-004 +2.341592359e-004 -9.999997658e+002 -9.999997658e+002 +1.5389e+000 +3.2606e-001
21136 0 +2.044817840e-004 +2.044817840e-004 -9.999997955e+002 -9.999997955e+002 +1.5352e+000 +3.3826e-001
21168 0 +1.880694994e-004 +1.880694994e-004 -9.999998119e+002 -9.999998119e+002 +1.5319e+000 +3.4784e-001
21215 0 +1.560501970e-004 +1.560501970e-004 -9.999998439e+002 -9.999998439e+002 +1.5191e+000 +3.6749e-001
21218 0 +1.271164932e-004 +1.271164932e-004 -9.999998729e+002 -9.999998729e+002 +1.5151e+000 +3.7940e-001
21891 0 +1.086520163e-004 +1.086520163e-004 -9.999998913e+002 -9.999998913e+002 +1.5063e+000 +3.9487e-001
22049 0 +1.067890677e-004 +1.067890677e-004 -9.999998932e+002 -9.999998932e+002 +1.4928e+000 +4.1611e-001
22241 0 +9.487087334e-005 +9.487087334e-005 -9.999999051e+002 -9.999999051e+002 +1.5020e+000 +4.1232e-001
22489 0 +4.324315080e-005 +4.324315080e-005 -9.999999568e+002 -9.999999568e+002 +1.4746e+000 +4.5926e-001
22606 0 +3.979824282e-005 +3.979824282e-005 -9.999999602e+002 -9.999999602e+002 +1.4760e+000 +4.5936e-001
23374 0 +3.366727651e-005 +3.366727651e-005 -9.999999663e+002 -9.999999663e+002 +1.4676e+000 +4.7310e-001
23853 0 +3.061850350e-005 +3.061850350e-005 -9.999999694e+002 -9.999999694e+002 +1.4687e+000 +4.7433e-001
23907 0 +2.505104999e-005 +2.505104999e-005 -9.999999749e+002 -9.999999749e+002 +1.4557e+000 +4.9967e-001
24672 0 +2.310394461e-005 +2.310394461e-005 -9.999999769e+002 -9.999999769e+002 +1.4532e+000 +5.0991e-001
26564 0 +1.567555398e-005 +1.567555398e-005 -9.999999843e+002 -9.999999843e+002 +1.4454e+000 +5.2601e-001
26764 0 +1.228809549e-005 +1.228809549e-005 -9.999999877e+002 -9.999999877e+002 +1.4426e+000 +5.3097e-001
27056 0 +1.188503074e-005 +1.188503074e-005 -9.999999881e+002 -9.999999881e+002 +1.4426e+000 +5.3000e-001
27277 0 +1.034969682e-005 +1.034969682e-005 -9.999999897e+002 -9.999999897e+002 +1.4405e+000 +5.3508e-001
27390 0 +8.289855145e-006 +8.289855145e-006 -9.999999917e+002 -9.999999917e+002 +1.4362e+000 +5.4002e-001
28210 0 +7.623785109e-006 +7.623785109e-006 -9.999999924e+002 -9.999999924e+002 +1.4356e+000 +5.4242e-001
28281 0 +6.672239465e-006 +6.672239465e-006 -9.999999933e+002 -9.999999933e+002 +1.4294e+000 +5.5370e-001
28513 0 +4.313983936e-006 +4.313983936e-006 -9.999999957e+002 -9.999999957e+002 +1.4186e+000 +5.7897e-001
29273 0 +4.167953989e-006 +4.167953989e-006 -9.999999958e+002 -9.999999958e+002 +1.4184e+000 +5.7870e-001
29606 0 +3.563847713e-006 +3.563847713e-006 -9.999999964e+002 -9.999999964e+002 +1.4169e+000 +5.8132e-001
29643 0 +3.451320481e-006 +3.451320481e-006 -9.999999965e+002 -9.999999965e+002 +1.4152e+000 +5.8290e-001
29841 0 +2.868875981e-006 +2.868875981e-006 -9.999999971e+002 -9.999999971e+002 +1.4143e+000 +5.8551e-001
30052 0 +2.585972993e-006 +2.585972993e-006 -9.999999974e+002 -9.999999974e+002 +1.4114e+000 +5.8992e-001
30086 0 +2.321899046e-006 +2.321899046e-006 -9.999999977e+002 -9.999999977e+002 +1.4099e+000 +5.9278e-001
30091 0 +1.595894673e-006 +1.595894673e-006 -9.999999984e+002 -9.999999984e+002 +1.4042e+000 +6.0602e-001
31406 0 +1.582837854e-006 +1.582837854e-006 -9.999999984e+002 -9.999999984e+002 +1.4016e+000 +6.0975e-001
31438 0 +1.483156211e-006 +1.483156211e-006 -9.999999985e+002 -9.999999985e+002 +1.4029e+000 +6.1023e-001
31581 0 +1.416861664e-006 +1.416861664e-006 -9.999999986e+002 -9.999999986e+002 +1.3984e+000 +6.2251e-001
31594 0 +1.321440095e-006 +1.321440095e-006 -9.999999987e+002 -9.999999987e+002 +1.4011e+000 +6.1379e-001
32277 0 +1.297596782e-006 +1.297596782e-006 -9.999999987e+002 -9.999999987e+002 +1.4000e+000 +6.1456e-001
32363 0 +1.170823111e-006 +1.170823111e-006 -9.999999988e+002 -9.999999988e+002 +1.3996e+000 +6.1631e-001
32515 0 +1.016428200e-006 +1.016428200e-006 -9.999999990e+002 -9.999999990e+002 +1.3972e+000 +6.1991e-001
32571 0 +9.741220310e-007 +9.741220310e-007 -9.999999990e+002 -9.999999990e+002 +1.3976e+000 +6.2189e-001
32702 0 +8.780523331e-007 +8.780523331e-007 -9.999999991e+002 -9.999999991e+002 +1.3969e+000 +6.2148e-001
32854 0 +8.297897693e-007 +8.297897693e-007 -9.999999992e+002 -9.999999992e+002 +1.3948e+000 +6.2446e-001
32867 0 +5.780437959e-007 +5.780437959e-007 -9.999999994e+002 -9.999999994e+002 +1.3932e+000 +6.2913e-001
33269 0 +5.670123073e-007 +5.670123073e-007 -9.999999994e+002 -9.999999994e+002 +1.3922e+000 +6.3042e-001
33310 0 +5.413900226e-007 +5.413900226e-007 -9.999999995e+002 -9.999999995e+002 +1.3922e+000 +6.3281e-001
33322 0 +4.052102440e-007 +4.052102440e-007 -9.999999996e+002 -9.999999996e+002 +1.3890e+000 +6.3790e-001
33794 0 +3.966016493e-007 +3.966016493e-007 -9.999999996e+002 -9.999999996e+002 +1.3885e+000 +6.4023e-001
33874 0 +2.952879186e-007 +2.952879186e-007 -9.999999997e+002 -9.999999997e+002 +1.3858e+000 +6.4581e-001
34115 0 +2.905104566e-007 +2.905104566e-007 -9.999999997e+002 -9.999999997e+002 +1.3849e+000 +6.4826e-001
34146 0 +1.622890977e-007 +1.622890977e-007 -9.999999998e+002 -9.999999998e+002 +1.3804e+000 +6.5551e-001
34338 0 +1.360135684e-007 +1.360135684e-007 -9.999999999e+002 -9.999999999e+002 +1.3788e+000 +6.5976e-001
35933 0 +1.203546844e-007 +1.203546844e-007 -9.999999999e+002 -9.999999999e+002 +1.3782e+000 +6.5999e-001
36582 0 +8.337451618e-008 +8.337451618e-008 -9.999999999e+002 -9.999999999e+002 +1.3764e+000 +6.6458e-001
38266 0 +8.314668776e-008 +8.314668776e-008 -9.999999999e+002 -9.999999999e+002 +1.3764e+000 +6.6444e-001
38271 0 +8.108679594e-008 +8.108679594e-008 -9.999999999e+002 -9.999999999e+002 +1.3763e+000 +6.6379e-001
38332 0 +7.814514902e-008 +7.814514902e-008 -9.999999999e+002 -9.999999999e+002 +1.3762e+000 +6.6437e-001
38349 0 +5.798449365e-008 +5.798449365e-008 -9.999999999e+002 -9.999999999e+002 +1.3747e+000 +6.6745e-001
38356 0 +5.518427315e-008 +5.518427315e-008 -9.999999999e+002 -9.999999999e+002 +1.3744e+000 +6.6789e-001
38373 0 +5.148729088e-008 +5.148729088e-008 -9.999999999e+002 -9.999999999e+002 +1.3734e+000 +6.6938e-001
38784 0 +5.004767445e-008 +5.004767445e-008 -9.999999999e+002 -9.999999999e+002 +1.3734e+000 +6.7050e-001
38987 0 +4.775063189e-008 +4.775063189e-008 -1.000000000e+003 -1.000000000e+003 +1.3720e+000 +6.7205e-001
39265 0 +4.588116553e-008 +4.588116553e-008 -1.000000000e+003 -1.000000000e+003 +1.3707e+000 +6.7439e-001
39540 0 +4.228320449e-008 +4.228320449e-008 -1.000000000e+003 -1.000000000e+003 +1.3706e+000 +6.7660e-001
39973 0 +4.010621524e-008 +4.010621524e-008 -1.000000000e+003 -1.000000000e+003 +1.3700e+000 +6.7613e-001
40016 0 +3.101172297e-008 +3.101172297e-008 -1.000000000e+003 -1.000000000e+003 +1.3696e+000 +6.7737e-001
40350 0 +3.066497811e-008 +3.066497811e-008 -1.000000000e+003 -1.000000000e+003 +1.3693e+000 +6.7914e-001
40366 0 +2.697186119e-008 +2.697186119e-008 -1.000000000e+003 -1.000000000e+003 +1.3692e+000 +6.7823e-001
40608 0 +2.591355042e-008 +2.591355042e-008 -1.000000000e+003 -1.000000000e+003 +1.3691e+000 +6.7905e-001
40635 0 +2.011347533e-008 +2.011347533e-008 -1.000000000e+003 -1.000000000e+003 +1.3685e+000 +6.7976e-001
40724 0 +1.947785222e-008 +1.947785222e-008 -1.000000000e+003 -1.000000000e+003 +1.3682e+000 +6.8012e-001
40906 0 +1.524779236e-008 +1.524779236e-008 -1.000000000e+003 -1.000000000e+003 +1.3678e+000 +6.8158e-001
41071 0 +1.353362222e-008 +1.353362222e-008 -1.000000000e+003 -1.000000000e+003 +1.3672e+000 +6.8239e-001
41427 0 +1.287719442e-008 +1.287719442e-008 -1.000000000e+003 -1.000000000e+003 +1.3667e+000 +6.8418e-001
41683 0 +1.246189640e-008 +1.246189640e-008 -1.000000000e+003 -1.000000000e+003 +1.3666e+000 +6.8436e-001
41718 0 +1.212572442e-008 +1.212572442e-008 -1.000000000e+003 -1.000000000e+003 +1.3661e+000 +6.8440e-001
41853 0 +1.167143182e-008 +1.167143182e-008 -1.000000000e+003 -1.000000000e+003 +1.3655e+000 +6.8647e-001
42740 0 +1.126318239e-008 +1.126318239e-008 -1.000000000e+003 -1.000000000e+003 +1.3651e+000 +6.8707e-001
43318 0 +1.068212896e-008 +1.068212896e-008 -1.000000000e+003 -1.000000000e+003 +1.3647e+000 +6.8752e-001
43338 0 +1.005685135e-008 +1.005685135e-008 -1.000000000e+003 -1.000000000e+003 +1.3645e+000 +6.8801e-001
43830 0 +8.389065442e-009 +8.389065442e-009 -1.000000000e+003 -1.000000000e+003 +1.3640e+000 +6.8909e-001
70160 0 +0.000000000e+000 +0.000000000e+000 -1.000000000e+003 -1.000000000e+003 +1.3503e+000 +7.1702e-001
% f evaluations | g evaluations | best noise-free fitness - Fopt | noise-free fitness - Fopt (1.000000000000e+003) | measured fitness | best measured fitness | x1 | x2...
1 0 +1.942507583e+001 +1.942507583e+001 +1.019425076e+003 +1.019425076e+003 -5.2504e-001 -4.8240e-001
3 0 +1.814833829e+001 +1.814833829e+001 +1.018148338e+003 +1.018148338e+003 +3.9674e-001 +3.6009e-001
4 0 +6.822574430e+000 +6.822574430e+000 +1.006822574e+003 +1.006822574e+003 -5.9382e-001 +1.2732e+000
11 0 +5.611319435e+000 +5.611319435e+000 +1.005611319e+003 +1.005611319e+003 -1.4918e+000 +1.1794e-001
24 0 +1.557448374e-002 +1.557448374e-002 +1.000015574e+003 +1.000015574e+003 -1.0646e+000 -1.1809e+000
268 0 +3.659246056e-003 +3.659246056e-003 +1.000003659e+003 +1.000003659e+003 -1.4353e+000 -1.0218e+000
1540 0 +3.039545015e-004 +3.039545015e-004 +1.000000304e+003 +1.000000304e+003 -1.1342e+000 -1.1917e+000
2229 0 +2.450822202e-004 +2.450822202e-004 +1.000000245e+003 +1.000000245e+003 -6.5053e-001 -1.4516e+000
2324 0 +9.103193133e-005 +9.103193133e-005 +1.000000091e+003 +1.000000091e+003 -1.0210e+000 -1.2455e+000
4032 0 +1.195530785e-009 +1.195530785e-009 +1.000000000e+003 +1.000000000e+003 -7.3308e-001 -1.3934e+000
65002 0 +0.000000000e+000 +0.000000000e+000 +1.000000000e+003 +1.000000000e+003 -7.1615e-001 -1.4022e+000
% f evaluations | g evaluations | best noise-free fitness - Fopt | noise-free fitness - Fopt (-4.913000000000e+001) | measured fitness | best measured fitness | x1 | x2...
1 0 +5.354008267e+001 +5.354008267e+001 +4.410082674e+000 +4.410082674e+000 +7.3972e-001 +4.5206e-001
2 0 +2.724764351e+001 +2.724764351e+001 -2.188235649e+001 -2.188235649e+001 +1.1618e+000 +9.9304e-001
12 0 +1.074910879e+001 +1.074910879e+001 -3.838089121e+001 -3.838089121e+001 +1.0823e+000 +2.0607e+000
31 0 +3.131015706e+000 +3.131015706e+000 -4.599898429e+001 -4.599898429e+001 +1.5757e+000 -2.0623e+000
96 0 +7.674191009e-001 +7.674191009e-001 -4.836258090e+001 -4.836258090e+001 +8.1636e-001 -2.1238e+000
213 0 +4.430864465e-001 +4.430864465e-001 -4.868691355e+001 -4.868691355e+001 +2.8333e+000 +5.5031e-003
% f evaluations | g evaluations | best noise-free fitness - Fopt | noise-free fitness - Fopt (2.977300000000e+002) | measured fitness | best measured fitness | x1 | x2...
1 0 +2.282547034e+001 +2.282547034e+001 +3.205554703e+002 +3.205554703e+002 +1.1683e+000 +8.5606e-001
2 0 +2.114585315e+001 +2.114585315e+001 +3.188758531e+002 +3.188758531e+002 +7.2781e-001 +1.1449e+000
6 0 +1.089552586e+000 +1.089552586e+000 +2.988195526e+002 +2.988195526e+002 -2.6952e-001 +1.7368e+000
47 0 +5.266649593e-001 +5.266649593e-001 +2.982566650e+002 +2.982566650e+002 -1.1283e+000 +1.4291e+000
106 0 +5.077176714e-001 +5.077176714e-001 +2.982377177e+002 +2.982377177e+002 -9.9272e-001 +1.4870e+000
251 0 +1.447063770e-001 +1.447063770e-001 +2.978747064e+002 +2.978747064e+002 -1.6127e+000 +1.3373e+000
1040 0 +8.313135875e-002 +8.313135875e-002 +2.978131314e+002 +2.978131314e+002 -2.0893e+000 +1.1623e+000
1255 0 +7.099970228e-002 +7.099970228e-002 +2.978009997e+002 +2.978009997e+002 -2.1790e+000 +1.1821e+000
% f evaluations | g evaluations | best noise-free fitness - Fopt | noise-free fitness - Fopt (5.157000000000e+001) | measured fitness | best measured fitness | x1 | x2...
1 0 +4.608916815e+001 +4.608916815e+001 +9.765916815e+001 +9.765916815e+001 -7.4767e-001 +1.4074e-001
6 0 +2.415506861e+001 +2.415506861e+001 +7.572506861e+001 +7.572506861e+001 -1.9010e+000 -1.9023e-001
8 0 +2.417115211e+000 +2.417115211e+000 +5.398711521e+001 +5.398711521e+001 +4.1107e-001 +9.6878e-001
48 0 +1.987543931e+000 +1.987543931e+000 +5.355754393e+001 +5.355754393e+001 -1.4445e+000 +1.8138e+000
93 0 +3.920684921e-001 +3.920684921e-001 +5.196206849e+001 +5.196206849e+001 +1.3687e+000 +1.5015e+000
109 0 +1.424164208e-002 +1.424164208e-002 +5.158424164e+001 +5.158424164e+001 +1.2072e+000 +1.6380e+000
1318 0 +4.262632742e-003 +4.262632742e-003 +5.157426263e+001 +5.157426263e+001 +1.2568e+000 +1.6311e+000
% f evaluations | g evaluations | best noise-free fitness - Fopt | noise-free fitness - Fopt (1.527100000000e+002) | measured fitness | best measured fitness | x1 | x2...
1 0 +1.111769468e+001 +1.111769468e+001 +1.638276947e+002 +1.638276947e+002 -6.2690e-001 +3.4874e-001
7 0 +7.879089814e+000 +7.879089814e+000 +1.605890898e+002 +1.605890898e+002 -9.2972e-001 +4.6700e-001
27 0 +1.673134386e+000 +1.673134386e+000 +1.543831344e+002 +1.543831344e+002 -2.1816e+000 -1.9027e+000
263 0 +4.989536239e-003 +4.989536239e-003 +1.527149895e+002 +1.527149895e+002 -3.8326e+000 -1.1646e+000
329 0 +3.585008793e-003 +3.585008793e-003 +1.527135850e+002 +1.527135850e+002 -2.4480e+000 -1.8799e+000
1292 0 +1.262151016e-003 +1.262151016e-003 +1.527112622e+002 +1.527112622e+002 -2.9124e+000 -1.6214e+000
% f evaluations | g evaluations | best noise-free fitness - Fopt | noise-free fitness - Fopt (9.980000000000e+001) | measured fitness | best measured fitness | x1 | x2...
1 0 +1.184726910e+001 +1.184726910e+001 +1.116472691e+002 +1.116472691e+002 -1.9206e+000 -3.5663e-001
5 0 +1.177528166e+001 +1.177528166e+001 +1.115752817e+002 +1.115752817e+002 -8.3266e-001 +9.4749e-002
8 0 +7.404690370e+000 +7.404690370e+000 +1.072046904e+002 +1.072046904e+002 -1.6449e-001 +4.7735e-001
17 0 +6.653104901e+000 +6.653104901e+000 +1.064531049e+002 +1.064531049e+002 -8.4906e-001 +7.8400e-001
20 0 +6.593055531e-001 +6.593055531e-001 +1.004593056e+002 +1.004593056e+002 +8.5928e-001 +1.3768e+000
32 0 +1.209141002e-001 +1.209141002e-001 +9.992091410e+001 +9.992091410e+001 -1.2943e+000 +4.4578e-001
89 0 +1.181468290e-001 +1.181468290e-001 +9.991814683e+001 +9.991814683e+001 -1.3119e+000 +3.0995e-001
215 0 +1.421197133e-002 +1.421197133e-002 +9.981421197e+001 +9.981421197e+001 -1.2843e+000 +4.0796e-001
413 0 +2.885343122e-003 +2.885343122e-003 +9.980288534e+001 +9.980288534e+001 -1.7890e+000 +1.3491e-001
693 0 +3.979141125e-005 +3.979141125e-005 +9.980003979e+001 +9.980003979e+001 -2.0871e+000 +1.2237e-002
17999 0 +2.946785484e-005 +2.946785484e-005 +9.980002947e+001 +9.980002947e+001 -1.9900e+000 +6.4187e-002
18232 0 +2.840862723e-005 +2.840862723e-005 +9.980002841e+001 +9.980002841e+001 -1.9989e+000 +5.8718e-002
19449 0 +2.754041380e-005 +2.754041380e-005 +9.980002754e+001 +9.980002754e+001 -1.9968e+000 +6.1748e-002
19510 0 +2.672205022e-005 +2.672205022e-005 +9.980002672e+001 +9.980002672e+001 -2.0015e+000 +5.9105e-002
19641 0 +2.539506215e-005 +2.539506215e-005 +9.980002540e+001 +9.980002540e+001 -2.0093e+000 +5.6070e-002
20188 0 +2.499197622e-005 +2.499197622e-005 +9.980002499e+001 +9.980002499e+001 -2.0147e+000 +5.5026e-002
20209 0 +2.228370141e-005 +2.228370141e-005 +9.980002228e+001 +9.980002228e+001 -2.0295e+000 +4.4494e-002
20564 0 +1.652840484e-005 +1.652840484e-005 +9.980001653e+001 +9.980001653e+001 -2.0347e+000 +4.5570e-002
21233 0 +1.417673160e-005 +1.417673160e-005 +9.980001418e+001 +9.980001418e+001 -2.0372e+000 +4.2950e-002
21739 0 +1.377556191e-005 +1.377556191e-005 +9.980001378e+001 +9.980001378e+001 -2.0387e+000 +4.1853e-002
21775 0 +1.336285602e-005 +1.336285602e-005 +9.980001336e+001 +9.980001336e+001 -2.0388e+000 +4.2965e-002
21800 0 +1.219054428e-005 +1.219054428e-005 +9.980001219e+001 +9.980001219e+001 -2.0425e+000 +3.9997e-002
21829 0 +8.847388514e-006 +8.847388514e-006 +9.980000885e+001 +9.980000885e+001 -2.0514e+000 +3.5954e-002
21876 0 +7.324442493e-006 +7.324442493e-006 +9.980000732e+001 +9.980000732e+001 -2.0576e+000 +3.3799e-002
22052 0 +6.322394114e-006 +6.322394114e-006 +9.980000632e+001 +9.980000632e+001 -2.0820e+000 +2.4373e-002
23903 0 +5.513098529e-006 +5.513098529e-006 +9.980000551e+001 +9.980000551e+001 -2.0901e+000 +1.7683e-002
24574 0 +5.477987429e-006 +5.477987429e-006 +9.980000548e+001 +9.980000548e+001 -2.0848e+000 +2.1645e-002
24601 0 +4.205879108e-006 +4.205879108e-006 +9.980000421e+001 +9.980000421e+001 -2.0925e+000 +1.7516e-002
25033 0 +3.999439357e-006 +3.999439357e-006 +9.980000400e+001 +9.980000400e+001 -2.0952e+000 +1.5859e-002
25111 0 +3.587928305e-006 +3.587928305e-006 +9.980000359e+001 +9.980000359e+001 -2.0952e+000 +1.6396e-002
25248 0 +3.430646160e-006 +3.430646160e-006 +9.980000343e+001 +9.980000343e+001 -2.0961e+000 +1.6005e-002
25343 0 +3.074189451e-006 +3.074189451e-006 +9.980000307e+001 +9.980000307e+001 -2.0992e+000 +1.4297e-002
25588 0 +2.248053548e-006 +2.248053548e-006 +9.980000225e+001 +9.980000225e+001 -2.1040e+000 +1.2966e-002
26234 0 +1.805422187e-006 +1.805422187e-006 +9.980000181e+001 +9.980000181e+001 -2.1111e+000 +9.2968e-003
26413 0 +1.713209230e-006 +1.713209230e-006 +9.980000171e+001 +9.980000171e+001 -2.1147e+000 +7.3950e-003
26503 0 +1.656690188e-006 +1.656690188e-006 +9.980000166e+001 +9.980000166e+001 -2.1170e+000 +7.4598e-003
26545 0 +1.612510502e-006 +1.612510502e-006 +9.980000161e+001 +9.980000161e+001 -2.1187e+000 +6.3123e-003
26675 0 +1.531610522e-006 +1.531610522e-006 +9.980000153e+001 +9.980000153e+001 -2.1329e+000 +1.5329e-003
26766 0 +1.155579227e-006 +1.155579227e-006 +9.980000116e+001 +9.980000116e+001 -2.1324e+000 +6.4958e-004
28786 0 +1.049201728e-006 +1.049201728e-006 +9.980000105e+001 +9.980000105e+001 -2.1330e+000 -7.3357e-004
28922 0 +9.816326667e-007 +9.816326667e-007 +9.980000098e+001 +9.980000098e+001 -2.1346e+000 -1.5555e-003
29029 0 +7.680982463e-007 +7.680982463e-007 +9.980000077e+001 +9.980000077e+001 -2.1384e+000 -3.1121e-003
29062 0 +7.232937094e-007 +7.232937094e-007 +9.980000072e+001 +9.980000072e+001 -2.1391e+000 -2.9529e-003
29440 0 +6.374838790e-007 +6.374838790e-007 +9.980000064e+001 +9.980000064e+001 -2.1414e+000 -4.0352e-003
29536 0 +5.935733611e-007 +5.935733611e-007 +9.980000059e+001 +9.980000059e+001 -2.1428e+000 -4.7695e-003
29621 0 +5.684407114e-007 +5.684407114e-007 +9.980000057e+001 +9.980000057e+001 -2.1440e+000 -5.5725e-003
29639 0 +5.346504679e-007 +5.346504679e-007 +9.980000053e+001 +9.980000053e+001 -2.1500e+000 -6.9657e-003
29664 0 +5.135925960e-007 +5.135925960e-007 +9.980000051e+001 +9.980000051e+001 -2.1497e+000 -8.8973e-003
29667 0 +4.522934205e-007 +4.522934205e-007 +9.980000045e+001 +9.980000045e+001 -2.1526e+000 -1.0145e-002
29774 0 +4.032197012e-007 +4.032197012e-007 +9.980000040e+001 +9.980000040e+001 -2.1562e+000 -9.9677e-003
29958 0 +3.749467083e-007 +3.749467083e-007 +9.980000037e+001 +9.980000037e+001 -2.1542e+000 -1.0149e-002
30465 0 +3.476559556e-007 +3.476559556e-007 +9.980000035e+001 +9.980000035e+001 -2.1572e+000 -1.1943e-002
31025 0 +3.438515392e-007 +3.438515392e-007 +9.980000034e+001 +9.980000034e+001 -2.1558e+000 -1.0604e-002
31036 0 +2.393176430e-007 +2.393176430e-007 +9.980000024e+001 +9.980000024e+001 -2.1620e+000 -1.3538e-002
31961 0 +2.275509559e-007 +2.275509559e-007 +9.980000023e+001 +9.980000023e+001 -2.1649e+000 -1.4231e-002
32033 0 +2.232716412e-007 +2.232716412e-007 +9.980000022e+001 +9.980000022e+001 -2.1635e+000 -1.4451e-002
32250 0 +2.149876082e-007 +2.149876082e-007 +9.980000021e+001 +9.980000021e+001 -2.1662e+000 -1.6107e-002
32280 0 +2.076526329e-007 +2.076526329e-007 +9.980000021e+001 +9.980000021e+001 -2.1664e+000 -1.4968e-002
32437 0 +1.882705760e-007 +1.882705760e-007 +9.980000019e+001 +9.980000019e+001 -2.1668e+000 -1.5703e-002
33403 0 +1.741146889e-007 +1.741146889e-007 +9.980000017e+001 +9.980000017e+001 -2.1692e+000 -1.6482e-002
33659 0 +1.727423182e-007 +1.727423182e-007 +9.980000017e+001 +9.980000017e+001 -2.1708e+000 -1.6949e-002
33665 0 +1.537185881e-007 +1.537185881e-007 +9.980000015e+001 +9.980000015e+001 -2.1713e+000 -1.7647e-002
34028 0 +1.423093892e-007 +1.423093892e-007 +9.980000014e+001 +9.980000014e+001 -2.1733e+000 -1.8312e-002
34343 0 +1.260107894e-007 +1.260107894e-007 +9.980000013e+001 +9.980000013e+001 -2.1741e+000 -1.9105e-002
34515 0 +6.398092012e-008 +6.398092012e-008 +9.980000006e+001 +9.980000006e+001 -2.1815e+000 -2.2716e-002
35735 0 +5.449881257e-008 +5.449881257e-008 +9.980000005e+001 +9.980000005e+001 -2.1842e+000 -2.4112e-002
36005 0 +5.022177163e-008 +5.022177163e-008 +9.980000005e+001 +9.980000005e+001 -2.1854e+000 -2.4537e-002
36062 0 +4.997654912e-008 +4.997654912e-008 +9.980000005e+001 +9.980000005e+001 -2.1854e+000 -2.3878e-002
36112 0 +4.851595747e-008 +4.851595747e-008 +9.980000005e+001 +9.980000005e+001 -2.1874e+000 -2.4650e-002
36579 0 +3.516331049e-008 +3.516331049e-008 +9.980000004e+001 +9.980000004e+001 -2.1920e+000 -2.7464e-002
36816 0 +2.885529682e-008 +2.885529682e-008 +9.980000003e+001 +9.980000003e+001 -2.1933e+000 -2.8077e-002
37339 0 +1.794205673e-008 +1.794205673e-008 +9.980000002e+001 +9.980000002e+001 -2.1954e+000 -2.8694e-002
37750 0 +1.683275741e-008 +1.683275741e-008 +9.980000002e+001 +9.980000002e+001 -2.1958e+000 -2.9058e-002
37752 0 +1.187594023e-008 +1.187594023e-008 +9.980000001e+001 +9.980000001e+001 -2.2017e+000 -3.2036e-002
39267 0 +1.141707173e-008 +1.141707173e-008 +9.980000001e+001 +9.980000001e+001 -2.2016e+000 -3.1530e-002
39312 0 +5.487990506e-009 +5.487990506e-009 +9.980000001e+001 +9.980000001e+001 -2.2060e+000 -3.3588e-002
% f evaluations | g evaluations | best noise-free fitness - Fopt | noise-free fitness - Fopt (-1.194100000000e+002) | measured fitness | best measured fitness | x1 | x2...
1 0 +1.644006634e+000 +1.644006634e+000 -1.177659934e+002 -1.177659934e+002 +1.7573e-003 -7.8400e-001
7 0 +1.592513588e+000 +1.592513588e+000 -1.178174864e+002 -1.178174864e+002 +3.5649e-001 -5.0439e-001
12 0 +6.942300581e-001 +6.942300581e-001 -1.187157699e+002 -1.187157699e+002 -5.7502e-002 -5.3957e-001
25 0 +1.046828270e-003 +1.046828270e-003 -1.194089532e+002 -1.194089532e+002 -7.0638e-001 +5.3769e-001
281 0 +4.091570858e-006 +4.091570858e-006 -1.194099959e+002 -1.194099959e+002 -1.1997e+000 +4.7742e-001
% f evaluations | g evaluations | best noise-free fitness - Fopt | noise-free fitness - Fopt (1.077000000000e+001) | measured fitness | best measured fitness | x1 | x2...
1 0 +2.776515141e+000 +2.776515141e+000 +1.354651514e+001 +1.354651514e+001 -1.0795e+000 -1.4791e+000
9 0 +1.993614823e+000 +1.993614823e+000 +1.276361482e+001 +1.276361482e+001 -3.5262e-001 -2.0595e-001
10 0 +1.565040480e+000 +1.565040480e+000 +1.233504048e+001 +1.233504048e+001 -7.3358e-001 -9.3759e-001
26 0 +1.022226820e+000 +1.022226820e+000 +1.179222682e+001 +1.179222682e+001 -6.6118e-001 -7.7240e-001
91 0 +8.837130436e-001 +8.837130436e-001 +1.165371304e+001 +1.165371304e+001 -1.0220e+000 -9.8436e-001
209 0 +6.990734828e-001 +6.990734828e-001 +1.146907348e+001 +1.146907348e+001 -1.0180e+000 -1.0873e+000
409 0 +1.229578282e-002 +1.229578282e-002 +1.078229578e+001 +1.078229578e+001 +2.4099e+000 -7.7416e-001
695 0 +3.439395865e-003 +3.439395865e-003 +1.077343940e+001 +1.077343940e+001 +1.2617e+000 -2.0643e+000
% f evaluations | g evaluations | best noise-free fitness - Fopt | noise-free fitness - Fopt (2.137000000000e+001) | measured fitness | best measured fitness | x1 | x2...
1 0 +3.245641148e+001 +3.245641148e+001 +5.382641148e+001 +5.382641148e+001 -1.1134e+000 +3.2293e-001
2 0 +8.370955621e+000 +8.370955621e+000 +2.974095562e+001 +2.974095562e+001 +1.2558e-001 -1.2552e+000
14 0 +3.414371947e+000 +3.414371947e+000 +2.478437195e+001 +2.478437195e+001 -6.5120e-001 -5.8401e-001
20 0 +2.317801891e+000 +2.317801891e+000 +2.368780189e+001 +2.368780189e+001 -7.6172e-001 -5.6344e-001
23 0 +1.288621629e+000 +1.288621629e+000 +2.265862163e+001 +2.265862163e+001 +2.7684e-001 +4.8322e-001
26 0 +5.143543353e-001 +5.143543353e-001 +2.188435434e+001 +2.188435434e+001 +1.7926e+000 +1.9746e+000
32 0 +4.926607119e-001 +4.926607119e-001 +2.186266071e+001 +2.186266071e+001 +1.4643e+000 +1.6437e+000
54 0 +3.765969473e-001 +3.765969473e-001 +2.174659695e+001 +2.174659695e+001 +7.1336e-001 +8.1414e-001
194 0 +1.968154984e-001 +1.968154984e-001 +2.156681550e+001 +2.156681550e+001 +1.0047e+000 +1.0624e+000
252 0 +8.314210979e-002 +8.314210979e-002 +2.145314211e+001 +2.145314211e+001 +1.3083e+000 +1.3923e+000
% f evaluations | g evaluations | best noise-free fitness - Fopt | noise-free fitness - Fopt (1.673000000000e+001) | measured fitness | best measured fitness | x1 | x2...
1 0 +5.680124802e+001 +5.680124802e+001 +7.353124802e+001 +7.353124802e+001 -3.6127e-001 -1.1842e+000
2 0 +5.273053777e+001 +5.273053777e+001 +6.946053777e+001 +6.946053777e+001 -5.4652e-001 -9.4843e-001
3 0 +3.282615041e+001 +3.282615041e+001 +4.955615041e+001 +4.955615041e+001 -3.8393e-001 -8.7052e-001
4 0 +2.572765558e+001 +2.572765558e+001 +4.245765558e+001 +4.245765558e+001 +5.6950e-001 -1.5763e+000
7 0 +2.164380140e+001 +2.164380140e+001 +3.837380140e+001 +3.837380140e+001 -1.3492e+000 +6.6060e-001
8 0 +2.087302060e+000 +2.087302060e+000 +1.881730206e+001 +1.881730206e+001 +1.1465e+000 +1.9371e+000
103 0 +1.956212843e+000 +1.956212843e+000 +1.868621284e+001 +1.868621284e+001 +2.0690e+000 +2.8413e+000
112 0 +1.069210285e-001 +1.069210285e-001 +1.683692103e+001 +1.683692103e+001 -2.6673e+000 -2.9830e-001
134 0 +6.066999000e-002 +6.066999000e-002 +1.679066999e+001 +1.679066999e+001 -1.7146e+000 -1.3469e+000
347 0 +5.882889092e-003 +5.882889092e-003 +1.673588289e+001 +1.673588289e+001 -1.3908e+000 -1.6454e+000
1043 0 +6.485483460e-006 +6.485483460e-006 +1.673000649e+001 +1.673000649e+001 -1.1290e+000 -1.8660e+000
% f evaluations | g evaluations | best noise-free fitness - Fopt | noise-free fitness - Fopt (1.000000000000e+003) | measured fitness | best measured fitness | x1 | x2...
1 0 +2.408023459e+001 +2.408023459e+001 +1.024080235e+003 +1.024080235e+003 -6.0229e-001 -1.0223e+000
18 0 +1.924883801e+001 +1.924883801e+001 +1.019248838e+003 +1.019248838e+003 -9.2248e-001 -1.6251e+000
40 0 +7.585432407e+000 +7.585432407e+000 +1.007585432e+003 +1.007585432e+003 -7.5205e-001 +1.1631e+000
90 0 +7.034757278e+000 +7.034757278e+000 +1.007034757e+003 +1.007034757e+003 -7.2640e-001 +1.2961e+000
112 0 +5.878696987e+000 +5.878696987e+000 +1.005878697e+003 +1.005878697e+003 -6.5152e-001 +1.5911e+000
156 0 +2.655900304e+000 +2.655900304e+000 +1.002655900e+003 +1.002655900e+003 -3.1579e-001 +2.6216e+000
185 0 +3.346302633e-003 +3.346302633e-003 +1.000003346e+003 +1.000003346e+003 -1.8428e+000 -3.3178e+000
% f evaluations | g evaluations | best noise-free fitness - Fopt | noise-free fitness - Fopt (-1.079600000000e+002) | measured fitness | best measured fitness | x1 | x2...
1 0 +4.356094835e+001 +4.356094835e+001 -6.439905165e+001 -6.439905165e+001 -1.0602e+000 -4.0535e-001
2 0 +3.624200568e+001 +3.624200568e+001 -7.171799432e+001 -7.171799432e+001 +1.3397e+000 -9.4047e-004
5 0 +3.525010188e+001 +3.525010188e+001 -7.270989812e+001 -7.270989812e+001 +5.5939e-001 -1.3829e+000
6 0 +2.292339168e+001 +2.292339168e+001 -8.503660832e+001 -8.503660832e+001 +1.0045e+000 +2.0508e-001
7 0 +1.504888793e+001 +1.504888793e+001 -9.291111207e+001 -9.291111207e+001 -4.1100e-001 +7.9504e-001
8 0 +5.021781277e-001 +5.021781277e-001 -1.074578219e+002 -1.074578219e+002 +1.7457e+000 +6.5651e-001
50 0 +3.739103132e-003 +3.739103132e-003 -1.079562609e+002 -1.079562609e+002 -2.0231e-001 +1.0150e+000
202 0 +1.496075734e-003 +1.496075734e-003 -1.079585039e+002 -1.079585039e+002 -1.7216e+000 +1.3185e+000
827 0 +2.786701771e-006 +2.786701771e-006 -1.079599972e+002 -1.079599972e+002 -9.9886e-001 +1.1622e+000
% f evaluations | g evaluations | best noise-free fitness - Fopt | noise-free fitness - Fopt (-3.025900000000e+002) | measured fitness | best measured fitness | x1 | x2...
1 0 +1.604318111e+001 +1.604318111e+001 -2.865468189e+002 -2.865468189e+002 -6.0341e-001 -5.4740e-001
2 0 +1.530551940e+001 +1.530551940e+001 -2.872844806e+002 -2.872844806e+002 -1.1797e+000 -3.4534e-002
6 0 +4.585356435e+000 +4.585356435e+000 -2.980046436e+002 -2.980046436e+002 -5.1571e-002 +2.7462e-001
8 0 +2.870539870e+000 +2.870539870e+000 -2.997194601e+002 -2.997194601e+002 -1.3971e+000 +7.6421e-001
18 0 +2.273458222e+000 +2.273458222e+000 -3.003165418e+002 -3.003165418e+002 +1.0091e+000 -8.1181e-001
21 0 +1.985270932e+000 +1.985270932e+000 -3.006047291e+002 -3.006047291e+002 -1.4344e+000 +8.4500e-001
22 0 +3.049313982e-001 +3.049313982e-001 -3.022850686e+002 -3.022850686e+002 +3.8982e-002 +5.8035e-001
40 0 +9.278327865e-004 +9.278327865e-004 -3.025890722e+002 -3.025890722e+002 +2.1164e-001 +4.5111e-001
88 0 +7.765309475e-004 +7.765309475e-004 -3.025892235e+002 -3.025892235e+002 +3.4128e-001 +2.0538e-001
320 0 +1.812048600e-005 +1.812048600e-005 -3.025899819e+002 -3.025899819e+002 +5.0867e-001 -1.5776e-001
481 0 +2.698547121e-006 +2.698547121e-006 -3.025899973e+002 -3.025899973e+002 +3.3968e-001 +1.7200e-001
23913 0 +2.176629891e-006 +2.176629891e-006 -3.025899978e+002 -3.025899978e+002 +3.4130e-001 +1.6578e-001
24324 0 +1.816192480e-006 +1.816192480e-006 -3.025899982e+002 -3.025899982e+002 +3.4549e-001 +1.6106e-001
24412 0 +1.564994079e-006 +1.564994079e-006 -3.025899984e+002 -3.025899984e+002 +3.5132e-001 +1.5000e-001
25205 0 +1.336814250e-006 +1.336814250e-006 -3.025899987e+002 -3.025899987e+002 +3.5463e-001 +1.4357e-001
25621 0 +1.278661387e-006 +1.278661387e-006 -3.025899987e+002 -3.025899987e+002 +3.5350e-001 +1.4196e-001
25707 0 +1.184835810e-006 +1.184835810e-006 -3.025899988e+002 -3.025899988e+002 +3.5396e-001 +1.4335e-001
25797 0 +1.139720496e-006 +1.139720496e-006 -3.025899989e+002 -3.025899989e+002 +3.5429e-001 +1.4096e-001
25964 0 +1.097556833e-006 +1.097556833e-006 -3.025899989e+002 -3.025899989e+002 +3.5440e-001 +1.4130e-001
26071 0 +9.886632029e-007 +9.886632029e-007 -3.025899990e+002 -3.025899990e+002 +3.5742e-001 +1.3789e-001
26319 0 +9.060032653e-007 +9.060032653e-007 -3.025899991e+002 -3.025899991e+002 +3.5642e-001 +1.3679e-001
26407 0 +8.752647886e-007 +8.752647886e-007 -3.025899991e+002 -3.025899991e+002 +3.5695e-001 +1.3775e-001
26676 0 +8.410130476e-007 +8.410130476e-007 -3.025899992e+002 -3.025899992e+002 +3.5750e-001 +1.3425e-001
26940 0 +6.945471682e-007 +6.945471682e-007 -3.025899993e+002 -3.025899993e+002 +3.5876e-001 +1.3226e-001
27141 0 +5.696583116e-007 +5.696583116e-007 -3.025899994e+002 -3.025899994e+002 +3.6078e-001 +1.2834e-001
27415 0 +4.788633419e-007 +4.788633419e-007 -3.025899995e+002 -3.025899995e+002 +3.6279e-001 +1.2593e-001
27454 0 +4.759826311e-007 +4.759826311e-007 -3.025899995e+002 -3.025899995e+002 +3.6270e-001 +1.2570e-001
28514 0 +4.630159083e-007 +4.630159083e-007 -3.025899995e+002 -3.025899995e+002 +3.6315e-001 +1.2507e-001
28642 0 +4.277458743e-007 +4.277458743e-007 -3.025899996e+002 -3.025899996e+002 +3.6429e-001 +1.2304e-001
28962 0 +3.880136319e-007 +3.880136319e-007 -3.025899996e+002 -3.025899996e+002 +3.6655e-001 +1.1957e-001
29346 0 +3.256320156e-007 +3.256320156e-007 -3.025899997e+002 -3.025899997e+002 +3.6708e-001 +1.1656e-001
29427 0 +2.404248676e-007 +2.404248676e-007 -3.025899998e+002 -3.025899998e+002 +3.7060e-001 +1.1146e-001
29447 0 +2.255775939e-007 +2.255775939e-007 -3.025899998e+002 -3.025899998e+002 +3.7055e-001 +1.1106e-001
29502 0 +1.792034823e-007 +1.792034823e-007 -3.025899998e+002 -3.025899998e+002 +3.7387e-001 +1.0521e-001
29878 0 +1.519284183e-007 +1.519284183e-007 -3.025899998e+002 -3.025899998e+002 +3.7483e-001 +1.0116e-001
29975 0 +1.296093615e-007 +1.296093615e-007 -3.025899999e+002 -3.025899999e+002 +3.7579e-001 +1.0070e-001
30084 0 +1.069798259e-007 +1.069798259e-007 -3.025899999e+002 -3.025899999e+002 +3.7953e-001 +9.4786e-002
31378 0 +4.778684115e-008 +4.778684115e-008 -3.025900000e+002 -3.025900000e+002 +3.8249e-001 +8.7932e-002
33030 0 +4.641850637e-008 +4.641850637e-008 -3.025900000e+002 -3.025900000e+002 +3.8401e-001 +8.5424e-002
33092 0 +4.540777354e-008 +4.540777354e-008 -3.025900000e+002 -3.025900000e+002 +3.8449e-001 +8.4554e-002
33143 0 +3.551872396e-008 +3.551872396e-008 -3.025900000e+002 -3.025900000e+002 +3.8513e-001 +8.1155e-002
33178 0 +3.522455927e-008 +3.522455927e-008 -3.025900000e+002 -3.025900000e+002 +3.8534e-001 +8.2551e-002
33841 0 +2.644713959e-008 +2.644713959e-008 -3.025900000e+002 -3.025900000e+002 +3.8539e-001 +8.1769e-002
33924 0 +2.191814019e-008 +2.191814019e-008 -3.025900000e+002 -3.025900000e+002 +3.8586e-001 +8.0756e-002
34060 0 +1.487586587e-008 +1.487586587e-008 -3.025900000e+002 -3.025900000e+002 +3.8712e-001 +7.7825e-002
34147 0 +1.418897000e-008 +1.418897000e-008 -3.025900000e+002 -3.025900000e+002 +3.8754e-001 +7.7898e-002
34264 0 +1.331920885e-008 +1.331920885e-008 -3.025900000e+002 -3.025900000e+002 +3.8793e-001 +7.7202e-002
35185 0 +1.244427494e-008 +1.244427494e-008 -3.025900000e+002 -3.025900000e+002 +3.8798e-001 +7.6346e-002
35390 0 +1.222343826e-008 +1.222343826e-008 -3.025900000e+002 -3.025900000e+002 +3.8881e-001 +7.5604e-002
35475 0 +1.170400310e-008 +1.170400310e-008 -3.025900000e+002 -3.025900000e+002 +3.8942e-001 +7.3248e-002
35684 0 +1.123203219e-008 +1.123203219e-008 -3.025900000e+002 -3.025900000e+002 +3.8973e-001 +7.3289e-002
36090 0 +1.093906121e-008 +1.093906121e-008 -3.025900000e+002 -3.025900000e+002 +3.8992e-001 +7.2551e-002
36136 0 +7.955520687e-009 +7.955520687e-009 -3.025900000e+002 -3.025900000e+002 +3.9094e-001 +7.0733e-002
% f evaluations | g evaluations | best noise-free fitness - Fopt | noise-free fitness - Fopt (-3.065500000000e+002) | measured fitness | best measured fitness | x1 | x2...
1 0 +8.930703342e+000 +8.930703342e+000 -2.976192967e+002 -2.976192967e+002 -6.5567e-001 -3.7214e-001
5 0 +1.996728867e+000 +1.996728867e+000 -3.045532711e+002 -3.045532711e+002 -5.5558e-001 +2.6054e-001
77 0 +1.986604283e+000 +1.986604283e+000 -3.045633957e+002 -3.045633957e+002 -6.3896e-001 +2.0583e-001
82 0 +1.937170944e+000 +1.937170944e+000 -3.046128291e+002 -3.046128291e+002 -9.3463e-001 +8.9504e-001
104 0 +1.523441797e+000 +1.523441797e+000 -3.050265582e+002 -3.050265582e+002 -9.4310e-001 +8.0563e-001
147 0 +1.407615706e+000 +1.407615706e+000 -3.051423843e+002 -3.051423843e+002 -1.1983e+000 +8.0453e-001
218 0 +8.768596786e-001 +8.768596786e-001 -3.056731403e+002 -3.056731403e+002 -1.1958e+000 +6.4991e-001
252 0 +8.586683605e-001 +8.586683605e-001 -3.056913316e+002 -3.056913316e+002 -1.1534e+000 +4.7374e-001
353 0 +7.004722004e-001 +7.004722004e-001 -3.058495278e+002 -3.058495278e+002 -1.0668e+000 +5.4872e-001
