% f evaluations | g evaluations | best noise-free fitness - Fopt | noise-free fitness - Fopt (-1.000000000000e+003) | measured fitness | best measured fitness | x1 | x2...
1 0 +8.432053661e+001 +8.432053661e+001 -9.156794634e+002 -9.156794634e+002
3 0 +8.260392823e+001 +8.260392823e+001 -9.173960718e+002 -9.173960718e+002
8 0 +8.075546675e+001 +8.075546675e+001 -9.192445333e+002 -9.192445333e+002
118 0 +7.879328301e+001 +7.879328301e+001 -9.212067170e+002 -9.212067170e+002
180 0 +7.758040750e+001 +7.758040750e+001 -9.224195925e+002 -9.224195925e+002
232 0 +7.270505148e+001 +7.270505148e+001 -9.272949485e+002 -9.272949485e+002
835 0 +7.221912547e+001 +7.221912547e+001 -9.277808745e+002 -9.277808745e+002
1335 0 +6.991555831e+001 +6.991555831e+001 -9.300844417e+002 -9.300844417e+002
1483 0 +6.724881160e+001 +6.724881160e+001 -9.327511884e+002 -9.327511884e+002
1516 0 +6.545150409e+001 +6.545150409e+001 -9.345484959e+002 -9.345484959e+002
1543 0 +5.629451494e+001 +5.629451494e+001 -9.437054851e+002 -9.437054851e+002
1923 0 +5.095192820e+001 +5.095192820e+001 -9.490480718e+002 -9.490480718e+002
2086 0 +4.965982860e+001 +4.965982860e+001 -9.503401714e+002 -9.503401714e+002
2123 0 +4.333240014e+001 +4.333240014e+001 -9.566675999e+002 -9.566675999e+002
2144 0 +4.243484968e+001 +4.243484968e+001 -9.575651503e+002 -9.575651503e+002
2503 0 +4.035861647e+001 +4.035861647e+001 -9.596413835e+002 -9.596413835e+002
2504 0 +3.936040926e+001 +3.936040926e+001 -9.606395907e+002 -9.606395907e+002
2526 0 +3.868471977e+001 +3.868471977e+001 -9.613152802e+002 -9.613152802e+002
2533 0 +3.798432892e+001 +3.798432892e+001 -9.620156711e+002 -9.620156711e+002
2575 0 +3.349573517e+001 +3.349573517e+001 -9.665042648e+002 -9.665042648e+002
2713 0 +3.272961005e+001 +3.272961005e+001 -9.672703899e+002 -9.672703899e+002
2755 0 +2.948146446e+001 +2.948146446e+001 -9.705185355e+002 -9.705185355e+002
2810 0 +2.713771388e+001 +2.713771388e+001 -9.728622861e+002 -9.728622861e+002
2997 0 +2.562902144e+001 +2.562902144e+001 -9.743709786e+002 -9.743709786e+002
3210 0 +2.507738228e+001 +2.507738228e+001 -9.749226177e+002 -9.749226177e+002
3407 0 +2.338804566e+001 +2.338804566e+001 -9.766119543e+002 -9.766119543e+002
3507 0 +2.212872665e+001 +2.212872665e+001 -9.778712734e+002 -9.778712734e+002
3559 0 +2.166773309e+001 +2.166773309e+001 -9.783322669e+002 -9.783322669e+002
3664 0 +2.074681905e+001 +2.074681905e+001 -9.792531809e+002 -9.792531809e+002
4098 0 +2.022429900e+001 +2.022429900e+001 -9.797757010e+002 -9.797757010e+002
4350 0 +1.989141442e+001 +1.989141442e+001 -9.801085856e+002 -9.801085856e+002
4607 0 +1.941024112e+001 +1.941024112e+001 -9.805897589e+002 -9.805897589e+002
5114 0 +1.904604690e+001 +1.904604690e+001 -9.809539531e+002 -9.809539531e+002
6210 0 +1.860256724e+001 +1.860256724e+001 -9.813974328e+002 -9.813974328e+002
% f evaluations | g evaluations | best noise-free fitness - Fopt | noise-free fitness - Fopt (1.000000000000e+003) | measured fitness | best measured fitness | x1 | x2...
1 0 +8.571212991e+001 +8.571212991e+001 +1.085712130e+003 +1.085712130e+003
2 0 +8.474398897e+001 +8.474398897e+001 +1.084743989e+003 +1.084743989e+003
216 0 +8.260456514e+001 +8.260456514e+001 +1.082604565e+003 +1.082604565e+003
437 0 +8.103933496e+001 +8.103933496e+001 +1.081039335e+003 +1.081039335e+003
607 0 +7.796720920e+001 +7.796720920e+001 +1.077967209e+003 +1.077967209e+003
1506 0 +7.636371164e+001 +7.636371164e+001 +1.076363712e+003 +1.076363712e+003
1718 0 +7.540090784e+001 +7.540090784e+001 +1.075400908e+003 +1.075400908e+003
1962 0 +7.311235598e+001 +7.311235598e+001 +1.073112356e+003 +1.073112356e+003
2032 0 +7.137843348e+001 +7.137843348e+001 +1.071378433e+003 +1.071378433e+003
2043 0 +7.073835869e+001 +7.073835869e+001 +1.070738359e+003 +1.070738359e+003
2403 0 +6.652289052e+001 +6.652289052e+001 +1.066522891e+003 +1.066522891e+003
2414 0 +6.458177619e+001 +6.458177619e+001 +1.064581776e+003 +1.064581776e+003
2564 0 +6.175129505e+001 +6.175129505e+001 +1.061751295e+003 +1.061751295e+003
3316 0 +5.967840003e+001 +5.967840003e+001 +1.059678400e+003 +1.059678400e+003
3613 0 +5.859288815e+001 +5.859288815e+001 +1.058592888e+003 +1.058592888e+003
3697 0 +5.486323454e+001 +5.486323454e+001 +1.054863235e+003 +1.054863235e+003
3934 0 +5.143373654e+001 +5.143373654e+001 +1.051433737e+003 +1.051433737e+003
4018 0 +4.949075636e+001 +4.949075636e+001 +1.049490756e+003 +1.049490756e+003
4088 0 +4.656854645e+001 +4.656854645e+001 +1.046568546e+003 +1.046568546e+003
4477 0 +4.567608693e+001 +4.567608693e+001 +1.045676087e+003 +1.045676087e+003
4496 0 +4.340748116e+001 +4.340748116e+001 +1.043407481e+003 +1.043407481e+003
4524 0 +4.010938768e+001 +4.010938768e+001 +1.040109388e+003 +1.040109388e+003
4699 0 +3.924035379e+001 +3.924035379e+001 +1.039240354e+003 +1.039240354e+003
4705 0 +3.869601156e+001 +3.869601156e+001 +1.038696012e+003 +1.038696012e+003
4755 0 +3.430774721e+001 +3.430774721e+001 +1.034307747e+003 +1.034307747e+003
4903 0 +3.021806103e+001 +3.021806103e+001 +1.030218061e+003 +1.030218061e+003
5525 0 +3.019763860e+001 +3.019763860e+001 +1.030197639e+003 +1.030197639e+003
5557 0 +2.877228436e+001 +2.877228436e+001 +1.028772284e+003 +1.028772284e+003
5623 0 +2.807593336e+001 +2.807593336e+001 +1.028075933e+003 +1.028075933e+003
5700 0 +2.685644025e+001 +2.685644025e+001 +1.026856440e+003 +1.026856440e+003
5897 0 +2.516894664e+001 +2.516894664e+001 +1.025168947e+003 +1.025168947e+003
6554 0 +2.483606361e+001 +2.483606361e+001 +1.024836064e+003 +1.024836064e+003
6876 0 +2.431209437e+001 +2.431209437e+001 +1.024312094e+003 +1.024312094e+003
7018 0 +2.374138169e+001 +2.374138169e+001 +1.023741382e+003 +1.023741382e+003
7136 0 +2.257902594e+001 +2.257902594e+001 +1.022579026e+003 +1.022579026e+003
7750 0 +2.186986635e+001 +2.186986635e+001 +1.021869866e+003 +1.021869866e+003
8001 0 +2.097583429e+001 +2.097583429e+001 +1.020975834e+003 +1.020975834e+003
8230 0 +2.070029965e+001 +2.070029965e+001 +1.020700300e+003 +1.020700300e+003
8417 0 +2.021705620e+001 +2.021705620e+001 +1.020217056e+003 +1.020217056e+003
8518 0 +1.986169091e+001 +1.986169091e+001 +1.019861691e+003 +1.019861691e+003
9490 0 +1.926624840e+001 +1.926624840e+001 +1.019266248e+003 +1.019266248e+003
9915 0 +1.902830413e+001 +1.902830413e+001 +1.019028304e+003 +1.019028304e+003
11226 0 +1.858841507e+001 +1.858841507e+001 +1.018588415e+003 +1.018588415e+003
% f evaluations | g evaluations | best noise-free fitness - Fopt | noise-free fitness - Fopt (-4.913000000000e+001) | measured fitness | best measured fitness | x1 | x2...
1 0 +8.209963170e+001 +8.209963170e+001 +3.296963170e+001 +3.296963170e+001
5 0 +8.178734554e+001 +8.178734554e+001 +3.265734554e+001 +3.265734554e+001
23 0 +8.115426021e+001 +8.115426021e+001 +3.202426021e+001 +3.202426021e+001
55 0 +7.889862879e+001 +7.889862879e+001 +2.976862879e+001 +2.976862879e+001
244 0 +7.754013388e+001 +7.754013388e+001 +2.841013388e+001 +2.841013388e+001
307 0 +7.444536765e+001 +7.444536765e+001 +2.531536765e+001 +2.531536765e+001
734 0 +7.407751762e+001 +7.407751762e+001 +2.494751762e+001 +2.494751762e+001
1322 0 +6.984255328e+001 +6.984255328e+001 +2.071255328e+001 +2.071255328e+001
1437 0 +6.897106259e+001 +6.897106259e+001 +1.984106259e+001 +1.984106259e+001
1664 0 +6.725456879e+001 +6.725456879e+001 +1.812456879e+001 +1.812456879e+001
1906 0 +6.534786459e+001 +6.534786459e+001 +1.621786459e+001 +1.621786459e+001
1912 0 +6.303766992e+001 +6.303766992e+001 +1.390766992e+001 +1.390766992e+001
2050 0 +5.502927828e+001 +5.502927828e+001 +5.899278277e+000 +5.899278277e+000
2407 0 +3.382641007e+001 +3.382641007e+001 -1.530358993e+001 -1.530358993e+001
2604 0 +3.012699723e+001 +3.012699723e+001 -1.900300277e+001 -1.900300277e+001
2730 0 +2.867758310e+001 +2.867758310e+001 -2.045241690e+001 -2.045241690e+001
2739 0 +2.783621117e+001 +2.783621117e+001 -2.129378883e+001 -2.129378883e+001
2753 0 +2.678394515e+001 +2.678394515e+001 -2.234605485e+001 -2.234605485e+001
2786 0 +2.512365738e+001 +2.512365738e+001 -2.400634262e+001 -2.400634262e+001
2993 0 +2.121459687e+001 +2.121459687e+001 -2.791540313e+001 -2.791540313e+001
3104 0 +2.059804233e+001 +2.059804233e+001 -2.853195767e+001 -2.853195767e+001
3110 0 +1.940683065e+001 +1.940683065e+001 -2.972316935e+001 -2.972316935e+001
3116 0 +1.802963703e+001 +1.802963703e+001 -3.110036297e+001 -3.110036297e+001
3226 0 +1.596993509e+001 +1.596993509e+001 -3.316006491e+001 -3.316006491e+001
3256 0 +1.459518711e+001 +1.459518711e+001 -3.453481289e+001 -3.453481289e+001
3275 0 +1.416743101e+001 +1.416743101e+001 -3.496256899e+001 -3.496256899e+001
3324 0 +1.347471481e+001 +1.347471481e+001 -3.565528519e+001 -3.565528519e+001
3329 0 +1.249483757e+001 +1.249483757e+001 -3.663516243e+001 -3.663516243e+001
3376 0 +1.226901898e+001 +1.226901898e+001 -3.686098102e+001 -3.686098102e+001
3416 0 +1.177891552e+001 +1.177891552e+001 -3.735108448e+001 -3.735108448e+001
3419 0 +1.003667765e+001 +1.003667765e+001 -3.909332235e+001 -3.909332235e+001
3599 0 +8.839520121e+000 +8.839520121e+000 -4.029047988e+001 -4.029047988e+001
3614 0 +8.626053557e+000 +8.626053557e+000 -4.050394644e+001 -4.050394644e+001
3630 0 +8.371964414e+000 +8.371964414e+000 -4.075803559e+001 -4.075803559e+001
3728 0 +7.387416262e+000 +7.387416262e+000 -4.174258374e+001 -4.174258374e+001
3853 0 +6.163970399e+000 +6.163970399e+000 -4.296602960e+001 -4.296602960e+001
4076 0 +5.951973697e+000 +5.951973697e+000 -4.317802630e+001 -4.317802630e+001
4507 0 +5.256767717e+000 +5.256767717e+000 -4.387323228e+001 -4.387323228e+001
4708 0 +5.187306553e+000 +5.187306553e+000 -4.394269345e+001 -4.394269345e+001
4732 0 +4.919204604e+000 +4.919204604e+000 -4.421079540e+001 -4.421079540e+001
4813 0 +4.608995404e+000 +4.608995404e+000 -4.452100460e+001 -4.452100460e+001
4815 0 +4.462076956e+000 +4.462076956e+000 -4.466792304e+001 -4.466792304e+001
4835 0 +4.209134904e+000 +4.209134904e+000 -4.492086510e+001 -4.492086510e+001
4852 0 +4.149486301e+000 +4.149486301e+000 -4.498051370e+001 -4.498051370e+001
5170 0 +3.856299395e+000 +3.856299395e+000 -4.527370061e+001 -4.527370061e+001
5288 0 +3.730563860e+000 +3.730563860e+000 -4.539943614e+001 -4.539943614e+001
5304 0 +3.686715997e+000 +3.686715997e+000 -4.544328400e+001 -4.544328400e+001
5322 0 +3.597883408e+000 +3.597883408e+000 -4.553211659e+001 -4.553211659e+001
5403 0 +3.512515212e+000 +3.512515212e+000 -4.561748479e+001 -4.561748479e+001
5483 0 +3.337633973e+000 +3.337633973e+000 -4.579236603e+001 -4.579236603e+001
5570 0 +3.223759550e+000 +3.223759550e+000 -4.590624045e+001 -4.590624045e+001
5584 0 +3.131274227e+000 +3.131274227e+000 -4.599872577e+001 -4.599872577e+001
5646 0 +2.993064515e+000 +2.993064515e+000 -4.613693549e+001 -4.613693549e+001
5824 0 +2.866388529e+000 +2.866388529e+000 -4.626361147e+001 -4.626361147e+001
5924 0 +2.798938040e+000 +2.798938040e+000 -4.633106196e+001 -4.633106196e+001
6113 0 +2.711755719e+000 +2.711755719e+000 -4.641824428e+001 -4.641824428e+001
6502 0 +2.661166345e+000 +2.661166345e+000 -4.646883366e+001 -4.646883366e+001
7286 0 +2.623625409e+000 +2.623625409e+000 -4.650637459e+001 -4.650637459e+001
% f evaluations | g evaluations | best noise-free fitness - Fopt | noise-free fitness - Fopt (2.977300000000e+002) | measured fitness | best measured fitness | x1 | x2...
1 0 +8.238630836e+001 +8.238630836e+001 +3.801163084e+002 +3.801163084e+002
11 0 +8.193643404e+001 +8.193643404e+001 +3.796664340e+002 +3.796664340e+002
24 0 +8.089185609e+001 +8.089185609e+001 +3.786218561e+002 +3.786218561e+002
94 0 +7.712055011e+001 +7.712055011e+001 +3.748505501e+002 +3.748505501e+002
164 0 +7.547846811e+001 +7.547846811e+001 +3.732084681e+002 +3.732084681e+002
896 0 +7.310680493e+001 +7.310680493e+001 +3.708368049e+002 +3.708368049e+002
1262 0 +7.100352903e+001 +7.100352903e+001 +3.687335290e+002 +3.687335290e+002
1325 0 +7.015012941e+001 +7.015012941e+001 +3.678801294e+002 +3.678801294e+002
1359 0 +5.297442287e+001 +5.297442287e+001 +3.507044229e+002 +3.507044229e+002
1769 0 +4.874898119e+001 +4.874898119e+001 +3.464789812e+002 +3.464789812e+002
1911 0 +4.172826974e+001 +4.172826974e+001 +3.394582697e+002 +3.394582697e+002
1992 0 +3.878401395e+001 +3.878401395e+001 +3.365140139e+002 +3.365140139e+002
2244 0 +3.008765973e+001 +3.008765973e+001 +3.278176597e+002 +3.278176597e+002
2279 0 +2.486921641e+001 +2.486921641e+001 +3.225992164e+002 +3.225992164e+002
2421 0 +2.079285600e+001 +2.079285600e+001 +3.185228560e+002 +3.185228560e+002
2713 0 +1.474078755e+001 +1.474078755e+001 +3.124707876e+002 +3.124707876e+002
2886 0 +1.427860536e+001 +1.427860536e+001 +3.120086054e+002 +3.120086054e+002
2907 0 +1.367526243e+001 +1.367526243e+001 +3.114052624e+002 +3.114052624e+002
2925 0 +1.219312903e+001 +1.219312903e+001 +3.099231290e+002 +3.099231290e+002
2944 0 +1.058683834e+001 +1.058683834e+001 +3.083168383e+002 +3.083168383e+002
2946 0 +1.016288461e+001 +1.016288461e+001 +3.078928846e+002 +3.078928846e+002
3126 0 +9.281463771e+000 +9.281463771e+000 +3.070114638e+002 +3.070114638e+002
3203 0 +7.787536365e+000 +7.787536365e+000 +3.055175364e+002 +3.055175364e+002
3241 0 +7.679230627e+000 +7.679230627e+000 +3.054092306e+002 +3.054092306e+002
3312 0 +6.350367687e+000 +6.350367687e+000 +3.040803677e+002 +3.040803677e+002
3321 0 +4.963644529e+000 +4.963644529e+000 +3.026936445e+002 +3.026936445e+002
3421 0 +4.868300671e+000 +4.868300671e+000 +3.025983007e+002 +3.025983007e+002
3603 0 +3.828284781e+000 +3.828284781e+000 +3.015582848e+002 +3.015582848e+002
3714 0 +3.149830386e+000 +3.149830386e+000 +3.008798304e+002 +3.008798304e+002
3738 0 +2.407824936e+000 +2.407824936e+000 +3.001378249e+002 +3.001378249e+002
3848 0 +2.337960136e+000 +2.337960136e+000 +3.000679601e+002 +3.000679601e+002
3888 0 +2.080522075e+000 +2.080522075e+000 +2.998105221e+002 +2.998105221e+002
4063 0 +2.010501971e+000 +2.010501971e+000 +2.997405020e+002 +2.997405020e+002
4198 0 +1.950489199e+000 +1.950489199e+000 +2.996804892e+002 +2.996804892e+002
4608 0 +1.927523778e+000 +1.927523778e+000 +2.996575238e+002 +2.996575238e+002
4711 0 +1.808024893e+000 +1.808024893e+000 +2.995380249e+002 +2.995380249e+002
4806 0 +1.773013794e+000 +1.773013794e+000 +2.995030138e+002 +2.995030138e+002
4808 0 +1.584178033e+000 +1.584178033e+000 +2.993141780e+002 +2.993141780e+002
4939 0 +1.527044649e+000 +1.527044649e+000 +2.992570446e+002 +2.992570446e+002
5005 0 +1.379972568e+000 +1.379972568e+000 +2.991099726e+002 +2.991099726e+002
5419 0 +1.188077911e+000 +1.188077911e+000 +2.989180779e+002 +2.989180779e+002
5707 0 +1.136873103e+000 +1.136873103e+000 +2.988668731e+002 +2.988668731e+002
5783 0 +1.106042033e+000 +1.106042033e+000 +2.988360420e+002 +2.988360420e+002
5811 0 +1.064733360e+000 +1.064733360e+000 +2.987947334e+002 +2.987947334e+002
5915 0 +1.047043227e+000 +1.047043227e+000 +2.987770432e+002 +2.987770432e+002
5923 0 +1.018872136e+000 +1.018872136e+000 +2.987488721e+002 +2.987488721e+002
6012 0 +9.851863965e-001 +9.851863965e-001 +2.987151864e+002 +2.987151864e+002
6103 0 +9.509550594e-001 +9.509550594e-001 +2.986809551e+002 +2.986809551e+002
6177 0 +8.564800892e-001 +8.564800892e-001 +2.985864801e+002 +2.985864801e+002
6204 0 +8.280253866e-001 +8.280253866e-001 +2.985580254e+002 +2.985580254e+002
6487 0 +7.852167266e-001 +7.852167266e-001 +2.985152167e+002 +2.985152167e+002
6694 0 +7.757742322e-001 +7.757742322e-001 +2.985057742e+002 +2.985057742e+002
6833 0 +7.579277418e-001 +7.579277418e-001 +2.984879277e+002 +2.984879277e+002
7234 0 +7.349369199e-001 +7.349369199e-001 +2.984649369e+002 +2.984649369e+002
7755 0 +7.211236733e-001 +7.211236733e-001 +2.984511237e+002 +2.984511237e+002
8415 0 +7.071642222e-001 +7.071642222e-001 +2.984371642e+002 +2.984371642e+002
% f evaluations | g evaluations | best noise-free fitness - Fopt | noise-free fitness - Fopt (5.157000000000e+001) | measured fitness | best measured fitness | x1 | x2...
1 0 +8.387803581e+001 +8.387803581e+001 +1.354480358e+002 +1.354480358e+002
2 0 +8.343476765e+001 +8.343476765e+001 +1.350047676e+002 +1.350047676e+002
6 0 +8.290545743e+001 +8.290545743e+001 +1.344754574e+002 +1.344754574e+002
228 0 +8.123504981e+001 +8.123504981e+001 +1.328050498e+002 +1.328050498e+002
347 0 +7.510170989e+001 +7.510170989e+001 +1.266717099e+002 +1.266717099e+002
1069 0 +7.383276365e+001 +7.383276365e+001 +1.254027637e+002 +1.254027637e+002
1455 0 +6.988933582e+001 +6.988933582e+001 +1.214593358e+002 +1.214593358e+002
1457 0 +6.665111419e+001 +6.665111419e+001 +1.182211142e+002 +1.182211142e+002
1743 0 +6.441348642e+001 +6.441348642e+001 +1.159834864e+002 +1.159834864e+002
1806 0 +5.964945301e+001 +5.964945301e+001 +1.112194530e+002 +1.112194530e+002
1821 0 +5.761452639e+001 +5.761452639e+001 +1.091845264e+002 +1.091845264e+002
1877 0 +5.186978776e+001 +5.186978776e+001 +1.034397878e+002 +1.034397878e+002
2015 0 +4.911949758e+001 +4.911949758e+001 +1.006894976e+002 +1.006894976e+002
2104 0 +4.717562132e+001 +4.717562132e+001 +9.874562132e+001 +9.874562132e+001
2162 0 +4.333471509e+001 +4.333471509e+001 +9.490471509e+001 +9.490471509e+001
2218 0 +4.171821264e+001 +4.171821264e+001 +9.328821264e+001 +9.328821264e+001
2230 0 +2.929923183e+001 +2.929923183e+001 +8.086923183e+001 +8.086923183e+001
2589 0 +2.572188457e+001 +2.572188457e+001 +7.729188457e+001 +7.729188457e+001
2613 0 +2.231409482e+001 +2.231409482e+001 +7.388409482e+001 +7.388409482e+001
2617 0 +2.069228381e+001 +2.069228381e+001 +7.226228381e+001 +7.226228381e+001
2710 0 +1.912708679e+001 +1.912708679e+001 +7.069708679e+001 +7.069708679e+001
2882 0 +1.894442374e+001 +1.894442374e+001 +7.051442374e+001 +7.051442374e+001
2970 0 +1.634261365e+001 +1.634261365e+001 +6.791261365e+001 +6.791261365e+001
3011 0 +1.579330693e+001 +1.579330693e+001 +6.736330693e+001 +6.736330693e+001
3032 0 +1.520103401e+001 +1.520103401e+001 +6.677103401e+001 +6.677103401e+001
3069 0 +1.511587190e+001 +1.511587190e+001 +6.668587190e+001 +6.668587190e+001
3092 0 +1.445902261e+001 +1.445902261e+001 +6.602902261e+001 +6.602902261e+001
3101 0 +1.333098538e+001 +1.333098538e+001 +6.490098538e+001 +6.490098538e+001
3147 0 +9.922305745e+000 +9.922305745e+000 +6.149230575e+001 +6.149230575e+001
3193 0 +8.128509201e+000 +8.128509201e+000 +5.969850920e+001 +5.969850920e+001
3530 0 +7.638447632e+000 +7.638447632e+000 +5.920844763e+001 +5.920844763e+001
3575 0 +6.777677073e+000 +6.777677073e+000 +5.834767707e+001 +5.834767707e+001
3770 0 +6.290634119e+000 +6.290634119e+000 +5.786063412e+001 +5.786063412e+001
3820 0 +3.737009751e+000 +3.737009751e+000 +5.530700975e+001 +5.530700975e+001
4026 0 +3.361033705e+000 +3.361033705e+000 +5.493103371e+001 +5.493103371e+001
4085 0 +2.931309765e+000 +2.931309765e+000 +5.450130976e+001 +5.450130976e+001
4151 0 +2.555716664e+000 +2.555716664e+000 +5.412571666e+001 +5.412571666e+001
4154 0 +2.347295632e+000 +2.347295632e+000 +5.391729563e+001 +5.391729563e+001
4335 0 +2.135350455e+000 +2.135350455e+000 +5.370535046e+001 +5.370535046e+001
4521 0 +2.035199918e+000 +2.035199918e+000 +5.360519992e+001 +5.360519992e+001
4801 0 +1.992212544e+000 +1.992212544e+000 +5.356221254e+001 +5.356221254e+001
4804 0 +1.940804361e+000 +1.940804361e+000 +5.351080436e+001 +5.351080436e+001
4982 0 +1.846744517e+000 +1.846744517e+000 +5.341674452e+001 +5.341674452e+001
4986 0 +1.819312639e+000 +1.819312639e+000 +5.338931264e+001 +5.338931264e+001
5101 0 +1.646721005e+000 +1.646721005e+000 +5.321672101e+001 +5.321672101e+001
5215 0 +1.443870470e+000 +1.443870470e+000 +5.301387047e+001 +5.301387047e+001
5322 0 +1.336449553e+000 +1.336449553e+000 +5.290644955e+001 +5.290644955e+001
5812 0 +1.293187911e+000 +1.293187911e+000 +5.286318791e+001 +5.286318791e+001
5817 0 +1.243943741e+000 +1.243943741e+000 +5.281394374e+001 +5.281394374e+001
5872 0 +1.213218803e+000 +1.213218803e+000 +5.278321880e+001 +5.278321880e+001
5904 0 +1.093157428e+000 +1.093157428e+000 +5.266315743e+001 +5.266315743e+001
6134 0 +1.046946303e+000 +1.046946303e+000 +5.261694630e+001 +5.261694630e+001
6204 0 +1.022278254e+000 +1.022278254e+000 +5.259227825e+001 +5.259227825e+001
6280 0 +9.438313989e-001 +9.438313989e-001 +5.251383140e+001 +5.251383140e+001
6364 0 +9.110848050e-001 +9.110848050e-001 +5.248108481e+001 +5.248108481e+001
6472 0 +8.770894464e-001 +8.770894464e-001 +5.244708945e+001 +5.244708945e+001
6533 0 +8.709183248e-001 +8.709183248e-001 +5.244091832e+001 +5.244091832e+001
6960 0 +8.378412258e-001 +8.378412258e-001 +5.240784123e+001 +5.240784123e+001
7024 0 +7.520964027e-001 +7.520964027e-001 +5.232209640e+001 +5.232209640e+001
7618 0 +7.263967804e-001 +7.263967804e-001 +5.229639678e+001 +5.229639678e+001
7903 0 +7.211659327e-001 +7.211659327e-001 +5.229116593e+001 +5.229116593e+001
8403 0 +7.064083741e-001 +7.064083741e-001 +5.227640837e+001 +5.227640837e+001
% f evaluations | g evaluations | best noise-free fitness - Fopt | noise-free fitness - Fopt (1.527100000000e+002) | measured fitness | best measured fitness | x1 | x2...
1 0 +8.445367224e+001 +8.445367224e+001 +2.371636722e+002 +2.371636722e+002
2 0 +8.412739938e+001 +8.412739938e+001 +2.368373994e+002 +2.368373994e+002
4 0 +8.254519874e+001 +8.254519874e+001 +2.352551987e+002 +2.352551987e+002
38 0 +8.124584358e+001 +8.124584358e+001 +2.339558436e+002 +2.339558436e+002
126 0 +7.731049611e+001 +7.731049611e+001 +2.300204961e+002 +2.300204961e+002
329 0 +7.503076482e+001 +7.503076482e+001 +2.277407648e+002 +2.277407648e+002
757 0 +6.953515089e+001 +6.953515089e+001 +2.222451509e+002 +2.222451509e+002
806 0 +6.458632947e+001 +6.458632947e+001 +2.172963295e+002 +2.172963295e+002
1047 0 +6.446758574e+001 +6.446758574e+001 +2.171775857e+002 +2.171775857e+002
1110 0 +5.165663391e+001 +5.165663391e+001 +2.043666339e+002 +2.043666339e+002
1619 0 +4.964105731e+001 +4.964105731e+001 +2.023510573e+002 +2.023510573e+002
1728 0 +4.051539264e+001 +4.051539264e+001 +1.932253926e+002 +1.932253926e+002
1902 0 +3.773997633e+001 +3.773997633e+001 +1.904499763e+002 +1.904499763e+002
2005 0 +2.903565363e+001 +2.903565363e+001 +1.817456536e+002 +1.817456536e+002
2115 0 +2.419021913e+001 +2.419021913e+001 +1.769002191e+002 +1.769002191e+002
2221 0 +2.067737424e+001 +2.067737424e+001 +1.733873742e+002 +1.733873742e+002
2285 0 +1.978779632e+001 +1.978779632e+001 +1.724977963e+002 +1.724977963e+002
2490 0 +1.747235558e+001 +1.747235558e+001 +1.701823556e+002 +1.701823556e+002
2673 0 +1.380917078e+001 +1.380917078e+001 +1.665191708e+002 +1.665191708e+002
2717 0 +1.128752323e+001 +1.128752323e+001 +1.639975232e+002 +1.639975232e+002
2734 0 +9.604279447e+000 +9.604279447e+000 +1.623142794e+002 +1.623142794e+002
2919 0 +8.843630546e+000 +8.843630546e+000 +1.615536305e+002 +1.615536305e+002
3008 0 +8.083225932e+000 +8.083225932e+000 +1.607932259e+002 +1.607932259e+002
3026 0 +7.058577597e+000 +7.058577597e+000 +1.597685776e+002 +1.597685776e+002
3161 0 +6.698921821e+000 +6.698921821e+000 +1.594089218e+002 +1.594089218e+002
3207 0 +5.801513686e+000 +5.801513686e+000 +1.585115137e+002 +1.585115137e+002
3217 0 +4.778394229e+000 +4.778394229e+000 +1.574883942e+002 +1.574883942e+002
3506 0 +4.526746398e+000 +4.526746398e+000 +1.572367464e+002 +1.572367464e+002
3563 0 +4.345663367e+000 +4.345663367e+000 +1.570556634e+002 +1.570556634e+002
3668 0 +2.561599649e+000 +2.561599649e+000 +1.552715996e+002 +1.552715996e+002
3828 0 +2.331020504e+000 +2.331020504e+000 +1.550410205e+002 +1.550410205e+002
3967 0 +2.239675779e+000 +2.239675779e+000 +1.549496758e+002 +1.549496758e+002
4052 0 +2.220994442e+000 +2.220994442e+000 +1.549309944e+002 +1.549309944e+002
4104 0 +2.120357069e+000 +2.120357069e+000 +1.548303571e+002 +1.548303571e+002
4113 0 +1.987303369e+000 +1.987303369e+000 +1.546973034e+002 +1.546973034e+002
4403 0 +1.939940219e+000 +1.939940219e+000 +1.546499402e+002 +1.546499402e+002
4634 0 +1.876276135e+000 +1.876276135e+000 +1.545862761e+002 +1.545862761e+002
4717 0 +1.752465148e+000 +1.752465148e+000 +1.544624651e+002 +1.544624651e+002
4755 0 +1.586918094e+000 +1.586918094e+000 +1.542969181e+002 +1.542969181e+002
4804 0 +1.517082685e+000 +1.517082685e+000 +1.542270827e+002 +1.542270827e+002
4848 0 +1.405895274e+000 +1.405895274e+000 +1.541158953e+002 +1.541158953e+002
5202 0 +1.236817049e+000 +1.236817049e+000 +1.539468170e+002 +1.539468170e+002
5316 0 +1.227423346e+000 +1.227423346e+000 +1.539374233e+002 +1.539374233e+002
5322 0 +1.162635200e+000 +1.162635200e+000 +1.538726352e+002 +1.538726352e+002
5331 0 +1.126581210e+000 +1.126581210e+000 +1.538365812e+002 +1.538365812e+002
5353 0 +1.087896082e+000 +1.087896082e+000 +1.537978961e+002 +1.537978961e+002
5378 0 +1.054858335e+000 +1.054858335e+000 +1.537648583e+002 +1.537648583e+002
5405 0 +1.020298529e+000 +1.020298529e+000 +1.537302985e+002 +1.537302985e+002
5531 0 +9.563662054e-001 +9.563662054e-001 +1.536663662e+002 +1.536663662e+002
5561 0 +9.334635365e-001 +9.334635365e-001 +1.536434635e+002 +1.536434635e+002
5588 0 +9.043524657e-001 +9.043524657e-001 +1.536143525e+002 +1.536143525e+002
5721 0 +8.860468835e-001 +8.860468835e-001 +1.535960469e+002 +1.535960469e+002
5725 0 +8.532261035e-001 +8.532261035e-001 +1.535632261e+002 +1.535632261e+002
5821 0 +8.390538660e-001 +8.390538660e-001 +1.535490539e+002 +1.535490539e+002
5824 0 +8.313191664e-001 +8.313191664e-001 +1.535413192e+002 +1.535413192e+002
5982 0 +7.982404849e-001 +7.982404849e-001 +1.535082405e+002 +1.535082405e+002
6057 0 +7.762797392e-001 +7.762797392e-001 +1.534862797e+002 +1.534862797e+002
6203 0 +7.708812295e-001 +7.708812295e-001 +1.534808812e+002 +1.534808812e+002
6260 0 +7.542488689e-001 +7.542488689e-001 +1.534642489e+002 +1.534642489e+002
6441 0 +7.379644004e-001 +7.379644004e-001 +1.534479644e+002 +1.534479644e+002
7269 0 +7.232888912e-001 +7.232888912e-001 +1.534332889e+002 +1.534332889e+002
7942 0 +7.078888429e-001 +7.078888429e-001 +1.534178888e+002 +1.534178888e+002
% f evaluations | g evaluations | best noise-free fitness - Fopt | noise-free fitness - Fopt (9.980000000000e+001) | measured fitness | best measured fitness | x1 | x2...
1 0 +8.120549579e+001 +8.120549579e+001 +1.810054958e+002 +1.810054958e+002
3 0 +7.813364989e+001 +7.813364989e+001 +1.779336499e+002 +1.779336499e+002
39 0 +7.751279130e+001 +7.751279130e+001 +1.773127913e+002 +1.773127913e+002
95 0 +7.559424903e+001 +7.559424903e+001 +1.753942490e+002 +1.753942490e+002
103 0 +7.328356374e+001 +7.328356374e+001 +1.730835637e+002 +1.730835637e+002
350 0 +7.183483883e+001 +7.183483883e+001 +1.716348388e+002 +1.716348388e+002
400 0 +7.064193419e+001 +7.064193419e+001 +1.704419342e+002 +1.704419342e+002
863 0 +6.805394981e+001 +6.805394981e+001 +1.678539498e+002 +1.678539498e+002
901 0 +5.971085889e+001 +5.971085889e+001 +1.595108589e+002 +1.595108589e+002
1524 0 +5.565140547e+001 +5.565140547e+001 +1.554514055e+002 +1.554514055e+002
1564 0 +3.301119532e+001 +3.301119532e+001 +1.328111953e+002 +1.328111953e+002
1953 0 +2.943151483e+001 +2.943151483e+001 +1.292315148e+002 +1.292315148e+002
2017 0 +2.591825504e+001 +2.591825504e+001 +1.257182550e+002 +1.257182550e+002
2181 0 +2.401283262e+001 +2.401283262e+001 +1.238128326e+002 +1.238128326e+002
2373 0 +2.232654849e+001 +2.232654849e+001 +1.221265485e+002 +1.221265485e+002
2525 0 +2.085421902e+001 +2.085421902e+001 +1.206542190e+002 +1.206542190e+002
2530 0 +1.983095996e+001 +1.983095996e+001 +1.196309600e+002 +1.196309600e+002
2558 0 +1.921310716e+001 +1.921310716e+001 +1.190131072e+002 +1.190131072e+002
2606 0 +1.521569292e+001 +1.521569292e+001 +1.150156929e+002 +1.150156929e+002
2632 0 +1.451646132e+001 +1.451646132e+001 +1.143164613e+002 +1.143164613e+002
2950 0 +1.380257926e+001 +1.380257926e+001 +1.136025793e+002 +1.136025793e+002
2996 0 +1.339826614e+001 +1.339826614e+001 +1.131982661e+002 +1.131982661e+002
3216 0 +1.140779557e+001 +1.140779557e+001 +1.112077956e+002 +1.112077956e+002
3497 0 +1.118343517e+001 +1.118343517e+001 +1.109834352e+002 +1.109834352e+002
3501 0 +9.533079545e+000 +9.533079545e+000 +1.093330795e+002 +1.093330795e+002
3561 0 +8.910136564e+000 +8.910136564e+000 +1.087101366e+002 +1.087101366e+002
3664 0 +8.028534834e+000 +8.028534834e+000 +1.078285348e+002 +1.078285348e+002
3835 0 +7.657792744e+000 +7.657792744e+000 +1.074577927e+002 +1.074577927e+002
3920 0 +7.003175311e+000 +7.003175311e+000 +1.068031753e+002 +1.068031753e+002
4004 0 +5.566274483e+000 +5.566274483e+000 +1.053662745e+002 +1.053662745e+002
4706 0 +4.480653339e+000 +4.480653339e+000 +1.042806533e+002 +1.042806533e+002
4798 0 +3.367440060e+000 +3.367440060e+000 +1.031674401e+002 +1.031674401e+002
5040 0 +3.060840842e+000 +3.060840842e+000 +1.028608408e+002 +1.028608408e+002
5209 0 +2.449573943e+000 +2.449573943e+000 +1.022495739e+002 +1.022495739e+002
5220 0 +2.379897889e+000 +2.379897889e+000 +1.021798979e+002 +1.021798979e+002
5456 0 +2.241879339e+000 +2.241879339e+000 +1.020418793e+002 +1.020418793e+002
5974 0 +2.232597726e+000 +2.232597726e+000 +1.020325977e+002 +1.020325977e+002
6230 0 +2.095715849e+000 +2.095715849e+000 +1.018957158e+002 +1.018957158e+002
6820 0 +2.074009959e+000 +2.074009959e+000 +1.018740100e+002 +1.018740100e+002
6849 0 +2.031332015e+000 +2.031332015e+000 +1.018313320e+002 +1.018313320e+002
8395 0 +1.993397272e+000 +1.993397272e+000 +1.017933973e+002 +1.017933973e+002
% f evaluations | g evaluations | best noise-free fitness - Fopt | noise-free fitness - Fopt (-1.194100000000e+002) | measured fitness | best measured fitness | x1 | x2...
1 0 +8.339887273e+001 +8.339887273e+001 -3.601112727e+001 -3.601112727e+001
3 0 +8.147910223e+001 +8.147910223e+001 -3.793089777e+001 -3.793089777e+001
11 0 +8.038966500e+001 +8.038966500e+001 -3.902033500e+001 -3.902033500e+001
116 0 +7.541997930e+001 +7.541997930e+001 -4.399002070e+001 -4.399002070e+001
603 0 +7.248911889e+001 +7.248911889e+001 -4.692088111e+001 -4.692088111e+001
665 0 +6.685492986e+001 +6.685492986e+001 -5.255507014e+001 -5.255507014e+001
1211 0 +6.571120299e+001 +6.571120299e+001 -5.369879701e+001 -5.369879701e+001
1224 0 +6.139698700e+001 +6.139698700e+001 -5.801301300e+001 -5.801301300e+001
1300 0 +3.865452938e+001 +3.865452938e+001 -8.075547062e+001 -8.075547062e+001
1556 0 +3.642532335e+001 +3.642532335e+001 -8.298467665e+001 -8.298467665e+001
1714 0 +3.604910468e+001 +3.604910468e+001 -8.336089532e+001 -8.336089532e+001
1721 0 +3.531231077e+001 +3.531231077e+001 -8.409768923e+001 -8.409768923e+001
1779 0 +3.436498636e+001 +3.436498636e+001 -8.504501364e+001 -8.504501364e+001
1811 0 +3.160924976e+001 +3.160924976e+001 -8.780075024e+001 -8.780075024e+001
1818 0 +2.587688761e+001 +2.587688761e+001 -9.353311239e+001 -9.353311239e+001
1859 0 +2.569143168e+001 +2.569143168e+001 -9.371856832e+001 -9.371856832e+001
1860 0 +2.119488391e+001 +2.119488391e+001 -9.821511609e+001 -9.821511609e+001
1866 0 +1.870951670e+001 +1.870951670e+001 -1.007004833e+002 -1.007004833e+002
1984 0 +1.751423857e+001 +1.751423857e+001 -1.018957614e+002 -1.018957614e+002
2030 0 +1.312854409e+001 +1.312854409e+001 -1.062814559e+002 -1.062814559e+002
2102 0 +9.713413350e+000 +9.713413350e+000 -1.096965866e+002 -1.096965866e+002
2391 0 +9.236000349e+000 +9.236000349e+000 -1.101739997e+002 -1.101739997e+002
2396 0 +7.647111241e+000 +7.647111241e+000 -1.117628888e+002 -1.117628888e+002
2439 0 +6.860726502e+000 +6.860726502e+000 -1.125492735e+002 -1.125492735e+002
2502 0 +6.071985718e+000 +6.071985718e+000 -1.133380143e+002 -1.133380143e+002
2531 0 +4.293574639e+000 +4.293574639e+000 -1.151164254e+002 -1.151164254e+002
2668 0 +4.082483531e+000 +4.082483531e+000 -1.153275165e+002 -1.153275165e+002
2714 0 +3.813554859e+000 +3.813554859e+000 -1.155964451e+002 -1.155964451e+002
2733 0 +2.749534782e+000 +2.749534782e+000 -1.166604652e+002 -1.166604652e+002
2756 0 +2.140905235e+000 +2.140905235e+000 -1.172690948e+002 -1.172690948e+002
3409 0 +2.038082917e+000 +2.038082917e+000 -1.173719171e+002 -1.173719171e+002
3541 0 +1.989691269e+000 +1.989691269e+000 -1.174203087e+002 -1.174203087e+002
3835 0 +1.938221041e+000 +1.938221041e+000 -1.174717790e+002 -1.174717790e+002
3927 0 +1.901926470e+000 +1.901926470e+000 -1.175080735e+002 -1.175080735e+002
3991 0 +1.829737488e+000 +1.829737488e+000 -1.175802625e+002 -1.175802625e+002
4014 0 +1.760279344e+000 +1.760279344e+000 -1.176497207e+002 -1.176497207e+002
4215 0 +1.675634257e+000 +1.675634257e+000 -1.177343657e+002 -1.177343657e+002
4328 0 +1.638002854e+000 +1.638002854e+000 -1.177719971e+002 -1.177719971e+002
4407 0 +1.384017778e+000 +1.384017778e+000 -1.180259822e+002 -1.180259822e+002
4533 0 +1.306170569e+000 +1.306170569e+000 -1.181038294e+002 -1.181038294e+002
4812 0 +1.266026111e+000 +1.266026111e+000 -1.181439739e+002 -1.181439739e+002
4852 0 +1.229402531e+000 +1.229402531e+000 -1.181805975e+002 -1.181805975e+002
4859 0 +1.145150005e+000 +1.145150005e+000 -1.182648500e+002 -1.182648500e+002
4906 0 +1.099529414e+000 +1.099529414e+000 -1.183104706e+002 -1.183104706e+002
4909 0 +1.023472764e+000 +1.023472764e+000 -1.183865272e+002 -1.183865272e+002
4929 0 +1.012562381e+000 +1.012562381e+000 -1.183974376e+002 -1.183974376e+002
5041 0 +9.975439436e-001 +9.975439436e-001 -1.184124561e+002 -1.184124561e+002
5193 0 +9.334471851e-001 +9.334471851e-001 -1.184765528e+002 -1.184765528e+002
5401 0 +8.955492375e-001 +8.955492375e-001 -1.185144508e+002 -1.185144508e+002
5538 0 +8.828136471e-001 +8.828136471e-001 -1.185271864e+002 -1.185271864e+002
5571 0 +8.599563321e-001 +8.599563321e-001 -1.185500437e+002 -1.185500437e+002
5601 0 +8.189964493e-001 +8.189964493e-001 -1.185910036e+002 -1.185910036e+002
5652 0 +8.012475797e-001 +8.012475797e-001 -1.186087524e+002 -1.186087524e+002
5920 0 +7.829567099e-001 +7.829567099e-001 -1.186270433e+002 -1.186270433e+002
6316 0 +7.676934112e-001 +7.676934112e-001 -1.186423066e+002 -1.186423066e+002
6409 0 +7.505393443e-001 +7.505393443e-001 -1.186594607e+002 -1.186594607e+002
6680 0 +7.405855005e-001 +7.405855005e-001 -1.186694145e+002 -1.186694145e+002
6915 0 +7.201847416e-001 +7.201847416e-001 -1.186898153e+002 -1.186898153e+002
7797 0 +7.060737887e-001 +7.060737887e-001 -1.187039262e+002 -1.187039262e+002
% f evaluations | g evaluations | best noise-free fitness - Fopt | noise-free fitness - Fopt (1.077000000000e+001) | measured fitness | best measured fitness | x1 | x2...
1 0 +8.313678082e+001 +8.313678082e+001 +9.390678082e+001 +9.390678082e+001
4 0 +8.295110032e+001 +8.295110032e+001 +9.372110032e+001 +9.372110032e+001
73 0 +8.016779233e+001 +8.016779233e+001 +9.093779233e+001 +9.093779233e+001
206 0 +7.936502059e+001 +7.936502059e+001 +9.013502059e+001 +9.013502059e+001
1057 0 +7.740728899e+001 +7.740728899e+001 +8.817728899e+001 +8.817728899e+001
1104 0 +7.125381258e+001 +7.125381258e+001 +8.202381258e+001 +8.202381258e+001
1571 0 +6.690897294e+001 +6.690897294e+001 +7.767897294e+001 +7.767897294e+001
1626 0 +5.796108139e+001 +5.796108139e+001 +6.873108139e+001 +6.873108139e+001
1998 0 +5.443275534e+001 +5.443275534e+001 +6.520275534e+001 +6.520275534e+001
2404 0 +5.194313201e+001 +5.194313201e+001 +6.271313201e+001 +6.271313201e+001
2529 0 +4.834977047e+001 +4.834977047e+001 +5.911977047e+001 +5.911977047e+001
2604 0 +4.461381974e+001 +4.461381974e+001 +5.538381974e+001 +5.538381974e+001
2607 0 +3.806428609e+001 +3.806428609e+001 +4.883428609e+001 +4.883428609e+001
2804 0 +3.706374139e+001 +3.706374139e+001 +4.783374139e+001 +4.783374139e+001
2846 0 +3.310312457e+001 +3.310312457e+001 +4.387312457e+001 +4.387312457e+001
2911 0 +2.915847726e+001 +2.915847726e+001 +3.992847726e+001 +3.992847726e+001
3107 0 +2.700906329e+001 +2.700906329e+001 +3.777906329e+001 +3.777906329e+001
3224 0 +2.398124454e+001 +2.398124454e+001 +3.475124454e+001 +3.475124454e+001
3406 0 +2.281025535e+001 +2.281025535e+001 +3.358025535e+001 +3.358025535e+001
3548 0 +2.211519598e+001 +2.211519598e+001 +3.288519598e+001 +3.288519598e+001
3675 0 +2.110499425e+001 +2.110499425e+001 +3.187499425e+001 +3.187499425e+001
3804 0 +2.086103989e+001 +2.086103989e+001 +3.163103989e+001 +3.163103989e+001
3856 0 +2.034576588e+001 +2.034576588e+001 +3.111576588e+001 +3.111576588e+001
3965 0 +1.827778069e+001 +1.827778069e+001 +2.904778069e+001 +2.904778069e+001
3995 0 +1.794291562e+001 +1.794291562e+001 +2.871291562e+001 +2.871291562e+001
4186 0 +1.737403740e+001 +1.737403740e+001 +2.814403740e+001 +2.814403740e+001
4567 0 +1.619221405e+001 +1.619221405e+001 +2.696221405e+001 +2.696221405e+001
4933 0 +1.584087740e+001 +1.584087740e+001 +2.661087740e+001 +2.661087740e+001
5074 0 +1.537050820e+001 +1.537050820e+001 +2.614050820e+001 +2.614050820e+001
5519 0 +1.509909273e+001 +1.509909273e+001 +2.586909273e+001 +2.586909273e+001
6053 0 +1.478151574e+001 +1.478151574e+001 +2.555151574e+001 +2.555151574e+001
% f evaluations | g evaluations | best noise-free fitness - Fopt | noise-free fitness - Fopt (2.137000000000e+001) | measured fitness | best measured fitness | x1 | x2...
1 0 +8.446099367e+001 +8.446099367e+001 +1.058309937e+002 +1.058309937e+002
2 0 +8.393845436e+001 +8.393845436e+001 +1.053084544e+002 +1.053084544e+002
6 0 +8.279187287e+001 +8.279187287e+001 +1.041618729e+002 +1.041618729e+002
10 0 +8.077970881e+001 +8.077970881e+001 +1.021497088e+002 +1.021497088e+002
102 0 +7.872292640e+001 +7.872292640e+001 +1.000929264e+002 +1.000929264e+002
141 0 +7.758717802e+001 +7.758717802e+001 +9.895717802e+001 +9.895717802e+001
981 0 +7.561858085e+001 +7.561858085e+001 +9.698858085e+001 +9.698858085e+001
1334 0 +7.270195897e+001 +7.270195897e+001 +9.407195897e+001 +9.407195897e+001
1381 0 +7.219687269e+001 +7.219687269e+001 +9.356687269e+001 +9.356687269e+001
1453 0 +6.793282515e+001 +6.793282515e+001 +8.930282515e+001 +8.930282515e+001
1604 0 +6.394493632e+001 +6.394493632e+001 +8.531493632e+001 +8.531493632e+001
1841 0 +6.068510190e+001 +6.068510190e+001 +8.205510190e+001 +8.205510190e+001
2056 0 +5.816124922e+001 +5.816124922e+001 +7.953124922e+001 +7.953124922e+001
2276 0 +5.170231934e+001 +5.170231934e+001 +7.307231934e+001 +7.307231934e+001
2352 0 +4.992224251e+001 +4.992224251e+001 +7.129224251e+001 +7.129224251e+001
2431 0 +4.870117975e+001 +4.870117975e+001 +7.007117975e+001 +7.007117975e+001
2448 0 +4.117424831e+001 +4.117424831e+001 +6.254424831e+001 +6.254424831e+001
2502 0 +3.870314473e+001 +3.870314473e+001 +6.007314473e+001 +6.007314473e+001
2509 0 +3.582146356e+001 +3.582146356e+001 +5.719146356e+001 +5.719146356e+001
2667 0 +3.134893879e+001 +3.134893879e+001 +5.271893879e+001 +5.271893879e+001
2816 0 +3.004196927e+001 +3.004196927e+001 +5.141196927e+001 +5.141196927e+001
2857 0 +2.805812960e+001 +2.805812960e+001 +4.942812960e+001 +4.942812960e+001
2887 0 +2.663691513e+001 +2.663691513e+001 +4.800691513e+001 +4.800691513e+001
2895 0 +2.597416614e+001 +2.597416614e+001 +4.734416614e+001 +4.734416614e+001
3010 0 +2.234978237e+001 +2.234978237e+001 +4.371978237e+001 +4.371978237e+001
3065 0 +2.078279644e+001 +2.078279644e+001 +4.215279644e+001 +4.215279644e+001
3105 0 +1.714177044e+001 +1.714177044e+001 +3.851177044e+001 +3.851177044e+001
3304 0 +1.515941963e+001 +1.515941963e+001 +3.652941963e+001 +3.652941963e+001
3394 0 +1.435784768e+001 +1.435784768e+001 +3.572784768e+001 +3.572784768e+001
3482 0 +1.357100760e+001 +1.357100760e+001 +3.494100760e+001 +3.494100760e+001
3534 0 +1.319839394e+001 +1.319839394e+001 +3.456839394e+001 +3.456839394e+001
3606 0 +1.236269678e+001 +1.236269678e+001 +3.373269678e+001 +3.373269678e+001
3626 0 +1.120512705e+001 +1.120512705e+001 +3.257512705e+001 +3.257512705e+001
3638 0 +1.047371359e+001 +1.047371359e+001 +3.184371359e+001 +3.184371359e+001
3659 0 +1.033447039e+001 +1.033447039e+001 +3.170447039e+001 +3.170447039e+001
3703 0 +1.014512718e+001 +1.014512718e+001 +3.151512718e+001 +3.151512718e+001
3793 0 +9.918289216e+000 +9.918289216e+000 +3.128828922e+001 +3.128828922e+001
3799 0 +9.146791294e+000 +9.146791294e+000 +3.051679129e+001 +3.051679129e+001
3903 0 +8.322679379e+000 +8.322679379e+000 +2.969267938e+001 +2.969267938e+001
3989 0 +8.215028027e+000 +8.215028027e+000 +2.958502803e+001 +2.958502803e+001
4026 0 +7.223611068e+000 +7.223611068e+000 +2.859361107e+001 +2.859361107e+001
4456 0 +7.002388469e+000 +7.002388469e+000 +2.837238847e+001 +2.837238847e+001
4488 0 +6.813026514e+000 +6.813026514e+000 +2.818302651e+001 +2.818302651e+001
4502 0 +6.636677743e+000 +6.636677743e+000 +2.800667774e+001 +2.800667774e+001
4572 0 +6.553864373e+000 +6.553864373e+000 +2.792386437e+001 +2.792386437e+001
4809 0 +6.455735486e+000 +6.455735486e+000 +2.782573549e+001 +2.782573549e+001
4961 0 +6.266213320e+000 +6.266213320e+000 +2.763621332e+001 +2.763621332e+001
5001 0 +6.132794055e+000 +6.132794055e+000 +2.750279406e+001 +2.750279406e+001
5082 0 +6.024977982e+000 +6.024977982e+000 +2.739497798e+001 +2.739497798e+001
5233 0 +5.665598624e+000 +5.665598624e+000 +2.703559862e+001 +2.703559862e+001
5796 0 +5.587454723e+000 +5.587454723e+000 +2.695745472e+001 +2.695745472e+001
6011 0 +5.475035921e+000 +5.475035921e+000 +2.684503592e+001 +2.684503592e+001
6133 0 +5.307268811e+000 +5.307268811e+000 +2.667726881e+001 +2.667726881e+001
6731 0 +5.232316639e+000 +5.232316639e+000 +2.660231664e+001 +2.660231664e+001
7439 0 +5.119470266e+000 +5.119470266e+000 +2.648947027e+001 +2.648947027e+001
% f evaluations | g evaluations | best noise-free fitness - Fopt | noise-free fitness - Fopt (1.673000000000e+001) | measured fitness | best measured fitness | x1 | x2...
1 0 +8.501470590e+001 +8.501470590e+001 +1.017447059e+002 +1.017447059e+002
2 0 +8.429183664e+001 +8.429183664e+001 +1.010218366e+002 +1.010218366e+002
9 0 +8.233298462e+001 +8.233298462e+001 +9.906298462e+001 +9.906298462e+001
15 0 +8.064536369e+001 +8.064536369e+001 +9.737536369e+001 +9.737536369e+001
91 0 +7.804119895e+001 +7.804119895e+001 +9.477119895e+001 +9.477119895e+001
373 0 +7.692726069e+001 +7.692726069e+001 +9.365726069e+001 +9.365726069e+001
461 0 +7.380072274e+001 +7.380072274e+001 +9.053072274e+001 +9.053072274e+001
864 0 +7.083320482e+001 +7.083320482e+001 +8.756320482e+001 +8.756320482e+001
955 0 +6.887250831e+001 +6.887250831e+001 +8.560250831e+001 +8.560250831e+001
1295 0 +6.425112832e+001 +6.425112832e+001 +8.098112832e+001 +8.098112832e+001
1450 0 +5.614823139e+001 +5.614823139e+001 +7.287823139e+001 +7.287823139e+001
1607 0 +5.062169391e+001 +5.062169391e+001 +6.735169391e+001 +6.735169391e+001
1836 0 +5.000494279e+001 +5.000494279e+001 +6.673494279e+001 +6.673494279e+001
1842 0 +4.730749435e+001 +4.730749435e+001 +6.403749435e+001 +6.403749435e+001
1880 0 +4.402504228e+001 +4.402504228e+001 +6.075504228e+001 +6.075504228e+001
1920 0 +4.243606746e+001 +4.243606746e+001 +5.916606746e+001 +5.916606746e+001
1926 0 +4.083524355e+001 +4.083524355e+001 +5.756524355e+001 +5.756524355e+001
1983 0 +3.395848242e+001 +3.395848242e+001 +5.068848242e+001 +5.068848242e+001
2005 0 +2.607155232e+001 +2.607155232e+001 +4.280155232e+001 +4.280155232e+001
2317 0 +2.387672046e+001 +2.387672046e+001 +4.060672046e+001 +4.060672046e+001
2372 0 +2.122791415e+001 +2.122791415e+001 +3.795791415e+001 +3.795791415e+001
2632 0 +2.072235175e+001 +2.072235175e+001 +3.745235175e+001 +3.745235175e+001
2647 0 +1.734423139e+001 +1.734423139e+001 +3.407423139e+001 +3.407423139e+001
2656 0 +1.549945508e+001 +1.549945508e+001 +3.222945508e+001 +3.222945508e+001
2788 0 +1.505779020e+001 +1.505779020e+001 +3.178779020e+001 +3.178779020e+001
2818 0 +1.441147630e+001 +1.441147630e+001 +3.114147630e+001 +3.114147630e+001
2910 0 +1.409792582e+001 +1.409792582e+001 +3.082792582e+001 +3.082792582e+001
2914 0 +1.154001822e+001 +1.154001822e+001 +2.827001822e+001 +2.827001822e+001
2958 0 +1.108975293e+001 +1.108975293e+001 +2.781975293e+001 +2.781975293e+001
3099 0 +9.887276584e+000 +9.887276584e+000 +2.661727658e+001 +2.661727658e+001
3329 0 +8.982593653e+000 +8.982593653e+000 +2.571259365e+001 +2.571259365e+001
3417 0 +7.667179473e+000 +7.667179473e+000 +2.439717947e+001 +2.439717947e+001
3539 0 +7.425521238e+000 +7.425521238e+000 +2.415552124e+001 +2.415552124e+001
3606 0 +7.344718621e+000 +7.344718621e+000 +2.407471862e+001 +2.407471862e+001
3610 0 +7.082488090e+000 +7.082488090e+000 +2.381248809e+001 +2.381248809e+001
3615 0 +6.809870381e+000 +6.809870381e+000 +2.353987038e+001 +2.353987038e+001
3754 0 +6.556242289e+000 +6.556242289e+000 +2.328624229e+001 +2.328624229e+001
3783 0 +6.220276085e+000 +6.220276085e+000 +2.295027608e+001 +2.295027608e+001
3978 0 +6.011050844e+000 +6.011050844e+000 +2.274105084e+001 +2.274105084e+001
4185 0 +5.089454244e+000 +5.089454244e+000 +2.181945424e+001 +2.181945424e+001
4207 0 +5.006296956e+000 +5.006296956e+000 +2.173629696e+001 +2.173629696e+001
4239 0 +4.821059882e+000 +4.821059882e+000 +2.155105988e+001 +2.155105988e+001
4291 0 +4.778036120e+000 +4.778036120e+000 +2.150803612e+001 +2.150803612e+001
4308 0 +3.610825272e+000 +3.610825272e+000 +2.034082527e+001 +2.034082527e+001
4747 0 +3.367592860e+000 +3.367592860e+000 +2.009759286e+001 +2.009759286e+001
4926 0 +3.217105673e+000 +3.217105673e+000 +1.994710567e+001 +1.994710567e+001
4986 0 +3.077350393e+000 +3.077350393e+000 +1.980735039e+001 +1.980735039e+001
5202 0 +2.894304996e+000 +2.894304996e+000 +1.962430500e+001 +1.962430500e+001
5405 0 +2.860591518e+000 +2.860591518e+000 +1.959059152e+001 +1.959059152e+001
5524 0 +2.798546977e+000 +2.798546977e+000 +1.952854698e+001 +1.952854698e+001
6020 0 +2.715664653e+000 +2.715664653e+000 +1.944566465e+001 +1.944566465e+001
6130 0 +2.681105958e+000 +2.681105958e+000 +1.941110596e+001 +1.941110596e+001
6831 0 +2.619339155e+000 +2.619339155e+000 +1.934933916e+001 +1.934933916e+001
% f evaluations | g evaluations | best noise-free fitness - Fopt | noise-free fitness - Fopt (1.000000000000e+003) | measured fitness | best measured fitness | x1 | x2...
1 0 +8.405297008e+001 +8.405297008e+001 +1.084052970e+003 +1.084052970e+003
16 0 +8.381041191e+001 +8.381041191e+001 +1.083810412e+003 +1.083810412e+003
36 0 +8.276868290e+001 +8.276868290e+001 +1.082768683e+003 +1.082768683e+003
287 0 +8.101056848e+001 +8.101056848e+001 +1.081010568e+003 +1.081010568e+003
710 0 +7.877760385e+001 +7.877760385e+001 +1.078777604e+003 +1.078777604e+003
1024 0 +7.649534731e+001 +7.649534731e+001 +1.076495347e+003 +1.076495347e+003
1090 0 +7.458425353e+001 +7.458425353e+001 +1.074584254e+003 +1.074584254e+003
1602 0 +7.248379740e+001 +7.248379740e+001 +1.072483797e+003 +1.072483797e+003
1752 0 +7.032632260e+001 +7.032632260e+001 +1.070326323e+003 +1.070326323e+003
2024 0 +6.867033388e+001 +6.867033388e+001 +1.068670334e+003 +1.068670334e+003
2109 0 +6.733572496e+001 +6.733572496e+001 +1.067335725e+003 +1.067335725e+003
2301 0 +6.605221832e+001 +6.605221832e+001 +1.066052218e+003 +1.066052218e+003
2310 0 +6.413295583e+001 +6.413295583e+001 +1.064132956e+003 +1.064132956e+003
2371 0 +6.206523587e+001 +6.206523587e+001 +1.062065236e+003 +1.062065236e+003
3080 0 +5.976533192e+001 +5.976533192e+001 +1.059765332e+003 +1.059765332e+003
3102 0 +5.781339717e+001 +5.781339717e+001 +1.057813397e+003 +1.057813397e+003
3254 0 +5.499834302e+001 +5.499834302e+001 +1.054998343e+003 +1.054998343e+003
3831 0 +5.046373162e+001 +5.046373162e+001 +1.050463732e+003 +1.050463732e+003
4213 0 +4.997474560e+001 +4.997474560e+001 +1.049974746e+003 +1.049974746e+003
4222 0 +4.822929526e+001 +4.822929526e+001 +1.048229295e+003 +1.048229295e+003
4509 0 +4.719683177e+001 +4.719683177e+001 +1.047196832e+003 +1.047196832e+003
4664 0 +4.654523374e+001 +4.654523374e+001 +1.046545234e+003 +1.046545234e+003
4801 0 +4.562255150e+001 +4.562255150e+001 +1.045622552e+003 +1.045622552e+003
4956 0 +4.465319537e+001 +4.465319537e+001 +1.044653195e+003 +1.044653195e+003
5589 0 +4.358675190e+001 +4.358675190e+001 +1.043586752e+003 +1.043586752e+003
% f evaluations | g evaluations | best noise-free fitness - Fopt | noise-free fitness - Fopt (-1.079600000000e+002) | measured fitness | best measured fitness | x1 | x2...
1 0 +8.550946328e+001 +8.550946328e+001 -2.245053672e+001 -2.245053672e+001
2 0 +8.460469779e+001 +8.460469779e+001 -2.335530221e+001 -2.335530221e+001
31 0 +8.127915549e+001 +8.127915549e+001 -2.668084451e+001 -2.668084451e+001
150 0 +7.926292932e+001 +7.926292932e+001 -2.869707068e+001 -2.869707068e+001
461 0 +7.623583744e+001 +7.623583744e+001 -3.172416256e+001 -3.172416256e+001
1127 0 +7.284077449e+001 +7.284077449e+001 -3.511922551e+001 -3.511922551e+001
1416 0 +7.138759683e+001 +7.138759683e+001 -3.657240317e+001 -3.657240317e+001
1547 0 +6.800905324e+001 +6.800905324e+001 -3.995094676e+001 -3.995094676e+001
1952 0 +6.715358231e+001 +6.715358231e+001 -4.080641769e+001 -4.080641769e+001
2114 0 +6.528685018e+001 +6.528685018e+001 -4.267314982e+001 -4.267314982e+001
2167 0 +6.415516103e+001 +6.415516103e+001 -4.380483897e+001 -4.380483897e+001
2201 0 +6.080149073e+001 +6.080149073e+001 -4.715850927e+001 -4.715850927e+001
2286 0 +5.809889494e+001 +5.809889494e+001 -4.986110506e+001 -4.986110506e+001
2488 0 +5.738048292e+001 +5.738048292e+001 -5.057951708e+001 -5.057951708e+001
2501 0 +5.325268037e+001 +5.325268037e+001 -5.470731963e+001 -5.470731963e+001
2513 0 +4.886530267e+001 +4.886530267e+001 -5.909469733e+001 -5.909469733e+001
2515 0 +3.976282830e+001 +3.976282830e+001 -6.819717170e+001 -6.819717170e+001
3102 0 +3.467939914e+001 +3.467939914e+001 -7.328060086e+001 -7.328060086e+001
3412 0 +3.247026570e+001 +3.247026570e+001 -7.548973430e+001 -7.548973430e+001
3445 0 +2.652658904e+001 +2.652658904e+001 -8.143341096e+001 -8.143341096e+001
3704 0 +2.270660599e+001 +2.270660599e+001 -8.525339401e+001 -8.525339401e+001
3798 0 +2.041552935e+001 +2.041552935e+001 -8.754447065e+001 -8.754447065e+001
4261 0 +1.952634138e+001 +1.952634138e+001 -8.843365862e+001 -8.843365862e+001
4263 0 +1.927472512e+001 +1.927472512e+001 -8.868527488e+001 -8.868527488e+001
4285 0 +1.866145053e+001 +1.866145053e+001 -8.929854947e+001 -8.929854947e+001
4309 0 +1.731354105e+001 +1.731354105e+001 -9.064645895e+001 -9.064645895e+001
4332 0 +1.670821971e+001 +1.670821971e+001 -9.125178029e+001 -9.125178029e+001
4401 0 +1.612783022e+001 +1.612783022e+001 -9.183216978e+001 -9.183216978e+001
4715 0 +1.543841547e+001 +1.543841547e+001 -9.252158453e+001 -9.252158453e+001
4830 0 +1.497089274e+001 +1.497089274e+001 -9.298910726e+001 -9.298910726e+001
4943 0 +1.470876251e+001 +1.470876251e+001 -9.325123749e+001 -9.325123749e+001
4947 0 +1.432557361e+001 +1.432557361e+001 -9.363442639e+001 -9.363442639e+001
4972 0 +1.412306021e+001 +1.412306021e+001 -9.383693979e+001 -9.383693979e+001
5107 0 +1.358289912e+001 +1.358289912e+001 -9.437710088e+001 -9.437710088e+001
5120 0 +1.312521393e+001 +1.312521393e+001 -9.483478607e+001 -9.483478607e+001
5461 0 +1.254832555e+001 +1.254832555e+001 -9.541167445e+001 -9.541167445e+001
5864 0 +1.219681414e+001 +1.219681414e+001 -9.576318586e+001 -9.576318586e+001
5946 0 +1.201346424e+001 +1.201346424e+001 -9.594653576e+001 -9.594653576e+001
6335 0 +1.166758066e+001 +1.166758066e+001 -9.629241934e+001 -9.629241934e+001
6847 0 +1.147715665e+001 +1.147715665e+001 -9.648284335e+001 -9.648284335e+001
7964 0 +1.121975098e+001 +1.121975098e+001 -9.674024902e+001 -9.674024902e+001
% f evaluations | g evaluations | best noise-free fitness - Fopt | noise-free fitness - Fopt (-3.025900000000e+002) | measured fitness | best measured fitness | x1 | x2...
1 0 +8.436239039e+001 +8.436239039e+001 -2.182276096e+002 -2.182276096e+002
2 0 +8.257427181e+001 +8.257427181e+001 -2.200157282e+002 -2.200157282e+002
102 0 +8.111226216e+001 +8.111226216e+001 -2.214777378e+002 -2.214777378e+002
275 0 +7.641559620e+001 +7.641559620e+001 -2.261744038e+002 -2.261744038e+002
1129 0 +7.265841642e+001 +7.265841642e+001 -2.299315836e+002 -2.299315836e+002
1443 0 +7.034422974e+001 +7.034422974e+001 -2.322457703e+002 -2.322457703e+002
1584 0 +6.580035793e+001 +6.580035793e+001 -2.367896421e+002 -2.367896421e+002
1864 0 +5.925444863e+001 +5.925444863e+001 -2.433355514e+002 -2.433355514e+002
2011 0 +5.155843337e+001 +5.155843337e+001 -2.510315666e+002 -2.510315666e+002
2114 0 +5.125240615e+001 +5.125240615e+001 -2.513375939e+002 -2.513375939e+002
2557 0 +3.364672594e+001 +3.364672594e+001 -2.689432741e+002 -2.689432741e+002
2802 0 +3.106788033e+001 +3.106788033e+001 -2.715221197e+002 -2.715221197e+002
2903 0 +2.552958190e+001 +2.552958190e+001 -2.770604181e+002 -2.770604181e+002
2973 0 +2.337989091e+001 +2.337989091e+001 -2.792101091e+002 -2.792101091e+002
2981 0 +2.156165259e+001 +2.156165259e+001 -2.810283474e+002 -2.810283474e+002
3067 0 +2.068302805e+001 +2.068302805e+001 -2.819069720e+002 -2.819069720e+002
3157 0 +1.981741003e+001 +1.981741003e+001 -2.827725900e+002 -2.827725900e+002
3185 0 +1.738015393e+001 +1.738015393e+001 -2.852098461e+002 -2.852098461e+002
3188 0 +1.644789178e+001 +1.644789178e+001 -2.861421082e+002 -2.861421082e+002
3313 0 +1.204621115e+001 +1.204621115e+001 -2.905437889e+002 -2.905437889e+002
3439 0 +8.194787112e+000 +8.194787112e+000 -2.943952129e+002 -2.943952129e+002
3751 0 +6.891244978e+000 +6.891244978e+000 -2.956987550e+002 -2.956987550e+002
4303 0 +5.757114412e+000 +5.757114412e+000 -2.968328856e+002 -2.968328856e+002
4411 0 +5.579074153e+000 +5.579074153e+000 -2.970109258e+002 -2.970109258e+002
4737 0 +3.244553858e+000 +3.244553858e+000 -2.993454461e+002 -2.993454461e+002
5198 0 +2.941514156e+000 +2.941514156e+000 -2.996484858e+002 -2.996484858e+002
5374 0 +2.243283352e+000 +2.243283352e+000 -3.003467166e+002 -3.003467166e+002
5637 0 +2.173174550e+000 +2.173174550e+000 -3.004168255e+002 -3.004168255e+002
5686 0 +2.057633838e+000 +2.057633838e+000 -3.005323662e+002 -3.005323662e+002
5864 0 +2.036089050e+000 +2.036089050e+000 -3.005539109e+002 -3.005539109e+002
5967 0 +1.993321339e+000 +1.993321339e+000 -3.005966787e+002 -3.005966787e+002
6065 0 +1.835623339e+000 +1.835623339e+000 -3.007543767e+002 -3.007543767e+002
6196 0 +1.679761620e+000 +1.679761620e+000 -3.009102384e+002 -3.009102384e+002
6280 0 +1.659044024e+000 +1.659044024e+000 -3.009309560e+002 -3.009309560e+002
6294 0 +1.387254549e+000 +1.387254549e+000 -3.012027455e+002 -3.012027455e+002
6428 0 +1.310379134e+000 +1.310379134e+000 -3.012796209e+002 -3.012796209e+002
6511 0 +1.192325404e+000 +1.192325404e+000 -3.013976746e+002 -3.013976746e+002
6643 0 +1.084263312e+000 +1.084263312e+000 -3.015057367e+002 -3.015057367e+002
7188 0 +1.065835948e+000 +1.065835948e+000 -3.015241641e+002 -3.015241641e+002
7214 0 +9.964527796e-001 +9.964527796e-001 -3.015935472e+002 -3.015935472e+002
7410 0 +8.962301594e-001 +8.962301594e-001 -3.016937698e+002 -3.016937698e+002
7817 0 +8.413926170e-001 +8.413926170e-001 -3.017486074e+002 -3.017486074e+002
7963 0 +8.285399674e-001 +8.285399674e-001 -3.017614600e+002 -3.017614600e+002
8255 0 +8.122225458e-001 +8.122225458e-001 -3.017777775e+002 -3.017777775e+002
8302 0 +7.942022378e-001 +7.942022378e-001 -3.017957978e+002 -3.017957978e+002
8525 0 +7.710905704e-001 +7.710905704e-001 -3.018189094e+002 -3.018189094e+002
8643 0 +7.546056465e-001 +7.546056465e-001 -3.018353944e+002 -3.018353944e+002
8972 0 +7.361598869e-001 +7.361598869e-001 -3.018538401e+002 -3.018538401e+002
9411 0 +7.209804060e-001 +7.209804060e-001 -3.018690196e+002 -3.018690196e+002
10115 0 +7.061572997e-001 +7.061572997e-001 -3.018838427e+002 -3.018838427e+002
% f evaluations | g evaluations | best noise-free fitness - Fopt | noise-free fitness - Fopt (-3.065500000000e+002) | measured fitness | best measured fitness | x1 | x2...
1 0 +8.577374052e+001 +8.577374052e+001 -2.207762595e+002 -2.207762595e+002
2 0 +8.496096111e+001 +8.496096111e+001 -2.215890389e+002 -2.215890389e+002
121 0 +8.109794102e+001 +8.109794102e+001 -2.254520590e+002 -2.254520590e+002
281 0 +7.937397709e+001 +7.937397709e+001 -2.271760229e+002 -2.271760229e+002
380 0 +7.580367145e+001 +7.580367145e+001 -2.307463285e+002 -2.307463285e+002
708 0 +6.274303329e+001 +6.274303329e+001 -2.438069667e+002 -2.438069667e+002
1921 0 +5.336118494e+001 +5.336118494e+001 -2.531888151e+002 -2.531888151e+002
1924 0 +5.156004529e+001 +5.156004529e+001 -2.549899547e+002 -2.549899547e+002
1940 0 +5.087800117e+001 +5.087800117e+001 -2.556719988e+002 -2.556719988e+002
1953 0 +4.717883895e+001 +4.717883895e+001 -2.593711610e+002 -2.593711610e+002
2027 0 +4.613448284e+001 +4.613448284e+001 -2.604155172e+002 -2.604155172e+002
2035 0 +3.453282452e+001 +3.453282452e+001 -2.720171755e+002 -2.720171755e+002
2126 0 +2.925795316e+001 +2.925795316e+001 -2.772920468e+002 -2.772920468e+002
2437 0 +2.335637076e+001 +2.335637076e+001 -2.831936292e+002 -2.831936292e+002
2538 0 +2.086526062e+001 +2.086526062e+001 -2.856847394e+002 -2.856847394e+002
2672 0 +1.744340911e+001 +1.744340911e+001 -2.891065909e+002 -2.891065909e+002
2777 0 +1.726086793e+001 +1.726086793e+001 -2.892891321e+002 -2.892891321e+002
2813 0 +1.381781797e+001 +1.381781797e+001 -2.927321820e+002 -2.927321820e+002
3040 0 +1.325276471e+001 +1.325276471e+001 -2.932972353e+002 -2.932972353e+002
3053 0 +9.908854589e+000 +9.908854589e+000 -2.966411454e+002 -2.966411454e+002
3427 0 +8.879746070e+000 +8.879746070e+000 -2.976702539e+002 -2.976702539e+002
3430 0 +8.154989628e+000 +8.154989628e+000 -2.983950104e+002 -2.983950104e+002
3480 0 +7.996910029e+000 +7.996910029e+000 -2.985530900e+002 -2.985530900e+002
3534 0 +7.439463266e+000 +7.439463266e+000 -2.991105367e+002 -2.991105367e+002
3604 0 +6.354676102e+000 +6.354676102e+000 -3.001953239e+002 -3.001953239e+002
3805 0 +6.271830660e+000 +6.271830660e+000 -3.002781693e+002 -3.002781693e+002
3935 0 +4.882195344e+000 +4.882195344e+000 -3.016678047e+002 -3.016678047e+002
4050 0 +4.209033826e+000 +4.209033826e+000 -3.023409662e+002 -3.023409662e+002
4219 0 +3.375105096e+000 +3.375105096e+000 -3.031748949e+002 -3.031748949e+002
4281 0 +3.045158933e+000 +3.045158933e+000 -3.035048411e+002 -3.035048411e+002
4307 0 +2.735115234e+000 +2.735115234e+000 -3.038148848e+002 -3.038148848e+002
4360 0 +2.600815758e+000 +2.600815758e+000 -3.039491842e+002 -3.039491842e+002
4440 0 +2.081070012e+000 +2.081070012e+000 -3.044689300e+002 -3.044689300e+002
4823 0 +2.000717873e+000 +2.000717873e+000 -3.045492821e+002 -3.045492821e+002
4900 0 +1.993530257e+000 +1.993530257e+000 -3.045564697e+002 -3.045564697e+002
4958 0 +1.890215664e+000 +1.890215664e+000 -3.046597843e+002 -3.046597843e+002
5174 0 +1.858094305e+000 +1.858094305e+000 -3.046919057e+002 -3.046919057e+002
5289 0 +1.673004551e+000 +1.673004551e+000 -3.048769954e+002 -3.048769954e+002
5483 0 +1.578948483e+000 +1.578948483e+000 -3.049710515e+002 -3.049710515e+002
5632 0 +1.537482174e+000 +1.537482174e+000 -3.050125178e+002 -3.050125178e+002
5650 0 +1.513147696e+000 +1.513147696e+000 -3.050368523e+002 -3.050368523e+002
5694 0 +1.476091953e+000 +1.476091953e+000 -3.050739080e+002 -3.050739080e+002
5905 0 +1.315676300e+000 +1.315676300e+000 -3.052343237e+002 -3.052343237e+002
5963 0 +1.264158832e+000 +1.264158832e+000 -3.052858412e+002 -3.052858412e+002
6009 0 +1.163123019e+000 +1.163123019e+000 -3.053868770e+002 -3.053868770e+002
6067 0 +1.138791697e+000 +1.138791697e+000 -3.054112083e+002 -3.054112083e+002
6214 0 +1.019882557e+000 +1.019882557e+000 -3.055301174e+002 -3.055301174e+002
6301 0 +9.921521434e-001 +9.921521434e-001 -3.055578479e+002 -3.055578479e+002
6349 0 +9.401680956e-001 +9.401680956e-001 -3.056098319e+002 -3.056098319e+002
6405 0 +9.159272155e-001 +9.159272155e-001 -3.056340728e+002 -3.056340728e+002
6425 0 +8.928534843e-001 +8.928534843e-001 -3.056571465e+002 -3.056571465e+002
6496 0 +8.487957826e-001 +8.487957826e-001 -3.057012042e+002 -3.057012042e+002
6825 0 +8.308510777e-001 +8.308510777e-001 -3.057191489e+002 -3.057191489e+002
6901 0 +7.764447387e-001 +7.764447387e-001 -3.057735553e+002 -3.057735553e+002
6925 0 +7.590848831e-001 +7.590848831e-001 -3.057909151e+002 -3.057909151e+002
7106 0 +7.457389033e-001 +7.457389033e-001 -3.058042611e+002 -3.058042611e+002
7309 0 +7.367281473e-001 +7.367281473e-001 -3.058132719e+002 -3.058132719e+002
7530 0 +7.188103868e-001 +7.188103868e-001 -3.058311896e+002 -3.058311896e+002
8006 0 +7.074680921e-001 +7.074680921e-001 -3.058425319e+002 -3.058425319e+002
