% f evaluations | g evaluations | best noise-free fitness - Fopt | noise-free fitness - Fopt (-1.000000000000e+003) | measured fitness | best measured fitness | x1 | x2...
1 0 +4.548767835e+001 +4.548767835e+001 -9.545123216e+002 -9.545123216e+002 -1.9543e+000 +7.4370e-001 -1.0251e+000
2 0 +1.344593291e+001 +1.344593291e+001 -9.865540671e+002 -9.865540671e+002 -1.5150e-001 -4.7715e-001 +4.8721e-001
8 0 +1.039050773e+001 +1.039050773e+001 -9.896094923e+002 -9.896094923e+002 +6.4275e-001 -2.8710e-001 -1.5953e+000
13 0 +9.851519348e+000 +9.851519348e+000 -9.901484807e+002 -9.901484807e+002 +6.1207e-002 -2.2488e-001 -5.1009e-001
15 0 +7.552711860e+000 +7.552711860e+000 -9.924472881e+002 -9.924472881e+002 -5.4662e-001 -2.6109e-001 -8.2602e-002
18 0 +6.126952401e+000 +6.126952401e+000 -9.938730476e+002 -9.938730476e+002 -3.5253e-001 -5.5230e-001 -3.7016e-001
22 0 +5.816604368e+000 +5.816604368e+000 -9.941833956e+002 -9.941833956e+002 -1.9930e-001 -1.6952e-001 -6.0844e-001
34 0 +5.725865870e+000 +5.725865870e+000 -9.942741341e+002 -9.942741341e+002 -2.2241e-001 +2.5603e-001 -9.6061e-001
48 0 +2.920452952e+000 +2.920452952e+000 -9.970795470e+002 -9.970795470e+002 -9.0879e-001 +2.7258e-001 +2.0412e+000
51 0 +1.885343690e+000 +1.885343690e+000 -9.981146563e+002 -9.981146563e+002 -4.6731e-001 +3.0365e-001 -1.9224e+000
93 0 +1.674789809e+000 +1.674789809e+000 -9.983252102e+002 -9.983252102e+002 +1.1358e-001 -3.7793e-001 +2.1490e+000
199 0 +6.146711934e-001 +6.146711934e-001 -9.993853288e+002 -9.993853288e+002 -8.7406e-001 -5.5699e-001 +1.8031e+000
% f evaluations | g evaluations | best noise-free fitness - Fopt | noise-free fitness - Fopt (1.000000000000e+003) | measured fitness | best measured fitness | x1 | x2...
1 0 +6.104401872e+001 +6.104401872e+001 +1.061044019e+003 +1.061044019e+003 +5.9504e-001 -2.7594e-001 -1.3717e-001
2 0 +3.482834672e+001 +3.482834672e+001 +1.034828347e+003 +1.034828347e+003 +1.6785e+000 -4.3478e-001 +8.3226e-001
3 0 +2.462570759e+001 +2.462570759e+001 +1.024625708e+003 +1.024625708e+003 +1.2271e+000 +2.0306e-001 +4.0871e-001
34 0 +1.870173594e+000 +1.870173594e+000 +1.001870174e+003 +1.001870174e+003 -1.7350e+000 -4.2697e-001 -2.0098e+000
43 0 +1.020513556e+000 +1.020513556e+000 +1.001020514e+003 +1.001020514e+003 -2.0652e+000 -9.4510e-003 -1.7253e+000
154 0 +2.031619313e-002 +2.031619313e-002 +1.000020316e+003 +1.000020316e+003 -9.8046e-001 -1.1687e+000 -1.8522e+000
913 0 +3.815118349e-003 +3.815118349e-003 +1.000003815e+003 +1.000003815e+003 -4.9604e-002 -2.1834e+000 -2.1711e+000
% f evaluations | g evaluations | best noise-free fitness - Fopt | noise-free fitness - Fopt (-4.913000000000e+001) | measured fitness | best measured fitness | x1 | x2...
1 0 +5.811677045e+001 +5.811677045e+001 +8.986770449e+000 +8.986770449e+000 -1.9402e+000 +1.3485e-001 +7.1083e-001
2 0 +5.645085189e+001 +5.645085189e+001 +7.320851886e+000 +7.320851886e+000 +4.4785e-001 +4.7769e-001 -3.8025e-001
7 0 +5.600951552e+001 +5.600951552e+001 +6.879515519e+000 +6.879515519e+000 -8.4715e-001 +3.9963e-001 -2.8780e+000
9 0 +1.586572918e+001 +1.586572918e+001 -3.326427082e+001 -3.326427082e+001 -3.0897e-002 -2.4250e+000 -5.0206e-001
41 0 +1.507788394e+001 +1.507788394e+001 -3.405211606e+001 -3.405211606e+001 +7.0729e-001 -1.6663e+000 -3.7884e-001
63 0 +6.361432321e+000 +6.361432321e+000 -4.276856768e+001 -4.276856768e+001 +1.8071e+000 -6.0987e-002 +2.4978e+000
90 0 +2.306763256e+000 +2.306763256e+000 -4.682323674e+001 -4.682323674e+001 +7.9296e-001 +2.8552e-001 +2.5249e+000
596 0 +2.204519835e+000 +2.204519835e+000 -4.692548016e+001 -4.692548016e+001 +1.1281e+000 -3.5500e-002 +2.5180e+000
% f evaluations | g evaluations | best noise-free fitness - Fopt | noise-free fitness - Fopt (2.977300000000e+002) | measured fitness | best measured fitness | x1 | x2...
1 0 +7.432389290e+001 +7.432389290e+001 +3.720538929e+002 +3.720538929e+002 +1.2572e-001 -1.6461e+000 -2.0270e+000
2 0 +3.657577129e+001 +3.657577129e+001 +3.343057713e+002 +3.343057713e+002 -1.8213e-001 +5.8629e-001 -6.6972e-001
13 0 +2.038165306e+001 +2.038165306e+001 +3.181116531e+002 +3.181116531e+002 +6.1990e-001 +2.2429e+000 -3.7726e-001
28 0 +1.799107860e+001 +1.799107860e+001 +3.157210786e+002 +3.157210786e+002 +1.5864e+000 +1.9558e-001 -1.0821e+000
48 0 +6.615446296e+000 +6.615446296e+000 +3.043454463e+002 +3.043454463e+002 -1.3113e+000 +1.5725e+000 +1.7866e+000
241 0 +4.521305466e+000 +4.521305466e+000 +3.022513055e+002 +3.022513055e+002 +4.9008e-001 +1.6399e+000 +1.6889e+000
271 0 +3.466157243e+000 +3.466157243e+000 +3.011961572e+002 +3.011961572e+002 -8.5902e-001 +4.8361e+000 +1.5908e+000
849 0 +1.984210554e+000 +1.984210554e+000 +2.997142106e+002 +2.997142106e+002 +3.6279e+000 +1.4292e+000 -1.4907e+000
% f evaluations | g evaluations | best noise-free fitness - Fopt | noise-free fitness - Fopt (5.157000000000e+001) | measured fitness | best measured fitness | x1 | x2...
1 0 +5.757869606e+001 +5.757869606e+001 +1.091486961e+002 +1.091486961e+002 -1.3319e+000 +6.6350e-001 +8.3079e-001
2 0 +5.148993089e+001 +5.148993089e+001 +1.030599309e+002 +1.030599309e+002 +6.3869e-001 -2.1193e+000 +1.1680e+000
13 0 +1.057676702e+001 +1.057676702e+001 +6.214676702e+001 +6.214676702e+001 +2.6910e+000 +5.8053e-001 +2.0163e-001
22 0 +1.045173657e+001 +1.045173657e+001 +6.202173657e+001 +6.202173657e+001 +2.3229e+000 +5.8988e-001 -2.4120e-002
141 0 +9.575122654e+000 +9.575122654e+000 +6.114512265e+001 +6.114512265e+001 +1.8557e+000 -1.0640e+000 +2.3071e+000
184 0 +5.755505755e+000 +5.755505755e+000 +5.732550576e+001 +5.732550576e+001 +2.0771e+000 -1.1044e+000 +1.5836e+000
259 0 +2.723252491e+000 +2.723252491e+000 +5.429325249e+001 +5.429325249e+001 +1.4701e+000 +1.1791e+000 -2.6454e+000
395 0 +2.098870478e+000 +2.098870478e+000 +5.366887048e+001 +5.366887048e+001 +1.4767e+000 -2.1749e+000 +4.5288e+000
1078 0 +8.190255696e-001 +8.190255696e-001 +5.238902557e+001 +5.238902557e+001 +1.8479e+000 -1.7840e+000 +4.3736e+000
2156 0 +7.456415262e-001 +7.456415262e-001 +5.231564153e+001 +5.231564153e+001 +1.8366e+000 -1.7732e+000 +4.4975e+000
2911 0 +7.207308711e-001 +7.207308711e-001 +5.229073087e+001 +5.229073087e+001 +1.8819e+000 -1.8623e+000 +4.5176e+000
3042 0 +6.999335003e-001 +6.999335003e-001 +5.226993350e+001 +5.226993350e+001 +1.8566e+000 -1.9747e+000 +4.4643e+000
% f evaluations | g evaluations | best noise-free fitness - Fopt | noise-free fitness - Fopt (1.527100000000e+002) | measured fitness | best measured fitness | x1 | x2...
1 0 +6.623552957e+001 +6.623552957e+001 +2.189455296e+002 +2.189455296e+002 +8.9706e-001 -6.4381e-001 -3.7640e-001
2 0 +4.797421313e+001 +4.797421313e+001 +2.006842131e+002 +2.006842131e+002 -5.3105e-002 -1.0278e+000 +1.4363e-001
4 0 +2.535393719e+001 +2.535393719e+001 +1.780639372e+002 +1.780639372e+002 -7.5384e-002 -1.9619e+000 -1.3690e+000
8 0 +7.910917107e+000 +7.910917107e+000 +1.606209171e+002 +1.606209171e+002 +8.1144e-002 -1.7738e+000 +1.4135e+000
117 0 +4.329932323e+000 +4.329932323e+000 +1.570399323e+002 +1.570399323e+002 +5.9381e-001 -1.2645e+000 +2.6699e+000
161 0 +7.425452931e-001 +7.425452931e-001 +1.534525453e+002 +1.534525453e+002 -2.6200e+000 -1.2539e+000 +2.8917e+000
463 0 +3.234533747e-002 +3.234533747e-002 +1.527423453e+002 +1.527423453e+002 -2.1585e+000 -1.7865e+000 +2.5998e+000
1182 0 +9.201890847e-004 +9.201890847e-004 +1.527109202e+002 +1.527109202e+002 -2.7858e+000 -1.6488e+000 +2.4784e+000
16812 0 +8.765040058e-004 +8.765040058e-004 +1.527108765e+002 +1.527108765e+002 -2.4406e+000 -1.8169e+000 +2.4790e+000
17183 0 +7.916430561e-004 +7.916430561e-004 +1.527107916e+002 +1.527107916e+002 -2.4690e+000 -1.8635e+000 +2.4170e+000
17342 0 +6.690983651e-004 +6.690983651e-004 +1.527106691e+002 +1.527106691e+002 -2.4620e+000 -1.8435e+000 +2.4418e+000
18139 0 +4.003653090e-004 +4.003653090e-004 +1.527104004e+002 +1.527104004e+002 -2.5268e+000 -1.7943e+000 +2.4627e+000
19462 0 +3.864745756e-004 +3.864745756e-004 +1.527103865e+002 +1.527103865e+002 -2.5251e+000 -1.8191e+000 +2.4479e+000
19531 0 +3.367454122e-004 +3.367454122e-004 +1.527103367e+002 +1.527103367e+002 -2.5372e+000 -1.7922e+000 +2.4626e+000
19737 0 +2.974457867e-004 +2.974457867e-004 +1.527102974e+002 +1.527102974e+002 -2.5564e+000 -1.7791e+000 +2.4713e+000
19918 0 +2.880230619e-004 +2.880230619e-004 +1.527102880e+002 +1.527102880e+002 -2.6124e+000 -1.8045e+000 +2.4181e+000
19972 0 +2.637815441e-004 +2.637815441e-004 +1.527102638e+002 +1.527102638e+002 -2.5633e+000 -1.7942e+000 +2.4503e+000
20015 0 +2.526318512e-004 +2.526318512e-004 +1.527102526e+002 +1.527102526e+002 -2.5908e+000 -1.7588e+000 +2.4778e+000
20291 0 +2.443345884e-004 +2.443345884e-004 +1.527102443e+002 +1.527102443e+002 -2.5824e+000 -1.7906e+000 +2.4523e+000
20381 0 +2.332324916e-004 +2.332324916e-004 +1.527102332e+002 +1.527102332e+002 -2.6044e+000 -1.7944e+000 +2.4357e+000
20436 0 +2.023379725e-004 +2.023379725e-004 +1.527102023e+002 +1.527102023e+002 -2.6154e+000 -1.7790e+000 +2.4434e+000
20484 0 +1.942727791e-004 +1.942727791e-004 +1.527101943e+002 +1.527101943e+002 -2.6282e+000 -1.7804e+000 +2.4419e+000
20747 0 +1.885808250e-004 +1.885808250e-004 +1.527101886e+002 +1.527101886e+002 -2.6434e+000 -1.7611e+000 +2.4453e+000
20893 0 +1.741408384e-004 +1.741408384e-004 +1.527101741e+002 +1.527101741e+002 -2.6255e+000 -1.7586e+000 +2.4641e+000
21126 0 +1.565358722e-004 +1.565358722e-004 +1.527101565e+002 +1.527101565e+002 -2.6410e+000 -1.7639e+000 +2.4546e+000
21728 0 +1.543056894e-004 +1.543056894e-004 +1.527101543e+002 +1.527101543e+002 -2.6597e+000 -1.7289e+000 +2.4766e+000
21782 0 +1.206809232e-004 +1.206809232e-004 +1.527101207e+002 +1.527101207e+002 -2.6694e+000 -1.7527e+000 +2.4480e+000
21991 0 +1.008049857e-004 +1.008049857e-004 +1.527101008e+002 +1.527101008e+002 -2.6882e+000 -1.7450e+000 +2.4540e+000
22916 0 +9.391778792e-005 +9.391778792e-005 +1.527100939e+002 +1.527100939e+002 -2.6974e+000 -1.7436e+000 +2.4494e+000
23087 0 +9.198728617e-005 +9.198728617e-005 +1.527100920e+002 +1.527100920e+002 -2.7135e+000 -1.7327e+000 +2.4597e+000
23304 0 +8.530950890e-005 +8.530950890e-005 +1.527100853e+002 +1.527100853e+002 -2.7099e+000 -1.7344e+000 +2.4568e+000
23698 0 +8.349189821e-005 +8.349189821e-005 +1.527100835e+002 +1.527100835e+002 -2.7087e+000 -1.7253e+000 +2.4669e+000
23829 0 +8.251539575e-005 +8.251539575e-005 +1.527100825e+002 +1.527100825e+002 -2.7103e+000 -1.7363e+000 +2.4512e+000
23895 0 +7.522816659e-005 +7.522816659e-005 +1.527100752e+002 +1.527100752e+002 -2.7175e+000 -1.7246e+000 +2.4567e+000
23979 0 +7.063178393e-005 +7.063178393e-005 +1.527100706e+002 +1.527100706e+002 -2.7295e+000 -1.7285e+000 +2.4491e+000
24073 0 +5.661165582e-005 +5.661165582e-005 +1.527100566e+002 +1.527100566e+002 -2.7384e+000 -1.7161e+000 +2.4572e+000
24454 0 +3.824087065e-005 +3.824087065e-005 +1.527100382e+002 +1.527100382e+002 -2.7664e+000 -1.6887e+000 +2.4746e+000
25131 0 +3.623554289e-005 +3.623554289e-005 +1.527100362e+002 +1.527100362e+002 -2.7618e+000 -1.7007e+000 +2.4681e+000
25248 0 +3.150719169e-005 +3.150719169e-005 +1.527100315e+002 +1.527100315e+002 -2.7863e+000 -1.7032e+000 +2.4561e+000
25629 0 +3.007487416e-005 +3.007487416e-005 +1.527100301e+002 +1.527100301e+002 -2.7761e+000 -1.6936e+000 +2.4694e+000
25631 0 +2.831860365e-005 +2.831860365e-005 +1.527100283e+002 +1.527100283e+002 -2.7840e+000 -1.6903e+000 +2.4653e+000
25741 0 +2.738788294e-005 +2.738788294e-005 +1.527100274e+002 +1.527100274e+002 -2.7864e+000 -1.6934e+000 +2.4639e+000
25751 0 +2.272588716e-005 +2.272588716e-005 +1.527100227e+002 +1.527100227e+002 -2.8134e+000 -1.6804e+000 +2.4647e+000
27033 0 +2.119377407e-005 +2.119377407e-005 +1.527100212e+002 +1.527100212e+002 -2.8193e+000 -1.6788e+000 +2.4662e+000
27127 0 +1.773426101e-005 +1.773426101e-005 +1.527100177e+002 +1.527100177e+002 -2.8275e+000 -1.6745e+000 +2.4671e+000
27436 0 +1.563847039e-005 +1.563847039e-005 +1.527100156e+002 +1.527100156e+002 -2.8348e+000 -1.6734e+000 +2.4655e+000
27678 0 +1.341364603e-005 +1.341364603e-005 +1.527100134e+002 +1.527100134e+002 -2.8381e+000 -1.6716e+000 +2.4642e+000
27779 0 +1.248072348e-005 +1.248072348e-005 +1.527100125e+002 +1.527100125e+002 -2.8509e+000 -1.6551e+000 +2.4722e+000
28034 0 +9.452712249e-006 +9.452712249e-006 +1.527100095e+002 +1.527100095e+002 -2.8555e+000 -1.6629e+000 +2.4634e+000
28041 0 +8.442865635e-006 +8.442865635e-006 +1.527100084e+002 +1.527100084e+002 -2.8517e+000 -1.6595e+000 +2.4705e+000
28054 0 +7.332164898e-006 +7.332164898e-006 +1.527100073e+002 +1.527100073e+002 -2.8593e+000 -1.6543e+000 +2.4734e+000
28592 0 +6.998516568e-006 +6.998516568e-006 +1.527100070e+002 +1.527100070e+002 -2.8781e+000 -1.6569e+000 +2.4658e+000
28763 0 +6.843027137e-006 +6.843027137e-006 +1.527100068e+002 +1.527100068e+002 -2.8795e+000 -1.6532e+000 +2.4627e+000
28854 0 +6.501759003e-006 +6.501759003e-006 +1.527100065e+002 +1.527100065e+002 -2.8823e+000 -1.6430e+000 +2.4773e+000
29338 0 +4.854905598e-006 +4.854905598e-006 +1.527100049e+002 +1.527100049e+002 -2.9037e+000 -1.6428e+000 +2.4681e+000
29958 0 +4.426228372e-006 +4.426228372e-006 +1.527100044e+002 +1.527100044e+002 -2.8991e+000 -1.6369e+000 +2.4743e+000
30411 0 +4.017476272e-006 +4.017476272e-006 +1.527100040e+002 +1.527100040e+002 -2.9031e+000 -1.6402e+000 +2.4697e+000
30540 0 +3.919479980e-006 +3.919479980e-006 +1.527100039e+002 +1.527100039e+002 -2.9067e+000 -1.6333e+000 +2.4732e+000
31011 0 +3.499174227e-006 +3.499174227e-006 +1.527100035e+002 +1.527100035e+002 -2.9069e+000 -1.6313e+000 +2.4778e+000
31098 0 +3.396759240e-006 +3.396759240e-006 +1.527100034e+002 +1.527100034e+002 -2.9066e+000 -1.6350e+000 +2.4724e+000
31109 0 +2.119008769e-006 +2.119008769e-006 +1.527100021e+002 +1.527100021e+002 -2.9210e+000 -1.6276e+000 +2.4733e+000
31291 0 +2.080973189e-006 +2.080973189e-006 +1.527100021e+002 +1.527100021e+002 -2.9207e+000 -1.6246e+000 +2.4774e+000
31586 0 +1.636686278e-006 +1.636686278e-006 +1.527100016e+002 +1.527100016e+002 -2.9320e+000 -1.6243e+000 +2.4735e+000
32308 0 +1.531086525e-006 +1.531086525e-006 +1.527100015e+002 +1.527100015e+002 -2.9389e+000 -1.6204e+000 +2.4761e+000
32919 0 +1.491484596e-006 +1.491484596e-006 +1.527100015e+002 +1.527100015e+002 -2.9394e+000 -1.6205e+000 +2.4752e+000
33307 0 +1.468043223e-006 +1.468043223e-006 +1.527100015e+002 +1.527100015e+002 -2.9438e+000 -1.6202e+000 +2.4719e+000
33721 0 +1.362004781e-006 +1.362004781e-006 +1.527100014e+002 +1.527100014e+002 -2.9431e+000 -1.6176e+000 +2.4761e+000
33729 0 +1.101252167e-006 +1.101252167e-006 +1.527100011e+002 +1.527100011e+002 -2.9504e+000 -1.6175e+000 +2.4736e+000
33749 0 +8.567676559e-007 +8.567676559e-007 +1.527100009e+002 +1.527100009e+002 -2.9596e+000 -1.6076e+000 +2.4781e+000
34209 0 +7.683691194e-007 +7.683691194e-007 +1.527100008e+002 +1.527100008e+002 -2.9575e+000 -1.6136e+000 +2.4745e+000
34327 0 +6.076940053e-007 +6.076940053e-007 +1.527100006e+002 +1.527100006e+002 -2.9673e+000 -1.6120e+000 +2.4720e+000
34415 0 +5.062705384e-007 +5.062705384e-007 +1.527100005e+002 +1.527100005e+002 -2.9702e+000 -1.6091e+000 +2.4743e+000
34629 0 +5.008036794e-007 +5.008036794e-007 +1.527100005e+002 +1.527100005e+002 -2.9679e+000 -1.6080e+000 +2.4756e+000
34761 0 +4.847995285e-007 +4.847995285e-007 +1.527100005e+002 +1.527100005e+002 -2.9702e+000 -1.6061e+000 +2.4759e+000
34884 0 +4.271291232e-007 +4.271291232e-007 +1.527100004e+002 +1.527100004e+002 -2.9737e+000 -1.6026e+000 +2.4784e+000
35769 0 +4.161561549e-007 +4.161561549e-007 +1.527100004e+002 +1.527100004e+002 -2.9738e+000 -1.6041e+000 +2.4770e+000
36078 0 +3.505236634e-007 +3.505236634e-007 +1.527100004e+002 +1.527100004e+002 -2.9780e+000 -1.6023e+000 +2.4776e+000
36281 0 +2.730402855e-007 +2.730402855e-007 +1.527100003e+002 +1.527100003e+002 -2.9853e+000 -1.5965e+000 +2.4798e+000
36363 0 +2.638024910e-007 +2.638024910e-007 +1.527100003e+002 +1.527100003e+002 -2.9911e+000 -1.5951e+000 +2.4812e+000
36733 0 +2.058211805e-007 +2.058211805e-007 +1.527100002e+002 +1.527100002e+002 -2.9935e+000 -1.5985e+000 +2.4745e+000
36989 0 +1.985086726e-007 +1.985086726e-007 +1.527100002e+002 +1.527100002e+002 -2.9909e+000 -1.5953e+000 +2.4790e+000
37065 0 +1.852576759e-007 +1.852576759e-007 +1.527100002e+002 +1.527100002e+002 -2.9965e+000 -1.5959e+000 +2.4776e+000
37451 0 +1.523669084e-007 +1.523669084e-007 +1.527100002e+002 +1.527100002e+002 -2.9988e+000 -1.5942e+000 +2.4777e+000
37523 0 +1.492203410e-007 +1.492203410e-007 +1.527100001e+002 +1.527100001e+002 -3.0001e+000 -1.5897e+000 +2.4816e+000
37637 0 +1.327891823e-007 +1.327891823e-007 +1.527100001e+002 +1.527100001e+002 -3.0018e+000 -1.5905e+000 +2.4789e+000
37670 0 +1.141272321e-007 +1.141272321e-007 +1.527100001e+002 +1.527100001e+002 -3.0085e+000 -1.5893e+000 +2.4767e+000
37791 0 +8.508365568e-008 +8.508365568e-008 +1.527100001e+002 +1.527100001e+002 -3.0073e+000 -1.5904e+000 +2.4770e+000
37805 0 +7.418830705e-008 +7.418830705e-008 +1.527100001e+002 +1.527100001e+002 -3.0123e+000 -1.5866e+000 +2.4780e+000
38004 0 +4.977781032e-008 +4.977781032e-008 +1.527100000e+002 +1.527100000e+002 -3.0146e+000 -1.5847e+000 +2.4799e+000
39914 0 +4.493941219e-008 +4.493941219e-008 +1.527100000e+002 +1.527100000e+002 -3.0232e+000 -1.5836e+000 +2.4771e+000
40082 0 +4.359100103e-008 +4.359100103e-008 +1.527100000e+002 +1.527100000e+002 -3.0252e+000 -1.5837e+000 +2.4778e+000
40128 0 +3.641136459e-008 +3.641136459e-008 +1.527100000e+002 +1.527100000e+002 -3.0231e+000 -1.5824e+000 +2.4798e+000
40415 0 +3.590631081e-008 +3.590631081e-008 +1.527100000e+002 +1.527100000e+002 -3.0227e+000 -1.5815e+000 +2.4808e+000
40663 0 +2.452480885e-008 +2.452480885e-008 +1.527100000e+002 +1.527100000e+002 -3.0252e+000 -1.5804e+000 +2.4807e+000
41455 0 +1.650064974e-008 +1.650064974e-008 +1.527100000e+002 +1.527100000e+002 -3.0280e+000 -1.5787e+000 +2.4813e+000
41984 0 +1.360251645e-008 +1.360251645e-008 +1.527100000e+002 +1.527100000e+002 -3.0300e+000 -1.5795e+000 +2.4791e+000
42096 0 +1.308200126e-008 +1.308200126e-008 +1.527100000e+002 +1.527100000e+002 -3.0316e+000 -1.5757e+000 +2.4825e+000
42210 0 +1.179031983e-008 +1.179031983e-008 +1.527100000e+002 +1.527100000e+002 -3.0349e+000 -1.5749e+000 +2.4814e+000
42306 0 +1.148123374e-008 +1.148123374e-008 +1.527100000e+002 +1.527100000e+002 -3.0356e+000 -1.5767e+000 +2.4803e+000
42948 0 +1.068761435e-008 +1.068761435e-008 +1.527100000e+002 +1.527100000e+002 -3.0356e+000 -1.5762e+000 +2.4804e+000
42953 0 +1.031185093e-008 +1.031185093e-008 +1.527100000e+002 +1.527100000e+002 -3.0384e+000 -1.5764e+000 +2.4792e+000
43195 0 +6.244903261e-009 +6.244903261e-009 +1.527100000e+002 +1.527100000e+002 -3.0393e+000 -1.5737e+000 +2.4811e+000
% f evaluations | g evaluations | best noise-free fitness - Fopt | noise-free fitness - Fopt (9.980000000000e+001) | measured fitness | best measured fitness | x1 | x2...
1 0 +6.412585727e+001 +6.412585727e+001 +1.639258573e+002 +1.639258573e+002 +2.1866e+000 +3.2694e-001 -1.7544e-001
2 0 +4.798926544e+001 +4.798926544e+001 +1.477892654e+002 +1.477892654e+002 -9.7855e-001 +9.5055e-001 +3.4146e-001
3 0 +3.144196223e+001 +3.144196223e+001 +1.312419622e+002 +1.312419622e+002 +5.3983e-001 +1.3248e-001 -1.3777e+000
14 0 +2.743717205e+001 +2.743717205e+001 +1.272371721e+002 +1.272371721e+002 -1.0240e+000 +1.7924e+000 +1.5038e-001
23 0 +2.452231129e+001 +2.452231129e+001 +1.243223113e+002 +1.243223113e+002 -1.0770e+000 +1.6278e+000 +5.1366e-001
31 0 +8.802064786e+000 +8.802064786e+000 +1.086020648e+002 +1.086020648e+002 +2.4320e-001 +2.7872e-002 +2.3830e+000
200 0 +8.100234627e+000 +8.100234627e+000 +1.079002346e+002 +1.079002346e+002 -2.3730e+000 -8.6570e-002 +7.8543e-001
306 0 +7.473477278e+000 +7.473477278e+000 +1.072734773e+002 +1.072734773e+002 +1.4132e+000 +1.9199e-001 +3.7699e+000
400 0 +6.474564783e+000 +6.474564783e+000 +1.062745648e+002 +1.062745648e+002 +1.2772e+000 +1.9922e+000 -2.2229e+000
483 0 +4.256384146e+000 +4.256384146e+000 +1.040563841e+002 +1.040563841e+002 +1.6982e+000 +1.2427e+000 -2.6657e+000
554 0 +2.907015551e+000 +2.907015551e+000 +1.027070156e+002 +1.027070156e+002 +1.6218e+000 +2.3002e+000 -2.8099e+000
1745 0 +2.718821137e+000 +2.718821137e+000 +1.025188211e+002 +1.025188211e+002 +1.4878e+000 +1.9585e+000 -2.6977e+000
2803 0 +2.663087052e+000 +2.663087052e+000 +1.024630871e+002 +1.024630871e+002 +1.5560e+000 +2.1641e+000 -2.8253e+000
3361 0 +2.623621700e+000 +2.623621700e+000 +1.024236217e+002 +1.024236217e+002 +1.5232e+000 +1.9897e+000 -2.8281e+000
% f evaluations | g evaluations | best noise-free fitness - Fopt | noise-free fitness - Fopt (-1.194100000000e+002) | measured fitness | best measured fitness | x1 | x2...
1 0 +5.206908325e+001 +5.206908325e+001 -6.734091675e+001 -6.734091675e+001 -1.7574e-001 -3.3356e-001 +7.4385e-001
10 0 +5.191845723e+001 +5.191845723e+001 -6.749154277e+001 -6.749154277e+001 -1.4722e+000 -8.8406e-001 -2.2879e+000
12 0 +3.717940467e+001 +3.717940467e+001 -8.223059533e+001 -8.223059533e+001 +2.5347e+000 -7.1901e-001 +1.1782e+000
31 0 +1.523283946e+001 +1.523283946e+001 -1.041771605e+002 -1.041771605e+002 -1.8152e+000 +1.6540e+000 -2.1936e+000
107 0 +9.163509183e+000 +9.163509183e+000 -1.102464908e+002 -1.102464908e+002 -2.4441e+000 +5.7471e-002 +1.4909e+000
212 0 +2.350441650e+000 +2.350441650e+000 -1.170595584e+002 -1.170595584e+002 -7.1999e-001 +4.2593e-001 +2.3437e+000
298 0 +2.224299622e+000 +2.224299622e+000 -1.171857004e+002 -1.171857004e+002 -6.2012e-001 +3.6119e-001 +3.4347e+000
359 0 +2.089629014e+000 +2.089629014e+000 -1.173203710e+002 -1.173203710e+002 +3.0473e+000 -2.6145e+000 +1.8547e+000
373 0 +5.854592166e-001 +5.854592166e-001 -1.188245408e+002 -1.188245408e+002 -2.9148e+000 +3.8861e-001 +2.1643e+000
427 0 +5.546182942e-002 +5.546182942e-002 -1.193545382e+002 -1.193545382e+002 -1.7555e+000 +4.6310e-001 +2.7015e+000
559 0 +1.174872878e-002 +1.174872878e-002 -1.193982513e+002 -1.193982513e+002 -6.7724e-001 +5.4919e-001 +3.8195e+000
2598 0 +3.452456047e-003 +3.452456047e-003 -1.194065475e+002 -1.194065475e+002 -1.5563e+000 +4.3082e-001 +2.8068e+000
2821 0 +2.651451076e-003 +2.651451076e-003 -1.194073485e+002 -1.194073485e+002 -1.2991e+000 +4.6252e-001 +3.3473e+000
2882 0 +2.543044168e-005 +2.543044168e-005 -1.194099746e+002 -1.194099746e+002 -1.3613e+000 +4.5610e-001 +3.1718e+000
3884 0 +6.711701971e-006 +6.711701971e-006 -1.194099933e+002 -1.194099933e+002 -1.4288e+000 +4.5314e-001 +3.0644e+000
5058 0 +5.825336018e-007 +5.825336018e-007 -1.194099994e+002 -1.194099994e+002 -1.2614e+000 +4.7052e-001 +3.2108e+000
5095 0 +4.449885722e-007 +4.449885722e-007 -1.194099996e+002 -1.194099996e+002 -1.3632e+000 +4.5973e-001 +3.1258e+000
5757 0 +2.751532691e-007 +2.751532691e-007 -1.194099997e+002 -1.194099997e+002 -1.3478e+000 +4.6411e-001 +3.1400e+000
6192 0 +1.626559651e-007 +1.626559651e-007 -1.194099998e+002 -1.194099998e+002 -1.2827e+000 +4.6777e-001 +3.1746e+000
6202 0 +9.529657063e-009 +9.529657063e-009 -1.194100000e+002 -1.194100000e+002 -1.2593e+000 +4.7233e-001 +3.2005e+000
% f evaluations | g evaluations | best noise-free fitness - Fopt | noise-free fitness - Fopt (1.077000000000e+001) | measured fitness | best measured fitness | x1 | x2...
1 0 +5.737213092e+001 +5.737213092e+001 +6.814213092e+001 +6.814213092e+001 -6.8477e-001 -5.5902e-001 +6.1457e-001
4 0 +4.627360995e+001 +4.627360995e+001 +5.704360995e+001 +5.704360995e+001 -5.8485e-001 -1.0784e-001 +3.4651e-001
8 0 +1.075534084e+001 +1.075534084e+001 +2.152534084e+001 +2.152534084e+001 +5.7935e-001 -8.5880e-001 -1.6375e-001
64 0 +4.123234227e+000 +4.123234227e+000 +1.489323423e+001 +1.489323423e+001 -2.7144e-001 -2.0224e+000 +4.4144e-001
272 0 +1.881264044e+000 +1.881264044e+000 +1.265126404e+001 +1.265126404e+001 -2.7862e-001 -1.9910e+000 +8.3272e-002
291 0 +1.522040655e+000 +1.522040655e+000 +1.229204065e+001 +1.229204065e+001 +3.9144e+000 -9.7663e-001 -9.2470e-001
294 0 +4.540246057e-002 +4.540246057e-002 +1.081540246e+001 +1.081540246e+001 +2.6323e-001 -1.9320e+000 -1.2075e-001
845 0 +4.416175131e-002 +4.416175131e-002 +1.081416175e+001 +1.081416175e+001 +1.7910e+000 -1.5666e+000 -3.6375e-001
1081 0 +2.057302414e-002 +2.057302414e-002 +1.079057302e+001 +1.079057302e+001 +2.2803e+000 -1.3713e+000 -2.3710e-001
1089 0 +3.582943325e-003 +3.582943325e-003 +1.077358294e+001 +1.077358294e+001 +1.5950e+000 -1.5049e+000 -4.8364e-001
1131 0 +6.962940788e-004 +6.962940788e-004 +1.077069629e+001 +1.077069629e+001 +1.9133e+000 -1.4652e+000 -5.2648e-001
1414 0 +2.103617840e-004 +2.103617840e-004 +1.077021036e+001 +1.077021036e+001 +1.4723e+000 -1.5634e+000 -4.9702e-001
2175 0 +9.098564320e-005 +9.098564320e-005 +1.077009099e+001 +1.077009099e+001 +1.4047e+000 -1.5963e+000 -4.0588e-001
2366 0 +4.978618102e-005 +4.978618102e-005 +1.077004979e+001 +1.077004979e+001 +1.8369e+000 -1.4893e+000 -4.0507e-001
2451 0 +2.319485351e-005 +2.319485351e-005 +1.077002319e+001 +1.077002319e+001 +1.8576e+000 -1.4751e+000 -4.1726e-001
2677 0 +6.362292645e-006 +6.362292645e-006 +1.077000636e+001 +1.077000636e+001 +1.6971e+000 -1.5152e+000 -4.2364e-001
2879 0 +4.832220236e-006 +4.832220236e-006 +1.077000483e+001 +1.077000483e+001 +1.6684e+000 -1.5298e+000 -4.2268e-001
2954 0 +2.762950089e-006 +2.762950089e-006 +1.077000276e+001 +1.077000276e+001 +1.7147e+000 -1.5136e+000 -4.6497e-001
2956 0 +2.002571080e-006 +2.002571080e-006 +1.077000200e+001 +1.077000200e+001 +1.9071e+000 -1.4569e+000 -4.8032e-001
3407 0 +1.104984015e-007 +1.104984015e-007 +1.077000011e+001 +1.077000011e+001 +1.7313e+000 -1.5031e+000 -4.6389e-001
4499 0 +6.358809834e-008 +6.358809834e-008 +1.077000006e+001 +1.077000006e+001 +1.7254e+000 -1.5093e+000 -4.4588e-001
4745 0 +1.375122238e-009 +1.375122238e-009 +1.077000000e+001 +1.077000000e+001 +1.7764e+000 -1.4940e+000 -4.5497e-001
% f evaluations | g evaluations | best noise-free fitness - Fopt | noise-free fitness - Fopt (2.137000000000e+001) | measured fitness | best measured fitness | x1 | x2...
1 0 +5.646818210e+001 +5.646818210e+001 +7.783818210e+001 +7.783818210e+001 -8.5852e-001 -9.6848e-002 -1.4137e-001
3 0 +4.250451002e+001 +4.250451002e+001 +6.387451002e+001 +6.387451002e+001 +1.4867e+000 +3.4967e-002 +1.0903e+000
5 0 +4.070037150e+001 +4.070037150e+001 +6.207037150e+001 +6.207037150e+001 +2.0454e+000 -3.1440e-001 -1.9775e+000
6 0 +1.203981675e+001 +1.203981675e+001 +3.340981675e+001 +3.340981675e+001 +5.0366e-001 +2.0458e+000 +8.6185e-001
9 0 +6.127061592e+000 +6.127061592e+000 +2.749706159e+001 +2.749706159e+001 +1.2640e-001 -1.1526e+000 -9.4797e-001
44 0 +3.417629059e+000 +3.417629059e+000 +2.478762906e+001 +2.478762906e+001 -6.1185e-001 -2.2509e+000 -1.1816e+000
84 0 +2.156374554e+000 +2.156374554e+000 +2.352637455e+001 +2.352637455e+001 +1.1024e+000 -7.9253e-001 -6.5214e-001
87 0 +8.689155408e-001 +8.689155408e-001 +2.223891554e+001 +2.223891554e+001 +4.5600e-001 -1.0219e+000 -9.5637e-001
121 0 +3.477454262e-001 +3.477454262e-001 +2.171774543e+001 +2.171774543e+001 +1.7041e+000 +9.9085e-001 -1.0101e+000
467 0 +1.559463559e-002 +1.559463559e-002 +2.138559464e+001 +2.138559464e+001 +2.6108e+000 +2.2809e+000 -1.1734e+000
1455 0 +3.934518663e-003 +3.934518663e-003 +2.137393452e+001 +2.137393452e+001 +2.1150e+000 +1.8778e+000 -1.3097e+000
3673 0 +3.560734394e-003 +3.560734394e-003 +2.137356073e+001 +2.137356073e+001 +2.1391e+000 +1.8745e+000 -1.2959e+000
4855 0 +3.505753952e-003 +3.505753952e-003 +2.137350575e+001 +2.137350575e+001 +2.1880e+000 +1.8267e+000 -1.2273e+000
5096 0 +3.310215375e-003 +3.310215375e-003 +2.137331022e+001 +2.137331022e+001 +2.1647e+000 +1.9132e+000 -1.2913e+000
5288 0 +1.675087506e-003 +1.675087506e-003 +2.137167509e+001 +2.137167509e+001 +2.2288e+000 +1.9878e+000 -1.2768e+000
5961 0 +1.549556594e-003 +1.549556594e-003 +2.137154956e+001 +2.137154956e+001 +2.2694e+000 +1.9892e+000 -1.2386e+000
5985 0 +1.167621019e-003 +1.167621019e-003 +2.137116762e+001 +2.137116762e+001 +2.2442e+000 +1.9778e+000 -1.2694e+000
6453 0 +1.068745347e-003 +1.068745347e-003 +2.137106875e+001 +2.137106875e+001 +2.3134e+000 +2.0271e+000 -1.2291e+000
6738 0 +9.984722904e-004 +9.984722904e-004 +2.137099847e+001 +2.137099847e+001 +2.3182e+000 +2.0449e+000 -1.2336e+000
6781 0 +9.629633574e-004 +9.629633574e-004 +2.137096296e+001 +2.137096296e+001 +2.3670e+000 +2.0867e+000 -1.2203e+000
6794 0 +9.507405108e-004 +9.507405108e-004 +2.137095074e+001 +2.137095074e+001 +2.3226e+000 +2.0523e+000 -1.2358e+000
6918 0 +9.269998764e-004 +9.269998764e-004 +2.137092700e+001 +2.137092700e+001 +2.2866e+000 +2.0391e+000 -1.2619e+000
7042 0 +8.253862600e-004 +8.253862600e-004 +2.137082539e+001 +2.137082539e+001 +2.3484e+000 +2.1043e+000 -1.2475e+000
7718 0 +7.870545061e-004 +7.870545061e-004 +2.137078705e+001 +2.137078705e+001 +2.3457e+000 +2.0998e+000 -1.2568e+000
7931 0 +6.907968018e-004 +6.907968018e-004 +2.137069080e+001 +2.137069080e+001 +2.3238e+000 +2.1187e+000 -1.2865e+000
8301 0 +4.677661743e-004 +4.677661743e-004 +2.137046777e+001 +2.137046777e+001 +2.3647e+000 +2.1500e+000 -1.2666e+000
8556 0 +4.249242719e-004 +4.249242719e-004 +2.137042492e+001 +2.137042492e+001 +2.3943e+000 +2.1887e+000 -1.2762e+000
8683 0 +3.400791118e-004 +3.400791118e-004 +2.137034008e+001 +2.137034008e+001 +2.3859e+000 +2.1869e+000 -1.2678e+000
9375 0 +3.139509951e-004 +3.139509951e-004 +2.137031395e+001 +2.137031395e+001 +2.3934e+000 +2.2141e+000 -1.2742e+000
9967 0 +2.867268516e-004 +2.867268516e-004 +2.137028673e+001 +2.137028673e+001 +2.3857e+000 +2.2146e+000 -1.2964e+000
10027 0 +2.728874083e-004 +2.728874083e-004 +2.137027289e+001 +2.137027289e+001 +2.4007e+000 +2.2261e+000 -1.2922e+000
10216 0 +2.628694466e-004 +2.628694466e-004 +2.137026287e+001 +2.137026287e+001 +2.3923e+000 +2.2343e+000 -1.2904e+000
10470 0 +2.413717926e-004 +2.413717926e-004 +2.137024137e+001 +2.137024137e+001 +2.4012e+000 +2.2239e+000 -1.2830e+000
10510 0 +2.186472766e-004 +2.186472766e-004 +2.137021865e+001 +2.137021865e+001 +2.4091e+000 +2.2407e+000 -1.2849e+000
10795 0 +2.114016484e-004 +2.114016484e-004 +2.137021140e+001 +2.137021140e+001 +2.4257e+000 +2.2778e+000 -1.3030e+000
11124 0 +1.803097102e-004 +1.803097102e-004 +2.137018031e+001 +2.137018031e+001 +2.4334e+000 +2.2658e+000 -1.2792e+000
11203 0 +1.690999238e-004 +1.690999238e-004 +2.137016910e+001 +2.137016910e+001 +2.4550e+000 +2.2896e+000 -1.2708e+000
11469 0 +1.581868340e-004 +1.581868340e-004 +2.137015819e+001 +2.137015819e+001 +2.4274e+000 +2.3026e+000 -1.3054e+000
12188 0 +1.443014771e-004 +1.443014771e-004 +2.137014430e+001 +2.137014430e+001 +2.4364e+000 +2.2870e+000 -1.2892e+000
12509 0 +1.410510894e-004 +1.410510894e-004 +2.137014105e+001 +2.137014105e+001 +2.4402e+000 +2.2925e+000 -1.2940e+000
12518 0 +1.288745255e-004 +1.288745255e-004 +2.137012887e+001 +2.137012887e+001 +2.4374e+000 +2.3069e+000 -1.3007e+000
12617 0 +1.245986161e-004 +1.245986161e-004 +2.137012460e+001 +2.137012460e+001 +2.4388e+000 +2.3106e+000 -1.3029e+000
12936 0 +1.091803549e-004 +1.091803549e-004 +2.137010918e+001 +2.137010918e+001 +2.4798e+000 +2.3392e+000 -1.2776e+000
13203 0 +1.048999524e-004 +1.048999524e-004 +2.137010490e+001 +2.137010490e+001 +2.4650e+000 +2.3201e+000 -1.2885e+000
13218 0 +9.855667638e-005 +9.855667638e-005 +2.137009856e+001 +2.137009856e+001 +2.4632e+000 +2.3245e+000 -1.2884e+000
13329 0 +9.274213565e-005 +9.274213565e-005 +2.137009274e+001 +2.137009274e+001 +2.4594e+000 +2.3346e+000 -1.3011e+000
13517 0 +9.115437966e-005 +9.115437966e-005 +2.137009115e+001 +2.137009115e+001 +2.4845e+000 +2.3408e+000 -1.2835e+000
13608 0 +6.932445847e-005 +6.932445847e-005 +2.137006932e+001 +2.137006932e+001 +2.4875e+000 +2.3601e+000 -1.2930e+000
14387 0 +6.903983771e-005 +6.903983771e-005 +2.137006904e+001 +2.137006904e+001 +2.4925e+000 +2.3614e+000 -1.2882e+000
14516 0 +5.139863362e-005 +5.139863362e-005 +2.137005140e+001 +2.137005140e+001 +2.4977e+000 +2.3777e+000 -1.2941e+000
14722 0 +4.898514566e-005 +4.898514566e-005 +2.137004899e+001 +2.137004899e+001 +2.4992e+000 +2.3809e+000 -1.2920e+000
15101 0 +3.353741723e-005 +3.353741723e-005 +2.137003354e+001 +2.137003354e+001 +2.5077e+000 +2.4010e+000 -1.2987e+000
15568 0 +3.197308695e-005 +3.197308695e-005 +2.137003197e+001 +2.137003197e+001 +2.5087e+000 +2.4045e+000 -1.2996e+000
15721 0 +2.779369493e-005 +2.779369493e-005 +2.137002779e+001 +2.137002779e+001 +2.5236e+000 +2.4200e+000 -1.2957e+000
16586 0 +2.711369281e-005 +2.711369281e-005 +2.137002711e+001 +2.137002711e+001 +2.5151e+000 +2.4297e+000 -1.3106e+000
17010 0 +2.602795075e-005 +2.602795075e-005 +2.137002603e+001 +2.137002603e+001 +2.5326e+000 +2.4381e+000 -1.2962e+000
17054 0 +2.557351246e-005 +2.557351246e-005 +2.137002557e+001 +2.137002557e+001 +2.5245e+000 +2.4383e+000 -1.3090e+000
17245 0 +2.097840150e-005 +2.097840150e-005 +2.137002098e+001 +2.137002098e+001 +2.5356e+000 +2.4515e+000 -1.3045e+000
17820 0 +2.073056372e-005 +2.073056372e-005 +2.137002073e+001 +2.137002073e+001 +2.5518e+000 +2.4592e+000 -1.2971e+000
17823 0 +2.014716466e-005 +2.014716466e-005 +2.137002015e+001 +2.137002015e+001 +2.5381e+000 +2.4529e+000 -1.3042e+000
17878 0 +1.946969716e-005 +1.946969716e-005 +2.137001947e+001 +2.137001947e+001 +2.5492e+000 +2.4590e+000 -1.2970e+000
18160 0 +1.443759568e-005 +1.443759568e-005 +2.137001444e+001 +2.137001444e+001 +2.5452e+000 +2.4655e+000 -1.3057e+000
18228 0 +1.401925656e-005 +1.401925656e-005 +2.137001402e+001 +2.137001402e+001 +2.5454e+000 +2.4932e+000 -1.3212e+000
18229 0 +1.221323905e-005 +1.221323905e-005 +2.137001221e+001 +2.137001221e+001 +2.5497e+000 +2.4714e+000 -1.3042e+000
18282 0 +1.012712050e-005 +1.012712050e-005 +2.137001013e+001 +2.137001013e+001 +2.5597e+000 +2.4803e+000 -1.3004e+000
18461 0 +8.121360324e-006 +8.121360324e-006 +2.137000812e+001 +2.137000812e+001 +2.5552e+000 +2.4853e+000 -1.3093e+000
20492 0 +7.524898674e-006 +7.524898674e-006 +2.137000752e+001 +2.137000752e+001 +2.5552e+000 +2.4974e+000 -1.3163e+000
20767 0 +6.862958600e-006 +6.862958600e-006 +2.137000686e+001 +2.137000686e+001 +2.5627e+000 +2.5160e+000 -1.3230e+000
20957 0 +6.654308827e-006 +6.654308827e-006 +2.137000665e+001 +2.137000665e+001 +2.5664e+000 +2.4999e+000 -1.3086e+000
21151 0 +6.559059560e-006 +6.559059560e-006 +2.137000656e+001 +2.137000656e+001 +2.5723e+000 +2.5051e+000 -1.3065e+000
21389 0 +6.065117248e-006 +6.065117248e-006 +2.137000607e+001 +2.137000607e+001 +2.5774e+000 +2.5164e+000 -1.3081e+000
22209 0 +5.562334540e-006 +5.562334540e-006 +2.137000556e+001 +2.137000556e+001 +2.5752e+000 +2.5247e+000 -1.3154e+000
22534 0 +5.297268803e-006 +5.297268803e-006 +2.137000530e+001 +2.137000530e+001 +2.5824e+000 +2.5255e+000 -1.3081e+000
22535 0 +4.647041465e-006 +4.647041465e-006 +2.137000465e+001 +2.137000465e+001 +2.5805e+000 +2.5269e+000 -1.3121e+000
22877 0 +4.137386068e-006 +4.137386068e-006 +2.137000414e+001 +2.137000414e+001 +2.5849e+000 +2.5329e+000 -1.3104e+000
23009 0 +3.759813428e-006 +3.759813428e-006 +2.137000376e+001 +2.137000376e+001 +2.5871e+000 +2.5320e+000 -1.3093e+000
23591 0 +3.652072095e-006 +3.652072095e-006 +2.137000365e+001 +2.137000365e+001 +2.5900e+000 +2.5383e+000 -1.3136e+000
23629 0 +2.505229755e-006 +2.505229755e-006 +2.137000251e+001 +2.137000251e+001 +2.5916e+000 +2.5414e+000 -1.3108e+000
24241 0 +2.375799358e-006 +2.375799358e-006 +2.137000238e+001 +2.137000238e+001 +2.5913e+000 +2.5436e+000 -1.3144e+000
24352 0 +2.273951658e-006 +2.273951658e-006 +2.137000227e+001 +2.137000227e+001 +2.5888e+000 +2.5472e+000 -1.3176e+000
24377 0 +2.220238969e-006 +2.220238969e-006 +2.137000222e+001 +2.137000222e+001 +2.5919e+000 +2.5493e+000 -1.3144e+000
24498 0 +2.126285239e-006 +2.126285239e-006 +2.137000213e+001 +2.137000213e+001 +2.5918e+000 +2.5452e+000 -1.3136e+000
24575 0 +1.957469330e-006 +1.957469330e-006 +2.137000196e+001 +2.137000196e+001 +2.5952e+000 +2.5495e+000 -1.3148e+000
24655 0 +1.875941194e-006 +1.875941194e-006 +2.137000188e+001 +2.137000188e+001 +2.5938e+000 +2.5609e+000 -1.3209e+000
24678 0 +1.812069378e-006 +1.812069378e-006 +2.137000181e+001 +2.137000181e+001 +2.5964e+000 +2.5549e+000 -1.3174e+000
24814 0 +1.663098082e-006 +1.663098082e-006 +2.137000166e+001 +2.137000166e+001 +2.6030e+000 +2.5577e+000 -1.3115e+000
24913 0 +1.625905810e-006 +1.625905810e-006 +2.137000163e+001 +2.137000163e+001 +2.6072e+000 +2.5679e+000 -1.3118e+000
24966 0 +1.610902803e-006 +1.610902803e-006 +2.137000161e+001 +2.137000161e+001 +2.6077e+000 +2.5625e+000 -1.3107e+000
25077 0 +1.542962341e-006 +1.542962341e-006 +2.137000154e+001 +2.137000154e+001 +2.6034e+000 +2.5664e+000 -1.3157e+000
25100 0 +1.431924211e-006 +1.431924211e-006 +2.137000143e+001 +2.137000143e+001 +2.6121e+000 +2.5706e+000 -1.3109e+000
25593 0 +1.381621328e-006 +1.381621328e-006 +2.137000138e+001 +2.137000138e+001 +2.6049e+000 +2.5735e+000 -1.3201e+000
25668 0 +1.055771072e-006 +1.055771072e-006 +2.137000106e+001 +2.137000106e+001 +2.6110e+000 +2.5799e+000 -1.3197e+000
25950 0 +9.956056495e-007 +9.956056495e-007 +2.137000100e+001 +2.137000100e+001 +2.6111e+000 +2.5781e+000 -1.3167e+000
25963 0 +5.587886491e-007 +5.587886491e-007 +2.137000056e+001 +2.137000056e+001 +2.6235e+000 +2.5923e+000 -1.3163e+000
27454 0 +5.420275926e-007 +5.420275926e-007 +2.137000054e+001 +2.137000054e+001 +2.6203e+000 +2.5905e+000 -1.3164e+000
27748 0 +4.908851956e-007 +4.908851956e-007 +2.137000049e+001 +2.137000049e+001 +2.6207e+000 +2.5991e+000 -1.3207e+000
28093 0 +4.886818772e-007 +4.886818772e-007 +2.137000049e+001 +2.137000049e+001 +2.6199e+000 +2.5977e+000 -1.3214e+000
28177 0 +4.608134034e-007 +4.608134034e-007 +2.137000046e+001 +2.137000046e+001 +2.6214e+000 +2.5965e+000 -1.3199e+000
28400 0 +4.527079902e-007 +4.527079902e-007 +2.137000045e+001 +2.137000045e+001 +2.6266e+000 +2.5981e+000 -1.3150e+000
28467 0 +4.447470374e-007 +4.447470374e-007 +2.137000044e+001 +2.137000044e+001 +2.6221e+000 +2.5971e+000 -1.3193e+000
28555 0 +4.090680576e-007 +4.090680576e-007 +2.137000041e+001 +2.137000041e+001 +2.6233e+000 +2.6002e+000 -1.3203e+000
28585 0 +3.736261185e-007 +3.736261185e-007 +2.137000037e+001 +2.137000037e+001 +2.6265e+000 +2.6038e+000 -1.3207e+000
28694 0 +3.175695511e-007 +3.175695511e-007 +2.137000032e+001 +2.137000032e+001 +2.6303e+000 +2.6049e+000 -1.3171e+000
28853 0 +2.852427947e-007 +2.852427947e-007 +2.137000029e+001 +2.137000029e+001 +2.6326e+000 +2.6078e+000 -1.3173e+000
29049 0 +2.011446227e-007 +2.011446227e-007 +2.137000020e+001 +2.137000020e+001 +2.6355e+000 +2.6147e+000 -1.3190e+000
29893 0 +1.980104969e-007 +1.980104969e-007 +2.137000020e+001 +2.137000020e+001 +2.6331e+000 +2.6168e+000 -1.3214e+000
29978 0 +1.806469356e-007 +1.806469356e-007 +2.137000018e+001 +2.137000018e+001 +2.6374e+000 +2.6259e+000 -1.3252e+000
30256 0 +1.746469671e-007 +1.746469671e-007 +2.137000017e+001 +2.137000017e+001 +2.6359e+000 +2.6232e+000 -1.3242e+000
30274 0 +1.317898146e-007 +1.317898146e-007 +2.137000013e+001 +2.137000013e+001 +2.6386e+000 +2.6262e+000 -1.3233e+000
30515 0 +1.213045486e-007 +1.213045486e-007 +2.137000012e+001 +2.137000012e+001 +2.6407e+000 +2.6255e+000 -1.3199e+000
30604 0 +1.198192656e-007 +1.198192656e-007 +2.137000012e+001 +2.137000012e+001 +2.6415e+000 +2.6270e+000 -1.3218e+000
31436 0 +9.615947150e-008 +9.615947150e-008 +2.137000010e+001 +2.137000010e+001 +2.6461e+000 +2.6295e+000 -1.3185e+000
31504 0 +8.471564428e-008 +8.471564428e-008 +2.137000008e+001 +2.137000008e+001 +2.6439e+000 +2.6291e+000 -1.3204e+000
31542 0 +7.684860037e-008 +7.684860037e-008 +2.137000008e+001 +2.137000008e+001 +2.6441e+000 +2.6297e+000 -1.3202e+000
31572 0 +5.424661609e-008 +5.424661609e-008 +2.137000005e+001 +2.137000005e+001 +2.6465e+000 +2.6366e+000 -1.3231e+000
31681 0 +5.236590539e-008 +5.236590539e-008 +2.137000005e+001 +2.137000005e+001 +2.6465e+000 +2.6354e+000 -1.3220e+000
32050 0 +4.077053717e-008 +4.077053717e-008 +2.137000004e+001 +2.137000004e+001 +2.6511e+000 +2.6426e+000 -1.3217e+000
34535 0 +3.410658067e-008 +3.410658067e-008 +2.137000003e+001 +2.137000003e+001 +2.6533e+000 +2.6461e+000 -1.3214e+000
34731 0 +3.358684708e-008 +3.358684708e-008 +2.137000003e+001 +2.137000003e+001 +2.6532e+000 +2.6446e+000 -1.3212e+000
35028 0 +2.590189041e-008 +2.590189041e-008 +2.137000003e+001 +2.137000003e+001 +2.6540e+000 +2.6462e+000 -1.3217e+000
35235 0 +2.494101992e-008 +2.494101992e-008 +2.137000002e+001 +2.137000002e+001 +2.6532e+000 +2.6470e+000 -1.3232e+000
35343 0 +2.273721122e-008 +2.273721122e-008 +2.137000002e+001 +2.137000002e+001 +2.6551e+000 +2.6480e+000 -1.3213e+000
35388 0 +2.080638950e-008 +2.080638950e-008 +2.137000002e+001 +2.137000002e+001 +2.6538e+000 +2.6475e+000 -1.3226e+000
35468 0 +1.949077344e-008 +1.949077344e-008 +2.137000002e+001 +2.137000002e+001 +2.6553e+000 +2.6485e+000 -1.3216e+000
35512 0 +1.530568383e-008 +1.530568383e-008 +2.137000002e+001 +2.137000002e+001 +2.6544e+000 +2.6509e+000 -1.3242e+000
36158 0 +1.328883670e-008 +1.328883670e-008 +2.137000001e+001 +2.137000001e+001 +2.6562e+000 +2.6510e+000 -1.3225e+000
36354 0 +1.276639594e-008 +1.276639594e-008 +2.137000001e+001 +2.137000001e+001 +2.6582e+000 +2.6522e+000 -1.3217e+000
36807 0 +1.233288671e-008 +1.233288671e-008 +2.137000001e+001 +2.137000001e+001 +2.6577e+000 +2.6535e+000 -1.3235e+000
37008 0 +1.207608591e-008 +1.207608591e-008 +2.137000001e+001 +2.137000001e+001 +2.6566e+000 +2.6550e+000 -1.3251e+000
37083 0 +1.193139454e-008 +1.193139454e-008 +2.137000001e+001 +2.137000001e+001 +2.6571e+000 +2.6537e+000 -1.3236e+000
37784 0 +1.076486811e-008 +1.076486811e-008 +2.137000001e+001 +2.137000001e+001 +2.6589e+000 +2.6574e+000 -1.3245e+000
38213 0 +1.046064924e-008 +1.046064924e-008 +2.137000001e+001 +2.137000001e+001 +2.6599e+000 +2.6581e+000 -1.3234e+000
38376 0 +9.674064216e-009 +9.674064216e-009 +2.137000001e+001 +2.137000001e+001 +2.6607e+000 +2.6582e+000 -1.3236e+000
75457 0 +0.000000000e+000 +0.000000000e+000 +2.137000000e+001 +2.137000000e+001 +2.6806e+000 +2.6921e+000 -1.3267e+000
% f evaluations | g evaluations | best noise-free fitness - Fopt | noise-free fitness - Fopt (1.673000000000e+001) | measured fitness | best measured fitness | x1 | x2...
1 0 +2.228173098e+001 +2.228173098e+001 +3.901173098e+001 +3.901173098e+001 -1.0751e+000 +1.0439e+000 +1.2392e+000
10 0 +1.144588383e+001 +1.144588383e+001 +2.817588383e+001 +2.817588383e+001 +2.5611e+000 -1.6124e-001 -2.5916e-001
16 0 +8.191069293e+000 +8.191069293e+000 +2.492106929e+001 +2.492106929e+001 +1.9374e+000 +1.1185e+000 +6.1311e-001
32 0 +7.620352912e+000 +7.620352912e+000 +2.435035291e+001 +2.435035291e+001 -1.5397e+000 +1.2895e+000 +1.1714e+000
35 0 +1.961915989e+000 +1.961915989e+000 +1.869191599e+001 +1.869191599e+001 -1.4235e+000 +4.3338e-002 +6.2992e-002
102 0 +1.345773742e+000 +1.345773742e+000 +1.807577374e+001 +1.807577374e+001 +2.8602e+000 +5.3297e-001 +1.1128e+000
265 0 +2.880731542e-002 +2.880731542e-002 +1.675880732e+001 +1.675880732e+001 -1.5448e+000 -3.8494e-001 -8.2534e-001
% f evaluations | g evaluations | best noise-free fitness - Fopt | noise-free fitness - Fopt (1.000000000000e+003) | measured fitness | best measured fitness | x1 | x2...
1 0 +7.074992711e+001 +7.074992711e+001 +1.070749927e+003 +1.070749927e+003 -1.5781e+000 +1.5636e+000 +1.6791e+000
2 0 +6.898812578e+001 +6.898812578e+001 +1.068988126e+003 +1.068988126e+003 -3.9388e-002 +1.0948e+000 +2.0912e-001
4 0 +6.245241202e+001 +6.245241202e+001 +1.062452412e+003 +1.062452412e+003 +1.5364e-002 +5.7799e-001 -1.0411e-001
7 0 +6.129239266e+001 +6.129239266e+001 +1.061292393e+003 +1.061292393e+003 +8.8251e-001 +1.1114e-001 -6.1703e-001
10 0 +5.762325272e+001 +5.762325272e+001 +1.057623253e+003 +1.057623253e+003 +7.9899e-001 -5.8142e-001 -6.9507e-001
11 0 +1.829196811e+001 +1.829196811e+001 +1.018291968e+003 +1.018291968e+003 -3.1306e-001 +2.9833e-001 -1.4401e+000
99 0 +1.533073333e+001 +1.533073333e+001 +1.015330733e+003 +1.015330733e+003 +5.1741e-003 +5.9451e-001 -1.6744e+000
102 0 +1.433563653e+001 +1.433563653e+001 +1.014335637e+003 +1.014335637e+003 -1.4302e-001 +9.7925e-001 -2.7015e+000
106 0 +1.155653242e+001 +1.155653242e+001 +1.011556532e+003 +1.011556532e+003 -1.4865e-001 +8.2040e-001 -2.1462e+000
190 0 +7.159945286e+000 +7.159945286e+000 +1.007159945e+003 +1.007159945e+003 -3.0918e+000 +9.0307e-002 +2.8985e-001
239 0 +1.971011016e+000 +1.971011016e+000 +1.001971011e+003 +1.001971011e+003 +7.6976e-001 -2.9488e+000 -7.9743e-001
285 0 +4.630792554e-001 +4.630792554e-001 +1.000463079e+003 +1.000463079e+003 +2.4296e-001 -2.9526e+000 -2.4943e-001
735 0 +1.348895273e-001 +1.348895273e-001 +1.000134890e+003 +1.000134890e+003 +1.7353e-001 -3.0176e+000 +2.7752e-001
1826 0 +1.132659532e-001 +1.132659532e-001 +1.000113266e+003 +1.000113266e+003 -1.2872e+000 -3.3850e+000 +1.0854e+000
1952 0 +5.004341320e-002 +5.004341320e-002 +1.000050043e+003 +1.000050043e+003 -2.3455e+000 -3.5085e+000 +1.9410e+000
% f evaluations | g evaluations | best noise-free fitness - Fopt | noise-free fitness - Fopt (-1.079600000000e+002) | measured fitness | best measured fitness | x1 | x2...
1 0 +7.062735189e+001 +7.062735189e+001 -3.733264811e+001 -3.733264811e+001 -1.3643e+000 -9.5216e-002 +1.4112e+000
5 0 +6.609329264e+000 +6.609329264e+000 -1.013506707e+002 -1.013506707e+002 -9.8145e-002 +3.1970e-001 -6.9182e-001
8 0 +1.401553513e-001 +1.401553513e-001 -1.078198446e+002 -1.078198446e+002 -6.4230e-001 +1.7097e-001 -4.4787e-001
9 0 +4.855210257e-002 +4.855210257e-002 -1.079114479e+002 -1.079114479e+002 -7.1674e-001 +1.4155e-001 -4.4047e-001
118 0 +1.075059425e-003 +1.075059425e-003 -1.079589249e+002 -1.079589249e+002 -9.3404e-001 +1.1385e+000 -7.2367e-001
% f evaluations | g evaluations | best noise-free fitness - Fopt | noise-free fitness - Fopt (-3.025900000000e+002) | measured fitness | best measured fitness | x1 | x2...
1 0 +1.192291038e+001 +1.192291038e+001 -2.906670896e+002 -2.906670896e+002 +2.7405e-001 +1.7556e-002 +1.2656e+000
3 0 +9.140746438e+000 +9.140746438e+000 -2.934492536e+002 -2.934492536e+002 +2.8479e-001 +1.0476e+000 -2.9057e-001
11 0 +8.374223213e+000 +8.374223213e+000 -2.942157768e+002 -2.942157768e+002 -1.6844e-001 +1.2096e-002 +1.0920e+000
19 0 +4.604142915e+000 +4.604142915e+000 -2.979858571e+002 -2.979858571e+002 -9.3485e-001 -3.7163e-001 -4.8792e-001
21 0 +1.444838607e+000 +1.444838607e+000 -3.011451614e+002 -3.011451614e+002 +8.4791e-002 +7.9682e-001 +7.7837e-001
26 0 +4.985844939e-001 +4.985844939e-001 -3.020914155e+002 -3.020914155e+002 +5.5548e-001 -1.1669e-001 -1.5256e+000
35 0 +1.134261027e-001 +1.134261027e-001 -3.024765739e+002 -3.024765739e+002 +6.1393e-001 +2.7808e-001 -1.8015e+000
584 0 +2.086912166e-002 +2.086912166e-002 -3.025691309e+002 -3.025691309e+002 +8.5387e-002 -4.5635e-002 -1.4011e+000
% f evaluations | g evaluations | best noise-free fitness - Fopt | noise-free fitness - Fopt (-3.065500000000e+002) | measured fitness | best measured fitness | x1 | x2...
1 0 +4.621645951e+001 +4.621645951e+001 -2.603335405e+002 -2.603335405e+002 -7.4181e-001 +9.5215e-001 +8.1451e-001
4 0 +4.484428277e+001 +4.484428277e+001 -2.617057172e+002 -2.617057172e+002 -1.2943e+000 +1.3209e+000 -9.3650e-001
5 0 +4.221250943e+001 +4.221250943e+001 -2.643374906e+002 -2.643374906e+002 +6.0025e-001 -2.1988e-002 -2.0828e-001
7 0 +1.442780853e+001 +1.442780853e+001 -2.921221915e+002 -2.921221915e+002 -1.0456e+000 -2.8434e+000 +6.0669e-001
19 0 +7.872577427e+000 +7.872577427e+000 -2.986774226e+002 -2.986774226e+002 +1.7691e-002 +4.6894e-001 +1.1369e+000
53 0 +7.324965416e+000 +7.324965416e+000 -2.992250346e+002 -2.992250346e+002 +3.1140e-001 -4.4880e-001 +7.9212e-001
68 0 +7.102041198e+000 +7.102041198e+000 -2.994479588e+002 -2.994479588e+002 +1.3895e-001 -2.2921e-001 +1.3788e+000
107 0 +1.951512000e+000 +1.951512000e+000 -3.045984880e+002 -3.045984880e+002 +2.4786e+000 +1.8608e+000 +3.1072e+000
