% function evaluation | noise-free fitness - Fopt (-6.211100000000e+02) | best noise-free fitness - Fopt | measured fitness | best measured fitness | x1 | x2...
1 +3.734421251e+07 +3.734421251e+07 +3.734359140e+07 +3.734359140e+07 +8.8272e-01 +1.3683e+00 +1.2828e+00 -3.0138e+00 +4.6803e+00
7 +2.029711173e+07 +2.029711173e+07 +2.029649062e+07 +2.029649062e+07 +6.5650e-01 +1.8793e+00 +1.2416e+00 -3.5590e+00 +3.6803e+00
13 +1.531419373e+06 +1.531419373e+06 +1.530798263e+06 +1.530798263e+06 -2.3699e-01 +3.1444e+00 +1.9539e+00 -4.4171e+00 +1.4808e+00
19 +2.778404109e+04 +2.778404109e+04 +2.716293109e+04 +2.716293109e+04 -6.3801e-01 +3.5785e+00 +2.3262e+00 -4.6474e+00 +7.4475e-01
25 +5.534636953e+03 +5.534636953e+03 +4.913526953e+03 +4.913526953e+03 -6.6382e-01 +3.6302e+00 +2.3718e+00 -4.6035e+00 +6.8995e-01
31 +1.693755761e+02 +1.693755761e+02 -4.517344239e+02 -4.517344239e+02 -6.7320e-01 +3.6556e+00 +2.3947e+00 -4.5535e+00 +6.7330e-01
37 +5.054414266e+01 +5.054414266e+01 -5.705658573e+02 -5.705658573e+02 -6.7675e-01 +3.6540e+00 +2.3949e+00 -4.5491e+00 +6.7530e-01
43 +9.813931525e+00 +9.813931525e+00 -6.112960685e+02 -6.112960685e+02 -6.8108e-01 +3.6515e+00 +2.3946e+00 -4.5472e+00 +6.7701e-01
163 +5.906816544e+00 +5.906816544e+00 -6.152031835e+02 -6.152031835e+02 -7.3805e-01 +3.6898e+00 +2.0363e+00 -4.4222e+00 +5.0552e-01
187 +3.841409874e+00 +3.841409874e+00 -6.172685901e+02 -6.172685901e+02 -7.7863e-01 +3.7277e+00 +1.7319e+00 -4.3171e+00 +3.5536e-01
241 +2.398028078e+00 +2.398028078e+00 -6.187119719e+02 -6.187119719e+02 -8.1452e-01 +3.7712e+00 +1.4178e+00 -4.2095e+00 +1.9771e-01
289 +1.528120611e+00 +1.528120611e+00 -6.195818794e+02 -6.195818794e+02 -8.3667e-01 +3.8072e+00 +1.1813e+00 -4.1292e+00 +7.6246e-02
325 +9.525428618e-01 +9.525428618e-01 -6.201574571e+02 -6.201574571e+02 -8.5209e-01 +3.8391e+00 +9.8593e-01 -4.0637e+00 -2.5838e-02
355 +6.185075029e-01 +6.185075029e-01 -6.204914925e+02 -6.204914925e+02 -8.6047e-01 +3.8610e+00 +8.5932e-01 -4.0214e+00 -9.2783e-02
391 +3.458432416e-01 +3.458432416e-01 -6.207641568e+02 -6.207641568e+02 -8.7048e-01 +3.8917e+00 +6.8694e-01 -3.9645e+00 -1.8505e-01
421 +2.489890929e-01 +2.489890929e-01 -6.208610109e+02 -6.208610109e+02 -8.7527e-01 +3.9099e+00 +5.8938e-01 -3.9325e+00 -2.3762e-01
445 +1.540176156e-01 +1.540176156e-01 -6.209559824e+02 -6.209559824e+02 -8.7849e-01 +3.9229e+00 +5.1959e-01 -3.9099e+00 -2.7566e-01
457 +9.642660306e-02 +9.642660306e-02 -6.210135734e+02 -6.210135734e+02 -8.8114e-01 +3.9358e+00 +4.5309e-01 -3.8884e+00 -3.1207e-01
481 +6.164930991e-02 +6.164930991e-02 -6.210483507e+02 -6.210483507e+02 -8.8347e-01 +3.9475e+00 +3.9248e-01 -3.8690e+00 -3.4539e-01
493 +3.434467597e-02 +3.434467597e-02 -6.210756553e+02 -6.210756553e+02 -8.8545e-01 +3.9585e+00 +3.3702e-01 -3.8514e+00 -3.7609e-01
505 +1.723497240e-02 +1.723497240e-02 -6.210927650e+02 -6.210927650e+02 -8.8730e-01 +3.9692e+00 +2.8337e-01 -3.8347e+00 -4.0595e-01
517 +1.484282970e-02 +1.484282970e-02 -6.210951572e+02 -6.210951572e+02 -8.8778e-01 +3.9719e+00 +2.6970e-01 -3.8304e+00 -4.1356e-01
529 +8.402500018e-03 +8.402500018e-03 -6.211015975e+02 -6.211015975e+02 -8.8846e-01 +3.9754e+00 +2.5191e-01 -3.8250e+00 -4.2351e-01
535 +6.187269889e-03 +6.187269889e-03 -6.211038127e+02 -6.211038127e+02 -8.8903e-01 +3.9785e+00 +2.3641e-01 -3.8202e+00 -4.3218e-01
541 +2.846940222e-03 +2.846940222e-03 -6.211071531e+02 -6.211071531e+02 -8.8985e-01 +3.9827e+00 +2.1536e-01 -3.8139e+00 -4.4401e-01
559 +2.052936163e-03 +2.052936163e-03 -6.211079471e+02 -6.211079471e+02 -8.9003e-01 +3.9835e+00 +2.1082e-01 -3.8125e+00 -4.4655e-01
565 +1.543640892e-03 +1.543640892e-03 -6.211084564e+02 -6.211084564e+02 -8.9027e-01 +3.9846e+00 +2.0525e-01 -3.8108e+00 -4.4967e-01
577 +6.406597754e-04 +6.406597754e-04 -6.211093593e+02 -6.211093593e+02 -8.9078e-01 +3.9869e+00 +1.9373e-01 -3.8074e+00 -4.5615e-01
595 +5.605344214e-04 +5.605344214e-04 -6.211094395e+02 -6.211094395e+02 -8.9090e-01 +3.9874e+00 +1.9105e-01 -3.8066e+00 -4.5765e-01
607 +2.846610735e-04 +2.846610735e-04 -6.211097153e+02 -6.211097153e+02 -8.9115e-01 +3.9884e+00 +1.8604e-01 -3.8051e+00 -4.6047e-01
619 +2.263521940e-04 +2.263521940e-04 -6.211097736e+02 -6.211097736e+02 -8.9130e-01 +3.9890e+00 +1.8293e-01 -3.8042e+00 -4.6221e-01
631 +1.209556501e-04 +1.209556501e-04 -6.211098790e+02 -6.211098790e+02 -8.9147e-01 +3.9896e+00 +1.7985e-01 -3.8033e+00 -4.6395e-01
637 +8.944088506e-05 +8.944088506e-05 -6.211099106e+02 -6.211099106e+02 -8.9150e-01 +3.9897e+00 +1.7936e-01 -3.8032e+00 -4.6422e-01
655 +4.443227431e-05 +4.443227431e-05 -6.211099556e+02 -6.211099556e+02 -8.9165e-01 +3.9902e+00 +1.7659e-01 -3.8023e+00 -4.6578e-01
661 +3.668734553e-05 +3.668734553e-05 -6.211099633e+02 -6.211099633e+02 -8.9168e-01 +3.9903e+00 +1.7618e-01 -3.8022e+00 -4.6601e-01
673 +2.308669639e-05 +2.308669639e-05 -6.211099769e+02 -6.211099769e+02 -8.9174e-01 +3.9905e+00 +1.7519e-01 -3.8019e+00 -4.6657e-01
697 +1.234228205e-05 +1.234228205e-05 -6.211099877e+02 -6.211099877e+02 -8.9181e-01 +3.9907e+00 +1.7405e-01 -3.8016e+00 -4.6720e-01
703 +8.867295151e-06 +8.867295151e-06 -6.211099911e+02 -6.211099911e+02 -8.9183e-01 +3.9908e+00 +1.7365e-01 -3.8015e+00 -4.6743e-01
721 +3.404112135e-06 +3.404112135e-06 -6.211099966e+02 -6.211099966e+02 -8.9190e-01 +3.9909e+00 +1.7266e-01 -3.8012e+00 -4.6798e-01
727 +2.383978085e-06 +2.383978085e-06 -6.211099976e+02 -6.211099976e+02 -8.9191e-01 +3.9910e+00 +1.7251e-01 -3.8012e+00 -4.6807e-01
745 +1.090493697e-06 +1.090493697e-06 -6.211099989e+02 -6.211099989e+02 -8.9194e-01 +3.9910e+00 +1.7204e-01 -3.8010e+00 -4.6833e-01
757 +7.033185057e-07 +7.033185057e-07 -6.211099993e+02 -6.211099993e+02 -8.9195e-01 +3.9911e+00 +1.7182e-01 -3.8010e+00 -4.6845e-01
763 +3.941388513e-07 +3.941388513e-07 -6.211099996e+02 -6.211099996e+02 -8.9197e-01 +3.9911e+00 +1.7162e-01 -3.8009e+00 -4.6856e-01
769 +1.938810783e-07 +1.938810783e-07 -6.211099998e+02 -6.211099998e+02 -8.9198e-01 +3.9911e+00 +1.7152e-01 -3.8009e+00 -4.6862e-01
787 +4.665093911e-08 +4.665093911e-08 -6.211100000e+02 -6.211100000e+02 -8.9199e-01 +3.9912e+00 +1.7136e-01 -3.8008e+00 -4.6871e-01
793 +3.311311048e-08 +3.311311048e-08 -6.211100000e+02 -6.211100000e+02 -8.9200e-01 +3.9912e+00 +1.7125e-01 -3.8008e+00 -4.6877e-01
2941 +2.365902674e-08 +2.365902674e-08 -6.211100000e+02 -6.211100000e+02 -8.9200e-01 +3.9912e+00 +1.7118e-01 -3.8008e+00 -4.6881e-01
2953 +7.441144589e-09 +7.441144589e-09 -6.211100000e+02 -6.211100000e+02 -8.9200e-01 +3.9912e+00 +1.7119e-01 -3.8008e+00 -4.6881e-01
% function evaluation | noise-free fitness - Fopt (-2.548200000000e+02) | best noise-free fitness - Fopt | measured fitness | best measured fitness | x1 | x2...
1 +4.047811488e+07 +4.047811488e+07 +4.047786006e+07 +4.047786006e+07 -1.1866e+00 -1.9872e+00 -2.2560e-01 -2.1024e+00 -4.8962e+00
7 +2.433756471e+07 +2.433756471e+07 +2.433730989e+07 +2.433730989e+07 -5.6279e-01 -9.8717e-01 -1.0206e-01 -1.5872e+00 -5.3731e+00
13 +4.793688451e+05 +4.793688451e+05 +4.791140251e+05 +4.791140251e+05 +1.0069e+00 +2.1100e+00 +9.6533e-01 +1.2373e+00 -5.5804e+00
19 +2.411185478e+05 +2.411185478e+05 +2.408637278e+05 +2.408637278e+05 +1.1624e+00 +2.3353e+00 +9.7167e-01 +1.3123e+00 -5.7058e+00
25 +4.738740124e+04 +4.738740124e+04 +4.713258124e+04 +4.713258124e+04 +1.3188e+00 +2.5016e+00 +9.0496e-01 +1.2368e+00 -5.9073e+00
31 +7.539826592e+03 +7.539826592e+03 +7.285006592e+03 +7.285006592e+03 +1.4136e+00 +2.5659e+00 +8.1900e-01 +1.0979e+00 -6.0818e+00
37 +2.407843772e+02 +2.407843772e+02 -1.403562279e+01 -1.403562279e+01 +1.3743e+00 +2.5169e+00 +8.2722e-01 +1.0991e+00 -6.0392e+00
43 +2.673429644e+01 +2.673429644e+01 -2.280857036e+02 -2.280857036e+02 +1.3688e+00 +2.5071e+00 +8.2472e-01 +1.0918e+00 -6.0373e+00
49 +2.479081180e+01 +2.479081180e+01 -2.300291882e+02 -2.300291882e+02 +1.3687e+00 +2.5066e+00 +8.2423e-01 +1.0908e+00 -6.0378e+00
133 +1.564806112e+01 +1.564806112e+01 -2.391719389e+02 -2.391719389e+02 +2.2527e+00 +2.9755e+00 +4.7364e-01 +3.3353e-01 -4.7188e+00
145 +4.572060031e+00 +4.572060031e+00 -2.502479400e+02 -2.502479400e+02 +3.1155e+00 +3.4313e+00 +1.3166e-01 -4.0587e-01 -3.4281e+00
151 +1.634322466e+00 +1.634322466e+00 -2.531856775e+02 -2.531856775e+02 +3.7520e+00 +3.7669e+00 -1.2049e-01 -9.5129e-01 -2.4752e+00
157 +5.614959245e-01 +5.614959245e-01 -2.542585041e+02 -2.542585041e+02 +3.5412e+00 +3.6557e+00 -3.6985e-02 -7.7067e-01 -2.7908e+00
163 +2.229590844e-03 +2.229590844e-03 -2.548177704e+02 -2.548177704e+02 +3.7341e+00 +3.7573e+00 -1.1335e-01 -9.3587e-01 -2.5020e+00
169 +7.254732722e-04 +7.254732722e-04 -2.548192745e+02 -2.548192745e+02 +3.7343e+00 +3.7574e+00 -1.1343e-01 -9.3604e-01 -2.5017e+00
175 +2.044547361e-04 +2.044547361e-04 -2.548197955e+02 -2.548197955e+02 +3.7340e+00 +3.7572e+00 -1.1330e-01 -9.3576e-01 -2.5022e+00
361 +6.675019651e-05 +6.675019651e-05 -2.548199332e+02 -2.548199332e+02 +3.7381e+00 +3.7594e+00 -1.1492e-01 -9.3927e-01 -2.4961e+00
367 +3.329228701e-05 +3.329228701e-05 -2.548199667e+02 -2.548199667e+02 +3.7381e+00 +3.7593e+00 -1.1491e-01 -9.3925e-01 -2.4961e+00
1867 +1.901029782e-05 +1.901029782e-05 -2.548199810e+02 -2.548199810e+02 +3.7427e+00 +3.7617e+00 -1.1680e-01 -9.4314e-01 -2.4892e+00
1897 +1.477112357e-05 +1.477112357e-05 -2.548199852e+02 -2.548199852e+02 +3.7424e+00 +3.7616e+00 -1.1666e-01 -9.4288e-01 -2.4897e+00
1934 +9.878151587e-06 +9.878151587e-06 -2.548199901e+02 -2.548199901e+02 +3.7420e+00 +3.7614e+00 -1.1649e-01 -9.4257e-01 -2.4903e+00
1945 +5.844084171e-06 +5.844084171e-06 -2.548199942e+02 -2.548199942e+02 +3.7413e+00 +3.7610e+00 -1.1619e-01 -9.4199e-01 -2.4913e+00
1975 +1.212093480e-06 +1.212093480e-06 -2.548199988e+02 -2.548199988e+02 +3.7410e+00 +3.7609e+00 -1.1610e-01 -9.4181e-01 -2.4916e+00
1993 +9.646438457e-07 +9.646438457e-07 -2.548199990e+02 -2.548199990e+02 +3.7410e+00 +3.7609e+00 -1.1609e-01 -9.4178e-01 -2.4917e+00
5833 +5.192596575e-07 +5.192596575e-07 -2.548199995e+02 -2.548199995e+02 +3.7410e+00 +3.7609e+00 -1.1609e-01 -9.4178e-01 -2.4917e+00
35689 +2.779346744e-07 +2.779346744e-07 -2.548199997e+02 -2.548199997e+02 +3.7406e+00 +3.7607e+00 -1.1590e-01 -9.4139e-01 -2.4924e+00
% function evaluation | noise-free fitness - Fopt (5.661000000000e+01) | best noise-free fitness - Fopt | measured fitness | best measured fitness | x1 | x2...
1 +5.683249243e+07 +5.683249243e+07 +5.683254904e+07 +5.683254904e+07 +1.7947e+00 -5.5911e-01 -3.1421e-01 +3.1282e+00 -4.0124e+00
7 +3.783492244e+07 +3.783492244e+07 +3.783497905e+07 +3.783497905e+07 +7.9474e-01 -1.1515e+00 -2.7537e-01 +2.5543e+00 -3.8234e+00
13 +1.421294789e+07 +1.421294789e+07 +1.421300450e+07 +1.421300450e+07 -9.1886e-01 -2.1594e+00 -1.3666e+00 +1.8697e+00 -3.2766e+00
19 +6.869995290e+05 +6.869995290e+05 +6.870561390e+05 +6.870561390e+05 -3.1906e+00 -3.3861e+00 -3.0055e+00 +9.2065e-01 -2.4369e+00
25 +4.241248327e+05 +4.241248327e+05 +4.241814427e+05 +4.241814427e+05 -3.4422e+00 -3.5058e+00 -3.2675e+00 +8.2938e-01 -2.3269e+00
31 +3.026169022e+05 +3.026169022e+05 +3.026735122e+05 +3.026735122e+05 -3.4612e+00 -3.4911e+00 -3.3927e+00 +8.3998e-01 -2.2961e+00
37 +5.081058418e+04 +5.081058418e+04 +5.086719418e+04 +5.086719418e+04 -3.4095e+00 -3.3551e+00 -3.8439e+00 +9.3839e-01 -2.2091e+00
43 +1.488395182e+04 +1.488395182e+04 +1.494056182e+04 +1.494056182e+04 -3.3188e+00 -3.2868e+00 -3.8629e+00 +9.9001e-01 -2.2277e+00
49 +2.061409561e+03 +2.061409561e+03 +2.118019561e+03 +2.118019561e+03 -3.2227e+00 -3.2135e+00 -3.9016e+00 +1.0528e+00 -2.2506e+00
55 +1.262833549e+03 +1.262833549e+03 +1.319443549e+03 +1.319443549e+03 -3.2300e+00 -3.2235e+00 -3.8886e+00 +1.0504e+00 -2.2565e+00
61 +5.306258595e+02 +5.306258595e+02 +5.872358595e+02 +5.872358595e+02 -3.2331e+00 -3.2317e+00 -3.8811e+00 +1.0559e+00 -2.2689e+00
67 +9.542222898e+01 +9.542222898e+01 +1.520322290e+02 +1.520322290e+02 -3.2343e+00 -3.2367e+00 -3.8840e+00 +1.0653e+00 -2.2810e+00
73 +8.326673178e+00 +8.326673178e+00 +6.493667318e+01 +6.493667318e+01 -3.2342e+00 -3.2369e+00 -3.8905e+00 +1.0698e+00 -2.2843e+00
79 +1.936789538e+00 +1.936789538e+00 +5.854678954e+01 +5.854678954e+01 -3.2343e+00 -3.2363e+00 -3.8929e+00 +1.0703e+00 -2.2839e+00
205 +1.377595578e+00 +1.377595578e+00 +5.798759558e+01 +5.798759558e+01 -3.3197e+00 -3.0979e+00 -3.8953e+00 +1.0190e+00 -2.3756e+00
235 +9.776309513e-01 +9.776309513e-01 +5.758763095e+01 +5.758763095e+01 -3.3889e+00 -2.9876e+00 -3.8952e+00 +9.7676e-01 -2.4492e+00
277 +6.055283943e-01 +6.055283943e-01 +5.721552839e+01 +5.721552839e+01 -3.4883e+00 -2.8309e+00 -3.8931e+00 +9.1526e-01 -2.5535e+00
307 +3.567029174e-01 +3.567029174e-01 +5.696670292e+01 +5.696670292e+01 -3.5733e+00 -2.6995e+00 -3.8888e+00 +8.6189e-01 -2.6410e+00
343 +2.242219967e-01 +2.242219967e-01 +5.683422200e+01 +5.683422200e+01 -3.6297e+00 -2.6135e+00 -3.8848e+00 +8.2597e-01 -2.6984e+00
355 +1.553745346e-01 +1.553745346e-01 +5.676537453e+01 +5.676537453e+01 -3.6658e+00 -2.5589e+00 -3.8819e+00 +8.0273e-01 -2.7349e+00
367 +8.891150537e-02 +8.891150537e-02 +5.669891151e+01 +5.669891151e+01 -3.7110e+00 -2.4910e+00 -3.8778e+00 +7.7343e-01 -2.7802e+00
385 +5.580852240e-02 +5.580852240e-02 +5.666580852e+01 +5.666580852e+01 -3.7464e+00 -2.4381e+00 -3.8745e+00 +7.5053e-01 -2.8154e+00
391 +3.297818634e-02 +3.297818634e-02 +5.664297819e+01 +5.664297819e+01 -3.7680e+00 -2.4061e+00 -3.8724e+00 +7.3652e-01 -2.8367e+00
409 +1.826550320e-02 +1.826550320e-02 +5.662826550e+01 +5.662826550e+01 -3.7894e+00 -2.3743e+00 -3.8704e+00 +7.2258e-01 -2.8579e+00
415 +1.542718340e-02 +1.542718340e-02 +5.662542718e+01 +5.662542718e+01 -3.8023e+00 -2.3551e+00 -3.8693e+00 +7.1420e-01 -2.8707e+00
439 +9.218297462e-03 +9.218297462e-03 +5.661921830e+01 +5.661921830e+01 -3.8083e+00 -2.3462e+00 -3.8689e+00 +7.1036e-01 -2.8767e+00
463 +5.666080333e-03 +5.666080333e-03 +5.661566608e+01 +5.661566608e+01 -3.8187e+00 -2.3305e+00 -3.8681e+00 +7.0366e-01 -2.8870e+00
475 +3.527560845e-03 +3.527560845e-03 +5.661352756e+01 +5.661352756e+01 -3.8261e+00 -2.3194e+00 -3.8676e+00 +6.9892e-01 -2.8944e+00
487 +2.390324489e-03 +2.390324489e-03 +5.661239032e+01 +5.661239032e+01 -3.8326e+00 -2.3095e+00 -3.8673e+00 +6.9474e-01 -2.9010e+00
505 +1.475799882e-03 +1.475799882e-03 +5.661147580e+01 +5.661147580e+01 -3.8335e+00 -2.3082e+00 -3.8673e+00 +6.9422e-01 -2.9019e+00
535 +9.035718244e-04 +9.035718244e-04 +5.661090357e+01 +5.661090357e+01 -3.8379e+00 -2.3015e+00 -3.8671e+00 +6.9143e-01 -2.9063e+00
553 +5.865358316e-04 +5.865358316e-04 +5.661058654e+01 +5.661058654e+01 -3.8404e+00 -2.2976e+00 -3.8671e+00 +6.8984e-01 -2.9089e+00
583 +3.859252183e-04 +3.859252183e-04 +5.661038593e+01 +5.661038593e+01 -3.8424e+00 -2.2946e+00 -3.8670e+00 +6.8863e-01 -2.9109e+00
601 +2.048831642e-04 +2.048831642e-04 +5.661020488e+01 +5.661020488e+01 -3.8448e+00 -2.2909e+00 -3.8670e+00 +6.8712e-01 -2.9133e+00
5083 +1.522700002e-04 +1.522700002e-04 +5.661015227e+01 +5.661015227e+01 -3.8457e+00 -2.2894e+00 -3.8670e+00 +6.8653e-01 -2.9143e+00
5587 +6.653554838e-05 +6.653554838e-05 +5.661006654e+01 +5.661006654e+01 -3.8541e+00 -2.2757e+00 -3.8676e+00 +6.8126e-01 -2.9232e+00
5593 +5.107361780e-05 +5.107361780e-05 +5.661005107e+01 +5.661005107e+01 -3.8538e+00 -2.2761e+00 -3.8676e+00 +6.8144e-01 -2.9229e+00
5605 +2.517388057e-05 +2.517388057e-05 +5.661002517e+01 +5.661002517e+01 -3.8532e+00 -2.2772e+00 -3.8675e+00 +6.8186e-01 -2.9223e+00
11395 +1.860995652e-05 +1.860995652e-05 +5.661001861e+01 +5.661001861e+01 -3.8527e+00 -2.2782e+00 -3.8674e+00 +6.8224e-01 -2.9216e+00
11401 +1.080775343e-05 +1.080775343e-05 +5.661001081e+01 +5.661001081e+01 -3.8524e+00 -2.2788e+00 -3.8674e+00 +6.8245e-01 -2.9213e+00
11419 +5.815883213e-06 +5.815883213e-06 +5.661000582e+01 +5.661000582e+01 -3.8522e+00 -2.2791e+00 -3.8673e+00 +6.8257e-01 -2.9211e+00
21997 +3.301343114e-06 +3.301343114e-06 +5.661000330e+01 +5.661000330e+01 -3.8516e+00 -2.2802e+00 -3.8672e+00 +6.8297e-01 -2.9204e+00
22021 +2.219767261e-06 +2.219767261e-06 +5.661000222e+01 +5.661000222e+01 -3.8512e+00 -2.2808e+00 -3.8672e+00 +6.8318e-01 -2.9200e+00
22063 +3.870565592e-07 +3.870565592e-07 +5.661000039e+01 +5.661000039e+01 -3.8512e+00 -2.2808e+00 -3.8672e+00 +6.8321e-01 -2.9200e+00
% function evaluation | noise-free fitness - Fopt (-1.810000000000e+01) | best noise-free fitness - Fopt | measured fitness | best measured fitness | x1 | x2...
1 +4.278237228e+07 +4.278237228e+07 +4.278235418e+07 +4.278235418e+07 -9.3481e-01 +2.2663e+00 +3.9586e-01 -1.1826e+00 -7.8925e-01
7 +2.428331898e+07 +2.428331898e+07 +2.428330088e+07 +2.428330088e+07 -1.1130e+00 +2.3918e+00 +1.3959e+00 -4.2105e-01 -6.9271e-01
13 +1.147240171e+07 +1.147240171e+07 +1.147238361e+07 +1.147238361e+07 -1.2087e+00 +2.0153e+00 +2.3593e+00 +4.7158e-01 -1.3630e-02
19 +7.660924918e+05 +7.660924918e+05 +7.660743918e+05 +7.660743918e+05 -1.3135e+00 +1.2492e+00 +3.8144e+00 +1.9255e+00 +1.2537e+00
25 +4.814260716e+03 +4.814260716e+03 +4.796160716e+03 +4.796160716e+03 -1.3531e+00 +9.8514e-01 +4.3525e+00 +2.4661e+00 +1.7016e+00
31 +2.813463709e+03 +2.813463709e+03 +2.795363709e+03 +2.795363709e+03 -1.3514e+00 +9.9705e-01 +4.3339e+00 +2.4531e+00 +1.6810e+00
37 +1.608194245e+03 +1.608194245e+03 +1.590094245e+03 +1.590094245e+03 -1.3495e+00 +1.0088e+00 +4.3227e+00 +2.4521e+00 +1.6629e+00
43 +5.804373574e+02 +5.804373574e+02 +5.623373574e+02 +5.623373574e+02 -1.3475e+00 +1.0212e+00 +4.3179e+00 +2.4624e+00 +1.6468e+00
49 +1.013396302e+02 +1.013396302e+02 +8.323963022e+01 +8.323963022e+01 -1.3462e+00 +1.0281e+00 +4.3213e+00 +2.4770e+00 +1.6412e+00
55 +2.424169462e+01 +2.424169462e+01 +6.141694619e+00 +6.141694619e+00 -1.3459e+00 +1.0288e+00 +4.3252e+00 +2.4829e+00 +1.6435e+00
61 +1.475986322e+01 +1.475986322e+01 -3.340136782e+00 -3.340136782e+00 -1.3458e+00 +1.0288e+00 +4.3264e+00 +2.4836e+00 +1.6452e+00
67 +9.136095752e+00 +9.136095752e+00 -8.963904248e+00 -8.963904248e+00 -1.3456e+00 +1.0295e+00 +4.3267e+00 +2.4835e+00 +1.6464e+00
73 +4.884202339e+00 +4.884202339e+00 -1.321579766e+01 -1.321579766e+01 -1.3453e+00 +1.0309e+00 +4.3264e+00 +2.4831e+00 +1.6471e+00
79 +3.903852758e+00 +3.903852758e+00 -1.419614724e+01 -1.419614724e+01 -1.3451e+00 +1.0317e+00 +4.3260e+00 +2.4827e+00 +1.6470e+00
187 +2.303738042e+00 +2.303738042e+00 -1.579626196e+01 -1.579626196e+01 -1.0391e+00 +9.0117e-01 +3.7253e+00 +2.8897e+00 +1.8374e+00
199 +9.542219606e-01 +9.542219606e-01 -1.714577804e+01 -1.714577804e+01 -8.1627e-01 +8.0653e-01 +3.2906e+00 +3.1842e+00 +1.9756e+00
205 +3.857549008e-01 +3.857549008e-01 -1.771424510e+01 -1.771424510e+01 -7.7587e-01 +7.8912e-01 +3.2126e+00 +3.2372e+00 +2.0004e+00
211 +1.662227193e-01 +1.662227193e-01 -1.793377728e+01 -1.793377728e+01 -7.2567e-01 +7.6746e-01 +3.1147e+00 +3.3039e+00 +2.0314e+00
217 +4.614925032e-02 +4.614925032e-02 -1.805385075e+01 -1.805385075e+01 -6.8349e-01 +7.4912e-01 +3.0321e+00 +3.3601e+00 +2.0576e+00
223 +1.861640787e-02 +1.861640787e-02 -1.808138359e+01 -1.808138359e+01 -6.3194e-01 +7.2692e-01 +2.9311e+00 +3.4286e+00 +2.0898e+00
229 +7.172543994e-03 +7.172543994e-03 -1.809282746e+01 -1.809282746e+01 -6.3416e-01 +7.2770e-01 +2.9354e+00 +3.4258e+00 +2.0885e+00
235 +9.050405814e-04 +9.050405814e-04 -1.809909496e+01 -1.809909496e+01 -6.2496e-01 +7.2379e-01 +2.9174e+00 +3.4380e+00 +2.0942e+00
241 +2.943390018e-04 +2.943390018e-04 -1.809970566e+01 -1.809970566e+01 -6.1861e-01 +7.2104e-01 +2.9050e+00 +3.4464e+00 +2.0982e+00
247 +8.068732919e-05 +8.068732919e-05 -1.809991931e+01 -1.809991931e+01 -6.1733e-01 +7.2048e-01 +2.9025e+00 +3.4481e+00 +2.0990e+00
253 +1.251409387e-05 +1.251409387e-05 -1.809998749e+01 -1.809998749e+01 -6.1565e-01 +7.1974e-01 +2.8992e+00 +3.4503e+00 +2.1000e+00
259 +6.138610260e-06 +6.138610260e-06 -1.809999386e+01 -1.809999386e+01 -6.1532e-01 +7.1960e-01 +2.8986e+00 +3.4508e+00 +2.1002e+00
2089 +3.871224518e-06 +3.871224518e-06 -1.809999613e+01 -1.809999613e+01 -6.1365e-01 +7.1881e-01 +2.8952e+00 +3.4530e+00 +2.1012e+00
2119 +2.088967143e-06 +2.088967143e-06 -1.809999791e+01 -1.809999791e+01 -6.1385e-01 +7.1892e-01 +2.8957e+00 +3.4527e+00 +2.1011e+00
2138 +1.583036347e-06 +1.583036347e-06 -1.809999842e+01 -1.809999842e+01 -6.1395e-01 +7.1897e-01 +2.8959e+00 +3.4526e+00 +2.1011e+00
2161 +8.594589502e-07 +8.594589502e-07 -1.809999914e+01 -1.809999914e+01 -6.1405e-01 +7.1903e-01 +2.8961e+00 +3.4525e+00 +2.1010e+00
2185 +5.683603739e-07 +5.683603739e-07 -1.809999943e+01 -1.809999943e+01 -6.1415e-01 +7.1908e-01 +2.8963e+00 +3.4523e+00 +2.1009e+00
2191 +3.417722034e-07 +3.417722034e-07 -1.809999966e+01 -1.809999966e+01 -6.1418e-01 +7.1909e-01 +2.8964e+00 +3.4523e+00 +2.1009e+00
2251 +2.485201520e-07 +2.485201520e-07 -1.809999975e+01 -1.809999975e+01 -6.1425e-01 +7.1913e-01 +2.8965e+00 +3.4522e+00 +2.1009e+00
2275 +1.020866591e-07 +1.020866591e-07 -1.809999990e+01 -1.809999990e+01 -6.1432e-01 +7.1916e-01 +2.8966e+00 +3.4521e+00 +2.1009e+00
2278 +9.339338192e-08 +9.339338192e-08 -1.809999991e+01 -1.809999991e+01 -6.1432e-01 +7.1916e-01 +2.8966e+00 +3.4521e+00 +2.1009e+00
2395 +5.819122251e-08 +5.819122251e-08 -1.809999994e+01 -1.809999994e+01 -6.1436e-01 +7.1918e-01 +2.8967e+00 +3.4520e+00 +2.1008e+00
2431 +3.732485609e-08 +3.732485609e-08 -1.809999996e+01 -1.809999996e+01 -6.1438e-01 +7.1919e-01 +2.8968e+00 +3.4520e+00 +2.1008e+00
13723 +2.467380256e-08 +2.467380256e-08 -1.809999998e+01 -1.809999998e+01 -6.1437e-01 +7.1919e-01 +2.8967e+00 +3.4520e+00 +2.1008e+00
15055 +9.362349118e-09 +9.362349118e-09 -1.809999999e+01 -1.809999999e+01 -6.1438e-01 +7.1919e-01 +2.8968e+00 +3.4520e+00 +2.1008e+00
15058 +6.165286948e-09 +6.165286948e-09 -1.809999999e+01 -1.809999999e+01 -6.1438e-01 +7.1919e-01 +2.8968e+00 +3.4520e+00 +2.1008e+00
% function evaluation | noise-free fitness - Fopt (3.777000000000e+01) | best noise-free fitness - Fopt | measured fitness | best measured fitness | x1 | x2...
1 +8.407981597e+07 +8.407981597e+07 +8.407985374e+07 +8.407985374e+07 +1.4994e+00 -8.1726e-01 -4.7270e+00 -4.6873e+00 -3.6879e+00
7 +6.259912940e+07 +6.259912940e+07 +6.259916717e+07 +6.259916717e+07 +1.2701e+00 -5.2464e-01 -3.7270e+00 -4.4019e+00 -3.3421e+00
13 +3.297565193e+06 +3.297565193e+06 +3.297602963e+06 +3.297602963e+06 +1.2629e+00 +1.2642e+00 +7.7802e-01 -2.0016e+00 +4.3895e-02
19 +5.638549079e+05 +5.638549079e+05 +5.638926779e+05 +5.638926779e+05 +9.0317e-01 +1.6541e+00 +1.7754e+00 -1.4573e+00 +6.0413e-01
25 +1.367045535e+05 +1.367045535e+05 +1.367423235e+05 +1.367423235e+05 +5.6354e-01 +1.7425e+00 +2.0553e+00 -1.3262e+00 +5.8967e-01
31 +7.762032776e+03 +7.762032776e+03 +7.799802776e+03 +7.799802776e+03 +2.9225e-01 +1.7439e+00 +2.1107e+00 -1.3208e+00 +4.4378e-01
37 +5.263552976e+02 +5.263552976e+02 +5.641252976e+02 +5.641252976e+02 +2.5319e-01 +1.7294e+00 +2.0837e+00 -1.3408e+00 +3.9410e-01
43 +1.461458439e+01 +1.461458439e+01 +5.238458439e+01 +5.238458439e+01 +2.4783e-01 +1.7237e+00 +2.0698e+00 -1.3504e+00 +3.8018e-01
49 +8.763412706e+00 +8.763412706e+00 +4.653341271e+01 +4.653341271e+01 +2.4751e-01 +1.7234e+00 +2.0683e+00 -1.3519e+00 +3.7955e-01
151 +5.650582894e+00 +5.650582894e+00 +4.342058289e+01 +4.342058289e+01 -6.3027e-02 +1.8095e+00 +1.6655e+00 -9.2034e-01 +6.2444e-01
157 +3.946508232e+00 +3.946508232e+00 +4.171650823e+01 +4.171650823e+01 -1.9025e-01 +1.8443e+00 +1.5000e+00 -7.4453e-01 +7.2385e-01
163 +2.350487854e+00 +2.350487854e+00 +4.012048785e+01 +4.012048785e+01 -3.1209e-01 +1.8774e+00 +1.3415e+00 -5.7710e-01 +8.1833e-01
181 +9.741524369e-01 +9.741524369e-01 +3.874415244e+01 +3.874415244e+01 -5.9074e-01 +1.9534e+00 +9.7953e-01 -1.9315e-01 +1.0348e+00
187 +2.891357490e-01 +2.891357490e-01 +3.805913575e+01 +3.805913575e+01 -7.4726e-01 +1.9958e+00 +7.7646e-01 +2.1409e-02 +1.1554e+00
199 +6.495605393e-02 +6.495605393e-02 +3.783495605e+01 +3.783495605e+01 -8.7157e-01 +2.0296e+00 +6.1506e-01 +1.9224e-01 +1.2515e+00
211 +4.996789590e-02 +4.996789590e-02 +3.781996790e+01 +3.781996790e+01 -9.0805e-01 +2.0395e+00 +5.6769e-01 +2.4247e-01 +1.2798e+00
217 +2.313977062e-02 +2.313977062e-02 +3.779313977e+01 +3.779313977e+01 -9.1433e-01 +2.0413e+00 +5.5950e-01 +2.5131e-01 +1.2849e+00
223 +1.130218218e-02 +1.130218218e-02 +3.778130218e+01 +3.778130218e+01 -9.4078e-01 +2.0485e+00 +5.2513e-01 +2.8791e-01 +1.3056e+00
229 +5.925324625e-03 +5.925324625e-03 +3.777592532e+01 +3.777592532e+01 -9.4645e-01 +2.0501e+00 +5.1777e-01 +2.9584e-01 +1.3100e+00
241 +3.718489073e-03 +3.718489073e-03 +3.777371849e+01 +3.777371849e+01 -9.5579e-01 +2.0527e+00 +5.0564e-01 +3.0881e-01 +1.3174e+00
247 +1.791477970e-03 +1.791477970e-03 +3.777179148e+01 +3.777179148e+01 -9.6234e-01 +2.0545e+00 +4.9713e-01 +3.1794e-01 +1.3226e+00
253 +1.012219724e-03 +1.012219724e-03 +3.777101222e+01 +3.777101222e+01 -9.6551e-01 +2.0554e+00 +4.9300e-01 +3.2240e-01 +1.3251e+00
265 +5.933324188e-04 +5.933324188e-04 +3.777059333e+01 +3.777059333e+01 -9.7141e-01 +2.0570e+00 +4.8533e-01 +3.3063e-01 +1.3298e+00
277 +3.790730503e-04 +3.790730503e-04 +3.777037907e+01 +3.777037907e+01 -9.7107e-01 +2.0569e+00 +4.8577e-01 +3.3017e-01 +1.3295e+00
283 +1.733801738e-04 +1.733801738e-04 +3.777017338e+01 +3.777017338e+01 -9.7444e-01 +2.0579e+00 +4.8139e-01 +3.3489e-01 +1.3322e+00
289 +1.320766340e-04 +1.320766340e-04 +3.777013208e+01 +3.777013208e+01 -9.7441e-01 +2.0579e+00 +4.8143e-01 +3.3486e-01 +1.3322e+00
295 +8.431270857e-05 +8.431270857e-05 +3.777008431e+01 +3.777008431e+01 -9.7525e-01 +2.0581e+00 +4.8034e-01 +3.3603e-01 +1.3328e+00
301 +6.288410670e-05 +6.288410670e-05 +3.777006288e+01 +3.777006288e+01 -9.7582e-01 +2.0582e+00 +4.7960e-01 +3.3683e-01 +1.3333e+00
2731 +3.179952910e-05 +3.179952910e-05 +3.777003180e+01 +3.777003180e+01 -9.8158e-01 +2.0596e+00 +4.7214e-01 +3.4516e-01 +1.3379e+00
2755 +2.361474850e-05 +2.361474850e-05 +3.777002361e+01 +3.777002361e+01 -9.8115e-01 +2.0596e+00 +4.7269e-01 +3.4451e-01 +1.3375e+00
2779 +8.031587470e-06 +8.031587470e-06 +3.777000803e+01 +3.777000803e+01 -9.8039e-01 +2.0594e+00 +4.7367e-01 +3.4336e-01 +1.3369e+00
2875 +6.283460245e-06 +6.283460245e-06 +3.777000628e+01 +3.777000628e+01 -9.8012e-01 +2.0594e+00 +4.7401e-01 +3.4296e-01 +1.3367e+00
2947 +3.336950627e-06 +3.336950627e-06 +3.777000334e+01 +3.777000334e+01 -9.7980e-01 +2.0593e+00 +4.7443e-01 +3.4247e-01 +1.3365e+00
2971 +1.996153593e-06 +1.996153593e-06 +3.777000200e+01 +3.777000200e+01 -9.7965e-01 +2.0593e+00 +4.7462e-01 +3.4226e-01 +1.3364e+00
2977 +8.445212316e-07 +8.445212316e-07 +3.777000084e+01 +3.777000084e+01 -9.7942e-01 +2.0593e+00 +4.7491e-01 +3.4192e-01 +1.3362e+00
9559 +2.169185223e-07 +2.169185223e-07 +3.777000022e+01 +3.777000022e+01 -9.7937e-01 +2.0592e+00 +4.7498e-01 +3.4185e-01 +1.3361e+00
% function evaluation | noise-free fitness - Fopt (-6.211100000000e+02) | best noise-free fitness - Fopt | measured fitness | best measured fitness | x1 | x2...
1 +9.860903270e+07 +9.860903270e+07 +9.860841159e+07 +9.860841159e+07 -4.3195e+00 +4.9567e+00 -4.8557e+00 -2.2711e+00 -2.4062e+00
7 +1.729162605e+07 +1.729162605e+07 +1.729100494e+07 +1.729100494e+07 -3.3195e+00 +4.4969e+00 -4.6142e+00 -2.5502e+00 -2.8179e+00
13 +9.185477529e+06 +9.185477529e+06 +9.184856419e+06 +9.184856419e+06 -3.0023e+00 +4.3845e+00 -4.5507e+00 -2.6191e+00 -2.9384e+00
19 +3.339415486e+06 +3.339415486e+06 +3.338794376e+06 +3.338794376e+06 -2.5355e+00 +4.2479e+00 -4.4643e+00 -2.7044e+00 -3.1043e+00
25 +1.627335730e+06 +1.627335730e+06 +1.626714620e+06 +1.626714620e+06 -2.2045e+00 +4.1766e+00 -4.4074e+00 -2.7509e+00 -3.2103e+00
31 +9.867862452e+05 +9.867862452e+05 +9.861651352e+05 +9.861651352e+05 -1.9220e+00 +4.1383e+00 -4.3614e+00 -2.7786e+00 -3.2897e+00
49 +5.882561880e+05 +5.882561880e+05 +5.876350780e+05 +5.876350780e+05 -1.4195e+00 +4.1887e+00 -4.2862e+00 -2.7666e+00 -3.3672e+00
61 +3.114908593e+05 +3.114908593e+05 +3.108697493e+05 +3.108697493e+05 -1.1134e+00 +4.4353e+00 -4.2493e+00 -2.6490e+00 -3.2944e+00
67 +1.255940775e+05 +1.255940775e+05 +1.249729675e+05 +1.249729675e+05 -1.0778e+00 +4.6480e+00 -4.2528e+00 -2.5420e+00 -3.1827e+00
73 +1.305710489e+04 +1.305710489e+04 +1.243599489e+04 +1.243599489e+04 -1.2023e+00 +4.8242e+00 -4.2802e+00 -2.4497e+00 -3.0567e+00
79 +4.957621451e+03 +4.957621451e+03 +4.336511451e+03 +4.336511451e+03 -1.2536e+00 +4.7903e+00 -4.2875e+00 -2.4662e+00 -3.0639e+00
91 +3.955900234e+03 +3.955900234e+03 +3.334790234e+03 +3.334790234e+03 -1.2711e+00 +4.7700e+00 -4.2910e+00 -2.4775e+00 -3.0694e+00
103 +1.418116353e+03 +1.418116353e+03 +7.970063527e+02 +7.970063527e+02 -1.2741e+00 +4.7694e+00 -4.3188e+00 -2.5001e+00 -3.0343e+00
109 +3.134885996e+02 +3.134885996e+02 -3.076214004e+02 -3.076214004e+02 -1.2601e+00 +4.7688e+00 -4.3354e+00 -2.5163e+00 -3.0136e+00
115 +5.084962675e+01 +5.084962675e+01 -5.702603733e+02 -5.702603733e+02 -1.2492e+00 +4.7688e+00 -4.3400e+00 -2.5219e+00 -3.0079e+00
121 +3.002681927e+01 +3.002681927e+01 -5.910831807e+02 -5.910831807e+02 -1.2465e+00 +4.7687e+00 -4.3392e+00 -2.5216e+00 -3.0090e+00
235 +2.411958569e+01 +2.411958569e+01 -5.969904143e+02 -5.969904143e+02 -1.2340e+00 +4.7001e+00 -3.8805e+00 -2.6455e+00 -2.7377e+00
295 +1.407545965e+01 +1.407545965e+01 -6.070345403e+02 -6.070345403e+02 -1.1927e+00 +4.5434e+00 -2.8714e+00 -2.9235e+00 -2.1463e+00
337 +9.688534196e+00 +9.688534196e+00 -6.114214658e+02 -6.114214658e+02 -1.1659e+00 +4.4673e+00 -2.4002e+00 -3.0557e+00 -1.8754e+00
397 +4.851607372e+00 +4.851607372e+00 -6.162583926e+02 -6.162583926e+02 -1.1106e+00 +4.3401e+00 -1.6531e+00 -3.2671e+00 -1.4520e+00
427 +3.969203185e+00 +3.969203185e+00 -6.171407968e+02 -6.171407968e+02 -1.0970e+00 +4.3123e+00 -1.4973e+00 -3.3111e+00 -1.3647e+00
487 +2.436877637e+00 +2.436877637e+00 -6.186731224e+02 -6.186731224e+02 -1.0630e+00 +4.2491e+00 -1.1463e+00 -3.4125e+00 -1.1706e+00
517 +1.483663137e+00 +1.483663137e+00 -6.196263369e+02 -6.196263369e+02 -1.0296e+00 +4.1924e+00 -8.4413e-01 -3.5001e+00 -1.0060e+00
559 +9.657582901e-01 +9.657582901e-01 -6.201442417e+02 -6.201442417e+02 -1.0057e+00 +4.1545e+00 -6.4454e-01 -3.5588e+00 -8.9851e-01
583 +5.555172040e-01 +5.555172040e-01 -6.205544828e+02 -6.205544828e+02 -9.7845e-01 +4.1134e+00 -4.3554e-01 -3.6204e+00 -7.8715e-01
607 +3.520524254e-01 +3.520524254e-01 -6.207579476e+02 -6.207579476e+02 -9.6295e-01 +4.0914e+00 -3.2501e-01 -3.6533e+00 -7.2877e-01
625 +2.272547997e-01 +2.272547997e-01 -6.208827452e+02 -6.208827452e+02 -9.4742e-01 +4.0692e+00 -2.1516e-01 -3.6859e+00 -6.7112e-01
643 +1.329997520e-01 +1.329997520e-01 -6.209770002e+02 -6.209770002e+02 -9.3237e-01 +4.0482e+00 -1.1226e-01 -3.7166e+00 -6.1739e-01
649 +9.760814995e-02 +9.760814995e-02 -6.210123919e+02 -6.210123919e+02 -9.2510e-01 +4.0383e+00 -6.3236e-02 -3.7313e+00 -5.9178e-01
655 +3.990279055e-02 +3.990279055e-02 -6.210700972e+02 -6.210700972e+02 -9.1292e-01 +4.0218e+00 +1.7336e-02 -3.7554e+00 -5.4981e-01
667 +3.013445090e-02 +3.013445090e-02 -6.210798655e+02 -6.210798655e+02 -9.0805e-01 +4.0151e+00 +5.0318e-02 -3.7652e+00 -5.3263e-01
673 +1.509276357e-02 +1.509276357e-02 -6.210949072e+02 -6.210949072e+02 -9.0445e-01 +4.0099e+00 +7.5716e-02 -3.7727e+00 -5.1942e-01
685 +9.667001027e-03 +9.667001027e-03 -6.211003330e+02 -6.211003330e+02 -9.0171e-01 +4.0060e+00 +9.5237e-02 -3.7785e+00 -5.0918e-01
697 +5.675395093e-03 +5.675395093e-03 -6.211043246e+02 -6.211043246e+02 -8.9921e-01 +4.0024e+00 +1.1310e-01 -3.7838e+00 -4.9978e-01
715 +3.371491942e-03 +3.371491942e-03 -6.211066285e+02 -6.211066285e+02 -8.9751e-01 +3.9999e+00 +1.2573e-01 -3.7875e+00 -4.9311e-01
733 +2.207621673e-03 +2.207621673e-03 -6.211077924e+02 -6.211077924e+02 -8.9672e-01 +3.9987e+00 +1.3194e-01 -3.7894e+00 -4.8983e-01
745 +1.342221565e-03 +1.342221565e-03 -6.211086578e+02 -6.211086578e+02 -8.9543e-01 +3.9968e+00 +1.4173e-01 -3.7922e+00 -4.8464e-01
751 +9.249938156e-04 +9.249938156e-04 -6.211090750e+02 -6.211090750e+02 -8.9492e-01 +3.9960e+00 +1.4577e-01 -3.7934e+00 -4.8249e-01
769 +5.640621744e-04 +5.640621744e-04 -6.211094359e+02 -6.211094359e+02 -8.9417e-01 +3.9948e+00 +1.5183e-01 -3.7952e+00 -4.7926e-01
781 +3.521572143e-04 +3.521572143e-04 -6.211096478e+02 -6.211096478e+02 -8.9350e-01 +3.9938e+00 +1.5748e-01 -3.7968e+00 -4.7623e-01
799 +1.783944148e-04 +1.783944148e-04 -6.211098216e+02 -6.211098216e+02 -8.9317e-01 +3.9932e+00 +1.6029e-01 -3.7977e+00 -4.7472e-01
819 +1.583164841e-04 +1.583164841e-04 -6.211098417e+02 -6.211098417e+02 -8.9304e-01 +3.9930e+00 +1.6138e-01 -3.7980e+00 -4.7413e-01
841 +8.675966558e-05 +8.675966558e-05 -6.211099132e+02 -6.211099132e+02 -8.9272e-01 +3.9925e+00 +1.6420e-01 -3.7988e+00 -4.7261e-01
847 +4.773467435e-05 +4.773467435e-05 -6.211099523e+02 -6.211099523e+02 -8.9257e-01 +3.9922e+00 +1.6555e-01 -3.7992e+00 -4.7188e-01
865 +2.862458723e-05 +2.862458723e-05 -6.211099714e+02 -6.211099714e+02 -8.9244e-01 +3.9920e+00 +1.6680e-01 -3.7995e+00 -4.7120e-01
871 +2.173446035e-05 +2.173446035e-05 -6.211099783e+02 -6.211099783e+02 -8.9235e-01 +3.9918e+00 +1.6765e-01 -3.7998e+00 -4.7074e-01
877 +1.535620765e-05 +1.535620765e-05 -6.211099846e+02 -6.211099846e+02 -8.9231e-01 +3.9918e+00 +1.6804e-01 -3.7999e+00 -4.7053e-01
895 +7.656358775e-06 +7.656358775e-06 -6.211099923e+02 -6.211099923e+02 -8.9222e-01 +3.9916e+00 +1.6895e-01 -3.8002e+00 -4.7003e-01
901 +5.631168960e-06 +5.631168960e-06 -6.211099944e+02 -6.211099944e+02 -8.9217e-01 +3.9915e+00 +1.6939e-01 -3.8003e+00 -4.6980e-01
913 +3.100268145e-06 +3.100268145e-06 -6.211099969e+02 -6.211099969e+02 -8.9213e-01 +3.9915e+00 +1.6980e-01 -3.8004e+00 -4.6957e-01
919 +2.426806418e-06 +2.426806418e-06 -6.211099976e+02 -6.211099976e+02 -8.9211e-01 +3.9914e+00 +1.6997e-01 -3.8005e+00 -4.6947e-01
931 +1.569327878e-06 +1.569327878e-06 -6.211099984e+02 -6.211099984e+02 -8.9209e-01 +3.9914e+00 +1.7019e-01 -3.8005e+00 -4.6936e-01
943 +9.555146789e-07 +9.555146789e-07 -6.211099990e+02 -6.211099990e+02 -8.9207e-01 +3.9913e+00 +1.7038e-01 -3.8006e+00 -4.6925e-01
949 +6.108525668e-07 +6.108525668e-07 -6.211099994e+02 -6.211099994e+02 -8.9206e-01 +3.9913e+00 +1.7057e-01 -3.8006e+00 -4.6915e-01
2749 +1.952068942e-07 +1.952068942e-07 -6.211099998e+02 -6.211099998e+02 -8.9198e-01 +3.9911e+00 +1.7152e-01 -3.8009e+00 -4.6862e-01
2761 +1.515519443e-07 +1.515519443e-07 -6.211099998e+02 -6.211099998e+02 -8.9198e-01 +3.9912e+00 +1.7145e-01 -3.8009e+00 -4.6866e-01
2779 +6.845539247e-09 +6.845539247e-09 -6.211100000e+02 -6.211100000e+02 -8.9200e-01 +3.9912e+00 +1.7125e-01 -3.8008e+00 -4.6877e-01
% function evaluation | noise-free fitness - Fopt (-2.548200000000e+02) | best noise-free fitness - Fopt | measured fitness | best measured fitness | x1 | x2...
1 +1.349616828e+09 +1.349616828e+09 +1.349616573e+09 +1.349616573e+09 -2.6507e+00 +4.5727e+00 +1.7952e+00 +2.3090e+00 +3.5150e+00
7 +5.920956289e+08 +5.920956289e+08 +5.920953741e+08 +5.920953741e+08 -2.1430e+00 +5.0343e+00 +1.4610e+00 +1.8511e+00 +2.5150e+00
13 +2.667143896e+08 +2.667143896e+08 +2.667141348e+08 +2.667141348e+08 -1.6639e+00 +5.4270e+00 +1.1605e+00 +1.4354e+00 +1.6152e+00
19 +1.235640840e+08 +1.235640840e+08 +1.235638292e+08 +1.235638292e+08 -1.2026e+00 +5.7647e+00 +8.8505e-01 +1.0507e+00 +7.8644e-01
25 +6.232139494e+07 +6.232139494e+07 +6.232114012e+07 +6.232114012e+07 -7.6815e-01 +6.0451e+00 +6.3840e-01 +7.0316e-01 +3.8767e-02
31 +3.619948418e+07 +3.619948418e+07 +3.619922936e+07 +3.619922936e+07 -3.6066e-01 +6.2730e+00 +4.1892e-01 +3.9089e-01 -6.3346e-01
37 +2.498917403e+07 +2.498917403e+07 +2.498891921e+07 +2.498891921e+07 +2.0192e-02 +6.4531e+00 +2.2486e-01 +1.1189e-01 -1.2355e+00
55 +1.534889104e+07 +1.534889104e+07 +1.534863622e+07 +1.534863622e+07 +1.1952e+00 +6.8156e+00 -3.0892e-01 -6.7380e-01 -2.9447e+00
79 +7.486069723e+06 +7.486069723e+06 +7.485814903e+06 +7.485814903e+06 +2.8814e+00 +5.8176e+00 -5.6276e-01 -1.2189e+00 -4.2706e+00
85 +1.300909596e+06 +1.300909596e+06 +1.300654776e+06 +1.300654776e+06 +3.6350e+00 +4.1024e+00 -2.4803e-01 -9.7589e-01 -3.9223e+00
91 +1.277233303e+05 +1.277233303e+05 +1.274685103e+05 +1.274685103e+05 +3.5271e+00 +3.5437e+00 -2.1859e-02 -7.0214e-01 -3.3764e+00
97 +2.300210860e+03 +2.300210860e+03 +2.045390860e+03 +2.045390860e+03 +3.3527e+00 +3.5098e+00 +5.0646e-02 -5.9305e-01 -3.1376e+00
103 +3.701459381e+01 +3.701459381e+01 -2.178054062e+02 -2.178054062e+02 +3.3218e+00 +3.5349e+00 +5.2951e-02 -5.8568e-01 -3.1184e+00
109 +2.153502380e+01 +2.153502380e+01 -2.332849762e+02 -2.332849762e+02 +3.3201e+00 +3.5383e+00 +5.2419e-02 -5.8598e-01 -3.1188e+00
127 +1.575965213e+01 +1.575965213e+01 -2.390603479e+02 -2.390603479e+02 +3.3204e+00 +3.5396e+00 +5.1546e-02 -5.8566e-01 -3.1196e+00
133 +9.412731778e+00 +9.412731778e+00 -2.454072682e+02 -2.454072682e+02 +3.3208e+00 +3.5403e+00 +5.0721e-02 -5.8468e-01 -3.1198e+00
139 +3.614415248e+00 +3.614415248e+00 -2.512055848e+02 -2.512055848e+02 +3.3214e+00 +3.5402e+00 +5.0056e-02 -5.8332e-01 -3.1195e+00
145 +1.129380674e+00 +1.129380674e+00 -2.536906193e+02 -2.536906193e+02 +3.3216e+00 +3.5396e+00 +4.9947e-02 -5.8246e-01 -3.1190e+00
151 +7.887039678e-01 +7.887039678e-01 -2.540312960e+02 -2.540312960e+02 +3.3216e+00 +3.5392e+00 +5.0099e-02 -5.8236e-01 -3.1187e+00
313 +6.237607646e-01 +6.237607646e-01 -2.541962392e+02 -2.541962392e+02 +3.3772e+00 +3.5684e+00 +2.8260e-02 -6.2988e-01 -3.0356e+00
325 +3.347886445e-01 +3.347886445e-01 -2.544852114e+02 -2.544852114e+02 +3.5208e+00 +3.6442e+00 -2.8857e-02 -7.5298e-01 -2.8208e+00
331 +1.333283969e-01 +1.333283969e-01 -2.546866716e+02 -2.546866716e+02 +3.6493e+00 +3.7122e+00 -7.9875e-02 -8.6321e-01 -2.6285e+00
337 +1.883156155e-02 +1.883156155e-02 -2.548011684e+02 -2.548011684e+02 +3.7390e+00 +3.7598e+00 -1.1537e-01 -9.4009e-01 -2.4946e+00
349 +3.863131233e-03 +3.863131233e-03 -2.548161369e+02 -2.548161369e+02 +3.7416e+00 +3.7612e+00 -1.1636e-01 -9.4228e-01 -2.4908e+00
385 +4.899758702e-05 +4.899758702e-05 -2.548199510e+02 -2.548199510e+02 +3.7420e+00 +3.7614e+00 -1.1648e-01 -9.4253e-01 -2.4903e+00
391 +8.005727409e-06 +8.005727409e-06 -2.548199920e+02 -2.548199920e+02 +3.7420e+00 +3.7614e+00 -1.1648e-01 -9.4254e-01 -2.4903e+00
397 +5.200808829e-06 +5.200808829e-06 -2.548199948e+02 -2.548199948e+02 +3.7420e+00 +3.7614e+00 -1.1648e-01 -9.4254e-01 -2.4903e+00
2569 +3.544274108e-06 +3.544274108e-06 -2.548199965e+02 -2.548199965e+02 +3.7399e+00 +3.7603e+00 -1.1565e-01 -9.4084e-01 -2.4933e+00
4117 +4.574513923e-07 +4.574513923e-07 -2.548199995e+02 -2.548199995e+02 +3.7411e+00 +3.7610e+00 -1.1614e-01 -9.4188e-01 -2.4915e+00
4129 +3.885147919e-07 +3.885147919e-07 -2.548199996e+02 -2.548199996e+02 +3.7410e+00 +3.7609e+00 -1.1610e-01 -9.4181e-01 -2.4916e+00
16717 +2.387729410e-07 +2.387729410e-07 -2.548199998e+02 -2.548199998e+02 +3.7408e+00 +3.7608e+00 -1.1601e-01 -9.4162e-01 -2.4920e+00
% function evaluation | noise-free fitness - Fopt (5.661000000000e+01) | best noise-free fitness - Fopt | measured fitness | best measured fitness | x1 | x2...
1 +3.292478993e+09 +3.292478993e+09 +3.292479050e+09 +3.292479050e+09 +3.7528e+00 +3.7598e+00 +6.9617e-01 -1.8513e+00 -2.7757e+00
7 +1.157279470e+09 +1.157279470e+09 +1.157279527e+09 +1.157279527e+09 +3.3846e+00 +2.7598e+00 +7.7161e-01 -1.3955e+00 -3.3177e+00
13 +6.136760432e+08 +6.136760432e+08 +6.136760999e+08 +6.136760999e+08 +3.1549e+00 +2.1758e+00 +8.0772e-01 -1.1293e+00 -3.6373e+00
19 +2.977407361e+08 +2.977407361e+08 +2.977407927e+08 +2.977407927e+08 +2.8789e+00 +1.5045e+00 +8.4136e-01 -8.2340e-01 -4.0042e+00
25 +1.671809010e+08 +1.671809010e+08 +1.671809576e+08 +1.671809576e+08 +2.6294e+00 +9.2277e-01 +8.6273e-01 -5.5838e-01 -4.3197e+00
31 +1.062616287e+08 +1.062616287e+08 +1.062616854e+08 +1.062616854e+08 +2.3810e+00 +3.6486e-01 +8.7553e-01 -3.0439e-01 -4.6182e+00
37 +7.918134186e+07 +7.918134186e+07 +7.918139847e+07 +7.918139847e+07 +2.1442e+00 -1.4818e-01 +8.7969e-01 -7.1013e-02 -4.8878e+00
49 +6.065811244e+07 +6.065811244e+07 +6.065816905e+07 +6.065816905e+07 +1.6860e+00 -1.0922e+00 +8.6508e-01 +3.5779e-01 -5.3669e+00
91 +2.872852250e+07 +2.872852250e+07 +2.872857911e+07 +2.872857911e+07 -2.0723e+00 -5.5953e+00 -1.0102e+00 +2.3367e+00 -5.9304e+00
97 +1.202951711e+07 +1.202951711e+07 +1.202957372e+07 +1.202957372e+07 -3.4098e+00 -5.5676e+00 -2.5753e+00 +2.2652e+00 -4.4085e+00
103 +1.987976036e+06 +1.987976036e+06 +1.988032646e+06 +1.988032646e+06 -3.8514e+00 -4.3962e+00 -3.7319e+00 +1.6882e+00 -2.6777e+00
109 +1.950149052e+05 +1.950149052e+05 +1.950715152e+05 +1.950715152e+05 -3.5333e+00 -3.5180e+00 -3.8473e+00 +1.2840e+00 -2.1044e+00
115 +6.765667242e+04 +6.765667242e+04 +6.771328242e+04 +6.771328242e+04 -3.3346e+00 -3.2985e+00 -3.7386e+00 +1.1880e+00 -2.0941e+00
121 +6.086581777e+04 +6.086581777e+04 +6.092242777e+04 +6.092242777e+04 -3.2867e+00 -3.2813e+00 -3.6932e+00 +1.1816e+00 -2.1292e+00
157 +3.717732714e+04 +3.717732714e+04 +3.723393714e+04 +3.723393714e+04 -3.1895e+00 -3.3195e+00 -3.6794e+00 +1.1556e+00 -2.2569e+00
163 +1.864944371e+04 +1.864944371e+04 +1.870605371e+04 +1.870605371e+04 -3.1601e+00 -3.3357e+00 -3.7492e+00 +1.1190e+00 -2.2868e+00
169 +4.907165837e+03 +4.907165837e+03 +4.963775837e+03 +4.963775837e+03 -3.1616e+00 -3.3397e+00 -3.8401e+00 +1.0840e+00 -2.2733e+00
175 +1.000543457e+03 +1.000543457e+03 +1.057153457e+03 +1.057153457e+03 -3.1827e+00 -3.3323e+00 -3.8835e+00 +1.0736e+00 -2.2393e+00
181 +6.571379381e+02 +6.571379381e+02 +7.137479381e+02 +7.137479381e+02 -3.1917e+00 -3.3272e+00 -3.8833e+00 +1.0763e+00 -2.2263e+00
199 +6.231891676e+02 +6.231891676e+02 +6.797991676e+02 +6.797991676e+02 -3.1938e+00 -3.3259e+00 -3.8793e+00 +1.0793e+00 -2.2241e+00
217 +3.229307713e+02 +3.229307713e+02 +3.795407713e+02 +3.795407713e+02 -3.1938e+00 -3.3207e+00 -3.8765e+00 +1.0937e+00 -2.2237e+00
223 +1.261638889e+02 +1.261638889e+02 +1.827738889e+02 +1.827738889e+02 -3.1903e+00 -3.3174e+00 -3.8813e+00 +1.1010e+00 -2.2260e+00
229 +2.364769085e+01 +2.364769085e+01 +8.025769085e+01 +8.025769085e+01 -3.1865e+00 -3.3160e+00 -3.8878e+00 +1.1027e+00 -2.2288e+00
235 +3.282025439e+00 +3.282025439e+00 +5.989202544e+01 +5.989202544e+01 -3.1851e+00 -3.3164e+00 -3.8908e+00 +1.1008e+00 -2.2299e+00
241 +2.082575048e+00 +2.082575048e+00 +5.869257505e+01 +5.869257505e+01 -3.1850e+00 -3.3167e+00 -3.8911e+00 +1.0998e+00 -2.2300e+00
379 +1.562563302e+00 +1.562563302e+00 +5.817256330e+01 +5.817256330e+01 -3.2791e+00 -3.1641e+00 -3.8943e+00 +1.0435e+00 -2.3317e+00
427 +9.667533202e-01 +9.667533202e-01 +5.757675332e+01 +5.757675332e+01 -3.3990e+00 -2.9715e+00 -3.8953e+00 +9.7068e-01 -2.4598e+00
463 +6.287419436e-01 +6.287419436e-01 +5.723874194e+01 +5.723874194e+01 -3.4810e+00 -2.8422e+00 -3.8932e+00 +9.1987e-01 -2.5458e+00
487 +3.973669528e-01 +3.973669528e-01 +5.700736695e+01 +5.700736695e+01 -3.5532e+00 -2.7306e+00 -3.8899e+00 +8.7453e-01 -2.6204e+00
523 +2.243110638e-01 +2.243110638e-01 +5.683431106e+01 +5.683431106e+01 -3.6354e+00 -2.6047e+00 -3.8845e+00 +8.2228e-01 -2.7043e+00
541 +1.092197199e-01 +1.092197199e-01 +5.671921972e+01 +5.671921972e+01 -3.6940e+00 -2.5166e+00 -3.8794e+00 +7.8452e-01 -2.7631e+00
553 +9.756402028e-02 +9.756402028e-02 +5.670756402e+01 +5.670756402e+01 -3.7101e+00 -2.4924e+00 -3.8780e+00 +7.7413e-01 -2.7792e+00
565 +5.057035410e-02 +5.057035410e-02 +5.666057035e+01 +5.666057035e+01 -3.7454e+00 -2.4397e+00 -3.8745e+00 +7.5113e-01 -2.8144e+00
577 +3.567326068e-02 +3.567326068e-02 +5.664567326e+01 +5.664567326e+01 -3.7759e+00 -2.3942e+00 -3.8716e+00 +7.3134e-01 -2.8447e+00
583 +2.453177905e-02 +2.453177905e-02 +5.663453178e+01 +5.663453178e+01 -3.7929e+00 -2.3691e+00 -3.8700e+00 +7.2032e-01 -2.8614e+00
601 +1.489768563e-02 +1.489768563e-02 +5.662489769e+01 +5.662489769e+01 -3.7949e+00 -2.3661e+00 -3.8699e+00 +7.1900e-01 -2.8634e+00
613 +8.789495825e-03 +8.789495825e-03 +5.661878950e+01 +5.661878950e+01 -3.8085e+00 -2.3457e+00 -3.8689e+00 +7.1022e-01 -2.8769e+00
619 +6.211791814e-03 +6.211791814e-03 +5.661621179e+01 +5.661621179e+01 -3.8158e+00 -2.3349e+00 -3.8683e+00 +7.0554e-01 -2.8841e+00
649 +3.214069895e-03 +3.214069895e-03 +5.661321407e+01 +5.661321407e+01 -3.8347e+00 -2.3064e+00 -3.8672e+00 +6.9344e-01 -2.9031e+00
655 +1.824595477e-03 +1.824595477e-03 +5.661182460e+01 +5.661182460e+01 -3.8323e+00 -2.3100e+00 -3.8674e+00 +6.9499e-01 -2.9006e+00
685 +1.559495413e-03 +1.559495413e-03 +5.661155950e+01 +5.661155950e+01 -3.8331e+00 -2.3089e+00 -3.8673e+00 +6.9449e-01 -2.9014e+00
697 +9.717307017e-04 +9.717307017e-04 +5.661097173e+01 +5.661097173e+01 -3.8373e+00 -2.3024e+00 -3.8672e+00 +6.9179e-01 -2.9057e+00
721 +5.926479951e-04 +5.926479951e-04 +5.661059265e+01 +5.661059265e+01 -3.8401e+00 -2.2981e+00 -3.8671e+00 +6.9006e-01 -2.9085e+00
739 +3.796193542e-04 +3.796193542e-04 +5.661037962e+01 +5.661037962e+01 -3.8424e+00 -2.2945e+00 -3.8670e+00 +6.8859e-01 -2.9109e+00
757 +2.232934880e-04 +2.232934880e-04 +5.661022329e+01 +5.661022329e+01 -3.8448e+00 -2.2908e+00 -3.8670e+00 +6.8710e-01 -2.9134e+00
793 +1.450090822e-04 +1.450090822e-04 +5.661014501e+01 +5.661014501e+01 -3.8459e+00 -2.2892e+00 -3.8670e+00 +6.8645e-01 -2.9144e+00
4165 +6.239641208e-05 +6.239641208e-05 +5.661006240e+01 +5.661006240e+01 -3.8545e+00 -2.2750e+00 -3.8677e+00 +6.8099e-01 -2.9236e+00
4183 +2.700163451e-05 +2.700163451e-05 +5.661002700e+01 +5.661002700e+01 -3.8531e+00 -2.2775e+00 -3.8675e+00 +6.8196e-01 -2.9221e+00
4189 +2.468580635e-05 +2.468580635e-05 +5.661002469e+01 +5.661002469e+01 -3.8528e+00 -2.2781e+00 -3.8674e+00 +6.8219e-01 -2.9217e+00
4195 +1.018651314e-05 +1.018651314e-05 +5.661001019e+01 +5.661001019e+01 -3.8519e+00 -2.2795e+00 -3.8673e+00 +6.8273e-01 -2.9208e+00
4207 +4.589655767e-06 +4.589655767e-06 +5.661000459e+01 +5.661000459e+01 -3.8520e+00 -2.2795e+00 -3.8673e+00 +6.8272e-01 -2.9208e+00
4219 +2.906578366e-06 +2.906578366e-06 +5.661000291e+01 +5.661000291e+01 -3.8519e+00 -2.2797e+00 -3.8673e+00 +6.8279e-01 -2.9207e+00
4225 +2.446699995e-06 +2.446699995e-06 +5.661000245e+01 +5.661000245e+01 -3.8518e+00 -2.2798e+00 -3.8673e+00 +6.8283e-01 -2.9207e+00
13231 +8.324687002e-07 +8.324687002e-07 +5.661000083e+01 +5.661000083e+01 -3.8515e+00 -2.2803e+00 -3.8672e+00 +6.8300e-01 -2.9204e+00
28291 +2.764150153e-07 +2.764150153e-07 +5.661000028e+01 +5.661000028e+01 -3.8514e+00 -2.2805e+00 -3.8672e+00 +6.8308e-01 -2.9202e+00
56839 +2.330329565e-07 +2.330329565e-07 +5.661000023e+01 +5.661000023e+01 -3.8513e+00 -2.2807e+00 -3.8672e+00 +6.8315e-01 -2.9201e+00
