% function evaluation | noise-free fitness - Fopt (-5.235000000000e+01) | best noise-free fitness - Fopt | measured fitness | best measured fitness | x1 | x2...
1 +3.299307739e+02 +3.299307739e+02 +2.775807739e+02 +2.775807739e+02 -1.9800e+00 +1.9335e-01 -2.5094e+00 -6.0498e-01 -1.6636e+00 -3.4785e+00 -1.0621e+00 +4.6055e+00 -3.4687e+00 -2.0221e+00 -2.1826e+00 +3.3651e+00 -4.1051e+00 +3.4772e-01 -3.0194e+00 +1.0818e+00 -3.7957e+00 +2.1329e-01 -4.6431e+00 +3.6331e+00
22 +2.152634676e+02 +2.152634676e+02 +1.629134676e+02 +1.629134676e+02 -2.6691e+00 +3.2263e-01 -2.1919e+00 -5.4947e-01 -1.3947e+00 -3.5113e+00 -9.9041e-01 +4.0544e+00 -3.2553e+00 -2.0051e+00 -1.5327e+00 +2.8993e+00 -3.7457e+00 +7.4849e-02 -2.4378e+00 +6.0419e-01 -3.9398e+00 +5.0601e-01 -3.6431e+00 +3.5841e+00
43 +9.235483296e+01 +9.235483296e+01 +4.000483296e+01 +4.000483296e+01 -3.7849e+00 +1.4813e-01 -1.2463e+00 -2.1767e-01 -1.0653e+00 -3.2783e+00 -1.4316e+00 +2.4568e+00 -2.5488e+00 -2.3284e+00 -1.7807e-01 +2.5510e+00 -3.1349e+00 -4.7601e-01 -1.0497e+00 +7.1368e-03 -3.8517e+00 +7.9191e-01 -1.2605e+00 +2.8132e+00
64 +5.295397869e+01 +5.295397869e+01 +6.039786917e-01 +6.039786917e-01 -4.2489e+00 -3.5413e-01 -7.7206e-01 +2.6506e-01 -1.1509e+00 -2.7303e+00 -2.0198e+00 +1.2261e+00 -2.1809e+00 -2.5723e+00 +5.0085e-01 +2.5045e+00 -2.4263e+00 -8.6961e-01 -3.5660e-01 -2.3694e-01 -3.3504e+00 +7.6663e-01 +1.8243e-01 +2.1637e+00
85 +2.762075243e+01 +2.762075243e+01 -2.472924757e+01 -2.472924757e+01 -4.6375e+00 -1.0765e+00 -2.5590e-01 +8.9748e-01 -1.3358e+00 -1.7459e+00 -2.8647e+00 -3.7501e-01 -1.7045e+00 -2.9522e+00 +1.2848e+00 +2.4288e+00 -1.4258e+00 -1.5049e+00 +4.1302e-01 -5.3243e-01 -2.5649e+00 +6.7589e-01 +1.8552e+00 +1.2763e+00
106 +2.271736946e+01 +2.271736946e+01 -2.963263054e+01 -2.963263054e+01 -4.7597e+00 -1.3793e+00 +5.4391e-03 +1.0856e+00 -1.3938e+00 -1.1538e+00 -3.2243e+00 -1.1151e+00 -1.3907e+00 -3.1669e+00 +1.6633e+00 +2.3228e+00 -8.8575e-01 -1.8267e+00 +7.3322e-01 -7.0820e-01 -2.1813e+00 +5.9611e-01 +2.5306e+00 +8.0467e-01
190 +8.652546896e+00 +8.652546896e+00 -4.369745310e+01 -4.369745310e+01 -3.4982e+00 -1.5008e+00 +1.7748e+00 -4.6656e-01 -1.8366e+00 +3.1237e+00 -4.2535e+00 -2.4309e+00 +1.4196e+00 -3.7957e+00 +2.5712e+00 +8.0057e-01 +2.5622e+00 -2.3158e+00 +6.9599e-01 -5.0712e-01 -7.3639e-01 -8.9086e-01 +2.3413e+00 -2.5823e+00
253 +6.066968258e+00 +6.066968258e+00 -4.628303174e+01 -4.628303174e+01 -2.3104e+00 -9.9087e-01 +2.2412e+00 -1.8742e+00 -1.9866e+00 +4.2883e+00 -4.1006e+00 -1.2661e+00 +2.3407e+00 -3.5313e+00 +2.3783e+00 +1.4202e-01 +3.3503e+00 -1.7435e+00 -2.7925e-01 +1.9805e-01 -7.4382e-01 -1.2624e+00 +8.3563e-01 -3.5396e+00
337 +2.883726844e+00 +2.883726844e+00 -4.946627316e+01 -4.946627316e+01 -1.6670e+00 -1.1933e+00 +2.2235e+00 -2.1774e+00 -1.9289e+00 +2.7016e+00 -3.6329e+00 +1.0752e+00 +1.5866e+00 -2.3475e+00 +3.0422e+00 +6.0377e-02 +2.5302e+00 -6.7315e-01 -1.8884e+00 +1.1923e+00 -1.7052e+00 +1.4325e+00 +2.0200e+00 -2.8607e+00
358 +1.895319353e+00 +1.895319353e+00 -5.045468065e+01 -5.045468065e+01 -1.6888e+00 -1.2696e+00 +2.4333e+00 -2.1729e+00 -1.9706e+00 +3.3466e+00 -3.8695e+00 +4.7089e-01 +1.9690e+00 -2.5867e+00 +3.1435e+00 -6.7843e-02 +3.0343e+00 -9.4310e-01 -1.6030e+00 +1.0300e+00 -1.3718e+00 +1.0051e+00 +2.1124e+00 -3.3144e+00
379 +1.197549218e+00 +1.197549218e+00 -5.115245078e+01 -5.115245078e+01 -1.3822e+00 -1.4531e+00 +2.7543e+00 -2.3572e+00 -1.9947e+00 +3.6115e+00 -3.9859e+00 +6.6068e-01 +2.2297e+00 -2.3826e+00 +3.5854e+00 -3.2132e-01 +3.4400e+00 -8.3720e-01 -1.9421e+00 +1.2530e+00 -1.3157e+00 +1.5881e+00 +2.7544e+00 -3.7188e+00
421 +9.810964284e-01 +9.810964284e-01 -5.136890357e+01 -5.136890357e+01 -1.1709e+00 -1.4743e+00 +2.8983e+00 -2.4985e+00 -1.9705e+00 +3.8730e+00 -4.0243e+00 +5.7675e-01 +2.4593e+00 -2.3278e+00 +3.6636e+00 -4.5618e-01 +3.7138e+00 -8.3582e-01 -2.0236e+00 +1.2777e+00 -1.2122e+00 +1.6174e+00 +2.8804e+00 -4.0126e+00
442 +5.798599760e-01 +5.798599760e-01 -5.177014002e+01 -5.177014002e+01 -1.0194e+00 -1.4375e+00 +2.8016e+00 -2.4375e+00 -1.8148e+00 +3.8459e+00 -3.9534e+00 +1.3990e-01 +2.5238e+00 -2.2718e+00 +3.4320e+00 -4.1501e-01 +3.7347e+00 -9.3187e-01 -1.8660e+00 +1.0506e+00 -1.1032e+00 +1.4230e+00 +2.9391e+00 -4.1059e+00
484 +3.397356843e-01 +3.397356843e-01 -5.201026432e+01 -5.201026432e+01 -8.4663e-01 -1.4349e+00 +2.7425e+00 -2.3884e+00 -1.6679e+00 +3.8029e+00 -3.8963e+00 -2.0458e-01 +2.5873e+00 -2.1736e+00 +3.2841e+00 -3.9882e-01 +3.7716e+00 -9.9440e-01 -1.7830e+00 +8.8061e-01 -1.0148e+00 +1.3760e+00 +3.1116e+00 -4.2094e+00
505 +2.191411030e-01 +2.191411030e-01 -5.213085890e+01 -5.213085890e+01 -7.7094e-01 -1.4408e+00 +2.7152e+00 -2.3749e+00 -1.6009e+00 +3.6949e+00 -3.8573e+00 -1.9186e-01 +2.5701e+00 -2.0739e+00 +3.2626e+00 -3.9354e-01 +3.7226e+00 -9.7072e-01 -1.8390e+00 +8.7549e-01 -1.0347e+00 +1.5097e+00 +3.2300e+00 -4.1866e+00
547 +1.279944645e-01 +1.279944645e-01 -5.222200554e+01 -5.222200554e+01 -8.1577e-01 -1.4297e+00 +2.6691e+00 -2.3607e+00 -1.5926e+00 +3.5291e+00 -3.8193e+00 +4.3838e-02 +2.4746e+00 -2.0033e+00 +3.2623e+00 -3.7538e-01 +3.5592e+00 -9.0253e-01 -1.9368e+00 +9.6698e-01 -1.1386e+00 +1.6716e+00 +3.1966e+00 -4.0277e+00
589 +8.981648335e-02 +8.981648335e-02 -5.226018352e+01 -5.226018352e+01 -7.6994e-01 -1.4251e+00 +2.6924e+00 -2.4042e+00 -1.5736e+00 +3.6105e+00 -3.8214e+00 +4.6180e-02 +2.5590e+00 -1.9678e+00 +3.2411e+00 -4.2870e-01 +3.6025e+00 -8.8707e-01 -1.9622e+00 +1.0013e+00 -1.1291e+00 +1.6580e+00 +3.1553e+00 -4.0921e+00
610 +6.235304831e-02 +6.235304831e-02 -5.228764695e+01 -5.228764695e+01 -7.8969e-01 -1.4092e+00 +2.6546e+00 -2.4030e+00 -1.5358e+00 +3.5696e+00 -3.7977e+00 +1.6528e-01 +2.5766e+00 -1.8801e+00 +3.1723e+00 -4.5982e-01 +3.4987e+00 -8.2982e-01 -2.0125e+00 +1.0895e+00 -1.1930e+00 +1.7169e+00 +3.0593e+00 -4.0222e+00
652 +3.213815915e-02 +3.213815915e-02 -5.231786184e+01 -5.231786184e+01 -7.5854e-01 -1.3645e+00 +2.6131e+00 -2.4093e+00 -1.4775e+00 +3.6088e+00 -3.7953e+00 +1.1946e-01 +2.6429e+00 -1.8206e+00 +3.0658e+00 -4.7570e-01 +3.4820e+00 -8.0766e-01 -1.9992e+00 +1.1013e+00 -1.2087e+00 +1.6794e+00 +2.9798e+00 -4.0238e+00
694 +2.115740884e-02 +2.115740884e-02 -5.232884259e+01 -5.232884259e+01 -7.8985e-01 -1.3733e+00 +2.6138e+00 -2.3894e+00 -1.4723e+00 +3.6139e+00 -3.8176e+00 +1.2673e-01 +2.6608e+00 -1.8026e+00 +3.0762e+00 -4.8113e-01 +3.4715e+00 -8.0740e-01 -2.0042e+00 +1.1283e+00 -1.2113e+00 +1.7208e+00 +3.0106e+00 -4.0053e+00
715 +1.492721724e-02 +1.492721724e-02 -5.233507278e+01 -5.233507278e+01 -7.9798e-01 -1.3719e+00 +2.6072e+00 -2.3754e+00 -1.4644e+00 +3.6251e+00 -3.8310e+00 +9.5040e-02 +2.6780e+00 -1.7946e+00 +3.0667e+00 -4.8202e-01 +3.4741e+00 -8.1497e-01 -1.9896e+00 +1.1273e+00 -1.2047e+00 +1.7233e+00 +3.0278e+00 -4.0047e+00
757 +8.987033994e-03 +8.987033994e-03 -5.234101297e+01 -5.234101297e+01 -8.1742e-01 -1.3721e+00 +2.6037e+00 -2.3565e+00 -1.4610e+00 +3.6624e+00 -3.8653e+00 +3.2212e-02 +2.7314e+00 -1.7804e+00 +3.0581e+00 -5.0209e-01 +3.4912e+00 -8.3566e-01 -1.9631e+00 +1.1390e+00 -1.1757e+00 +1.7271e+00 +3.0657e+00 -4.0190e+00
820 +5.868102090e-03 +5.868102090e-03 -5.234413190e+01 -5.234413190e+01 -8.3732e-01 -1.3618e+00 +2.5936e+00 -2.3437e+00 -1.4727e+00 +3.6580e+00 -3.8933e+00 -3.9091e-03 +2.7443e+00 -1.7805e+00 +3.0672e+00 -5.0594e-01 +3.4975e+00 -8.5165e-01 -1.9488e+00 +1.1466e+00 -1.1508e+00 +1.7421e+00 +3.1155e+00 -4.0150e+00
862 +3.325862079e-03 +3.325862079e-03 -5.234667414e+01 -5.234667414e+01 -8.3872e-01 -1.3262e+00 +2.5767e+00 -2.3559e+00 -1.4765e+00 +3.6587e+00 -3.9001e+00 -4.0471e-03 +2.7647e+00 -1.7603e+00 +3.0382e+00 -5.1910e-01 +3.4871e+00 -8.5152e-01 -1.9539e+00 +1.1726e+00 -1.1453e+00 +1.7381e+00 +3.1000e+00 -4.0075e+00
946 +2.028583874e-03 +2.028583874e-03 -5.234797142e+01 -5.234797142e+01 -8.3909e-01 -1.3120e+00 +2.5736e+00 -2.3622e+00 -1.4843e+00 +3.6430e+00 -3.8927e+00 +1.4274e-02 +2.7511e+00 -1.7596e+00 +3.0337e+00 -5.1208e-01 +3.4768e+00 -8.5159e-01 -1.9624e+00 +1.1765e+00 -1.1488e+00 +1.7395e+00 +3.0953e+00 -3.9947e+00
1030 +1.460927745e-03 +1.460927745e-03 -5.234853907e+01 -5.234853907e+01 -8.4089e-01 -1.2929e+00 +2.5666e+00 -2.3680e+00 -1.4926e+00 +3.6370e+00 -3.8939e+00 +1.7209e-02 +2.7533e+00 -1.7537e+00 +3.0234e+00 -5.1222e-01 +3.4715e+00 -8.5452e-01 -1.9636e+00 +1.1848e+00 -1.1448e+00 +1.7380e+00 +3.0933e+00 -3.9874e+00
1072 +8.896755911e-04 +8.896755911e-04 -5.234911032e+01 -5.234911032e+01 -8.4212e-01 -1.2816e+00 +2.5632e+00 -2.3695e+00 -1.4995e+00 +3.6401e+00 -3.8972e+00 +1.7188e-02 +2.7662e+00 -1.7416e+00 +3.0139e+00 -5.1302e-01 +3.4706e+00 -8.5725e-01 -1.9572e+00 +1.1903e+00 -1.1411e+00 +1.7417e+00 +3.0928e+00 -3.9841e+00
1093 +6.115418703e-04 +6.115418703e-04 -5.234938846e+01 -5.234938846e+01 -8.4632e-01 -1.2734e+00 +2.5649e+00 -2.3690e+00 -1.5117e+00 +3.6365e+00 -3.8978e+00 +1.7725e-02 +2.7694e+00 -1.7356e+00 +3.0122e+00 -5.0661e-01 +3.4721e+00 -8.6593e-01 -1.9502e+00 +1.1898e+00 -1.1367e+00 +1.7482e+00 +3.1002e+00 -3.9801e+00
1135 +2.748058743e-04 +2.748058743e-04 -5.234972519e+01 -5.234972519e+01 -8.5054e-01 -1.2708e+00 +2.5644e+00 -2.3652e+00 -1.5144e+00 +3.6360e+00 -3.9014e+00 +1.0472e-02 +2.7732e+00 -1.7339e+00 +3.0114e+00 -5.0599e-01 +3.4740e+00 -8.7049e-01 -1.9445e+00 +1.1907e+00 -1.1325e+00 +1.7534e+00 +3.1078e+00 -3.9795e+00
1177 +2.432760937e-04 +2.432760937e-04 -5.234975672e+01 -5.234975672e+01 -8.5095e-01 -1.2697e+00 +2.5639e+00 -2.3653e+00 -1.5147e+00 +3.6360e+00 -3.9017e+00 +1.0247e-02 +2.7743e+00 -1.7327e+00 +3.0105e+00 -5.0638e-01 +3.4737e+00 -8.7086e-01 -1.9444e+00 +1.1917e+00 -1.1322e+00 +1.7539e+00 +3.1078e+00 -3.9792e+00
1303 +1.396435355e-04 +1.396435355e-04 -5.234986036e+01 -5.234986036e+01 -8.5546e-01 -1.2614e+00 +2.5606e+00 -2.3633e+00 -1.5179e+00 +3.6334e+00 -3.9021e+00 +9.2752e-03 +2.7777e+00 -1.7244e+00 +3.0070e+00 -5.0622e-01 +3.4717e+00 -8.7391e-01 -1.9406e+00 +1.1978e+00 -1.1325e+00 +1.7598e+00 +3.1098e+00 -3.9761e+00
1345 +8.086318952e-05 +8.086318952e-05 -5.234991914e+01 -5.234991914e+01 -8.6017e-01 -1.2533e+00 +2.5571e+00 -2.3613e+00 -1.5226e+00 +3.6292e+00 -3.9015e+00 +8.9581e-03 +2.7788e+00 -1.7165e+00 +3.0068e+00 -5.0578e-01 +3.4702e+00 -8.7711e-01 -1.9355e+00 +1.2029e+00 -1.1331e+00 +1.7656e+00 +3.1134e+00 -3.9732e+00
1387 +5.552282642e-05 +5.552282642e-05 -5.234994448e+01 -5.234994448e+01 -8.6352e-01 -1.2480e+00 +2.5539e+00 -2.3605e+00 -1.5241e+00 +3.6258e+00 -3.9002e+00 +9.1498e-03 +2.7770e+00 -1.7118e+00 +3.0088e+00 -5.0666e-01 +3.4689e+00 -8.7806e-01 -1.9337e+00 +1.2075e+00 -1.1351e+00 +1.7681e+00 +3.1153e+00 -3.9720e+00
1492 +3.580441407e-05 +3.580441407e-05 -5.234996420e+01 -5.234996420e+01 -8.6552e-01 -1.2502e+00 +2.5530e+00 -2.3590e+00 -1.5208e+00 +3.6266e+00 -3.8956e+00 +9.2681e-03 +2.7759e+00 -1.7121e+00 +3.0126e+00 -5.0823e-01 +3.4725e+00 -8.7732e-01 -1.9310e+00 +1.2067e+00 -1.1357e+00 +1.7683e+00 +3.1189e+00 -3.9705e+00
1576 +2.492206698e-05 +2.492206698e-05 -5.234997508e+01 -5.234997508e+01 -8.6662e-01 -1.2477e+00 +2.5510e+00 -2.3602e+00 -1.5205e+00 +3.6257e+00 -3.8940e+00 +1.0054e-02 +2.7766e+00 -1.7108e+00 +3.0117e+00 -5.0904e-01 +3.4733e+00 -8.7774e-01 -1.9307e+00 +1.2078e+00 -1.1350e+00 +1.7681e+00 +3.1194e+00 -3.9680e+00
1660 +1.493621909e-05 +1.493621909e-05 -5.234998506e+01 -5.234998506e+01 -8.6822e-01 -1.2467e+00 +2.5480e+00 -2.3620e+00 -1.5192e+00 +3.6242e+00 -3.8907e+00 +1.1492e-02 +2.7778e+00 -1.7092e+00 +3.0111e+00 -5.1016e-01 +3.4769e+00 -8.7868e-01 -1.9301e+00 +1.2081e+00 -1.1350e+00 +1.7685e+00 +3.1187e+00 -3.9645e+00
1681 +9.375158825e-06 +9.375158825e-06 -5.234999062e+01 -5.234999062e+01 -8.6933e-01 -1.2457e+00 +2.5462e+00 -2.3633e+00 -1.5189e+00 +3.6229e+00 -3.8888e+00 +1.2305e-02 +2.7785e+00 -1.7079e+00 +3.0106e+00 -5.1055e-01 +3.4791e+00 -8.7967e-01 -1.9298e+00 +1.2085e+00 -1.1353e+00 +1.7690e+00 +3.1178e+00 -3.9624e+00
1786 +6.062131291e-06 +6.062131291e-06 -5.234999394e+01 -5.234999394e+01 -8.6973e-01 -1.2457e+00 +2.5455e+00 -2.3638e+00 -1.5184e+00 +3.6227e+00 -3.8881e+00 +1.2299e-02 +2.7788e+00 -1.7079e+00 +3.0107e+00 -5.1107e-01 +3.4805e+00 -8.8005e-01 -1.9298e+00 +1.2085e+00 -1.1351e+00 +1.7688e+00 +3.1178e+00 -3.9617e+00
1891 +3.880668501e-06 +3.880668501e-06 -5.234999612e+01 -5.234999612e+01 -8.7035e-01 -1.2457e+00 +2.5443e+00 -2.3636e+00 -1.5184e+00 +3.6225e+00 -3.8868e+00 +1.2214e-02 +2.7784e+00 -1.7074e+00 +3.0115e+00 -5.1182e-01 +3.4824e+00 -8.8105e-01 -1.9294e+00 +1.2086e+00 -1.1354e+00 +1.7693e+00 +3.1184e+00 -3.9604e+00
61279 +2.456967799e-06 +2.456967799e-06 -5.234999754e+01 -5.234999754e+01 -8.7018e-01 -1.2404e+00 +2.5379e+00 -2.3536e+00 -1.5279e+00 +3.6174e+00 -3.8826e+00 +1.2626e-02 +2.7829e+00 -1.7014e+00 +3.0077e+00 -5.1574e-01 +3.4940e+00 -8.7990e-01 -1.9359e+00 +1.2124e+00 -1.1346e+00 +1.7675e+00 +3.1154e+00 -3.9487e+00
% function evaluation | noise-free fitness - Fopt (-1.795400000000e+02) | best noise-free fitness - Fopt | measured fitness | best measured fitness | x1 | x2...
1 +2.263021265e+02 +2.263021265e+02 +4.676212650e+01 +4.676212650e+01 -4.5813e+00 +1.2611e+00 -9.9821e-01 -2.9027e+00 +3.6143e+00 -2.3694e+00 +4.8795e+00 +1.7634e+00 -4.2102e+00 -1.8951e+00 -4.4971e+00 -3.1063e+00 -4.4829e+00 -2.0354e+00 +3.3165e-01 -3.8699e+00 +9.6612e-01 +4.6937e+00 -4.5702e+00 +2.1776e+00
22 +9.491602740e+01 +9.491602740e+01 -8.462397260e+01 -8.462397260e+01 -4.5850e+00 +1.5117e+00 -1.0515e+00 -2.0658e+00 +4.1204e+00 -2.3037e+00 +4.4942e+00 +2.7634e+00 -4.0617e+00 -1.4267e+00 -3.7959e+00 -2.5648e+00 -4.6066e+00 -2.2057e+00 +5.2595e-01 -3.9794e+00 +9.5422e-01 +4.0450e+00 -4.3899e+00 +2.6842e+00
43 +5.834027926e+01 +5.834027926e+01 -1.211997207e+02 -1.211997207e+02 -4.6227e+00 +1.8431e+00 -1.3554e+00 -1.4836e+00 +4.3027e+00 -2.2783e+00 +4.1445e+00 +3.1103e+00 -3.7700e+00 -1.2081e+00 -3.2454e+00 -2.0164e+00 -4.5397e+00 -2.1414e+00 +5.1948e-01 -3.9642e+00 +9.0144e-01 +3.5230e+00 -4.3488e+00 +2.7025e+00
64 +3.880083173e+01 +3.880083173e+01 -1.407391683e+02 -1.407391683e+02 -4.6450e+00 +2.2134e+00 -1.8017e+00 -8.5959e-01 +4.3883e+00 -2.2149e+00 +3.8099e+00 +3.2944e+00 -3.4015e+00 -9.9464e-01 -2.6914e+00 -1.3259e+00 -4.4156e+00 -1.8859e+00 +5.1744e-01 -3.9000e+00 +8.9567e-01 +3.0328e+00 -4.3074e+00 +2.5616e+00
106 +2.451837039e+01 +2.451837039e+01 -1.550216296e+02 -1.550216296e+02 -4.5772e+00 +2.6844e+00 -2.5884e+00 +2.6707e-01 +4.3835e+00 -1.9355e+00 +3.4048e+00 +3.4666e+00 -2.7395e+00 -5.2344e-01 -1.8238e+00 +6.9077e-02 -4.2241e+00 -1.0838e+00 +6.8662e-01 -3.6640e+00 +1.0345e+00 +2.3877e+00 -4.0844e+00 +2.2345e+00
232 +1.510959581e+01 +1.510959581e+01 -1.644304042e+02 -1.644304042e+02 -3.7381e+00 +2.9509e+00 -3.5141e+00 +2.0163e+00 +4.0055e+00 -1.2509e+00 +2.9962e+00 +3.3131e+00 -1.4908e+00 +6.6491e-01 -4.6061e-01 +2.4917e+00 -3.7855e+00 +5.6708e-01 +1.0632e+00 -2.4377e+00 +8.8166e-01 +1.6977e+00 -2.8001e+00 +1.4669e+00
253 +8.456057499e+00 +8.456057499e+00 -1.710839425e+02 -1.710839425e+02 -1.8116e+00 +2.1464e+00 -3.2916e+00 +2.2908e+00 +3.1771e+00 -7.5566e-01 +3.3380e+00 +2.2220e+00 -6.9125e-01 +1.8826e+00 -2.3946e-01 +3.3477e+00 -3.2149e+00 +1.7500e+00 +1.2843e+00 -2.5407e-01 -1.3266e-01 +2.3727e+00 -3.9912e-01 +4.2246e-01
295 +5.930324403e+00 +5.930324403e+00 -1.736096756e+02 -1.736096756e+02 -9.7380e-01 +1.4585e+00 -2.6985e+00 +1.6279e+00 +2.8705e+00 -7.6110e-01 +3.7750e+00 +1.6725e+00 -7.9948e-01 +2.0957e+00 -7.8964e-01 +2.6773e+00 -3.0716e+00 +1.6994e+00 +1.2884e+00 +5.1734e-01 -6.7536e-01 +3.1787e+00 +5.2706e-01 +1.4566e-01
379 +3.319101256e+00 +3.319101256e+00 -1.762208987e+02 -1.762208987e+02 +6.5752e-01 +6.4576e-01 -3.0479e+00 +1.8758e+00 +3.1019e+00 -6.9815e-01 +3.7638e+00 +1.8506e+00 +6.9914e-02 +2.8901e+00 -9.3575e-01 +2.1347e+00 -2.2671e+00 +1.9302e+00 +1.5960e+00 +1.6089e+00 -1.5366e+00 +4.0145e+00 +2.3386e+00 -1.0874e+00
400 +2.080959262e+00 +2.080959262e+00 -1.774590407e+02 -1.774590407e+02 +8.4532e-01 +5.4969e-01 -3.4019e+00 +2.0493e+00 +3.4886e+00 -7.8377e-01 +3.5870e+00 +2.3452e+00 +3.1522e-01 +2.9093e+00 -9.6952e-01 +1.7284e+00 -2.0035e+00 +1.7519e+00 +1.7088e+00 +1.4696e+00 -1.6145e+00 +4.1118e+00 +2.4760e+00 -1.3940e+00
421 +1.182895396e+00 +1.182895396e+00 -1.783571046e+02 -1.783571046e+02 +5.5330e-01 +6.3282e-01 -3.5771e+00 +2.0266e+00 +3.8014e+00 -9.1074e-01 +3.4591e+00 +2.7737e+00 +2.2696e-01 +2.6210e+00 -1.0556e+00 +1.3132e+00 -1.9742e+00 +1.4243e+00 +1.7204e+00 +9.9066e-01 -1.4527e+00 +4.0325e+00 +2.0563e+00 -1.3082e+00
463 +8.794587580e-01 +8.794587580e-01 -1.786605412e+02 -1.786605412e+02 +5.4897e-01 +6.0540e-01 -3.7314e+00 +2.0634e+00 +4.0089e+00 -9.6952e-01 +3.3731e+00 +3.0537e+00 +2.7858e-01 +2.5388e+00 -1.1019e+00 +1.0361e+00 -1.8646e+00 +1.2697e+00 +1.7655e+00 +8.2395e-01 -1.4417e+00 +4.0577e+00 +1.9974e+00 -1.3902e+00
547 +5.231395162e-01 +5.231395162e-01 -1.790168605e+02 -1.790168605e+02 +5.8349e-01 +6.0155e-01 -3.8773e+00 +2.3599e+00 +3.9403e+00 -7.7191e-01 +3.2956e+00 +3.2756e+00 +4.1356e-01 +2.4602e+00 -8.3786e-01 +1.1717e+00 -1.5684e+00 +1.4358e+00 +1.9409e+00 +9.0603e-01 -1.3738e+00 +3.8881e+00 +2.0132e+00 -1.4344e+00
568 +2.561474467e-01 +2.561474467e-01 -1.792838526e+02 -1.792838526e+02 +5.4185e-01 +5.2862e-01 -3.7626e+00 +2.3701e+00 +3.7906e+00 -6.1798e-01 +3.3568e+00 +3.3814e+00 +3.2621e-01 +2.2474e+00 -7.5881e-01 +1.0610e+00 -1.3592e+00 +1.4429e+00 +2.0700e+00 +9.3246e-01 -1.2972e+00 +3.8432e+00 +1.9113e+00 -1.3151e+00
589 +1.792349547e-01 +1.792349547e-01 -1.793607650e+02 -1.793607650e+02 +5.6819e-01 +4.1586e-01 -3.6361e+00 +2.3270e+00 +3.6805e+00 -5.0126e-01 +3.4348e+00 +3.4671e+00 +2.4757e-01 +2.0699e+00 -7.4840e-01 +8.6324e-01 -1.1659e+00 +1.4072e+00 +2.1821e+00 +9.7651e-01 -1.2710e+00 +3.8703e+00 +1.8780e+00 -1.2385e+00
610 +1.355215009e-01 +1.355215009e-01 -1.794044785e+02 -1.794044785e+02 +5.6124e-01 +4.3735e-01 -3.6283e+00 +2.2691e+00 +3.7206e+00 -5.6078e-01 +3.4404e+00 +3.3965e+00 +2.3194e-01 +2.1161e+00 -8.1152e-01 +8.6589e-01 -1.2701e+00 +1.3760e+00 +2.1232e+00 +9.5052e-01 -1.2910e+00 +3.8959e+00 +1.8806e+00 -1.2386e+00
673 +8.662207067e-02 +8.662207067e-02 -1.794533779e+02 -1.794533779e+02 +6.5553e-01 +3.9595e-01 -3.6076e+00 +2.2358e+00 +3.7876e+00 -5.3229e-01 +3.4962e+00 +3.4259e+00 +2.3734e-01 +2.0515e+00 -8.6908e-01 +6.8223e-01 -1.2370e+00 +1.2939e+00 +2.1641e+00 +9.4140e-01 -1.3104e+00 +3.9066e+00 +1.8987e+00 -1.2268e+00
736 +5.388350126e-02 +5.388350126e-02 -1.794861165e+02 -1.794861165e+02 +6.5799e-01 +4.7760e-01 -3.6030e+00 +2.3100e+00 +3.7739e+00 -5.0761e-01 +3.5262e+00 +3.4199e+00 +2.7246e-01 +2.0518e+00 -7.9002e-01 +7.7756e-01 -1.2711e+00 +1.3259e+00 +2.1847e+00 +9.5438e-01 -1.2776e+00 +3.8309e+00 +1.8761e+00 -1.1896e+00
778 +3.188232759e-02 +3.188232759e-02 -1.795081177e+02 -1.795081177e+02 +7.5591e-01 +5.1678e-01 -3.5103e+00 +2.3310e+00 +3.7385e+00 -4.7791e-01 +3.6324e+00 +3.4022e+00 +2.9266e-01 +2.0283e+00 -7.4620e-01 +7.4973e-01 -1.2859e+00 +1.3019e+00 +2.2274e+00 +1.0259e+00 -1.2812e+00 +3.8238e+00 +1.9100e+00 -1.1465e+00
820 +2.493346123e-02 +2.493346123e-02 -1.795150665e+02 -1.795150665e+02 +7.6071e-01 +5.2081e-01 -3.4981e+00 +2.3118e+00 +3.7588e+00 -4.9441e-01 +3.6308e+00 +3.4082e+00 +2.7847e-01 +2.0245e+00 -7.6265e-01 +7.1841e-01 -1.3093e+00 +1.2574e+00 +2.2141e+00 +1.0122e+00 -1.2815e+00 +3.8468e+00 +1.8968e+00 -1.1394e+00
862 +1.332228491e-02 +1.332228491e-02 -1.795266777e+02 -1.795266777e+02 +7.9669e-01 +5.6422e-01 -3.4737e+00 +2.3181e+00 +3.8168e+00 -5.1203e-01 +3.6363e+00 +3.4646e+00 +2.7403e-01 +2.0057e+00 -7.4311e-01 +6.6748e-01 -1.3430e+00 +1.1380e+00 +2.2163e+00 +9.8965e-01 -1.2675e+00 +3.8779e+00 +1.8613e+00 -1.1085e+00
904 +9.859895339e-03 +9.859895339e-03 -1.795301401e+02 -1.795301401e+02 +8.0399e-01 +5.7851e-01 -3.4897e+00 +2.3360e+00 +3.8208e+00 -5.1017e-01 +3.6305e+00 +3.4601e+00 +2.9225e-01 +2.0318e+00 -7.2138e-01 +7.1343e-01 -1.3430e+00 +1.1528e+00 +2.2198e+00 +1.0046e+00 -1.2750e+00 +3.8724e+00 +1.8816e+00 -1.1133e+00
1009 +5.870771721e-03 +5.870771721e-03 -1.795341292e+02 -1.795341292e+02 +8.1961e-01 +5.7970e-01 -3.4660e+00 +2.3432e+00 +3.8109e+00 -4.8011e-01 +3.6447e+00 +3.4681e+00 +2.6650e-01 +2.0373e+00 -6.9608e-01 +7.0138e-01 -1.3568e+00 +1.1169e+00 +2.2251e+00 +1.0201e+00 -1.2917e+00 +3.8826e+00 +1.8743e+00 -1.0652e+00
1051 +3.817735644e-03 +3.817735644e-03 -1.795361823e+02 -1.795361823e+02 +8.1426e-01 +5.6576e-01 -3.4765e+00 +2.3476e+00 +3.8067e+00 -4.6976e-01 +3.6357e+00 +3.4741e+00 +2.5057e-01 +2.0587e+00 -6.8403e-01 +7.0993e-01 -1.3592e+00 +1.1126e+00 +2.2199e+00 +1.0264e+00 -1.3141e+00 +3.8911e+00 +1.8806e+00 -1.0488e+00
1114 +2.488945321e-03 +2.488945321e-03 -1.795375111e+02 -1.795375111e+02 +7.9845e-01 +5.3900e-01 -3.4863e+00 +2.3539e+00 +3.8120e+00 -4.6603e-01 +3.6479e+00 +3.5022e+00 +2.1680e-01 +2.0592e+00 -6.6029e-01 +6.9368e-01 -1.3647e+00 +1.0910e+00 +2.2160e+00 +1.0167e+00 -1.3444e+00 +3.8868e+00 +1.8746e+00 -1.0012e+00
1177 +1.475192878e-03 +1.475192878e-03 -1.795385248e+02 -1.795385248e+02 +8.0326e-01 +5.4596e-01 -3.4853e+00 +2.3538e+00 +3.8292e+00 -4.7484e-01 +3.6439e+00 +3.5159e+00 +2.1890e-01 +2.0505e+00 -6.6059e-01 +6.8213e-01 -1.3685e+00 +1.0669e+00 +2.2171e+00 +1.0068e+00 -1.3370e+00 +3.8916e+00 +1.8656e+00 -1.0010e+00
1261 +9.059347609e-04 +9.059347609e-04 -1.795390941e+02 -1.795390941e+02 +8.0674e-01 +5.4201e-01 -3.4813e+00 +2.3581e+00 +3.8366e+00 -4.8418e-01 +3.6421e+00 +3.5232e+00 +2.1100e-01 +2.0536e+00 -6.5024e-01 +6.7346e-01 -1.3785e+00 +1.0428e+00 +2.2233e+00 +1.0057e+00 -1.3456e+00 +3.8951e+00 +1.8676e+00 -9.8460e-01
1303 +5.547496818e-04 +5.547496818e-04 -1.795394453e+02 -1.795394453e+02 +8.0559e-01 +5.3207e-01 -3.4745e+00 +2.3631e+00 +3.8360e+00 -4.8581e-01 +3.6415e+00 +3.5274e+00 +1.9598e-01 +2.0561e+00 -6.3685e-01 +6.6505e-01 -1.3868e+00 +1.0229e+00 +2.2304e+00 +1.0063e+00 -1.3571e+00 +3.8959e+00 +1.8678e+00 -9.5935e-01
1366 +3.797486438e-04 +3.797486438e-04 -1.795396203e+02 -1.795396203e+02 +8.0795e-01 +5.3322e-01 -3.4719e+00 +2.3636e+00 +3.8369e+00 -4.8797e-01 +3.6408e+00 +3.5251e+00 +1.9878e-01 +2.0547e+00 -6.3746e-01 +6.6468e-01 -1.3872e+00 +1.0228e+00 +2.2315e+00 +1.0075e+00 -1.3545e+00 +3.8961e+00 +1.8694e+00 -9.6158e-01
1471 +2.272407950e-04 +2.272407950e-04 -1.795397728e+02 -1.795397728e+02 +8.0518e-01 +5.2454e-01 -3.4649e+00 +2.3679e+00 +3.8386e+00 -4.9543e-01 +3.6355e+00 +3.5189e+00 +1.9961e-01 +2.0498e+00 -6.3454e-01 +6.6380e-01 -1.3870e+00 +1.0240e+00 +2.2339e+00 +1.0094e+00 -1.3524e+00 +3.8936e+00 +1.8738e+00 -9.5567e-01
1597 +1.522752312e-04 +1.522752312e-04 -1.795398477e+02 -1.795398477e+02 +8.0302e-01 +5.2353e-01 -3.4631e+00 +2.3778e+00 +3.8382e+00 -4.9365e-01 +3.6304e+00 +3.5183e+00 +2.0575e-01 +2.0509e+00 -6.2968e-01 +6.7318e-01 -1.3851e+00 +1.0310e+00 +2.2352e+00 +1.0159e+00 -1.3521e+00 +3.8879e+00 +1.8752e+00 -9.5043e-01
1681 +9.686179874e-05 +9.686179874e-05 -1.795399031e+02 -1.795399031e+02 +8.0188e-01 +5.2643e-01 -3.4655e+00 +2.3856e+00 +3.8430e+00 -4.9334e-01 +3.6282e+00 +3.5287e+00 +2.1063e-01 +2.0524e+00 -6.2693e-01 +6.7698e-01 -1.3861e+00 +1.0278e+00 +2.2356e+00 +1.0176e+00 -1.3554e+00 +3.8835e+00 +1.8711e+00 -9.4425e-01
1744 +5.864781878e-05 +5.864781878e-05 -1.795399414e+02 -1.795399414e+02 +7.9838e-01 +5.2429e-01 -3.4626e+00 +2.3866e+00 +3.8456e+00 -4.9905e-01 +3.6232e+00 +3.5299e+00 +2.1792e-01 +2.0515e+00 -6.3388e-01 +6.7680e-01 -1.3856e+00 +1.0297e+00 +2.2355e+00 +1.0182e+00 -1.3566e+00 +3.8814e+00 +1.8706e+00 -9.4495e-01
1828 +3.946247065e-05 +3.946247065e-05 -1.795399605e+02 -1.795399605e+02 +7.9595e-01 +5.2157e-01 -3.4585e+00 +2.3860e+00 +3.8477e+00 -5.0176e-01 +3.6216e+00 +3.5324e+00 +2.2068e-01 +2.0510e+00 -6.3892e-01 +6.7388e-01 -1.3863e+00 +1.0277e+00 +2.2341e+00 +1.0184e+00 -1.3600e+00 +3.8819e+00 +1.8694e+00 -9.4157e-01
1996 +2.423059945e-05 +2.423059945e-05 -1.795399758e+02 -1.795399758e+02 +7.9831e-01 +5.1950e-01 -3.4521e+00 +2.3839e+00 +3.8450e+00 -4.9881e-01 +3.6238e+00 +3.5315e+00 +2.2128e-01 +2.0492e+00 -6.4018e-01 +6.7340e-01 -1.3875e+00 +1.0276e+00 +2.2336e+00 +1.0206e+00 -1.3613e+00 +3.8831e+00 +1.8707e+00 -9.3780e-01
2122 +1.467831993e-05 +1.467831993e-05 -1.795399853e+02 -1.795399853e+02 +7.9724e-01 +5.1644e-01 -3.4515e+00 +2.3825e+00 +3.8435e+00 -4.9865e-01 +3.6219e+00 +3.5340e+00 +2.2337e-01 +2.0487e+00 -6.4149e-01 +6.7427e-01 -1.3890e+00 +1.0284e+00 +2.2338e+00 +1.0183e+00 -1.3629e+00 +3.8824e+00 +1.8721e+00 -9.3656e-01
2269 +9.201929146e-06 +9.201929146e-06 -1.795399908e+02 -1.795399908e+02 +7.9756e-01 +5.1611e-01 -3.4524e+00 +2.3827e+00 +3.8426e+00 -4.9721e-01 +3.6203e+00 +3.5367e+00 +2.2515e-01 +2.0490e+00 -6.3871e-01 +6.7636e-01 -1.3919e+00 +1.0282e+00 +2.2351e+00 +1.0150e+00 -1.3631e+00 +3.8818e+00 +1.8756e+00 -9.3612e-01
4768 +5.199509843e-06 +5.199509843e-06 -1.795399948e+02 -1.795399948e+02 +7.9383e-01 +5.1910e-01 -3.4511e+00 +2.4064e+00 +3.8525e+00 -4.9602e-01 +3.6149e+00 +3.5535e+00 +2.3019e-01 +2.0489e+00 -6.3906e-01 +6.8962e-01 -1.3966e+00 +1.0295e+00 +2.2450e+00 +1.0101e+00 -1.3685e+00 +3.8791e+00 +1.8818e+00 -9.2829e-01
12748 +3.921702302e-06 +3.921702302e-06 -1.795399961e+02 -1.795399961e+02 +7.9401e-01 +5.1346e-01 -3.4538e+00 +2.3916e+00 +3.8419e+00 -4.9432e-01 +3.6210e+00 +3.5396e+00 +2.3039e-01 +2.0455e+00 -6.4533e-01 +6.8324e-01 -1.3963e+00 +1.0325e+00 +2.2414e+00 +1.0122e+00 -1.3645e+00 +3.8875e+00 +1.8809e+00 -9.3493e-01
% function evaluation | noise-free fitness - Fopt (7.731000000000e+01) | best noise-free fitness - Fopt | measured fitness | best measured fitness | x1 | x2...
1 +9.031064957e+01 +9.031064957e+01 +1.676206496e+02 +1.676206496e+02 -2.6100e+00 +1.7803e+00 -2.0436e+00 -4.8090e+00 -8.3881e-01 -7.1966e-01 -4.4688e+00 +1.8439e+00 -1.1793e+00 -1.0097e+00 +4.7918e+00 +2.4209e+00 +4.3602e+00 -3.8101e+00 +1.0038e+00 -2.8853e+00 -2.8467e+00 -1.4690e+00 -9.8468e-01 -3.9935e-01
22 +5.340198436e+01 +5.340198436e+01 +1.307119844e+02 +1.307119844e+02 -2.2138e+00 +1.9182e+00 -1.4204e+00 -4.2009e+00 -9.1660e-01 -1.3540e+00 -4.2648e+00 +1.9064e+00 -2.3758e-01 -1.1962e+00 +4.2937e+00 +2.3953e+00 +4.3900e+00 -3.0937e+00 +2.0038e+00 -1.9740e+00 -2.4371e+00 -1.0930e+00 -1.8439e-01 -1.9914e-01
43 +3.266193684e+01 +3.266193684e+01 +1.099719368e+02 +1.099719368e+02 -1.0677e+00 +1.9032e+00 -9.3179e-01 -3.8454e+00 -1.1123e+00 -1.9712e+00 -3.8118e+00 +1.4213e+00 +2.2342e-01 -7.2248e-01 +3.9992e+00 +2.4522e+00 +4.0696e+00 -2.5285e+00 +2.5075e+00 -1.0892e+00 -1.8463e+00 -3.9436e-01 +6.9453e-01 -6.9511e-02
64 +1.649510532e+01 +1.649510532e+01 +9.380510532e+01 +9.380510532e+01 +7.4984e-01 +1.6928e+00 -5.0292e-01 -3.1840e+00 -1.2313e+00 -2.7869e+00 -2.9761e+00 +3.1990e-01 +7.0360e-01 -1.1696e-01 +3.4153e+00 +2.7305e+00 +3.6942e+00 -1.7447e+00 +2.7874e+00 +1.6524e-01 -1.1999e+00 +5.9399e-01 +1.9668e+00 +1.3542e-01
85 +1.230558712e+01 +1.230558712e+01 +8.961558712e+01 +8.961558712e+01 +1.7963e+00 +1.4341e+00 -3.5164e-01 -2.7313e+00 -1.2408e+00 -3.2464e+00 -2.3459e+00 -3.6067e-01 +9.9339e-01 +2.7508e-01 +2.9774e+00 +2.8694e+00 +3.3619e+00 -1.2422e+00 +2.8370e+00 +9.8476e-01 -8.5907e-01 +1.1145e+00 +2.6437e+00 +3.8536e-01
127 +8.700698867e+00 +8.700698867e+00 +8.601069887e+01 +8.601069887e+01 +3.6161e+00 +5.8611e-01 -3.7983e-01 -1.8519e+00 -9.0793e-01 -4.0395e+00 -7.9013e-01 -1.6188e+00 +1.6681e+00 +1.2308e+00 +1.8864e+00 +2.7050e+00 +2.3171e+00 +1.8007e-02 +2.7276e+00 +2.9430e+00 -1.5903e-01 +1.9444e+00 +3.8654e+00 +1.2624e+00
169 +5.298347761e+00 +5.298347761e+00 +8.260834776e+01 +8.260834776e+01 +3.1488e+00 +1.5907e-01 -1.1490e+00 -1.8235e+00 -2.8556e-01 -3.6081e+00 -5.6112e-01 -1.7091e+00 +1.3859e+00 +1.3891e+00 +1.7840e+00 +2.3173e+00 +2.0301e+00 +1.7498e-01 +2.0361e+00 +3.1008e+00 -4.9385e-01 +1.6876e+00 +3.7092e+00 +1.5466e+00
190 +2.344689448e+00 +2.344689448e+00 +7.965468945e+01 +7.965468945e+01 +2.7928e+00 -1.0496e+00 -2.6696e+00 -1.4455e+00 +1.1328e+00 -2.9662e+00 +6.5637e-01 -2.4537e+00 +1.0975e+00 +2.2803e+00 +1.1113e+00 +1.3179e+00 +9.2210e-01 +1.0306e+00 +4.8385e-01 +4.3298e+00 -8.1775e-01 +1.5428e+00 +3.8823e+00 +2.5616e+00
211 +1.361145178e+00 +1.361145178e+00 +7.867114518e+01 +7.867114518e+01 +2.1690e+00 -1.0786e+00 -2.9043e+00 -1.5937e+00 +1.2582e+00 -2.6492e+00 +5.7093e-01 -2.2047e+00 +9.1804e-01 +2.2597e+00 +1.2369e+00 +1.0533e+00 +9.0694e-01 +8.7804e-01 +2.6831e-01 +4.1119e+00 -9.7463e-01 +1.3182e+00 +3.5475e+00 +2.5741e+00
253 +8.789173197e-01 +8.789173197e-01 +7.818891732e+01 +7.818891732e+01 +1.6119e+00 -8.5591e-01 -2.6982e+00 -1.7677e+00 +1.1069e+00 -2.4250e+00 +4.7974e-01 -1.9153e+00 +9.1134e-01 +2.2016e+00 +1.4260e+00 +8.8939e-01 +1.0161e+00 +6.2095e-01 +3.3385e-01 +3.8513e+00 -9.9288e-01 +1.3506e+00 +3.2955e+00 +2.4105e+00
274 +4.307778848e-01 +4.307778848e-01 +7.774077788e+01 +7.774077788e+01 +9.5779e-01 -7.8219e-01 -2.5719e+00 -1.8757e+00 +1.1246e+00 -2.0850e+00 +7.2222e-01 -1.7611e+00 +9.5435e-01 +2.3710e+00 +1.4885e+00 +4.9638e-01 +8.9943e-01 +4.9423e-01 +1.9617e-01 +3.8658e+00 -9.9238e-01 +1.5034e+00 +3.1119e+00 +2.3942e+00
295 +3.026092367e-01 +3.026092367e-01 +7.761260924e+01 +7.761260924e+01 +7.2482e-01 -6.4699e-01 -2.3258e+00 -1.9411e+00 +9.9134e-01 -2.0068e+00 +8.1766e-01 -1.6718e+00 +1.0555e+00 +2.4472e+00 +1.5347e+00 +3.8181e-01 +8.9130e-01 +3.9395e-01 +2.7896e-01 +3.8433e+00 -9.1755e-01 +1.6507e+00 +3.0586e+00 +2.3155e+00
316 +1.294703424e-01 +1.294703424e-01 +7.743947034e+01 +7.743947034e+01 +1.1160e+00 -6.5310e-01 -2.2738e+00 -1.8758e+00 +9.3426e-01 -2.2181e+00 +7.8166e-01 -1.8043e+00 +1.1201e+00 +2.4363e+00 +1.4611e+00 +5.9634e-01 +9.1385e-01 +4.8522e-01 +4.0207e-01 +3.9065e+00 -8.6088e-01 +1.6782e+00 +3.2116e+00 +2.3224e+00
337 +8.716368555e-02 +8.716368555e-02 +7.739716369e+01 +7.739716369e+01 +1.0818e+00 -6.4973e-01 -2.2725e+00 -1.8764e+00 +9.5221e-01 -2.2199e+00 +8.4140e-01 -1.8328e+00 +1.1498e+00 +2.5043e+00 +1.4237e+00 +5.7420e-01 +8.7762e-01 +5.0748e-01 +3.8912e-01 +3.9337e+00 -8.6126e-01 +1.7174e+00 +3.2225e+00 +2.3303e+00
358 +5.011709127e-02 +5.011709127e-02 +7.736011709e+01 +7.736011709e+01 +1.0436e+00 -6.1020e-01 -2.2301e+00 -1.8908e+00 +9.3852e-01 -2.2722e+00 +8.8387e-01 -1.8694e+00 +1.2155e+00 +2.6024e+00 +1.3636e+00 +6.0153e-01 +8.5080e-01 +5.2611e-01 +4.1772e-01 +3.9347e+00 -8.4886e-01 +1.7842e+00 +3.2463e+00 +2.2917e+00
379 +3.912290534e-02 +3.912290534e-02 +7.734912291e+01 +7.734912291e+01 +1.0424e+00 -5.5553e-01 -2.2037e+00 -1.9026e+00 +9.1229e-01 -2.3475e+00 +8.7158e-01 -1.8899e+00 +1.2660e+00 +2.6659e+00 +1.3153e+00 +6.6632e-01 +8.5321e-01 +5.3372e-01 +4.6218e-01 +3.9131e+00 -8.3284e-01 +1.8084e+00 +3.2607e+00 +2.2429e+00
421 +2.165976190e-02 +2.165976190e-02 +7.733165976e+01 +7.733165976e+01 +9.6446e-01 -6.0044e-01 -2.2041e+00 -1.9156e+00 +9.4786e-01 -2.3111e+00 +8.2527e-01 -1.8492e+00 +1.2478e+00 +2.6307e+00 +1.3291e+00 +6.6253e-01 +8.3234e-01 +5.0809e-01 +4.1861e-01 +3.8978e+00 -8.1819e-01 +1.7896e+00 +3.2084e+00 +2.2246e+00
505 +1.237100859e-02 +1.237100859e-02 +7.732237101e+01 +7.732237101e+01 +9.4498e-01 -5.9502e-01 -2.1895e+00 -1.9167e+00 +9.7090e-01 -2.3350e+00 +8.0962e-01 -1.8431e+00 +1.2661e+00 +2.6459e+00 +1.3065e+00 +6.9427e-01 +8.1714e-01 +4.9465e-01 +4.2366e-01 +3.8826e+00 -8.0258e-01 +1.7983e+00 +3.1869e+00 +2.1961e+00
526 +8.466161524e-03 +8.466161524e-03 +7.731846616e+01 +7.731846616e+01 +9.4591e-01 -5.9153e-01 -2.1802e+00 -1.9138e+00 +9.7200e-01 -2.3531e+00 +8.1493e-01 -1.8560e+00 +1.2933e+00 +2.6740e+00 +1.2850e+00 +7.1319e-01 +8.0834e-01 +5.0295e-01 +4.2743e-01 +3.8807e+00 -7.9679e-01 +1.8097e+00 +3.1879e+00 +2.1828e+00
589 +5.280455265e-03 +5.280455265e-03 +7.731528046e+01 +7.731528046e+01 +9.1300e-01 -5.9605e-01 -2.1611e+00 -1.9120e+00 +9.8635e-01 -2.3674e+00 +8.0925e-01 -1.8593e+00 +1.3427e+00 +2.7142e+00 +1.2510e+00 +7.4564e-01 +7.8787e-01 +5.0081e-01 +4.1762e-01 +3.8654e+00 -7.8204e-01 +1.8184e+00 +3.1622e+00 +2.1457e+00
652 +3.777915556e-03 +3.777915556e-03 +7.731377792e+01 +7.731377792e+01 +9.2322e-01 -6.0142e-01 -2.1655e+00 -1.9032e+00 +9.8503e-01 -2.3485e+00 +8.0065e-01 -1.8504e+00 +1.3376e+00 +2.6927e+00 +1.2611e+00 +7.3251e-01 +7.9540e-01 +4.9763e-01 +4.0549e-01 +3.8571e+00 -7.9078e-01 +1.7971e+00 +3.1438e+00 +2.1500e+00
673 +2.184640430e-03 +2.184640430e-03 +7.731218464e+01 +7.731218464e+01 +9.1759e-01 -6.0175e-01 -2.1606e+00 -1.8991e+00 +9.9052e-01 -2.3489e+00 +8.0116e-01 -1.8524e+00 +1.3539e+00 +2.7027e+00 +1.2505e+00 +7.3700e-01 +7.9192e-01 +4.9833e-01 +4.0016e-01 +3.8471e+00 -7.9170e-01 +1.7954e+00 +3.1284e+00 +2.1433e+00
715 +1.146154524e-03 +1.146154524e-03 +7.731114615e+01 +7.731114615e+01 +8.9932e-01 -6.0080e-01 -2.1477e+00 -1.8928e+00 +1.0022e+00 -2.3535e+00 +7.8911e-01 -1.8592e+00 +1.3923e+00 +2.7136e+00 +1.2224e+00 +7.5446e-01 +7.8337e-01 +4.9815e-01 +3.7701e-01 +3.8317e+00 -7.8862e-01 +1.7984e+00 +3.0756e+00 +2.1275e+00
757 +7.293472829e-04 +7.293472829e-04 +7.731072935e+01 +7.731072935e+01 +8.9668e-01 -6.0078e-01 -2.1456e+00 -1.8921e+00 +1.0045e+00 -2.3547e+00 +7.8525e-01 -1.8596e+00 +1.3987e+00 +2.7117e+00 +1.2183e+00 +7.5829e-01 +7.8214e-01 +4.9653e-01 +3.7233e-01 +3.8287e+00 -7.8815e-01 +1.7988e+00 +3.0633e+00 +2.1245e+00
799 +5.290243045e-04 +5.290243045e-04 +7.731052902e+01 +7.731052902e+01 +8.9689e-01 -5.9923e-01 -2.1447e+00 -1.8919e+00 +1.0027e+00 -2.3538e+00 +7.8474e-01 -1.8596e+00 +1.4019e+00 +2.7097e+00 +1.2181e+00 +7.5856e-01 +7.8310e-01 +4.9551e-01 +3.7058e-01 +3.8281e+00 -7.8916e-01 +1.7984e+00 +3.0585e+00 +2.1232e+00
841 +3.836152239e-04 +3.836152239e-04 +7.731038362e+01 +7.731038362e+01 +8.9929e-01 -6.0078e-01 -2.1456e+00 -1.8907e+00 +1.0026e+00 -2.3527e+00 +7.8556e-01 -1.8604e+00 +1.4034e+00 +2.7075e+00 +1.2180e+00 +7.5757e-01 +7.8281e-01 +4.9568e-01 +3.6818e-01 +3.8289e+00 -7.9024e-01 +1.7972e+00 +3.0558e+00 +2.1238e+00
946 +2.222220956e-04 +2.222220956e-04 +7.731022222e+01 +7.731022222e+01 +9.0444e-01 -6.0297e-01 -2.1430e+00 -1.8859e+00 +1.0019e+00 -2.3564e+00 +7.8943e-01 -1.8690e+00 +1.4145e+00 +2.7055e+00 +1.2102e+00 +7.5871e-01 +7.8209e-01 +4.9582e-01 +3.6066e-01 +3.8300e+00 -7.9215e-01 +1.7964e+00 +3.0428e+00 +2.1235e+00
1051 +1.488649157e-04 +1.488649157e-04 +7.731014886e+01 +7.731014886e+01 +9.0222e-01 -6.0344e-01 -2.1398e+00 -1.8852e+00 +1.0013e+00 -2.3603e+00 +7.8967e-01 -1.8718e+00 +1.4166e+00 +2.7070e+00 +1.2071e+00 +7.6086e-01 +7.8221e-01 +4.9366e-01 +3.6082e-01 +3.8297e+00 -7.8999e-01 +1.7967e+00 +3.0419e+00 +2.1209e+00
1093 +7.965338132e-05 +7.965338132e-05 +7.731007965e+01 +7.731007965e+01 +9.0036e-01 -6.0551e-01 -2.1362e+00 -1.8823e+00 +1.0008e+00 -2.3635e+00 +7.9083e-01 -1.8763e+00 +1.4230e+00 +2.7066e+00 +1.1996e+00 +7.6119e-01 +7.8326e-01 +4.9103e-01 +3.5542e-01 +3.8275e+00 -7.8990e-01 +1.7944e+00 +3.0313e+00 +2.1185e+00
1114 +6.070202836e-05 +6.070202836e-05 +7.731006070e+01 +7.731006070e+01 +8.9833e-01 -6.0637e-01 -2.1352e+00 -1.8819e+00 +1.0001e+00 -2.3648e+00 +7.9131e-01 -1.8772e+00 +1.4236e+00 +2.7063e+00 +1.1974e+00 +7.6042e-01 +7.8432e-01 +4.8919e-01 +3.5416e-01 +3.8264e+00 -7.8964e-01 +1.7932e+00 +3.0286e+00 +2.1176e+00
1156 +3.300976337e-05 +3.300976337e-05 +7.731003301e+01 +7.731003301e+01 +8.9639e-01 -6.0741e-01 -2.1346e+00 -1.8823e+00 +9.9821e-01 -2.3669e+00 +7.9280e-01 -1.8770e+00 +1.4219e+00 +2.7057e+00 +1.1945e+00 +7.5831e-01 +7.8677e-01 +4.8692e-01 +3.5371e-01 +3.8261e+00 -7.8911e-01 +1.7926e+00 +3.0279e+00 +2.1170e+00
1198 +2.257739261e-05 +2.257739261e-05 +7.731002258e+01 +7.731002258e+01 +8.9772e-01 -6.0838e-01 -2.1334e+00 -1.8821e+00 +9.9633e-01 -2.3701e+00 +7.9551e-01 -1.8792e+00 +1.4215e+00 +2.7058e+00 +1.1916e+00 +7.5710e-01 +7.8833e-01 +4.8605e-01 +3.5430e-01 +3.8278e+00 -7.8748e-01 +1.7936e+00 +3.0300e+00 +2.1166e+00
1282 +1.449271839e-05 +1.449271839e-05 +7.731001449e+01 +7.731001449e+01 +8.9771e-01 -6.0867e-01 -2.1324e+00 -1.8823e+00 +9.9661e-01 -2.3712e+00 +7.9583e-01 -1.8807e+00 +1.4243e+00 +2.7059e+00 +1.1880e+00 +7.5668e-01 +7.8885e-01 +4.8627e-01 +3.5367e-01 +3.8272e+00 -7.8533e-01 +1.7940e+00 +3.0271e+00 +2.1145e+00
1366 +8.013259801e-06 +8.013259801e-06 +7.731000801e+01 +7.731000801e+01 +8.9753e-01 -6.0813e-01 -2.1319e+00 -1.8837e+00 +9.9728e-01 -2.3716e+00 +7.9554e-01 -1.8830e+00 +1.4276e+00 +2.7051e+00 +1.1846e+00 +7.5481e-01 +7.8979e-01 +4.8726e-01 +3.5456e-01 +3.8262e+00 -7.8123e-01 +1.7948e+00 +3.0240e+00 +2.1114e+00
1429 +6.032231127e-06 +6.032231127e-06 +7.731000603e+01 +7.731000603e+01 +8.9799e-01 -6.0826e-01 -2.1322e+00 -1.8840e+00 +9.9699e-01 -2.3717e+00 +7.9596e-01 -1.8835e+00 +1.4277e+00 +2.7042e+00 +1.1840e+00 +7.5354e-01 +7.9045e-01 +4.8734e-01 +3.5487e-01 +3.8263e+00 -7.8059e-01 +1.7946e+00 +3.0238e+00 +2.1112e+00
1681 +3.655787921e-06 +3.655787921e-06 +7.731000366e+01 +7.731000366e+01 +8.9721e-01 -6.0796e-01 -2.1300e+00 -1.8847e+00 +9.9614e-01 -2.3740e+00 +7.9677e-01 -1.8862e+00 +1.4293e+00 +2.7015e+00 +1.1792e+00 +7.5079e-01 +7.9215e-01 +4.8659e-01 +3.5519e-01 +3.8265e+00 -7.7931e-01 +1.7933e+00 +3.0226e+00 +2.1097e+00
6532 +2.303448497e-06 +2.303448497e-06 +7.731000230e+01 +7.731000230e+01 +8.9634e-01 -6.0922e-01 -2.1260e+00 -1.8880e+00 +9.9739e-01 -2.3744e+00 +8.0111e-01 -1.8879e+00 +1.4311e+00 +2.6973e+00 +1.1772e+00 +7.5050e-01 +8.0207e-01 +4.8926e-01 +3.5787e-01 +3.8292e+00 -7.7621e-01 +1.7895e+00 +3.0177e+00 +2.1101e+00
% function evaluation | noise-free fitness - Fopt (3.992000000000e+01) | best noise-free fitness - Fopt | measured fitness | best measured fitness | x1 | x2...
1 +1.299486690e+02 +1.299486690e+02 +1.698686690e+02 +1.698686690e+02 -6.0450e-03 +7.8358e-01 -4.5096e+00 -3.5894e+00 +4.6367e+00 +1.0036e+00 -4.2540e+00 -2.1914e+00 -3.9414e+00 +1.6608e-01 +1.5992e+00 -2.3133e+00 -4.5970e+00 +1.4308e+00 +3.0375e+00 -2.0260e+00 -4.3730e+00 -3.4398e+00 -3.7430e+00 -3.3146e+00
22 +8.865048112e+01 +8.865048112e+01 +1.285704811e+02 +1.285704811e+02 +4.4023e-01 +1.2306e+00 -4.5285e+00 -3.8673e+00 +4.6041e+00 +8.8790e-01 -3.8666e+00 -2.4681e+00 -3.7309e+00 +2.6795e-02 +1.5110e+00 -2.2339e+00 -4.5725e+00 +1.1727e+00 +2.0375e+00 -2.1598e+00 -4.0753e+00 -2.9719e+00 -3.8689e+00 -3.1715e+00
64 +4.655968792e+01 +4.655968792e+01 +8.647968792e+01 +8.647968792e+01 +1.8762e+00 +1.7777e+00 -3.5683e+00 -4.4297e+00 +3.2592e+00 +2.0927e-01 -3.2282e+00 -2.9147e+00 -2.4275e+00 -2.9693e-01 +1.5530e+00 -1.7730e+00 -5.1628e+00 +1.2848e+00 +4.1278e-01 -2.3906e+00 -3.4971e+00 -1.7026e+00 -3.4873e+00 -3.2677e+00
85 +3.050215002e+01 +3.050215002e+01 +7.042215002e+01 +7.042215002e+01 +2.9931e+00 +2.1137e+00 -2.7672e+00 -4.6009e+00 +2.0849e+00 -2.2675e-01 -2.8187e+00 -3.2719e+00 -1.3811e+00 -4.5984e-01 +1.5871e+00 -1.5171e+00 -5.6211e+00 +1.3785e+00 -6.7997e-01 -2.5766e+00 -2.9170e+00 -5.9225e-01 -2.8055e+00 -3.2651e+00
106 +2.131601524e+01 +2.131601524e+01 +6.123601524e+01 +6.123601524e+01 +4.3772e+00 +2.4871e+00 -1.7865e+00 -4.7909e+00 +6.5758e-01 -6.9636e-01 -2.2798e+00 -3.7002e+00 -1.3169e-01 -5.8455e-01 +1.6129e+00 -1.2265e+00 -6.1204e+00 +1.4688e+00 -1.9857e+00 -2.8035e+00 -2.2235e+00 +7.8795e-01 -1.8840e+00 -3.2705e+00
190 +1.077560958e+01 +1.077560958e+01 +5.069560958e+01 +5.069560958e+01 +5.7290e+00 +6.0844e-01 -3.8916e-01 -4.5405e+00 -5.8618e-01 +3.0924e-01 -9.8648e-01 -2.4932e+00 +5.8132e-01 +7.6217e-01 +8.6966e-01 -1.5237e+00 -4.8251e+00 +9.5277e-01 -5.3290e-01 -2.1499e+00 -2.4295e+00 +1.8334e+00 +9.4828e-01 -3.3789e+00
211 +8.907565238e+00 +8.907565238e+00 +4.882756524e+01 +4.882756524e+01 +6.3255e+00 -4.8125e-01 +2.9432e-01 -4.3620e+00 -1.1388e+00 +9.2946e-01 -2.9870e-01 -1.7634e+00 +8.6587e-01 +1.5263e+00 +4.3499e-01 -1.7017e+00 -4.0403e+00 +6.5077e-01 +3.8494e-01 -1.7365e+00 -2.5872e+00 +2.2707e+00 +2.3966e+00 -3.4474e+00
358 +6.060293732e+00 +6.060293732e+00 +4.598029373e+01 +4.598029373e+01 +6.6256e+00 -6.4963e-01 +1.6474e+00 -3.7574e+00 -2.1455e+00 +1.4703e+00 +1.2733e+00 -1.6711e+00 +2.6586e+00 +1.9418e+00 -2.0219e-01 -8.4990e-01 -2.9052e+00 +5.1718e-01 -1.5745e+00 -5.4461e-01 -8.1026e-01 +3.0621e+00 +2.3622e+00 -3.6852e+00
442 +2.777085204e+00 +2.777085204e+00 +4.269708520e+01 +4.269708520e+01 +5.2322e+00 -1.0988e+00 +1.6987e+00 -2.9378e+00 -1.3760e+00 +2.5085e+00 +2.0709e+00 -1.1125e+00 +2.8143e+00 +2.4018e+00 -8.3060e-01 -4.7703e-01 -1.2462e+00 +1.7534e-01 -1.9467e+00 +7.4973e-01 +1.0472e-01 +2.1992e+00 +1.3050e+00 -3.6848e+00
484 +2.185625334e+00 +2.185625334e+00 +4.210562533e+01 +4.210562533e+01 +4.8342e+00 -1.4828e+00 +1.8772e+00 -2.6038e+00 -1.2303e+00 +3.0052e+00 +2.5085e+00 -7.5437e-01 +2.9350e+00 +2.7393e+00 -1.1373e+00 -3.6657e-01 -4.7270e-01 -3.4117e-03 -1.8882e+00 +1.3029e+00 +4.0015e-01 +1.9618e+00 +1.2146e+00 -3.6968e+00
568 +1.410727283e+00 +1.410727283e+00 +4.133072728e+01 +4.133072728e+01 +4.3707e+00 -1.3154e+00 +1.7562e+00 -2.6123e+00 -1.2584e+00 +2.8116e+00 +2.2680e+00 -7.3415e-01 +2.5951e+00 +2.8922e+00 -8.7220e-01 -3.2560e-01 -3.9307e-01 +2.6728e-02 -1.4839e+00 +1.0523e+00 +1.0712e-01 +1.5178e+00 +1.0438e+00 -3.5001e+00
610 +4.990775327e-01 +4.990775327e-01 +4.041907753e+01 +4.041907753e+01 +3.9926e+00 -1.1937e+00 +2.2008e+00 -2.4939e+00 -2.0165e+00 +2.5561e+00 +2.4154e+00 -6.2748e-01 +2.6809e+00 +3.4571e+00 -5.5782e-01 -1.4556e-02 +7.3617e-02 +8.4444e-03 -1.2416e+00 +8.4768e-01 +4.9842e-02 +1.2670e+00 +1.2465e+00 -3.1957e+00
673 +2.174528217e-01 +2.174528217e-01 +4.013745282e+01 +4.013745282e+01 +3.7480e+00 -1.0210e+00 +2.1107e+00 -2.4408e+00 -1.8988e+00 +2.4973e+00 +2.3340e+00 -7.3504e-01 +2.6662e+00 +3.3696e+00 -4.9070e-01 +7.7441e-02 +4.6230e-02 +7.1476e-02 -1.4539e+00 +8.6063e-01 +1.5777e-01 +1.1009e+00 +8.8395e-01 -3.2116e+00
757 +1.387937127e-01 +1.387937127e-01 +4.005879371e+01 +4.005879371e+01 +3.8275e+00 -9.9047e-01 +2.1628e+00 -2.4211e+00 -1.9338e+00 +2.4876e+00 +2.3761e+00 -7.9307e-01 +2.7974e+00 +3.3132e+00 -5.0514e-01 +1.1876e-01 -1.1780e-02 +9.7262e-02 -1.6655e+00 +8.9496e-01 +2.8053e-01 +1.1950e+00 +8.4867e-01 -3.2762e+00
820 +6.860711067e-02 +6.860711067e-02 +3.998860711e+01 +3.998860711e+01 +3.9529e+00 -1.0087e+00 +2.3027e+00 -2.3709e+00 -2.1005e+00 +2.4014e+00 +2.3899e+00 -7.7376e-01 +2.9305e+00 +3.3567e+00 -3.9665e-01 +1.4424e-01 -1.0898e-01 +9.1096e-02 -1.7398e+00 +7.5996e-01 +2.9053e-01 +1.2305e+00 +1.0004e+00 -3.3570e+00
862 +5.542427414e-02 +5.542427414e-02 +3.997542427e+01 +3.997542427e+01 +3.9817e+00 -1.0339e+00 +2.3351e+00 -2.3412e+00 -2.1228e+00 +2.3870e+00 +2.3825e+00 -7.4767e-01 +2.9580e+00 +3.3739e+00 -3.6211e-01 +1.4277e-01 -1.3932e-01 +8.3416e-02 -1.7363e+00 +7.1326e-01 +2.7866e-01 +1.2137e+00 +1.0468e+00 -3.3975e+00
904 +2.845111997e-02 +2.845111997e-02 +3.994845112e+01 +3.994845112e+01 +3.8875e+00 -1.0449e+00 +2.2593e+00 -2.2882e+00 -1.9772e+00 +2.4276e+00 +2.3104e+00 -7.1321e-01 +2.8939e+00 +3.3739e+00 -3.7815e-01 +1.4867e-01 -1.1723e-01 +9.1433e-02 -1.6769e+00 +7.3323e-01 +2.5717e-01 +1.0900e+00 +9.3728e-01 -3.4397e+00
946 +1.980093125e-02 +1.980093125e-02 +3.993980093e+01 +3.993980093e+01 +3.9059e+00 -1.0448e+00 +2.2877e+00 -2.2808e+00 -2.0142e+00 +2.4102e+00 +2.3053e+00 -6.9998e-01 +2.9080e+00 +3.4006e+00 -3.6413e-01 +1.6027e-01 -1.1740e-01 +9.1989e-02 -1.6576e+00 +7.0539e-01 +2.4563e-01 +1.0876e+00 +9.7166e-01 -3.4459e+00
967 +1.538228475e-02 +1.538228475e-02 +3.993538228e+01 +3.993538228e+01 +3.9145e+00 -1.0471e+00 +2.2879e+00 -2.2697e+00 -2.0014e+00 +2.4139e+00 +2.2931e+00 -6.9244e-01 +2.9140e+00 +3.4047e+00 -3.7071e-01 +1.6688e-01 -1.1985e-01 +9.6186e-02 -1.6531e+00 +7.0371e-01 +2.4642e-01 +1.0805e+00 +9.6844e-01 -3.4633e+00
988 +9.886864714e-03 +9.886864714e-03 +3.992988686e+01 +3.992988686e+01 +3.9361e+00 -1.0490e+00 +2.3071e+00 -2.2507e+00 -2.0087e+00 +2.4097e+00 +2.2790e+00 -6.7751e-01 +2.9352e+00 +3.4244e+00 -3.7267e-01 +1.8450e-01 -1.2112e-01 +1.0268e-01 -1.6443e+00 +6.8956e-01 +2.4674e-01 +1.0736e+00 +9.8130e-01 -3.4889e+00
1030 +5.531630877e-03 +5.531630877e-03 +3.992553163e+01 +3.992553163e+01 +3.9520e+00 -1.0444e+00 +2.3215e+00 -2.2386e+00 -2.0190e+00 +2.4001e+00 +2.2610e+00 -6.6617e-01 +2.9474e+00 +3.4436e+00 -3.7045e-01 +2.0096e-01 -1.2316e-01 +1.1001e-01 -1.6276e+00 +6.7035e-01 +2.3947e-01 +1.0642e+00 +9.9221e-01 -3.5051e+00
1156 +3.578520910e-03 +3.578520910e-03 +3.992357852e+01 +3.992357852e+01 +3.9578e+00 -1.0464e+00 +2.3357e+00 -2.2431e+00 -2.0225e+00 +2.3930e+00 +2.2602e+00 -6.5773e-01 +2.9696e+00 +3.4498e+00 -3.6345e-01 +2.0610e-01 -1.3276e-01 +1.1549e-01 -1.6174e+00 +6.4634e-01 +2.3400e-01 +1.0495e+00 +9.9397e-01 -3.5233e+00
1177 +2.455454442e-03 +2.455454442e-03 +3.992245545e+01 +3.992245545e+01 +3.9565e+00 -1.0456e+00 +2.3395e+00 -2.2571e+00 -2.0161e+00 +2.3941e+00 +2.2632e+00 -6.5432e-01 +2.9825e+00 +3.4505e+00 -3.6958e-01 +2.0841e-01 -1.3215e-01 +1.2205e-01 -1.6043e+00 +6.3877e-01 +2.3035e-01 +1.0407e+00 +9.8468e-01 -3.5303e+00
1219 +1.526995389e-03 +1.526995389e-03 +3.992152700e+01 +3.992152700e+01 +3.9597e+00 -1.0457e+00 +2.3485e+00 -2.2693e+00 -2.0129e+00 +2.3934e+00 +2.2662e+00 -6.4899e-01 +2.9988e+00 +3.4538e+00 -3.7721e-01 +2.1206e-01 -1.3191e-01 +1.2878e-01 -1.5927e+00 +6.3065e-01 +2.2909e-01 +1.0348e+00 +9.7974e-01 -3.5416e+00
1324 +8.455934010e-04 +8.455934010e-04 +3.992084559e+01 +3.992084559e+01 +3.9683e+00 -1.0439e+00 +2.3670e+00 -2.2805e+00 -2.0184e+00 +2.3883e+00 +2.2667e+00 -6.4289e-01 +3.0207e+00 +3.4537e+00 -3.8095e-01 +2.1373e-01 -1.3483e-01 +1.4296e-01 -1.5904e+00 +6.1729e-01 +2.2385e-01 +1.0397e+00 +9.7578e-01 -3.5493e+00
1366 +5.696047179e-04 +5.696047179e-04 +3.992056960e+01 +3.992056960e+01 +3.9745e+00 -1.0449e+00 +2.3845e+00 -2.2888e+00 -2.0230e+00 +2.3844e+00 +2.2646e+00 -6.3180e-01 +3.0414e+00 +3.4556e+00 -3.8463e-01 +2.1611e-01 -1.3607e-01 +1.5572e-01 -1.5806e+00 +6.0065e-01 +2.1546e-01 +1.0384e+00 +9.7240e-01 -3.5613e+00
1450 +3.771389180e-04 +3.771389180e-04 +3.992037714e+01 +3.992037714e+01 +3.9756e+00 -1.0444e+00 +2.3899e+00 -2.2961e+00 -2.0288e+00 +2.3818e+00 +2.2651e+00 -6.2806e-01 +3.0533e+00 +3.4513e+00 -3.8853e-01 +2.1826e-01 -1.3612e-01 +1.6086e-01 -1.5771e+00 +5.9307e-01 +2.1441e-01 +1.0392e+00 +9.6908e-01 -3.5694e+00
1576 +2.359498055e-04 +2.359498055e-04 +3.992023595e+01 +3.992023595e+01 +3.9702e+00 -1.0481e+00 +2.3868e+00 -2.2955e+00 -2.0331e+00 +2.3772e+00 +2.2585e+00 -6.2364e-01 +3.0540e+00 +3.4429e+00 -3.8695e-01 +2.1827e-01 -1.3009e-01 +1.6496e-01 -1.5741e+00 +5.9651e-01 +2.1054e-01 +1.0390e+00 +9.7196e-01 -3.5721e+00
1639 +1.524846416e-04 +1.524846416e-04 +3.992015248e+01 +3.992015248e+01 +3.9622e+00 -1.0566e+00 +2.3806e+00 -2.2917e+00 -2.0311e+00 +2.3737e+00 +2.2503e+00 -6.1695e-01 +3.0488e+00 +3.4381e+00 -3.8299e-01 +2.1648e-01 -1.2076e-01 +1.6718e-01 -1.5651e+00 +6.0473e-01 +2.0377e-01 +1.0332e+00 +9.7983e-01 -3.5727e+00
1723 +8.237242552e-05 +8.237242552e-05 +3.992008237e+01 +3.992008237e+01 +3.9607e+00 -1.0581e+00 +2.3803e+00 -2.2938e+00 -2.0333e+00 +2.3705e+00 +2.2495e+00 -6.1679e-01 +3.0527e+00 +3.4341e+00 -3.8227e-01 +2.1630e-01 -1.1835e-01 +1.6864e-01 -1.5635e+00 +6.0860e-01 +2.0232e-01 +1.0345e+00 +9.8345e-01 -3.5730e+00
1765 +4.935739872e-05 +4.935739872e-05 +3.992004936e+01 +3.992004936e+01 +3.9604e+00 -1.0599e+00 +2.3817e+00 -2.2933e+00 -2.0377e+00 +2.3649e+00 +2.2470e+00 -6.1556e-01 +3.0587e+00 +3.4294e+00 -3.8009e-01 +2.1679e-01 -1.1608e-01 +1.7023e-01 -1.5619e+00 +6.1337e-01 +1.9969e-01 +1.0365e+00 +9.9093e-01 -3.5744e+00
1828 +3.428616358e-05 +3.428616358e-05 +3.992003429e+01 +3.992003429e+01 +3.9581e+00 -1.0609e+00 +2.3798e+00 -2.2919e+00 -2.0380e+00 +2.3637e+00 +2.2453e+00 -6.1465e-01 +3.0578e+00 +3.4272e+00 -3.7958e-01 +2.1662e-01 -1.1463e-01 +1.6971e-01 -1.5609e+00 +6.1587e-01 +1.9824e-01 +1.0360e+00 +9.9216e-01 -3.5743e+00
1912 +2.435388300e-05 +2.435388300e-05 +3.992002435e+01 +3.992002435e+01 +3.9552e+00 -1.0619e+00 +2.3778e+00 -2.2901e+00 -2.0385e+00 +2.3616e+00 +2.2436e+00 -6.1391e-01 +3.0574e+00 +3.4239e+00 -3.7890e-01 +2.1622e-01 -1.1305e-01 +1.6879e-01 -1.5599e+00 +6.2031e-01 +1.9619e-01 +1.0360e+00 +9.9455e-01 -3.5735e+00
2059 +1.398776489e-05 +1.398776489e-05 +3.992001399e+01 +3.992001399e+01 +3.9538e+00 -1.0625e+00 +2.3780e+00 -2.2902e+00 -2.0393e+00 +2.3589e+00 +2.2430e+00 -6.1277e-01 +3.0600e+00 +3.4207e+00 -3.7888e-01 +2.1633e-01 -1.1235e-01 +1.6943e-01 -1.5586e+00 +6.2319e-01 +1.9452e-01 +1.0358e+00 +9.9681e-01 -3.5733e+00
2164 +8.961956219e-06 +8.961956219e-06 +3.992000896e+01 +3.992000896e+01 +3.9515e+00 -1.0642e+00 +2.3778e+00 -2.2899e+00 -2.0396e+00 +2.3557e+00 +2.2412e+00 -6.0950e-01 +3.0625e+00 +3.4167e+00 -3.7906e-01 +2.1694e-01 -1.1080e-01 +1.7094e-01 -1.5552e+00 +6.2599e-01 +1.9188e-01 +1.0336e+00 +9.9953e-01 -3.5738e+00
2248 +6.052452861e-06 +6.052452861e-06 +3.992000605e+01 +3.992000605e+01 +3.9516e+00 -1.0643e+00 +2.3786e+00 -2.2902e+00 -2.0400e+00 +2.3547e+00 +2.2412e+00 -6.0849e-01 +3.0642e+00 +3.4157e+00 -3.7976e-01 +2.1776e-01 -1.1135e-01 +1.7181e-01 -1.5549e+00 +6.2525e-01 +1.9180e-01 +1.0332e+00 +9.9937e-01 -3.5742e+00
16171 +3.958380262e-06 +3.958380262e-06 +3.992000396e+01 +3.992000396e+01 +3.9452e+00 -1.0741e+00 +2.3860e+00 -2.2915e+00 -2.0436e+00 +2.3530e+00 +2.2356e+00 -6.0625e-01 +3.0655e+00 +3.4138e+00 -3.8112e-01 +2.2523e-01 -1.1594e-01 +1.7727e-01 -1.5445e+00 +6.2652e-01 +1.8385e-01 +1.0277e+00 +1.0029e+00 -3.5771e+00
198514 +2.508622096e-06 +2.508622096e-06 +3.992000251e+01 +3.992000251e+01 +3.9514e+00 -1.0671e+00 +2.3834e+00 -2.2907e+00 -2.0385e+00 +2.3517e+00 +2.2442e+00 -6.1118e-01 +3.0647e+00 +3.4130e+00 -3.8098e-01 +2.2501e-01 -1.1357e-01 +1.7240e-01 -1.5540e+00 +6.2236e-01 +1.9032e-01 +1.0349e+00 +9.9811e-01 -3.5744e+00
% function evaluation | noise-free fitness - Fopt (-5.661000000000e+01) | best noise-free fitness - Fopt | measured fitness | best measured fitness | x1 | x2...
1 +5.303098798e+01 +5.303098798e+01 -3.579012022e+00 -3.579012022e+00 -2.9002e-01 -2.1232e+00 -4.5625e+00 +1.6582e+00 +2.2544e+00 -3.4149e+00 +1.4025e+00 -3.2496e+00 -2.2069e+00 +3.8144e+00 +1.7122e+00 +3.9432e+00 +1.4679e+00 +2.6288e+00 +4.4764e+00 +5.3800e-01 -1.0223e+00 -3.0337e+00 +9.3971e-01 -2.6959e+00
22 +3.644275273e+01 +3.644275273e+01 -2.016724727e+01 -2.016724727e+01 -8.1276e-01 -2.1770e+00 -3.7826e+00 +6.7319e-01 +2.4500e+00 -3.1626e+00 +2.1545e+00 -3.6794e+00 -2.8494e+00 +3.1505e+00 +1.7045e+00 +3.8939e+00 +1.6094e+00 +2.4431e+00 +4.2121e+00 +5.8779e-01 -1.3165e+00 -3.1930e+00 +5.8010e-01 -1.6959e+00
64 +2.109130227e+01 +2.109130227e+01 -3.551869773e+01 -3.551869773e+01 -1.3106e+00 -5.3981e-01 -1.8578e+00 -8.0520e-01 +2.5616e+00 -3.1063e+00 +2.9261e+00 -3.9102e+00 -3.0773e+00 +1.4430e+00 +1.6261e+00 +2.8186e+00 +1.1994e+00 +3.9724e-01 +3.2057e+00 +8.5615e-01 -1.5532e+00 -3.4275e+00 -7.6377e-01 -1.0618e+00
106 +1.402162435e+01 +1.402162435e+01 -4.258837565e+01 -4.258837565e+01 -1.6521e+00 +2.1251e+00 +1.1678e+00 -2.9336e+00 +2.0956e+00 -2.4317e+00 +4.1350e+00 -3.9371e+00 -3.4806e+00 -5.1862e-01 +1.3983e+00 +1.3611e+00 +7.3604e-01 -2.1381e+00 +1.3636e+00 +1.2480e+00 -2.3032e+00 -3.4118e+00 -2.1753e+00 -8.3606e-01
169 +7.739460333e+00 +7.739460333e+00 -4.887053967e+01 -4.887053967e+01 -4.4316e-01 +4.8963e+00 +3.1982e+00 -3.9923e+00 -9.5641e-01 +5.4406e-01 +4.1569e+00 -2.6383e+00 -3.8302e+00 +1.0330e-01 -2.2736e-02 -7.3302e-02 +1.3220e+00 -2.0825e+00 -1.3095e+00 +7.5982e-01 -3.3608e+00 -1.3161e+00 -2.3571e+00 -3.0555e+00
211 +6.066403542e+00 +6.066403542e+00 -5.054359646e+01 -5.054359646e+01 +1.2107e-01 +4.8422e+00 +3.0013e+00 -3.6182e+00 -1.9321e+00 +1.4258e+00 +3.8523e+00 -2.2602e+00 -3.8221e+00 +8.2370e-01 -7.2808e-01 -2.4133e-01 +1.6755e+00 -1.0683e+00 -1.6382e+00 +5.0845e-01 -3.4010e+00 -4.5555e-01 -1.9986e+00 -3.8690e+00
274 +3.747298052e+00 +3.747298052e+00 -5.286270195e+01 -5.286270195e+01 +1.0540e+00 +2.6526e+00 +1.9434e+00 -2.1526e+00 -2.4617e+00 +1.8364e+00 +2.8665e+00 -2.8492e+00 -3.3928e+00 +7.8357e-01 -2.7830e+00 -8.9615e-01 +2.2067e+00 +1.2574e+00 -1.2758e+00 +5.1955e-01 -1.8262e+00 +1.1579e+00 -2.4050e+00 -3.8535e+00
295 +2.328857658e+00 +2.328857658e+00 -5.428114234e+01 -5.428114234e+01 +9.5849e-01 +2.9547e+00 +2.3340e+00 -2.4941e+00 -2.3631e+00 +1.7617e+00 +2.9380e+00 -2.9612e+00 -3.4422e+00 +3.3489e-01 -2.7147e+00 -1.1022e+00 +2.1411e+00 +7.6884e-01 -1.4887e+00 +6.3201e-01 -1.7992e+00 +1.0900e+00 -2.7825e+00 -3.6196e+00
316 +1.012149182e+00 +1.012149182e+00 -5.559785082e+01 -5.559785082e+01 +1.4544e+00 +3.2766e+00 +3.1031e+00 -2.8276e+00 -3.0875e+00 +2.4399e+00 +2.6535e+00 -3.1489e+00 -3.4608e+00 -4.2794e-01 -3.6984e+00 -2.0560e+00 +2.3684e+00 +7.8078e-01 -2.3601e+00 +7.3036e-01 -1.3744e+00 +2.0532e+00 -3.7308e+00 -3.6666e+00
337 +8.125812176e-01 +8.125812176e-01 -5.579741878e+01 -5.579741878e+01 +1.3083e+00 +3.2410e+00 +2.9115e+00 -2.8134e+00 -2.8227e+00 +2.1794e+00 +2.7532e+00 -3.1382e+00 -3.4852e+00 -2.8144e-01 -3.2967e+00 -1.7161e+00 +2.2532e+00 +6.6438e-01 -2.0872e+00 +6.8856e-01 -1.5764e+00 +1.6337e+00 -3.4718e+00 -3.6437e+00
358 +5.735144749e-01 +5.735144749e-01 -5.603648553e+01 -5.603648553e+01 +1.4290e+00 +3.2473e+00 +3.0092e+00 -2.8815e+00 -2.9041e+00 +2.2386e+00 +2.6854e+00 -3.2380e+00 -3.5015e+00 -4.7268e-01 -3.4185e+00 -1.8199e+00 +2.2601e+00 +6.6315e-01 -2.1771e+00 +6.8526e-01 -1.5317e+00 +1.7013e+00 -3.6408e+00 -3.6521e+00
400 +3.340449716e-01 +3.340449716e-01 -5.627595503e+01 -5.627595503e+01 +1.6247e+00 +3.3016e+00 +3.1521e+00 -3.0356e+00 -3.0011e+00 +2.2850e+00 +2.6057e+00 -3.4031e+00 -3.5518e+00 -7.6888e-01 -3.4866e+00 -1.8835e+00 +2.2289e+00 +6.0160e-01 -2.2762e+00 +6.4408e-01 -1.5731e+00 +1.6639e+00 -3.8523e+00 -3.7042e+00
421 +2.059327539e-01 +2.059327539e-01 -5.640406725e+01 -5.640406725e+01 +1.7317e+00 +3.2561e+00 +3.1519e+00 -3.1263e+00 -2.9429e+00 +2.1801e+00 +2.5611e+00 -3.5595e+00 -3.5868e+00 -9.7691e-01 -3.3937e+00 -1.7900e+00 +2.1605e+00 +5.2754e-01 -2.2074e+00 +5.9895e-01 -1.6408e+00 +1.4622e+00 -3.9479e+00 -3.6892e+00
463 +1.462805129e-01 +1.462805129e-01 -5.646371949e+01 -5.646371949e+01 +1.7275e+00 +3.3207e+00 +3.1547e+00 -3.1556e+00 -2.9589e+00 +2.1908e+00 +2.5889e+00 -3.5091e+00 -3.6024e+00 -9.2133e-01 -3.3216e+00 -1.7308e+00 +2.1504e+00 +4.9053e-01 -2.2053e+00 +5.7204e-01 -1.7199e+00 +1.4073e+00 -3.8908e+00 -3.7302e+00
526 +7.504383317e-02 +7.504383317e-02 -5.653495617e+01 -5.653495617e+01 +1.7736e+00 +3.2543e+00 +3.0709e+00 -3.0762e+00 -3.0440e+00 +2.2556e+00 +2.5912e+00 -3.3728e+00 -3.5741e+00 -7.8030e-01 -3.3624e+00 -1.6590e+00 +2.1917e+00 +5.8359e-01 -2.1593e+00 +5.2934e-01 -1.6979e+00 +1.4748e+00 -3.8272e+00 -3.7369e+00
547 +4.420954369e-02 +4.420954369e-02 -5.656579046e+01 -5.656579046e+01 +1.8537e+00 +3.1556e+00 +3.0091e+00 -3.0589e+00 -3.0627e+00 +2.2420e+00 +2.5649e+00 -3.3632e+00 -3.5607e+00 -7.8757e-01 -3.3480e+00 -1.5856e+00 +2.1986e+00 +6.2410e-01 -2.0865e+00 +4.8857e-01 -1.7045e+00 +1.4348e+00 -3.8350e+00 -3.7226e+00
568 +3.953558349e-02 +3.953558349e-02 -5.657046442e+01 -5.657046442e+01 +1.8714e+00 +3.1320e+00 +3.0062e+00 -3.0745e+00 -3.0736e+00 +2.2445e+00 +2.5731e+00 -3.3216e+00 -3.5576e+00 -7.7397e-01 -3.3191e+00 -1.5616e+00 +2.2124e+00 +6.1459e-01 -2.0527e+00 +4.7149e-01 -1.7284e+00 +1.4151e+00 -3.8247e+00 -3.7134e+00
610 +1.907354578e-02 +1.907354578e-02 -5.659092645e+01 -5.659092645e+01 +1.8927e+00 +3.0986e+00 +3.0559e+00 -3.1273e+00 -3.0923e+00 +2.2647e+00 +2.5733e+00 -3.2997e+00 -3.5646e+00 -8.0920e-01 -3.3012e+00 -1.5951e+00 +2.2362e+00 +5.9966e-01 -2.0267e+00 +4.8865e-01 -1.7373e+00 +1.4357e+00 -3.8567e+00 -3.6906e+00
631 +1.143032601e-02 +1.143032601e-02 -5.659856967e+01 -5.659856967e+01 +1.8996e+00 +3.0813e+00 +3.0808e+00 -3.1547e+00 -3.0978e+00 +2.2721e+00 +2.5799e+00 -3.2850e+00 -3.5698e+00 -8.2053e-01 -3.2778e+00 -1.5946e+00 +2.2349e+00 +5.8533e-01 -2.0020e+00 +5.0759e-01 -1.7413e+00 +1.4406e+00 -3.8687e+00 -3.6711e+00
673 +8.951398431e-03 +8.951398431e-03 -5.660104860e+01 -5.660104860e+01 +1.9009e+00 +3.0719e+00 +3.0981e+00 -3.1729e+00 -3.0941e+00 +2.2722e+00 +2.5839e+00 -3.2863e+00 -3.5711e+00 -8.2944e-01 -3.2610e+00 -1.5999e+00 +2.2341e+00 +5.7772e-01 -1.9900e+00 +5.2414e-01 -1.7446e+00 +1.4437e+00 -3.8760e+00 -3.6622e+00
694 +6.257969048e-03 +6.257969048e-03 -5.660374203e+01 -5.660374203e+01 +1.9125e+00 +3.0402e+00 +3.1300e+00 -3.2037e+00 -3.0997e+00 +2.2816e+00 +2.5931e+00 -3.2769e+00 -3.5681e+00 -8.3126e-01 -3.2302e+00 -1.6046e+00 +2.2380e+00 +5.7747e-01 -1.9610e+00 +5.6270e-01 -1.7456e+00 +1.4679e+00 -3.8891e+00 -3.6434e+00
736 +3.402976861e-03 +3.402976861e-03 -5.660659702e+01 -5.660659702e+01 +1.9392e+00 +2.9999e+00 +3.1380e+00 -3.2176e+00 -3.1178e+00 +2.2915e+00 +2.5993e+00 -3.2584e+00 -3.5596e+00 -8.0581e-01 -3.2005e+00 -1.5914e+00 +2.2581e+00 +6.0145e-01 -1.9359e+00 +5.7421e-01 -1.7638e+00 +1.4843e+00 -3.8822e+00 -3.6473e+00
820 +2.045269356e-03 +2.045269356e-03 -5.660795473e+01 -5.660795473e+01 +1.9380e+00 +2.9935e+00 +3.1515e+00 -3.2236e+00 -3.1194e+00 +2.2903e+00 +2.6116e+00 -3.2705e+00 -3.5611e+00 -7.9241e-01 -3.1934e+00 -1.5836e+00 +2.2619e+00 +6.0594e-01 -1.9529e+00 +5.8319e-01 -1.7691e+00 +1.4928e+00 -3.8835e+00 -3.6450e+00
841 +1.579876328e-03 +1.579876328e-03 -5.660842012e+01 -5.660842012e+01 +1.9412e+00 +2.9850e+00 +3.1530e+00 -3.2249e+00 -3.1190e+00 +2.2893e+00 +2.6152e+00 -3.2713e+00 -3.5624e+00 -7.8672e-01 -3.1920e+00 -1.5749e+00 +2.2669e+00 +6.0797e-01 -1.9559e+00 +5.8071e-01 -1.7701e+00 +1.4940e+00 -3.8835e+00 -3.6420e+00
883 +9.378099501e-04 +9.378099501e-04 -5.660906219e+01 -5.660906219e+01 +1.9479e+00 +2.9640e+00 +3.1661e+00 -3.2355e+00 -3.1094e+00 +2.2919e+00 +2.6261e+00 -3.2798e+00 -3.5724e+00 -7.7319e-01 -3.1897e+00 -1.5518e+00 +2.2785e+00 +6.1030e-01 -1.9681e+00 +5.7978e-01 -1.7687e+00 +1.5018e+00 -3.8830e+00 -3.6346e+00
925 +6.147017095e-04 +6.147017095e-04 -5.660938530e+01 -5.660938530e+01 +1.9468e+00 +2.9593e+00 +3.1722e+00 -3.2375e+00 -3.1010e+00 +2.2940e+00 +2.6272e+00 -3.2842e+00 -3.5794e+00 -7.7547e-01 -3.1886e+00 -1.5474e+00 +2.2798e+00 +6.0626e-01 -1.9728e+00 +5.7983e-01 -1.7681e+00 +1.5043e+00 -3.8823e+00 -3.6334e+00
988 +3.305698990e-04 +3.305698990e-04 -5.660966943e+01 -5.660966943e+01 +1.9487e+00 +2.9572e+00 +3.1718e+00 -3.2388e+00 -3.1007e+00 +2.2934e+00 +2.6283e+00 -3.2850e+00 -3.5795e+00 -7.7268e-01 -3.1893e+00 -1.5437e+00 +2.2812e+00 +6.0836e-01 -1.9730e+00 +5.7891e-01 -1.7671e+00 +1.5046e+00 -3.8818e+00 -3.6328e+00
1072 +2.196574620e-04 +2.196574620e-04 -5.660978034e+01 -5.660978034e+01 +1.9520e+00 +2.9470e+00 +3.1801e+00 -3.2444e+00 -3.0953e+00 +2.2935e+00 +2.6339e+00 -3.2906e+00 -3.5859e+00 -7.6590e-01 -3.1869e+00 -1.5302e+00 +2.2868e+00 +6.1046e-01 -1.9804e+00 +5.7807e-01 -1.7668e+00 +1.5100e+00 -3.8800e+00 -3.6297e+00
1135 +1.524924891e-04 +1.524924891e-04 -5.660984751e+01 -5.660984751e+01 +1.9563e+00 +2.9380e+00 +3.1927e+00 -3.2521e+00 -3.0929e+00 +2.2934e+00 +2.6364e+00 -3.2923e+00 -3.5901e+00 -7.6310e-01 -3.1808e+00 -1.5221e+00 +2.2903e+00 +6.1319e-01 -1.9804e+00 +5.7845e-01 -1.7676e+00 +1.5165e+00 -3.8783e+00 -3.6241e+00
1240 +7.966082818e-05 +7.966082818e-05 -5.660992034e+01 -5.660992034e+01 +1.9548e+00 +2.9364e+00 +3.1990e+00 -3.2531e+00 -3.0905e+00 +2.2907e+00 +2.6372e+00 -3.2961e+00 -3.5935e+00 -7.6247e-01 -3.1816e+00 -1.5168e+00 +2.2911e+00 +6.1439e-01 -1.9864e+00 +5.7524e-01 -1.7660e+00 +1.5190e+00 -3.8745e+00 -3.6224e+00
1282 +5.695330604e-05 +5.695330604e-05 -5.660994305e+01 -5.660994305e+01 +1.9571e+00 +2.9257e+00 +3.2083e+00 -3.2597e+00 -3.0881e+00 +2.2899e+00 +2.6409e+00 -3.2982e+00 -3.5973e+00 -7.5813e-01 -3.1779e+00 -1.5062e+00 +2.2948e+00 +6.1884e-01 -1.9905e+00 +5.7452e-01 -1.7657e+00 +1.5249e+00 -3.8709e+00 -3.6196e+00
1366 +3.959934934e-05 +3.959934934e-05 -5.660996040e+01 -5.660996040e+01 +1.9543e+00 +2.9271e+00 +3.2069e+00 -3.2600e+00 -3.0882e+00 +2.2889e+00 +2.6405e+00 -3.2979e+00 -3.5970e+00 -7.6055e-01 -3.1794e+00 -1.5077e+00 +2.2930e+00 +6.1801e-01 -1.9923e+00 +5.7444e-01 -1.7650e+00 +1.5240e+00 -3.8706e+00 -3.6207e+00
1429 +1.831581830e-05 +1.831581830e-05 -5.660998168e+01 -5.660998168e+01 +1.9509e+00 +2.9215e+00 +3.2101e+00 -3.2687e+00 -3.0899e+00 +2.2866e+00 +2.6413e+00 -3.2941e+00 -3.5969e+00 -7.6586e-01 -3.1775e+00 -1.5067e+00 +2.2904e+00 +6.1969e-01 -1.9936e+00 +5.7542e-01 -1.7651e+00 +1.5263e+00 -3.8689e+00 -3.6203e+00
1450 +1.576697201e-05 +1.576697201e-05 -5.660998423e+01 -5.660998423e+01 +1.9511e+00 +2.9236e+00 +3.2080e+00 -3.2668e+00 -3.0908e+00 +2.2870e+00 +2.6404e+00 -3.2932e+00 -3.5958e+00 -7.6603e-01 -3.1779e+00 -1.5089e+00 +2.2897e+00 +6.1967e-01 -1.9918e+00 +5.7547e-01 -1.7655e+00 +1.5254e+00 -3.8694e+00 -3.6210e+00
1492 +9.688011659e-06 +9.688011659e-06 -5.660999031e+01 -5.660999031e+01 +1.9496e+00 +2.9228e+00 +3.2075e+00 -3.2697e+00 -3.0923e+00 +2.2863e+00 +2.6399e+00 -3.2903e+00 -3.5950e+00 -7.6912e-01 -3.1775e+00 -1.5105e+00 +2.2877e+00 +6.2043e-01 -1.9908e+00 +5.7602e-01 -1.7659e+00 +1.5255e+00 -3.8689e+00 -3.6215e+00
1660 +5.246961670e-06 +5.246961670e-06 -5.660999475e+01 -5.660999475e+01 +1.9472e+00 +2.9213e+00 +3.2061e+00 -3.2734e+00 -3.0925e+00 +2.2842e+00 +2.6394e+00 -3.2863e+00 -3.5958e+00 -7.7262e-01 -3.1767e+00 -1.5104e+00 +2.2844e+00 +6.2458e-01 -1.9921e+00 +5.7550e-01 -1.7664e+00 +1.5276e+00 -3.8670e+00 -3.6225e+00
1807 +3.917232100e-06 +3.917232100e-06 -5.660999608e+01 -5.660999608e+01 +1.9449e+00 +2.9210e+00 +3.2051e+00 -3.2771e+00 -3.0925e+00 +2.2822e+00 +2.6389e+00 -3.2828e+00 -3.5963e+00 -7.7646e-01 -3.1760e+00 -1.5110e+00 +2.2816e+00 +6.2716e-01 -1.9934e+00 +5.7531e-01 -1.7668e+00 +1.5290e+00 -3.8662e+00 -3.6230e+00
43639 +2.413222688e-06 +2.413222688e-06 -5.660999759e+01 -5.660999759e+01 +1.9455e+00 +2.9177e+00 +3.2091e+00 -3.2832e+00 -3.0891e+00 +2.2850e+00 +2.6428e+00 -3.2852e+00 -3.6014e+00 -7.7849e-01 -3.1742e+00 -1.5051e+00 +2.2865e+00 +6.3132e-01 -1.9989e+00 +5.7765e-01 -1.7699e+00 +1.5286e+00 -3.8636e+00 -3.6125e+00
100045 +1.362180534e-06 +1.362180534e-06 -5.660999864e+01 -5.660999864e+01 +1.9483e+00 +2.9247e+00 +3.2022e+00 -3.2745e+00 -3.0890e+00 +2.2820e+00 +2.6384e+00 -3.2805e+00 -3.5955e+00 -7.8035e-01 -3.1760e+00 -1.5077e+00 +2.2852e+00 +6.3133e-01 -1.9964e+00 +5.8003e-01 -1.7691e+00 +1.5285e+00 -3.8639e+00 -3.6193e+00
% function evaluation | noise-free fitness - Fopt (-5.235000000000e+01) | best noise-free fitness - Fopt | measured fitness | best measured fitness | x1 | x2...
1 +1.668619805e+02 +1.668619805e+02 +1.145119805e+02 +1.145119805e+02 -2.3820e+00 -3.4077e+00 -5.9658e-01 +2.1880e+00 +2.8801e-01 -2.5638e+00 -2.1503e-01 -3.7032e+00 -3.7974e+00 +2.1463e+00 -4.8408e+00 +8.4577e-01 +1.0159e+00 -2.5811e+00 +1.4694e+00 +5.4435e-01 -5.6569e-01 +3.0645e+00 -2.2044e+00 -4.5713e-01
22 +6.926747791e+01 +6.926747791e+01 +1.691747791e+01 +1.691747791e+01 -2.1460e+00 -3.2479e+00 +8.2758e-02 +1.9316e+00 +5.3678e-01 -2.6970e+00 -5.6266e-01 -3.9369e+00 -3.0926e+00 +1.4129e+00 -4.4397e+00 +1.4079e+00 +1.5887e-02 -2.7115e+00 +2.0948e+00 +8.4108e-01 -9.6307e-01 +2.9993e+00 -1.6930e+00 -1.2878e+00
43 +5.134969859e+01 +5.134969859e+01 -1.000301409e+00 -1.000301409e+00 -2.0169e+00 -3.2732e+00 +3.1799e-01 +1.8577e+00 +5.3352e-01 -2.6579e+00 -5.3668e-01 -4.0027e+00 -2.6531e+00 +8.2451e-01 -4.1652e+00 +1.5244e+00 -2.1092e-01 -2.7302e+00 +2.1151e+00 +6.8736e-01 -1.2651e+00 +2.9128e+00 -1.5194e+00 -1.7226e+00
64 +3.325579542e+01 +3.325579542e+01 -1.909420458e+01 -1.909420458e+01 -1.8030e+00 -3.3675e+00 +6.5356e-01 +1.7590e+00 +4.4386e-01 -2.5060e+00 -3.7699e-01 -4.0823e+00 -1.8406e+00 -3.0103e-01 -3.6272e+00 +1.5903e+00 -4.0685e-01 -2.7310e+00 +1.9663e+00 +2.3434e-01 -1.8412e+00 +2.7228e+00 -1.2385e+00 -2.4751e+00
127 +2.328457994e+01 +2.328457994e+01 -2.906542006e+01 -2.906542006e+01 -1.4300e+00 -3.4472e+00 +1.2472e+00 +1.4551e+00 +1.4824e-01 -1.9107e+00 -1.4393e-01 -4.1635e+00 -2.0260e-01 -2.3095e+00 -2.3131e+00 +1.3738e+00 -4.8838e-01 -2.6533e+00 +1.5210e+00 -6.5997e-01 -2.8830e+00 +2.1954e+00 -4.0956e-01 -3.8679e+00
232 +1.350711770e+01 +1.350711770e+01 -3.884288230e+01 -3.884288230e+01 -7.0499e-01 -3.0348e+00 +1.7245e+00 +2.0954e-01 -9.7126e-01 +3.6905e-01 -5.5482e-01 -3.3192e+00 +2.0795e+00 -3.7316e+00 +5.0581e-01 -1.6136e-01 +7.3695e-01 -2.0434e+00 -3.5896e-02 -1.3320e+00 -3.5948e+00 +6.4771e-01 +1.5976e+00 -5.3002e+00
274 +6.562459361e+00 +6.562459361e+00 -4.578754064e+01 -4.578754064e+01 -4.2829e-01 -2.2605e+00 +1.2354e+00 -9.9885e-01 -2.0287e+00 +2.5116e+00 -1.6574e+00 -1.8570e+00 +1.9518e+00 -1.5497e+00 +1.9370e+00 -1.9916e+00 +2.7823e+00 -1.2591e+00 -1.5389e+00 -5.2199e-01 -2.3954e+00 -3.7938e-01 +2.7053e+00 -4.3955e+00
337 +5.966233835e+00 +5.966233835e+00 -4.638376617e+01 -4.638376617e+01 -3.0161e-01 -2.0792e+00 +1.2932e+00 -1.3437e+00 -2.2837e+00 +3.1025e+00 -1.9099e+00 -1.5292e+00 +2.2371e+00 -1.4384e+00 +2.5236e+00 -2.3969e+00 +3.1974e+00 -1.0690e+00 -1.9421e+00 -4.4905e-01 -2.3022e+00 -6.4501e-01 +3.1233e+00 -4.4542e+00
400 +3.235099639e+00 +3.235099639e+00 -4.911490036e+01 -4.911490036e+01 -1.8465e-01 -1.5670e+00 +2.2143e+00 -2.0895e+00 -2.1572e+00 +3.8721e+00 -2.9280e+00 -8.7468e-01 +2.7468e+00 -1.4011e+00 +3.6858e+00 -2.2091e+00 +3.4170e+00 -8.6384e-01 -2.3034e+00 +3.5526e-01 -1.9242e+00 -5.6018e-02 +3.8085e+00 -4.5358e+00
421 +1.568988414e+00 +1.568988414e+00 -5.078101159e+01 -5.078101159e+01 -2.9909e-01 -1.4191e+00 +2.8690e+00 -2.1599e+00 -1.6573e+00 +3.5881e+00 -3.3930e+00 -7.9539e-01 +2.7146e+00 -1.5345e+00 +3.7106e+00 -1.4114e+00 +3.0009e+00 -9.8639e-01 -2.0004e+00 +9.2356e-01 -1.7332e+00 +8.7312e-01 +3.7100e+00 -4.4913e+00
505 +8.804442474e-01 +8.804442474e-01 -5.146955575e+01 -5.146955575e+01 -4.8434e-01 -1.1932e+00 +3.2395e+00 -2.2538e+00 -1.3073e+00 +3.4981e+00 -3.9701e+00 -5.0891e-01 +2.5053e+00 -1.2788e+00 +3.6612e+00 -8.4121e-01 +2.9136e+00 -9.9489e-01 -1.8396e+00 +1.5553e+00 -1.3543e+00 +1.6305e+00 +3.5808e+00 -4.1774e+00
568 +3.873391685e-01 +3.873391685e-01 -5.196266083e+01 -5.196266083e+01 -7.0479e-01 -1.2447e+00 +2.7965e+00 -2.1200e+00 -1.3735e+00 +3.5296e+00 -3.9779e+00 -3.1620e-01 +2.3439e+00 -1.2676e+00 +3.3629e+00 -8.3189e-01 +3.2605e+00 -9.3356e-01 -1.7993e+00 +1.4637e+00 -1.3207e+00 +1.5004e+00 +3.3135e+00 -3.8574e+00
652 +2.263637286e-01 +2.263637286e-01 -5.212363627e+01 -5.212363627e+01 -8.3579e-01 -1.2551e+00 +2.5830e+00 -2.0984e+00 -1.4137e+00 +3.6239e+00 -4.0389e+00 -1.2389e-01 +2.3487e+00 -1.3661e+00 +3.2752e+00 -8.0692e-01 +3.5353e+00 -8.7705e-01 -1.8218e+00 +1.4115e+00 -1.2971e+00 +1.4686e+00 +3.2050e+00 -3.6963e+00
694 +1.304276795e-01 +1.304276795e-01 -5.221957232e+01 -5.221957232e+01 -7.7978e-01 -1.2458e+00 +2.7815e+00 -2.1608e+00 -1.3409e+00 +3.5949e+00 -4.0510e+00 -1.0677e-01 +2.4929e+00 -1.5288e+00 +3.3330e+00 -7.0322e-01 +3.4876e+00 -9.0716e-01 -1.8670e+00 +1.4195e+00 -1.2755e+00 +1.6875e+00 +3.2804e+00 -3.8281e+00
715 +9.278765963e-02 +9.278765963e-02 -5.225721234e+01 -5.225721234e+01 -8.0139e-01 -1.2726e+00 +2.7310e+00 -2.1407e+00 -1.3512e+00 +3.5847e+00 -4.0178e+00 -9.5698e-02 +2.5141e+00 -1.5970e+00 +3.2872e+00 -6.9688e-01 +3.5207e+00 -9.0802e-01 -1.8599e+00 +1.3613e+00 -1.2932e+00 +1.6744e+00 +3.2463e+00 -3.8249e+00
778 +5.779412642e-02 +5.779412642e-02 -5.229220587e+01 -5.229220587e+01 -8.0973e-01 -1.3317e+00 +2.7181e+00 -2.1362e+00 -1.3525e+00 +3.5437e+00 -3.9355e+00 -8.3009e-02 +2.6269e+00 -1.7967e+00 +3.2129e+00 -6.5446e-01 +3.5408e+00 -9.2953e-01 -1.8593e+00 +1.2323e+00 -1.3146e+00 +1.7262e+00 +3.2132e+00 -3.8901e+00
862 +3.661856207e-02 +3.661856207e-02 -5.231338144e+01 -5.231338144e+01 -7.8630e-01 -1.3491e+00 +2.6965e+00 -2.1941e+00 -1.3993e+00 +3.5848e+00 -3.9095e+00 -3.9444e-02 +2.7191e+00 -1.8560e+00 +3.2170e+00 -6.7539e-01 +3.5835e+00 -9.2034e-01 -1.8996e+00 +1.1633e+00 -1.2998e+00 +1.7048e+00 +3.2364e+00 -3.9260e+00
883 +2.210570309e-02 +2.210570309e-02 -5.232789430e+01 -5.232789430e+01 -7.8361e-01 -1.3432e+00 +2.6497e+00 -2.2395e+00 -1.4304e+00 +3.5975e+00 -3.9205e+00 -3.2411e-04 +2.7131e+00 -1.7854e+00 +3.1654e+00 -6.5503e-01 +3.5929e+00 -9.0895e-01 -1.9057e+00 +1.1686e+00 -1.2494e+00 +1.6915e+00 +3.2087e+00 -3.8907e+00
925 +1.195222813e-02 +1.195222813e-02 -5.233804777e+01 -5.233804777e+01 -8.0067e-01 -1.3364e+00 +2.6206e+00 -2.2793e+00 -1.4372e+00 +3.5701e+00 -3.9286e+00 +3.1227e-02 +2.6839e+00 -1.6982e+00 +3.0636e+00 -5.7783e-01 +3.5623e+00 -9.1520e-01 -1.8918e+00 +1.2004e+00 -1.1790e+00 +1.7279e+00 +3.1458e+00 -3.8422e+00
967 +9.491850947e-03 +9.491850947e-03 -5.234050815e+01 -5.234050815e+01 -7.9791e-01 -1.3315e+00 +2.6158e+00 -2.2914e+00 -1.4578e+00 +3.5923e+00 -3.9109e+00 +3.2298e-02 +2.7064e+00 -1.7194e+00 +3.0731e+00 -5.9830e-01 +3.5801e+00 -9.1019e-01 -1.9043e+00 +1.1813e+00 -1.1868e+00 +1.7045e+00 +3.1533e+00 -3.8617e+00
1009 +5.765611593e-03 +5.765611593e-03 -5.234423439e+01 -5.234423439e+01 -8.1521e-01 -1.3126e+00 +2.6085e+00 -2.3338e+00 -1.4798e+00 +3.5968e+00 -3.8813e+00 +5.0637e-02 +2.7304e+00 -1.7260e+00 +3.0063e+00 -5.5029e-01 +3.5818e+00 -9.1224e-01 -1.9127e+00 +1.1768e+00 -1.1526e+00 +1.7297e+00 +3.1144e+00 -3.8710e+00
1072 +3.764752396e-03 +3.764752396e-03 -5.234623525e+01 -5.234623525e+01 -8.1571e-01 -1.3088e+00 +2.6070e+00 -2.3249e+00 -1.4776e+00 +3.5979e+00 -3.8860e+00 +3.8403e-02 +2.7216e+00 -1.7221e+00 +3.0245e+00 -5.6491e-01 +3.5819e+00 -9.0944e-01 -1.9127e+00 +1.1831e+00 -1.1638e+00 +1.7197e+00 +3.1202e+00 -3.8726e+00
1156 +2.458083971e-03 +2.458083971e-03 -5.234754192e+01 -5.234754192e+01 -8.2695e-01 -1.2933e+00 +2.5886e+00 -2.3439e+00 -1.4916e+00 +3.5991e+00 -3.8835e+00 +3.2932e-02 +2.7284e+00 -1.7088e+00 +3.0145e+00 -5.5832e-01 +3.5786e+00 -9.0216e-01 -1.9209e+00 +1.1926e+00 -1.1531e+00 +1.7247e+00 +3.1018e+00 -3.8792e+00
1219 +1.267622060e-03 +1.267622060e-03 -5.234873238e+01 -5.234873238e+01 -8.3671e-01 -1.2875e+00 +2.5784e+00 -2.3495e+00 -1.4946e+00 +3.5958e+00 -3.8833e+00 +1.9268e-02 +2.7452e+00 -1.7139e+00 +3.0223e+00 -5.5395e-01 +3.5654e+00 -8.9826e-01 -1.9345e+00 +1.1944e+00 -1.1577e+00 +1.7344e+00 +3.0975e+00 -3.8931e+00
1282 +9.402982889e-04 +9.402982889e-04 -5.234905970e+01 -5.234905970e+01 -8.4048e-01 -1.2843e+00 +2.5705e+00 -2.3538e+00 -1.4978e+00 +3.5964e+00 -3.8835e+00 +1.6401e-02 +2.7519e+00 -1.7091e+00 +3.0211e+00 -5.4970e-01 +3.5572e+00 -8.9435e-01 -1.9396e+00 +1.1954e+00 -1.1549e+00 +1.7389e+00 +3.0943e+00 -3.8959e+00
1324 +4.534978187e-04 +4.534978187e-04 -5.234954650e+01 -5.234954650e+01 -8.4718e-01 -1.2741e+00 +2.5630e+00 -2.3536e+00 -1.5029e+00 +3.6070e+00 -3.8755e+00 +1.2075e-02 +2.7678e+00 -1.7098e+00 +3.0194e+00 -5.4262e-01 +3.5366e+00 -8.8239e-01 -1.9446e+00 +1.1937e+00 -1.1500e+00 +1.7491e+00 +3.0935e+00 -3.9063e+00
1408 +3.830349624e-04 +3.830349624e-04 -5.234961697e+01 -5.234961697e+01 -8.5127e-01 -1.2621e+00 +2.5596e+00 -2.3522e+00 -1.5069e+00 +3.6142e+00 -3.8730e+00 +9.7476e-03 +2.7668e+00 -1.6986e+00 +3.0182e+00 -5.3880e-01 +3.5192e+00 -8.7317e-01 -1.9431e+00 +1.2006e+00 -1.1414e+00 +1.7540e+00 +3.0934e+00 -3.9086e+00
1513 +2.131576897e-04 +2.131576897e-04 -5.234978684e+01 -5.234978684e+01 -8.5322e-01 -1.2579e+00 +2.5575e+00 -2.3531e+00 -1.5087e+00 +3.6144e+00 -3.8734e+00 +8.4407e-03 +2.7670e+00 -1.6981e+00 +3.0194e+00 -5.3686e-01 +3.5135e+00 -8.7114e-01 -1.9449e+00 +1.2021e+00 -1.1391e+00 +1.7560e+00 +3.0949e+00 -3.9104e+00
1597 +1.578162578e-04 +1.578162578e-04 -5.234984218e+01 -5.234984218e+01 -8.5659e-01 -1.2506e+00 +2.5546e+00 -2.3547e+00 -1.5121e+00 +3.6132e+00 -3.8753e+00 +6.8069e-03 +2.7634e+00 -1.6908e+00 +3.0184e+00 -5.3191e-01 +3.5031e+00 -8.6863e-01 -1.9447e+00 +1.2079e+00 -1.1338e+00 +1.7602e+00 +3.0943e+00 -3.9116e+00
1723 +8.804124010e-05 +8.804124010e-05 -5.234991196e+01 -5.234991196e+01 -8.5870e-01 -1.2474e+00 +2.5536e+00 -2.3553e+00 -1.5205e+00 +3.6142e+00 -3.8757e+00 +8.0285e-03 +2.7675e+00 -1.6962e+00 +3.0187e+00 -5.2617e-01 +3.4972e+00 -8.7092e-01 -1.9442e+00 +1.2044e+00 -1.1354e+00 +1.7639e+00 +3.0985e+00 -3.9218e+00
1786 +5.926244167e-05 +5.926244167e-05 -5.234994074e+01 -5.234994074e+01 -8.5986e-01 -1.2465e+00 +2.5535e+00 -2.3530e+00 -1.5243e+00 +3.6155e+00 -3.8771e+00 +7.8466e-03 +2.7702e+00 -1.6991e+00 +3.0197e+00 -5.2454e-01 +3.4950e+00 -8.7329e-01 -1.9427e+00 +1.2037e+00 -1.1387e+00 +1.7664e+00 +3.1018e+00 -3.9295e+00
1849 +3.735776095e-05 +3.735776095e-05 -5.234996264e+01 -5.234996264e+01 -8.6213e-01 -1.2462e+00 +2.5498e+00 -2.3512e+00 -1.5282e+00 +3.6165e+00 -3.8798e+00 +7.7634e-03 +2.7738e+00 -1.7025e+00 +3.0183e+00 -5.2441e-01 +3.4948e+00 -8.7601e-01 -1.9433e+00 +1.2037e+00 -1.1414e+00 +1.7680e+00 +3.1059e+00 -3.9368e+00
1912 +2.139099701e-05 +2.139099701e-05 -5.234997861e+01 -5.234997861e+01 -8.6383e-01 -1.2450e+00 +2.5459e+00 -2.3528e+00 -1.5304e+00 +3.6178e+00 -3.8795e+00 +8.9536e-03 +2.7763e+00 -1.7040e+00 +3.0142e+00 -5.2389e-01 +3.4954e+00 -8.7578e-01 -1.9453e+00 +1.2033e+00 -1.1396e+00 +1.7679e+00 +3.1066e+00 -3.9384e+00
2038 +1.538635041e-05 +1.538635041e-05 -5.234998461e+01 -5.234998461e+01 -8.6500e-01 -1.2436e+00 +2.5438e+00 -2.3530e+00 -1.5314e+00 +3.6187e+00 -3.8802e+00 +9.4506e-03 +2.7764e+00 -1.7017e+00 +3.0117e+00 -5.2297e-01 +3.4942e+00 -8.7543e-01 -1.9451e+00 +1.2051e+00 -1.1377e+00 +1.7687e+00 +3.1067e+00 -3.9390e+00
2185 +9.310897099e-06 +9.310897099e-06 -5.234999069e+01 -5.234999069e+01 -8.6522e-01 -1.2439e+00 +2.5429e+00 -2.3511e+00 -1.5299e+00 +3.6194e+00 -3.8823e+00 +9.8844e-03 +2.7770e+00 -1.7018e+00 +3.0106e+00 -5.2288e-01 +3.4953e+00 -8.7713e-01 -1.9430e+00 +1.2069e+00 -1.1370e+00 +1.7675e+00 +3.1095e+00 -3.9408e+00
2227 +5.904844045e-06 +5.904844045e-06 -5.234999410e+01 -5.234999410e+01 -8.6519e-01 -1.2437e+00 +2.5434e+00 -2.3509e+00 -1.5291e+00 +3.6192e+00 -3.8833e+00 +9.9062e-03 +2.7781e+00 -1.7025e+00 +3.0109e+00 -5.2109e-01 +3.4949e+00 -8.7846e-01 -1.9411e+00 +1.2074e+00 -1.1363e+00 +1.7670e+00 +3.1109e+00 -3.9429e+00
5062 +3.100811092e-06 +3.100811092e-06 -5.234999690e+01 -5.234999690e+01 -8.6944e-01 -1.2455e+00 +2.5386e+00 -2.3647e+00 -1.5244e+00 +3.6247e+00 -3.8800e+00 +8.1660e-03 +2.7801e+00 -1.7063e+00 +3.0138e+00 -5.1067e-01 +3.4859e+00 -8.8087e-01 -1.9310e+00 +1.2131e+00 -1.1330e+00 +1.7714e+00 +3.1163e+00 -3.9532e+00
11971 +2.408465200e-06 +2.408465200e-06 -5.234999759e+01 -5.234999759e+01 -8.7320e-01 -1.2433e+00 +2.5383e+00 -2.3547e+00 -1.5262e+00 +3.6183e+00 -3.8811e+00 +1.0140e-02 +2.7822e+00 -1.7022e+00 +3.0107e+00 -5.1826e-01 +3.4986e+00 -8.8100e-01 -1.9332e+00 +1.2106e+00 -1.1351e+00 +1.7681e+00 +3.1204e+00 -3.9480e+00
12118 +1.447878425e-06 +1.447878425e-06 -5.234999855e+01 -5.234999855e+01 -8.7320e-01 -1.2432e+00 +2.5382e+00 -2.3557e+00 -1.5261e+00 +3.6188e+00 -3.8805e+00 +9.8382e-03 +2.7820e+00 -1.7023e+00 +3.0112e+00 -5.1792e-01 +3.4976e+00 -8.8096e-01 -1.9331e+00 +1.2105e+00 -1.1349e+00 +1.7687e+00 +3.1200e+00 -3.9479e+00
% function evaluation | noise-free fitness - Fopt (-1.795400000000e+02) | best noise-free fitness - Fopt | measured fitness | best measured fitness | x1 | x2...
1 +4.521565589e+01 +4.521565589e+01 -1.343243441e+02 -1.343243441e+02 +4.0373e+00 +4.7053e-01 -7.0709e-01 +1.4657e+00 +4.8510e+00 -3.9796e+00 -2.5282e+00 +4.1039e+00 -1.7573e+00 -1.5040e+00 -3.1817e+00 +3.5893e+00 -4.2265e+00 +4.6396e+00 -3.8806e+00 +3.2913e+00 -1.4160e+00 +3.4061e+00 +4.8030e-01 -1.5168e+00
22 +2.564365526e+01 +2.564365526e+01 -1.538963447e+02 -1.538963447e+02 +3.4537e+00 +2.3750e-01 -1.6176e+00 +1.8257e+00 +5.2011e+00 -3.6226e+00 -1.5282e+00 +3.8711e+00 -2.2888e+00 -1.0415e+00 -2.5524e+00 +3.3325e+00 -4.4776e+00 +4.0126e+00 -3.4662e+00 +3.9199e+00 -9.5181e-01 +3.8989e+00 +2.6723e-02 -1.6427e+00
43 +1.830240567e+01 +1.830240567e+01 -1.612375943e+02 -1.612375943e+02 +2.9846e+00 -2.2684e-02 -2.1940e+00 +1.9977e+00 +5.0181e+00 -3.0504e+00 -4.9983e-01 +3.9213e+00 -2.5104e+00 -6.7588e-01 -2.2607e+00 +3.0833e+00 -4.7721e+00 +3.3915e+00 -3.0463e+00 +3.8559e+00 -6.2209e-01 +4.0505e+00 +3.9138e-01 -1.8275e+00
64 +1.376111869e+01 +1.376111869e+01 -1.657788813e+02 -1.657788813e+02 +2.5452e+00 -2.5168e-01 -2.7773e+00 +2.2445e+00 +4.7250e+00 -2.5400e+00 +6.8228e-01 +3.9017e+00 -2.4778e+00 -2.4870e-01 -1.8431e+00 +2.6172e+00 -4.9459e+00 +2.8785e+00 -2.4518e+00 +3.5836e+00 -5.3776e-01 +4.0441e+00 +7.4773e-01 -1.9184e+00
85 +8.777037636e+00 +8.777037636e+00 -1.707629624e+02 -1.707629624e+02 +1.8675e+00 -5.4862e-01 -3.6161e+00 +2.6974e+00 +4.2347e+00 -1.8113e+00 +2.6352e+00 +3.7948e+00 -2.2371e+00 +5.2436e-01 -1.1683e+00 +1.7116e+00 -4.9988e+00 +2.1761e+00 -1.3591e+00 +3.0222e+00 -5.6741e-01 +3.8728e+00 +1.2402e+00 -1.9914e+00
148 +5.883529159e+00 +5.883529159e+00 -1.736564708e+02 -1.736564708e+02 +1.1642e+00 -7.4146e-01 -4.3484e+00 +3.0653e+00 +3.7003e+00 -1.0003e+00 +4.5176e+00 +3.6275e+00 -1.8178e+00 +1.4254e+00 -5.6574e-01 +7.9386e-01 -4.7199e+00 +1.4398e+00 -4.5575e-02 +2.2899e+00 -6.0598e-01 +3.6711e+00 +1.7337e+00 -1.9638e+00
169 +3.231212228e+00 +3.231212228e+00 -1.763087878e+02 -1.763087878e+02 +8.9552e-01 -3.7440e-01 -4.3278e+00 +2.7595e+00 +2.8335e+00 -1.1812e-01 +5.3175e+00 +3.3863e+00 -5.0904e-01 +2.5575e+00 -5.7084e-01 +1.6165e-01 -3.0196e+00 +9.8579e-01 +1.7209e+00 +6.7489e-01 -6.2989e-01 +3.3682e+00 +2.4258e+00 -1.3009e+00
190 +1.565333615e+00 +1.565333615e+00 -1.779746664e+02 -1.779746664e+02 +1.2882e+00 -6.2202e-02 -3.6266e+00 +2.3588e+00 +2.9738e+00 -4.6225e-01 +4.0701e+00 +3.3704e+00 -1.9019e-01 +2.2316e+00 -1.0435e+00 +6.0542e-01 -2.4277e+00 +1.3543e+00 +1.5033e+00 +5.9621e-01 -8.1804e-01 +3.4199e+00 +2.2139e+00 -9.6851e-01
274 +5.722328029e-01 +5.722328029e-01 -1.789677672e+02 -1.789677672e+02 +9.9915e-01 +8.3432e-02 -3.5042e+00 +2.1392e+00 +3.0708e+00 -3.0598e-01 +4.0378e+00 +3.3123e+00 +2.5633e-01 +2.3519e+00 -8.8304e-01 +6.3982e-01 -1.5537e+00 +1.0015e+00 +2.2033e+00 +4.2510e-01 -1.0465e+00 +3.7342e+00 +2.1880e+00 -7.2930e-01
316 +2.050637237e-01 +2.050637237e-01 -1.793349363e+02 -1.793349363e+02 +9.2162e-01 +1.2834e-01 -3.4503e+00 +2.0624e+00 +3.3458e+00 -4.3299e-01 +3.7961e+00 +3.3967e+00 +1.7372e-01 +2.1532e+00 -7.8116e-01 +8.4920e-01 -1.4025e+00 +9.2653e-01 +2.1634e+00 +7.5678e-01 -1.1173e+00 +4.0315e+00 +2.0573e+00 -8.0914e-01
379 +1.161237813e-01 +1.161237813e-01 -1.794238762e+02 -1.794238762e+02 +9.1681e-01 +1.7965e-01 -3.4911e+00 +2.1353e+00 +3.4820e+00 -4.3670e-01 +3.7522e+00 +3.4354e+00 +1.2122e-01 +2.0883e+00 -7.5864e-01 +8.0809e-01 -1.4796e+00 +9.4732e-01 +2.1037e+00 +8.9347e-01 -1.1342e+00 +4.0562e+00 +2.0450e+00 -8.7983e-01
400 +8.331110296e-02 +8.331110296e-02 -1.794566889e+02 -1.794566889e+02 +8.4616e-01 +3.6960e-01 -3.5828e+00 +2.3114e+00 +3.6773e+00 -3.3598e-01 +3.7996e+00 +3.4752e+00 +2.0014e-01 +2.0976e+00 -7.1005e-01 +5.7307e-01 -1.4527e+00 +9.5051e-01 +2.2347e+00 +9.6733e-01 -1.2228e+00 +4.0135e+00 +2.0899e+00 -9.3224e-01
421 +5.158373094e-02 +5.158373094e-02 -1.794884163e+02 -1.794884163e+02 +7.9750e-01 +4.1523e-01 -3.5436e+00 +2.2959e+00 +3.6671e+00 -3.8900e-01 +3.7792e+00 +3.5034e+00 +1.9459e-01 +2.0798e+00 -6.8913e-01 +6.1054e-01 -1.4228e+00 +9.5570e-01 +2.2395e+00 +9.9187e-01 -1.2262e+00 +4.0549e+00 +2.0636e+00 -9.3044e-01
442 +3.204785213e-02 +3.204785213e-02 -1.795079521e+02 -1.795079521e+02 +8.1216e-01 +4.1682e-01 -3.5344e+00 +2.2653e+00 +3.6688e+00 -4.0866e-01 +3.7636e+00 +3.4748e+00 +1.7092e-01 +2.0710e+00 -7.2430e-01 +6.5998e-01 -1.4647e+00 +9.7680e-01 +2.2032e+00 +9.7763e-01 -1.2092e+00 +4.0212e+00 +2.0504e+00 -9.0426e-01
463 +1.875538282e-02 +1.875538282e-02 -1.795212446e+02 -1.795212446e+02 +8.0404e-01 +4.4689e-01 -3.5287e+00 +2.2984e+00 +3.6957e+00 -3.9320e-01 +3.7393e+00 +3.4847e+00 +1.9127e-01 +2.0708e+00 -7.1717e-01 +6.2954e-01 -1.4314e+00 +9.7548e-01 +2.2281e+00 +9.8679e-01 -1.2251e+00 +4.0255e+00 +2.0380e+00 -9.1822e-01
505 +1.560132760e-02 +1.560132760e-02 -1.795243987e+02 -1.795243987e+02 +8.0009e-01 +4.6834e-01 -3.5207e+00 +2.3132e+00 +3.7089e+00 -4.0322e-01 +3.7255e+00 +3.4918e+00 +1.9082e-01 +2.0620e+00 -7.1772e-01 +6.2893e-01 -1.4308e+00 +9.8442e-01 +2.2271e+00 +9.9612e-01 -1.2300e+00 +4.0190e+00 +2.0233e+00 -9.2555e-01
589 +7.044300227e-03 +7.044300227e-03 -1.795329557e+02 -1.795329557e+02 +7.9736e-01 +5.3420e-01 -3.5069e+00 +2.3682e+00 +3.7730e+00 -4.4035e-01 +3.7174e+00 +3.5126e+00 +2.1454e-01 +2.0314e+00 -7.1911e-01 +6.2906e-01 -1.4041e+00 +1.0074e+00 +2.2531e+00 +1.0027e+00 -1.2663e+00 +3.9621e+00 +1.9691e+00 -9.4464e-01
631 +4.944781726e-03 +4.944781726e-03 -1.795350552e+02 -1.795350552e+02 +8.0643e-01 +5.1090e-01 -3.5053e+00 +2.3575e+00 +3.7602e+00 -4.4143e-01 +3.7148e+00 +3.5120e+00 +2.0954e-01 +2.0336e+00 -7.2116e-01 +6.4185e-01 -1.4047e+00 +1.0042e+00 +2.2412e+00 +9.9675e-01 -1.2624e+00 +3.9684e+00 +1.9681e+00 -9.4370e-01
652 +3.961235481e-03 +3.961235481e-03 -1.795360388e+02 -1.795360388e+02 +8.0889e-01 +5.1327e-01 -3.4968e+00 +2.3586e+00 +3.7696e+00 -4.5026e-01 +3.7004e+00 +3.5135e+00 +2.1176e-01 +2.0306e+00 -7.2524e-01 +6.5663e-01 -1.3965e+00 +1.0093e+00 +2.2365e+00 +9.9250e-01 -1.2717e+00 +3.9613e+00 +1.9527e+00 -9.4120e-01
715 +2.261420592e-03 +2.261420592e-03 -1.795377386e+02 -1.795377386e+02 +8.1067e-01 +5.2634e-01 -3.4851e+00 +2.3774e+00 +3.7898e+00 -4.6545e-01 +3.6788e+00 +3.5239e+00 +2.1665e-01 +2.0235e+00 -7.2573e-01 +6.6635e-01 -1.3891e+00 +1.0193e+00 +2.2333e+00 +9.9314e-01 -1.2902e+00 +3.9448e+00 +1.9262e+00 -9.4642e-01
799 +1.337652866e-03 +1.337652866e-03 -1.795386623e+02 -1.795386623e+02 +8.0579e-01 +5.2392e-01 -3.4783e+00 +2.3918e+00 +3.8034e+00 -4.7757e-01 +3.6684e+00 +3.5263e+00 +2.1905e-01 +2.0344e+00 -7.1874e-01 +6.7202e-01 -1.3845e+00 +1.0238e+00 +2.2319e+00 +9.8947e-01 -1.3127e+00 +3.9325e+00 +1.9181e+00 -9.4604e-01
883 +7.973262769e-04 +7.973262769e-04 -1.795392027e+02 -1.795392027e+02 +8.0376e-01 +5.2625e-01 -3.4741e+00 +2.3965e+00 +3.8126e+00 -4.8549e-01 +3.6601e+00 +3.5288e+00 +2.1890e-01 +2.0348e+00 -7.1547e-01 +6.7779e-01 -1.3823e+00 +1.0265e+00 +2.2320e+00 +9.9315e-01 -1.3229e+00 +3.9269e+00 +1.9119e+00 -9.4568e-01
904 +6.211048734e-04 +6.211048734e-04 -1.795393789e+02 -1.795393789e+02 +8.0256e-01 +5.2418e-01 -3.4713e+00 +2.3992e+00 +3.8158e+00 -4.8810e-01 +3.6548e+00 +3.5290e+00 +2.1798e-01 +2.0378e+00 -7.1114e-01 +6.8048e-01 -1.3820e+00 +1.0273e+00 +2.2327e+00 +9.9499e-01 -1.3297e+00 +3.9233e+00 +1.9094e+00 -9.4450e-01
925 +3.970151430e-04 +3.970151430e-04 -1.795396030e+02 -1.795396030e+02 +7.9966e-01 +5.1584e-01 -3.4658e+00 +2.4029e+00 +3.8200e+00 -4.9171e-01 +3.6459e+00 +3.5285e+00 +2.1471e-01 +2.0456e+00 -6.9712e-01 +6.8644e-01 -1.3845e+00 +1.0280e+00 +2.2342e+00 +9.9830e-01 -1.3447e+00 +3.9154e+00 +1.9048e+00 -9.4037e-01
1009 +1.787648175e-04 +1.787648175e-04 -1.795398212e+02 -1.795398212e+02 +7.9657e-01 +5.1457e-01 -3.4623e+00 +2.4039e+00 +3.8270e+00 -4.9162e-01 +3.6399e+00 +3.5287e+00 +2.1357e-01 +2.0408e+00 -6.7835e-01 +6.8437e-01 -1.3894e+00 +1.0263e+00 +2.2424e+00 +1.0027e+00 -1.3473e+00 +3.9086e+00 +1.8995e+00 -9.3792e-01
1051 +1.343364697e-04 +1.343364697e-04 -1.795398657e+02 -1.795398657e+02 +7.9595e-01 +5.1315e-01 -3.4605e+00 +2.4047e+00 +3.8304e+00 -4.9310e-01 +3.6373e+00 +3.5295e+00 +2.1329e-01 +2.0402e+00 -6.7174e-01 +6.8512e-01 -1.3905e+00 +1.0264e+00 +2.2439e+00 +1.0044e+00 -1.3508e+00 +3.9053e+00 +1.8969e+00 -9.3711e-01
1114 +8.275084252e-05 +8.275084252e-05 -1.795399172e+02 -1.795399172e+02 +7.9565e-01 +5.1623e-01 -3.4582e+00 +2.4060e+00 +3.8366e+00 -4.9333e-01 +3.6349e+00 +3.5324e+00 +2.1537e-01 +2.0384e+00 -6.6510e-01 +6.8440e-01 -1.3910e+00 +1.0273e+00 +2.2456e+00 +1.0073e+00 -1.3552e+00 +3.9017e+00 +1.8917e+00 -9.3662e-01
1177 +5.123828277e-05 +5.123828277e-05 -1.795399488e+02 -1.795399488e+02 +7.9555e-01 +5.1735e-01 -3.4548e+00 +2.4067e+00 +3.8414e+00 -4.9433e-01 +3.6300e+00 +3.5346e+00 +2.1676e-01 +2.0396e+00 -6.5747e-01 +6.8538e-01 -1.3925e+00 +1.0283e+00 +2.2469e+00 +1.0096e+00 -1.3621e+00 +3.8974e+00 +1.8858e+00 -9.3490e-01
1219 +3.300623749e-05 +3.300623749e-05 -1.795399670e+02 -1.795399670e+02 +7.9573e-01 +5.1695e-01 -3.4539e+00 +2.4067e+00 +3.8426e+00 -4.9461e-01 +3.6291e+00 +3.5352e+00 +2.1710e-01 +2.0398e+00 -6.5544e-01 +6.8602e-01 -1.3927e+00 +1.0286e+00 +2.2467e+00 +1.0099e+00 -1.3639e+00 +3.8964e+00 +1.8842e+00 -9.3448e-01
1303 +2.353984533e-05 +2.353984533e-05 -1.795399765e+02 -1.795399765e+02 +7.9577e-01 +5.1732e-01 -3.4531e+00 +2.4065e+00 +3.8442e+00 -4.9459e-01 +3.6282e+00 +3.5362e+00 +2.1775e-01 +2.0398e+00 -6.5301e-01 +6.8617e-01 -1.3931e+00 +1.0290e+00 +2.2466e+00 +1.0105e+00 -1.3658e+00 +3.8954e+00 +1.8824e+00 -9.3402e-01
1408 +1.529739964e-05 +1.529739964e-05 -1.795399847e+02 -1.795399847e+02 +7.9610e-01 +5.1761e-01 -3.4532e+00 +2.4046e+00 +3.8444e+00 -4.9379e-01 +3.6280e+00 +3.5376e+00 +2.1914e-01 +2.0412e+00 -6.5167e-01 +6.8548e-01 -1.3941e+00 +1.0293e+00 +2.2461e+00 +1.0106e+00 -1.3673e+00 +3.8954e+00 +1.8815e+00 -9.3355e-01
1450 +9.838100226e-06 +9.838100226e-06 -1.795399902e+02 -1.795399902e+02 +7.9674e-01 +5.1731e-01 -3.4536e+00 +2.4003e+00 +3.8444e+00 -4.9266e-01 +3.6274e+00 +3.5396e+00 +2.2157e-01 +2.0420e+00 -6.4938e-01 +6.8406e-01 -1.3959e+00 +1.0296e+00 +2.2452e+00 +1.0102e+00 -1.3672e+00 +3.8952e+00 +1.8802e+00 -9.3308e-01
1534 +5.520777819e-06 +5.520777819e-06 -1.795399945e+02 -1.795399945e+02 +7.9654e-01 +5.1567e-01 -3.4538e+00 +2.3979e+00 +3.8430e+00 -4.9295e-01 +3.6266e+00 +3.5394e+00 +2.2194e-01 +2.0427e+00 -6.4872e-01 +6.8310e-01 -1.3963e+00 +1.0297e+00 +2.2450e+00 +1.0097e+00 -1.3660e+00 +3.8944e+00 +1.8816e+00 -9.3286e-01
90910 +3.773390603e-06 +3.773390603e-06 -1.795399962e+02 -1.795399962e+02 +7.9703e-01 +5.1795e-01 -3.4536e+00 +2.3968e+00 +3.8412e+00 -4.9507e-01 +3.6213e+00 +3.5421e+00 +2.2619e-01 +2.0448e+00 -6.4613e-01 +6.8365e-01 -1.3931e+00 +1.0262e+00 +2.2386e+00 +1.0101e+00 -1.3649e+00 +3.8854e+00 +1.8835e+00 -9.3076e-01
% function evaluation | noise-free fitness - Fopt (7.731000000000e+01) | best noise-free fitness - Fopt | measured fitness | best measured fitness | x1 | x2...
1 +1.548647077e+02 +1.548647077e+02 +2.321747077e+02 +2.321747077e+02 -1.6646e+00 +4.4776e+00 -3.1409e+00 -3.7710e+00 +3.5066e+00 -1.6365e+00 -2.9614e+00 +2.6386e+00 +6.1858e-01 +3.2931e+00 -1.6079e+00 -4.9648e+00 -3.5516e+00 -2.6470e+00 +3.2249e+00 +4.9431e+00 +3.5827e+00 +3.5616e+00 +4.0745e+00 +6.5261e-01
22 +7.493780898e+01 +7.493780898e+01 +1.522478090e+02 +1.522478090e+02 -1.4437e+00 +4.1803e+00 -3.0282e+00 -3.8845e+00 +3.5559e+00 -1.4418e+00 -2.4483e+00 +2.7742e+00 +2.0601e-01 +3.3056e+00 -8.2707e-01 -4.7528e+00 -2.5516e+00 -2.3420e+00 +3.4505e+00 +5.3500e+00 +3.6876e+00 +3.3443e+00 +3.8485e+00 +1.1099e+00
43 +4.679177607e+01 +4.679177607e+01 +1.241017761e+02 +1.241017761e+02 -1.1762e+00 +3.8831e+00 -2.9020e+00 -3.8660e+00 +3.6587e+00 -1.3115e+00 -1.9527e+00 +2.7406e+00 -1.3338e-01 +3.3191e+00 -2.2264e-01 -4.3383e+00 -1.6850e+00 -2.1069e+00 +3.3999e+00 +5.6898e+00 +3.6159e+00 +3.1418e+00 +3.6606e+00 +1.5276e+00
64 +3.656617608e+01 +3.656617608e+01 +1.138761761e+02 +1.138761761e+02 -9.2784e-01 +3.6614e+00 -2.7903e+00 -3.7300e+00 +3.7720e+00 -1.2777e+00 -1.5957e+00 +2.5508e+00 -3.1416e-01 +3.3353e+00 +5.4197e-02 -3.8478e+00 -1.1732e+00 -1.9977e+00 +3.1185e+00 +5.8844e+00 +3.4080e+00 +3.0105e+00 +3.5558e+00 +1.7984e+00
85 +2.125843615e+01 +2.125843615e+01 +9.856843615e+01 +9.856843615e+01 -3.3662e-01 +3.1762e+00 -2.5249e+00 -3.3354e+00 +4.0155e+00 -1.2618e+00 -8.1593e-01 +1.9898e+00 -6.4186e-01 +3.3847e+00 +4.9927e-01 -2.6505e+00 -1.8641e-01 -1.8137e+00 +2.3422e+00 +6.2673e+00 +2.8540e+00 +2.7524e+00 +3.3537e+00 +2.3453e+00
106 +1.023063800e+01 +1.023063800e+01 +8.754063800e+01 +8.754063800e+01 +5.4747e-01 +2.4623e+00 -2.1360e+00 -2.7182e+00 +4.3058e+00 -1.2683e+00 +3.4563e-01 +1.1033e+00 -1.0802e+00 +3.4645e+00 +1.0728e+00 -8.9274e-01 +1.1745e+00 -1.5617e+00 +1.2060e+00 +6.8028e+00 +2.0449e+00 +2.4010e+00 +3.0596e+00 +3.0975e+00
127 +9.962244405e+00 +9.962244405e+00 +8.727224441e+01 +8.727224441e+01 +7.2536e-01 +2.3118e+00 -2.0763e+00 -2.5731e+00 +4.3087e+00 -1.2822e+00 +5.9942e-01 +8.9812e-01 -1.1324e+00 +3.4693e+00 +1.1680e+00 -5.4325e-01 +1.4057e+00 -1.5123e+00 +9.8687e-01 +6.8741e+00 +1.8776e+00 +2.3347e+00 +2.9965e+00 +3.2071e+00
190 +5.764727660e+00 +5.764727660e+00 +8.307472766e+01 +8.307472766e+01 +1.0686e+00 +1.9591e+00 -2.2872e+00 -1.8691e+00 +3.3092e+00 -1.6394e+00 +1.2545e+00 -1.4079e-01 -3.5042e-01 +3.2866e+00 +7.0167e-01 +1.1019e-01 +7.2424e-01 -1.5612e+00 +5.2474e-01 +6.1711e+00 +1.2628e+00 +2.3252e+00 +2.9323e+00 +2.5018e+00
295 +3.474871998e+00 +3.474871998e+00 +8.078487200e+01 +8.078487200e+01 +1.6473e+00 +8.2524e-01 -2.5080e+00 -1.0167e+00 +1.3738e+00 -2.3657e+00 +2.0303e+00 -2.0286e+00 +1.2287e+00 +2.9770e+00 +1.8968e-01 +1.1754e+00 -1.5335e-01 -1.2654e+00 -1.9714e-01 +4.6358e+00 -1.3377e-01 +2.1945e+00 +2.9054e+00 +1.4307e+00
337 +7.359148098e-01 +7.359148098e-01 +7.804591481e+01 +7.804591481e+01 +1.2800e+00 -6.9977e-01 -2.0938e+00 -2.4182e+00 +8.3475e-01 -2.7218e+00 +4.1234e-01 -2.0319e+00 +1.9157e+00 +3.0176e+00 +8.7808e-01 +4.4005e-01 +5.2901e-01 -7.0679e-02 +2.7370e-01 +3.6425e+00 -8.6398e-01 +2.0358e+00 +3.1758e+00 +1.9058e+00
379 +5.510152827e-01 +5.510152827e-01 +7.786101528e+01 +7.786101528e+01 +1.3016e+00 -5.1452e-01 -2.1180e+00 -2.3083e+00 +9.8006e-01 -2.6494e+00 +5.5874e-01 -1.9584e+00 +1.7611e+00 +3.0275e+00 +8.4959e-01 +4.9598e-01 +5.3056e-01 -1.8745e-01 +2.4364e-01 +3.8194e+00 -7.3789e-01 +2.0511e+00 +3.1447e+00 +1.9271e+00
421 +3.117973615e-01 +3.117973615e-01 +7.762179736e+01 +7.762179736e+01 +1.3686e+00 -6.7128e-01 -2.0769e+00 -2.2124e+00 +9.5885e-01 -2.6154e+00 +7.2561e-01 -2.0868e+00 +1.6719e+00 +3.0116e+00 +9.6007e-01 +7.4481e-01 +7.2497e-01 -3.4574e-02 +1.0531e-01 +3.8556e+00 -8.2504e-01 +2.0109e+00 +3.1009e+00 +2.0636e+00
463 +1.661032521e-01 +1.661032521e-01 +7.747610325e+01 +7.747610325e+01 +1.1897e+00 -7.1975e-01 -2.0961e+00 -2.2291e+00 +9.1912e-01 -2.5376e+00 +6.6427e-01 -1.9896e+00 +1.5868e+00 +2.9703e+00 +1.0341e+00 +6.2724e-01 +7.5442e-01 +1.5048e-01 +1.9424e-01 +3.8323e+00 -7.2661e-01 +2.0191e+00 +3.0902e+00 +2.1393e+00
484 +1.002219195e-01 +1.002219195e-01 +7.741022192e+01 +7.741022192e+01 +1.0886e+00 -6.7483e-01 -2.1243e+00 -2.1692e+00 +9.3255e-01 -2.4620e+00 +7.0409e-01 -1.9214e+00 +1.4867e+00 +2.9406e+00 +1.0597e+00 +5.8861e-01 +7.5599e-01 +2.1964e-01 +2.3331e-01 +3.8741e+00 -6.2720e-01 +2.0269e+00 +3.0668e+00 +2.1792e+00
505 +8.177432595e-02 +8.177432595e-02 +7.739177433e+01 +7.739177433e+01 +1.0524e+00 -6.8464e-01 -2.1379e+00 -2.1040e+00 +9.0306e-01 -2.4319e+00 +7.5657e-01 -1.9379e+00 +1.4600e+00 +2.9144e+00 +1.0780e+00 +6.1351e-01 +7.6022e-01 +2.7488e-01 +2.3342e-01 +3.8659e+00 -6.1687e-01 +2.0169e+00 +3.0485e+00 +2.1910e+00
526 +6.231426001e-02 +6.231426001e-02 +7.737231426e+01 +7.737231426e+01 +1.0502e+00 -6.5958e-01 -2.1546e+00 -2.0221e+00 +8.8606e-01 -2.4191e+00 +8.2244e-01 -1.9674e+00 +1.4562e+00 +2.8915e+00 +1.0728e+00 +6.5072e-01 +7.4023e-01 +2.7340e-01 +2.3440e-01 +3.8555e+00 -6.2204e-01 +1.9998e+00 +3.0306e+00 +2.1709e+00
568 +3.462932777e-02 +3.462932777e-02 +7.734462933e+01 +7.734462933e+01 +1.0266e+00 -6.5544e-01 -2.1807e+00 -1.9089e+00 +8.3220e-01 -2.4074e+00 +8.8552e-01 -2.0161e+00 +1.4691e+00 +2.8374e+00 +1.0799e+00 +6.9441e-01 +7.1071e-01 +3.2081e-01 +2.7239e-01 +3.7885e+00 -6.4724e-01 +1.9571e+00 +3.0026e+00 +2.1449e+00
610 +2.119329304e-02 +2.119329304e-02 +7.733119329e+01 +7.733119329e+01 +9.6039e-01 -6.2533e-01 -2.1948e+00 -1.9130e+00 +8.5000e-01 -2.3805e+00 +8.2489e-01 -1.9499e+00 +1.4360e+00 +2.7984e+00 +1.0986e+00 +6.4166e-01 +7.0160e-01 +3.7099e-01 +3.6332e-01 +3.7677e+00 -6.0093e-01 +1.9280e+00 +2.9991e+00 +2.1587e+00
673 +1.279607149e-02 +1.279607149e-02 +7.732279607e+01 +7.732279607e+01 +9.6307e-01 -6.3280e-01 -2.1858e+00 -1.8751e+00 +8.6229e-01 -2.3646e+00 +8.4246e-01 -1.9559e+00 +1.4311e+00 +2.7601e+00 +1.1169e+00 +6.8685e-01 +7.1991e-01 +3.8112e-01 +3.5959e-01 +3.7643e+00 -6.3062e-01 +1.8929e+00 +2.9981e+00 +2.1535e+00
715 +9.194718661e-03 +9.194718661e-03 +7.731919472e+01 +7.731919472e+01 +9.5478e-01 -6.3898e-01 -2.1719e+00 -1.8803e+00 +8.8896e-01 -2.3483e+00 +8.2636e-01 -1.9374e+00 +1.4194e+00 +2.7399e+00 +1.1370e+00 +6.9973e-01 +7.4733e-01 +3.9293e-01 +3.5866e-01 +3.7784e+00 -6.4402e-01 +1.8694e+00 +3.0066e+00 +2.1633e+00
757 +4.455622355e-03 +4.455622355e-03 +7.731445562e+01 +7.731445562e+01 +9.2310e-01 -6.1737e-01 -2.1429e+00 -1.8760e+00 +9.5802e-01 -2.3105e+00 +8.0987e-01 -1.9157e+00 +1.4182e+00 +2.7020e+00 +1.1839e+00 +7.3285e-01 +8.2781e-01 +4.3934e-01 +3.6305e-01 +3.7903e+00 -7.3497e-01 +1.7828e+00 +3.0315e+00 +2.1830e+00
778 +3.889411416e-03 +3.889411416e-03 +7.731388941e+01 +7.731388941e+01 +9.3040e-01 -6.2494e-01 -2.1459e+00 -1.8823e+00 +9.4564e-01 -2.3190e+00 +8.1241e-01 -1.9204e+00 +1.4181e+00 +2.7103e+00 +1.1763e+00 +7.2740e-01 +8.1569e-01 +4.3097e-01 +3.5764e-01 +3.7908e+00 -7.1989e-01 +1.8042e+00 +3.0267e+00 +2.1817e+00
820 +2.354758449e-03 +2.354758449e-03 +7.731235476e+01 +7.731235476e+01 +9.3398e-01 -6.2254e-01 -2.1475e+00 -1.8855e+00 +9.4459e-01 -2.3242e+00 +8.1118e-01 -1.9213e+00 +1.4197e+00 +2.7121e+00 +1.1735e+00 +7.2753e-01 +8.1303e-01 +4.2669e-01 +3.5641e-01 +3.7928e+00 -7.1933e-01 +1.8075e+00 +3.0250e+00 +2.1796e+00
904 +1.572537218e-03 +1.572537218e-03 +7.731157254e+01 +7.731157254e+01 +9.3475e-01 -6.2206e-01 -2.1365e+00 -1.8958e+00 +9.6940e-01 -2.3339e+00 +8.1197e-01 -1.9223e+00 +1.4203e+00 +2.6972e+00 +1.1880e+00 +7.5073e-01 +8.3451e-01 +4.3924e-01 +3.4250e-01 +3.8129e+00 -7.5543e-01 +1.7964e+00 +3.0186e+00 +2.1790e+00
967 +9.111153741e-04 +9.111153741e-04 +7.731091112e+01 +7.731091112e+01 +9.2141e-01 -6.1711e-01 -2.1389e+00 -1.8945e+00 +9.7158e-01 -2.3317e+00 +8.0768e-01 -1.9131e+00 +1.4195e+00 +2.6893e+00 +1.1912e+00 +7.4330e-01 +8.3187e-01 +4.4795e-01 +3.5232e-01 +3.8128e+00 -7.5525e-01 +1.7901e+00 +3.0167e+00 +2.1732e+00
1030 +5.405383136e-04 +5.405383136e-04 +7.731054054e+01 +7.731054054e+01 +9.0817e-01 -6.1566e-01 -2.1396e+00 -1.9023e+00 +9.8407e-01 -2.3416e+00 +8.0582e-01 -1.9023e+00 +1.4258e+00 +2.6804e+00 +1.1930e+00 +7.4188e-01 +8.3001e-01 +4.5974e-01 +3.5558e-01 +3.8214e+00 -7.7148e-01 +1.7801e+00 +3.0108e+00 +2.1554e+00
1072 +3.653061039e-04 +3.653061039e-04 +7.731036531e+01 +7.731036531e+01 +9.0518e-01 -6.1645e-01 -2.1400e+00 -1.9056e+00 +9.8662e-01 -2.3421e+00 +8.0225e-01 -1.8973e+00 +1.4247e+00 +2.6831e+00 +1.1909e+00 +7.3673e-01 +8.2848e-01 +4.6042e-01 +3.5962e-01 +3.8203e+00 -7.6758e-01 +1.7804e+00 +3.0118e+00 +2.1544e+00
1177 +2.239655320e-04 +2.239655320e-04 +7.731022397e+01 +7.731022397e+01 +9.0171e-01 -6.1800e-01 -2.1378e+00 -1.9100e+00 +9.9024e-01 -2.3501e+00 +8.0210e-01 -1.8935e+00 +1.4260e+00 +2.6893e+00 +1.1848e+00 +7.3745e-01 +8.2802e-01 +4.6207e-01 +3.5803e-01 +3.8224e+00 -7.7049e-01 +1.7825e+00 +3.0108e+00 +2.1417e+00
1219 +1.416271331e-04 +1.416271331e-04 +7.731014163e+01 +7.731014163e+01 +8.9947e-01 -6.1863e-01 -2.1369e+00 -1.9048e+00 +9.8860e-01 -2.3544e+00 +8.0657e-01 -1.8963e+00 +1.4232e+00 +2.6916e+00 +1.1822e+00 +7.4325e-01 +8.2745e-01 +4.6503e-01 +3.5647e-01 +3.8224e+00 -7.6916e-01 +1.7852e+00 +3.0080e+00 +2.1353e+00
1303 +9.919119603e-05 +9.919119603e-05 +7.731009919e+01 +7.731009919e+01 +8.9604e-01 -6.1907e-01 -2.1352e+00 -1.8993e+00 +9.9096e-01 -2.3575e+00 +8.0905e-01 -1.8974e+00 +1.4216e+00 +2.6912e+00 +1.1811e+00 +7.4808e-01 +8.2660e-01 +4.7083e-01 +3.5595e-01 +3.8230e+00 -7.7123e-01 +1.7831e+00 +3.0059e+00 +2.1283e+00
1366 +6.241010603e-05 +6.241010603e-05 +7.731006241e+01 +7.731006241e+01 +8.9524e-01 -6.1813e-01 -2.1326e+00 -1.8923e+00 +9.9220e-01 -2.3672e+00 +8.0995e-01 -1.9001e+00 +1.4226e+00 +2.6942e+00 +1.1741e+00 +7.4994e-01 +8.1593e-01 +4.7871e-01 +3.5287e-01 +3.8243e+00 -7.7239e-01 +1.7858e+00 +3.0018e+00 +2.1125e+00
1492 +3.604188262e-05 +3.604188262e-05 +7.731003604e+01 +7.731003604e+01 +8.9259e-01 -6.1558e-01 -2.1286e+00 -1.8901e+00 +9.9826e-01 -2.3725e+00 +8.0684e-01 -1.8978e+00 +1.4230e+00 +2.6944e+00 +1.1718e+00 +7.5130e-01 +8.1294e-01 +4.8726e-01 +3.5186e-01 +3.8268e+00 -7.7829e-01 +1.7840e+00 +3.0008e+00 +2.1018e+00
1576 +2.417250906e-05 +2.417250906e-05 +7.731002417e+01 +7.731002417e+01 +8.8953e-01 -6.1302e-01 -2.1257e+00 -1.8883e+00 +1.0024e+00 -2.3791e+00 +8.0375e-01 -1.8962e+00 +1.4245e+00 +2.6964e+00 +1.1691e+00 +7.5141e-01 +8.0678e-01 +4.9411e-01 +3.5197e-01 +3.8283e+00 -7.8105e-01 +1.7846e+00 +3.0003e+00 +2.0894e+00
1660 +1.473935706e-05 +1.473935706e-05 +7.731001474e+01 +7.731001474e+01 +8.9242e-01 -6.1205e-01 -2.1258e+00 -1.8931e+00 +1.0030e+00 -2.3813e+00 +7.9973e-01 -1.8963e+00 +1.4289e+00 +2.7014e+00 +1.1689e+00 +7.4796e-01 +8.0191e-01 +4.9049e-01 +3.5216e-01 +3.8282e+00 -7.7943e-01 +1.7880e+00 +3.0044e+00 +2.0884e+00
1828 +9.501638544e-06 +9.501638544e-06 +7.731000950e+01 +7.731000950e+01 +8.9381e-01 -6.1059e-01 -2.1256e+00 -1.8921e+00 +1.0031e+00 -2.3799e+00 +7.9817e-01 -1.8953e+00 +1.4291e+00 +2.7012e+00 +1.1701e+00 +7.4783e-01 +8.0017e-01 +4.9163e-01 +3.5252e-01 +3.8281e+00 -7.7957e-01 +1.7885e+00 +3.0062e+00 +2.0899e+00
1891 +5.314731297e-06 +5.314731297e-06 +7.731000531e+01 +7.731000531e+01 +8.9368e-01 -6.1014e-01 -2.1267e+00 -1.8917e+00 +1.0029e+00 -2.3782e+00 +7.9853e-01 -1.8930e+00 +1.4287e+00 +2.7005e+00 +1.1726e+00 +7.4928e-01 +7.9977e-01 +4.9236e-01 +3.5375e-01 +3.8282e+00 -7.7961e-01 +1.7887e+00 +3.0083e+00 +2.0929e+00
1996 +3.810006376e-06 +3.810006376e-06 +7.731000381e+01 +7.731000381e+01 +8.9492e-01 -6.0983e-01 -2.1279e+00 -1.8893e+00 +1.0010e+00 -2.3765e+00 +7.9984e-01 -1.8921e+00 +1.4280e+00 +2.7009e+00 +1.1743e+00 +7.5135e-01 +7.9785e-01 +4.9249e-01 +3.5425e-01 +3.8277e+00 -7.7829e-01 +1.7904e+00 +3.0108e+00 +2.0963e+00
6616 +2.307535851e-06 +2.307535851e-06 +7.731000231e+01 +7.731000231e+01 +8.9687e-01 -6.0789e-01 -2.1259e+00 -1.8899e+00 +9.9555e-01 -2.3723e+00 +8.0142e-01 -1.8856e+00 +1.4257e+00 +2.6986e+00 +1.1813e+00 +7.5138e-01 +7.9773e-01 +4.8950e-01 +3.5999e-01 +3.8301e+00 -7.7826e-01 +1.7888e+00 +3.0219e+00 +2.1126e+00
