% function evaluation | noise-free fitness - Fopt (-1.000000000000e+03) | best noise-free fitness - Fopt | measured fitness | best measured fitness | x1 | x2...
1 +8.608030646e+01 +8.608030646e+01 -9.139196935e+02 -9.139196935e+02 -3.4777e+00 +2.6809e+00 -3.1174e+00 +1.4944e+00 -1.1231e+00 +4.3560e+00 -4.6912e+00 -2.4506e+00 +3.9766e+00 -2.3633e+00
133 +5.747768609e+01 +5.747768609e+01 -9.425223139e+02 -9.425223139e+02 -4.5683e+00 +2.9853e+00 +1.9271e+00 +1.0180e+00 +2.4284e+00 +1.7928e+00 +1.8237e+00 +2.9731e+00 +1.5505e+00 -4.9730e+00
199 +3.518449264e+01 +3.518449264e+01 -9.648155074e+02 -9.648155074e+02 -3.0118e+00 +2.3785e+00 +3.3185e+00 +1.3016e+00 +5.1808e+00 +3.4930e+00 +2.7686e+00 +4.7263e+00 +6.5721e-01 -5.1999e+00
221 +2.239169161e+01 +2.239169161e+01 -9.776083084e+02 -9.776083084e+02 -3.0601e+00 +1.9967e+00 +2.7092e+00 +1.0082e+00 +4.1260e+00 +3.7782e+00 +2.6547e+00 +4.1885e+00 +6.3430e-01 -4.2617e+00
507 +1.088426086e+01 +1.088426086e+01 -9.891157391e+02 -9.891157391e+02 +1.3531e-01 -3.7472e-01 +1.0342e+00 +3.9824e+00 +3.3082e+00 -4.6384e-01 +4.6183e-01 +2.3471e+00 +4.2855e+00 +1.4871e-01
518 +8.156513483e+00 +8.156513483e+00 -9.918434865e+02 -9.918434865e+02 +2.4633e-01 -4.3650e-01 +1.0748e+00 +3.6401e+00 +3.0826e+00 -4.6302e-01 +2.9325e-01 +2.2763e+00 +3.6535e+00 +5.0570e-01
529 +5.700409781e+00 +5.700409781e+00 -9.942995902e+02 -9.942995902e+02 +1.1479e+00 +9.6173e-01 -4.1804e-01 +3.8471e+00 +4.3145e+00 -1.4680e+00 +1.6023e+00 +3.0283e+00 +4.5574e+00 +1.0490e+00
540 +2.277776197e+00 +2.277776197e+00 -9.977222238e+02 -9.977222238e+02 +8.2272e-01 +4.5738e-01 +1.2042e-01 +3.7725e+00 +3.8701e+00 -1.1055e+00 +1.1301e+00 +2.7571e+00 +4.2314e+00 +8.5304e-01
22705 +1.484768489e+00 +1.484768489e+00 -9.985152315e+02 -9.985152315e+02 +2.4967e+00 +2.8397e-01 +3.5956e+00 -9.1148e-01 -1.8906e+00 -1.5866e+00 +1.5212e+00 +1.0135e-01 +9.3704e-01 +1.0746e+00
22727 +6.131623012e-01 +6.131623012e-01 -9.993868377e+02 -9.993868377e+02 +2.7730e+00 +2.4804e-01 +3.4625e+00 -8.9007e-01 -1.9607e+00 -1.9900e+00 +6.3368e-01 +6.3361e-02 +1.1266e+00 +9.8802e-01
22848 +2.896657936e-01 +2.896657936e-01 -9.997103342e+02 -9.997103342e+02 +2.7923e+00 +3.5084e-01 +3.3377e+00 -6.6015e-01 -2.0114e+00 -2.0603e+00 +1.8317e-04 -1.6324e-01 +1.3638e+00 +7.1514e-01
22859 +1.855215017e-01 +1.855215017e-01 -9.998144785e+02 -9.998144785e+02 +2.7568e+00 +3.6587e-01 +3.3255e+00 -5.6918e-01 -2.0513e+00 -2.0933e+00 -8.7827e-02 -2.1634e-01 +1.4494e+00 +6.4792e-01
22870 +1.371021731e-01 +1.371021731e-01 -9.998628978e+02 -9.998628978e+02 +2.7205e+00 +3.9124e-01 +3.3073e+00 -4.8226e-01 -2.0748e+00 -2.0993e+00 -1.7069e-01 -2.8178e-01 +1.5266e+00 +5.7879e-01
22892 +6.747366556e-02 +6.747366556e-02 -9.999325263e+02 -9.999325263e+02 +2.6189e+00 +4.5885e-01 +3.2540e+00 -2.3566e-01 -2.1413e+00 -2.1289e+00 -4.0698e-01 -4.6831e-01 +1.7541e+00 +3.9167e-01
22914 +5.972800331e-02 +5.972800331e-02 -9.999402720e+02 -9.999402720e+02 +2.4407e+00 +5.7649e-01 +3.1574e+00 +1.9564e-01 -2.2549e+00 -2.1839e+00 -8.2205e-01 -7.9853e-01 +2.1577e+00 +6.9925e-02
22969 +3.957439795e-02 +3.957439795e-02 -9.999604256e+02 -9.999604256e+02 +2.5148e+00 +5.1981e-01 +3.1642e+00 -3.0729e-02 -2.1656e+00 -2.1657e+00 -6.3127e-01 -6.7279e-01 +2.0050e+00 +2.8688e-01
23024 +2.018512176e-02 +2.018512176e-02 -9.999798149e+02 -9.999798149e+02 +2.2021e+00 +6.3727e-01 +2.8976e+00 +1.1183e-01 -2.2052e+00 -2.1208e+00 -9.8022e-01 -8.7814e-01 +2.3561e+00 +2.4876e-01
23035 +1.520397455e-02 +1.520397455e-02 -9.999847960e+02 -9.999847960e+02 +2.1256e+00 +6.5190e-01 +2.8229e+00 +7.7161e-02 -2.2045e+00 -2.1051e+00 -1.0236e+00 -8.7544e-01 +2.4019e+00 +2.9836e-01
23057 +4.576492605e-03 +4.576492605e-03 -9.999954235e+02 -9.999954235e+02 +1.9545e+00 +6.7152e-01 +2.6461e+00 -4.9477e-02 -2.1982e+00 -2.0788e+00 -1.0935e+00 -8.2632e-01 +2.4809e+00 +4.5473e-01
23079 +3.410651837e-03 +3.410651837e-03 -9.999965893e+02 -9.999965893e+02 +1.7618e+00 +6.8972e-01 +2.4439e+00 -2.0325e-01 -2.1912e+00 -2.0552e+00 -1.1669e+00 -7.5851e-01 +2.5658e+00 +6.4186e-01
23134 +2.012731425e-03 +2.012731425e-03 -9.999979873e+02 -9.999979873e+02 +1.8711e+00 +6.5515e-01 +2.5361e+00 -1.6678e-01 -2.2039e+00 -2.1260e+00 -1.1084e+00 -7.1886e-01 +2.5068e+00 +5.9066e-01
23145 +1.251149681e-03 +1.251149681e-03 -9.999987489e+02 -9.999987489e+02 +1.7812e+00 +6.6469e-01 +2.4365e+00 -2.0725e-01 -2.2128e+00 -2.1466e+00 -1.1691e+00 -6.8741e-01 +2.5709e+00 +6.5453e-01
23178 +9.647890461e-04 +9.647890461e-04 -9.999990352e+02 -9.999990352e+02 +1.7305e+00 +6.8513e-01 +2.3846e+00 -1.7716e-01 -2.2218e+00 -2.1554e+00 -1.2356e+00 -7.0783e-01 +2.6329e+00 +6.4126e-01
23596 +3.480286300e-04 +3.480286300e-04 -9.999996520e+02 -9.999996520e+02 +1.6327e+00 +6.6755e-01 +2.3982e+00 -1.7303e-01 -2.0625e+00 -2.1130e+00 -1.3729e+00 -5.7969e-01 +2.7189e+00 +6.7315e-01
23618 +2.232126046e-04 +2.232126046e-04 -9.999997768e+02 -9.999997768e+02 +1.6046e+00 +6.6521e-01 +2.4072e+00 -1.5658e-01 -2.0230e+00 -2.1087e+00 -1.4158e+00 -5.5098e-01 +2.7508e+00 +6.8022e-01
23629 +9.916095189e-05 +9.916095189e-05 -9.999999008e+02 -9.999999008e+02 +1.5754e+00 +6.5441e-01 +2.4382e+00 -1.3547e-01 -1.9555e+00 -2.1006e+00 -1.4670e+00 -4.9962e-01 +2.7867e+00 +6.9087e-01
23640 +2.852652369e-05 +2.852652369e-05 -9.999999715e+02 -9.999999715e+02 +1.5264e+00 +6.4223e-01 +2.4697e+00 -1.0644e-01 -1.8655e+00 -2.0895e+00 -1.5441e+00 -4.3392e-01 +2.8449e+00 +7.0645e-01
23662 +2.336944260e-05 +2.336944260e-05 -9.999999766e+02 -9.999999766e+02 +1.5015e+00 +6.3737e-01 +2.4804e+00 -9.3773e-02 -1.8257e+00 -2.0843e+00 -1.5804e+00 -4.0563e-01 +2.8737e+00 +7.1426e-01
23695 +1.558273095e-05 +1.558273095e-05 -9.999999844e+02 -9.999999844e+02 +1.4575e+00 +6.2931e-01 +2.4979e+00 -7.1669e-02 -1.7578e+00 -2.0756e+00 -1.6436e+00 -3.5777e-01 +2.9245e+00 +7.2755e-01
23717 +8.961866683e-06 +8.961866683e-06 -9.999999910e+02 -9.999999910e+02 +1.4443e+00 +6.2589e-01 +2.4967e+00 -7.1967e-02 -1.7446e+00 -2.0676e+00 -1.6435e+00 -3.5526e-01 +2.9369e+00 +7.2977e-01
23783 +6.039287655e-06 +6.039287655e-06 -9.999999940e+02 -9.999999940e+02 +1.4370e+00 +6.1733e-01 +2.5139e+00 -7.9025e-02 -1.7312e+00 -2.0530e+00 -1.6065e+00 -3.4309e-01 +2.9297e+00 +7.3957e-01
23805 +3.709555585e-06 +3.709555585e-06 -9.999999963e+02 -9.999999963e+02 +1.4302e+00 +6.0767e-01 +2.5367e+00 -8.6115e-02 -1.7158e+00 -2.0370e+00 -1.5629e+00 -3.2590e-01 +2.9186e+00 +7.5106e-01
23827 +1.168437052e-06 +1.168437052e-06 -9.999999988e+02 -9.999999988e+02 +1.4037e+00 +6.1052e-01 +2.5459e+00 -6.6698e-02 -1.6848e+00 -2.0317e+00 -1.5951e+00 -2.9722e-01 +2.9411e+00 +7.5486e-01
23838 +8.034863868e-07 +8.034863868e-07 -9.999999992e+02 -9.999999992e+02 +1.4044e+00 +6.0951e-01 +2.5488e+00 -6.8695e-02 -1.6864e+00 -2.0287e+00 -1.5823e+00 -2.9763e-01 +2.9364e+00 +7.5547e-01
23849 +5.795731113e-07 +5.795731113e-07 -9.999999994e+02 -9.999999994e+02 +1.4054e+00 +6.0995e-01 +2.5487e+00 -7.0357e-02 -1.6913e+00 -2.0268e+00 -1.5708e+00 -3.0083e-01 +2.9318e+00 +7.5484e-01
23882 +3.955706234e-07 +3.955706234e-07 -9.999999996e+02 -9.999999996e+02 +1.4025e+00 +6.1132e-01 +2.5506e+00 -6.9852e-02 -1.6982e+00 -2.0204e+00 -1.5465e+00 -3.0504e-01 +2.9252e+00 +7.5245e-01
% function evaluation | noise-free fitness - Fopt (1.000000000000e+03) | best noise-free fitness - Fopt | measured fitness | best measured fitness | x1 | x2...
1 +7.541332902e+01 +7.541332902e+01 +1.075413329e+03 +1.075413329e+03 -4.5391e-01 -4.5062e+00 -2.1105e+00 +3.4687e+00 -3.7025e+00 -3.1596e+00 -2.2080e+00 +4.8693e+00 +2.4639e+00 -3.3164e+00
12 +3.646123400e+01 +3.646123400e+01 +1.036461234e+03 +1.036461234e+03 -3.6213e-01 -3.6352e+00 -1.5957e+00 +4.4687e+00 -2.9106e+00 -2.5387e+00 -2.0959e+00 +4.6364e+00 +2.6452e+00 -3.0976e+00
67 +2.459799660e+01 +2.459799660e+01 +1.024597997e+03 +1.024597997e+03 -4.0173e-01 -3.2317e+00 -1.5122e+00 +4.2007e+00 -2.7764e+00 -2.3986e+00 -2.4358e+00 +4.4270e+00 +2.5768e+00 -3.1518e+00
144 +1.541770515e+01 +1.541770515e+01 +1.015417705e+03 +1.015417705e+03 -7.8632e-01 -2.6160e+00 -6.0875e-03 +3.9867e+00 -3.2469e+00 -2.6881e+00 -2.5894e+00 +2.8908e+00 +2.0175e+00 -4.6628e+00
1079 +5.794176648e+00 +5.794176648e+00 +1.005794177e+03 +1.005794177e+03 +2.1494e+00 -5.0234e+00 +5.5990e+00 -8.0720e-01 -3.9598e+00 +5.0689e+00 +1.3747e+00 +5.2232e+00 +4.5064e+00 -4.5125e+00
1090 +1.465356403e+00 +1.465356403e+00 +1.001465356e+03 +1.001465356e+03 +1.3500e+00 -4.8676e+00 +4.0633e+00 -7.7011e-01 -2.0375e+00 +4.0123e+00 +1.6986e+00 +4.5553e+00 +3.9250e+00 -4.0099e+00
1101 +9.792410187e-01 +9.792410187e-01 +1.000979241e+03 +1.000979241e+03 +1.4849e+00 -4.7759e+00 +4.4273e+00 -7.8074e-01 -2.2346e+00 +4.0975e+00 +1.9681e+00 +4.5807e+00 +3.8947e+00 -4.0882e+00
10792 +6.150964851e-01 +6.150964851e-01 +1.000615096e+03 +1.000615096e+03 -1.7991e+00 -6.7897e-01 -1.5088e+00 +1.4077e+00 -2.0949e-01 -1.0537e+00 -2.5649e+00 +1.6099e-01 -4.7309e+00 +5.2321e-01
10847 +3.503261303e-01 +3.503261303e-01 +1.000350326e+03 +1.000350326e+03 -1.9749e+00 -6.4219e-01 -1.7259e+00 +2.7545e+00 -1.1947e+00 -7.0579e-01 -2.3260e+00 +2.8208e-01 -4.5393e+00 +1.3283e+00
10858 +1.581415328e-01 +1.581415328e-01 +1.000158142e+03 +1.000158142e+03 -1.9121e+00 -6.5625e-01 -1.6597e+00 +2.3175e+00 -8.7513e-01 -8.1619e-01 -2.4069e+00 +2.4234e-01 -4.6135e+00 +1.0656e+00
10924 +9.745476707e-02 +9.745476707e-02 +1.000097455e+03 +1.000097455e+03 -1.9320e+00 -5.9290e-01 -1.8498e+00 +2.9396e+00 -1.6700e+00 -6.9304e-01 -2.3486e+00 +1.5189e-01 -3.9940e+00 +1.5892e+00
10946 +4.078734431e-02 +4.078734431e-02 +1.000040787e+03 +1.000040787e+03 -1.6644e+00 -6.4454e-01 -2.0027e+00 +2.6038e+00 -1.7243e+00 -7.5112e-01 -2.5515e+00 -1.7799e-02 -3.9169e+00 +1.4802e+00
10968 +3.804775026e-02 +3.804775026e-02 +1.000038048e+03 +1.000038048e+03 -1.6440e+00 -6.7894e-01 -1.9947e+00 +2.5266e+00 -1.6410e+00 -7.7810e-01 -2.5650e+00 -8.5238e-03 -3.9811e+00 +1.4206e+00
11012 +2.311432173e-02 +2.311432173e-02 +1.000023114e+03 +1.000023114e+03 -1.5627e+00 -8.9454e-01 -2.0918e+00 +2.6792e+00 -1.8656e+00 -8.7585e-01 -2.5384e+00 +3.0763e-02 -3.7901e+00 +1.5582e+00
11056 +1.514269658e-02 +1.514269658e-02 +1.000015143e+03 +1.000015143e+03 -1.4880e+00 -1.0046e+00 -2.1326e+00 +2.7783e+00 -2.1254e+00 -9.6482e-01 -2.4900e+00 +8.9363e-02 -3.6012e+00 +1.6836e+00
11155 +9.185810597e-03 +9.185810597e-03 +1.000009186e+03 +1.000009186e+03 -1.3769e+00 -1.3882e+00 -2.2317e+00 +2.7632e+00 -2.6234e+00 -1.2534e+00 -2.4597e+00 +3.9631e-01 -3.3893e+00 +1.9595e+00
11177 +5.848168102e-03 +5.848168102e-03 +1.000005848e+03 +1.000005848e+03 -1.4089e+00 -1.2922e+00 -2.1854e+00 +2.6624e+00 -2.3855e+00 -1.1909e+00 -2.4901e+00 +3.3277e-01 -3.5404e+00 +1.8207e+00
11320 +3.913249087e-03 +3.913249087e-03 +1.000003913e+03 +1.000003913e+03 -1.3516e+00 -1.2987e+00 -2.1984e+00 +2.6618e+00 -2.3862e+00 -1.1722e+00 -2.5675e+00 +4.9902e-01 -3.4881e+00 +2.0029e+00
11375 +2.114843142e-03 +2.114843142e-03 +1.000002115e+03 +1.000002115e+03 -1.1178e+00 -1.2808e+00 -2.1058e+00 +2.6035e+00 -2.4060e+00 -1.1426e+00 -2.8484e+00 +1.0658e+00 -3.2437e+00 +2.6866e+00
11441 +1.237431659e-03 +1.237431659e-03 +1.000001237e+03 +1.000001237e+03 -1.1229e+00 -1.2910e+00 -2.1130e+00 +2.6005e+00 -2.3988e+00 -1.1540e+00 -2.8259e+00 +1.0213e+00 -3.2535e+00 +2.6272e+00
11452 +9.549762851e-04 +9.549762851e-04 +1.000000955e+03 +1.000000955e+03 -1.0962e+00 -1.2997e+00 -2.1092e+00 +2.5971e+00 -2.3950e+00 -1.1604e+00 -2.8379e+00 +1.0482e+00 -3.2295e+00 +2.6571e+00
11485 +1.956143475e-04 +1.956143475e-04 +1.000000196e+03 +1.000000196e+03 -9.4968e-01 -1.3458e+00 -2.0870e+00 +2.5876e+00 -2.3777e+00 -1.1912e+00 -2.9066e+00 +1.2048e+00 -3.0954e+00 +2.8377e+00
11496 +2.947753421e-05 +2.947753421e-05 +1.000000029e+03 +1.000000029e+03 -8.2747e-01 -1.3843e+00 -2.0686e+00 +2.5799e+00 -2.3633e+00 -1.2169e+00 -2.9639e+00 +1.3355e+00 -2.9835e+00 +2.9885e+00
11518 +2.349344481e-05 +2.349344481e-05 +1.000000023e+03 +1.000000023e+03 -7.8347e-01 -1.3980e+00 -2.0618e+00 +2.5782e+00 -2.3582e+00 -1.2257e+00 -2.9849e+00 +1.3834e+00 -2.9430e+00 +3.0445e+00
11573 +1.348543856e-05 +1.348543856e-05 +1.000000013e+03 +1.000000013e+03 -7.2392e-01 -1.4162e+00 -2.0513e+00 +2.5831e+00 -2.3525e+00 -1.2347e+00 -3.0154e+00 +1.4542e+00 -2.8867e+00 +3.1320e+00
11595 +6.665706906e-06 +6.665706906e-06 +1.000000007e+03 +1.000000007e+03 -7.2303e-01 -1.4150e+00 -2.0468e+00 +2.6071e+00 -2.3557e+00 -1.2254e+00 -3.0232e+00 +1.4753e+00 -2.8812e+00 +3.1727e+00
% function evaluation | noise-free fitness - Fopt (-4.913000000000e+01) | best noise-free fitness - Fopt | measured fitness | best measured fitness | x1 | x2...
1 +8.597839414e+01 +8.597839414e+01 +3.684839414e+01 +3.684839414e+01 -1.5890e+00 +3.8593e+00 +1.4586e+00 +2.2523e-01 -1.3213e+00 +2.6897e-01 +4.9015e+00 -2.8921e+00 -1.2370e-01 -6.3034e-01
45 +6.054094683e+01 +6.054094683e+01 +1.141094683e+01 +1.141094683e+01 -3.1008e+00 +1.2213e+00 -1.9006e+00 -3.6813e-01 -7.0533e-01 -1.0736e+00 +2.7841e+00 +2.1282e+00 +3.4848e+00 -1.9485e+00
122 +3.212744439e+01 +3.212744439e+01 -1.700255561e+01 -1.700255561e+01 -3.6870e+00 +1.8975e+00 -3.0851e+00 -1.9633e+00 +1.2055e+00 -2.2621e+00 +6.4818e-01 +2.8142e+00 +3.0890e+00 -1.9462e+00
144 +2.288143053e+01 +2.288143053e+01 -2.624856947e+01 -2.624856947e+01 -3.2801e+00 +2.6056e+00 -3.3220e+00 -1.6804e+00 +1.7591e+00 -2.2141e+00 +2.9951e-01 +2.2682e+00 +3.7687e+00 -1.9903e+00
551 +3.470494654e+00 +3.470494654e+00 -4.565950535e+01 -4.565950535e+01 +3.8821e+00 +4.7361e-01 -1.1158e+00 +2.1914e-01 -2.6198e+00 -4.0108e+00 -3.9210e+00 -5.8631e-01 +1.9601e+00 +2.6931e+00
573 +1.263360382e+00 +1.263360382e+00 -4.786663962e+01 -4.786663962e+01 +4.2364e+00 +2.8521e-01 -1.6676e+00 +1.7726e-01 -2.5814e+00 -4.1883e+00 -4.3213e+00 -3.4827e-01 +1.6508e+00 +2.9500e+00
584 +6.990243502e-01 +6.990243502e-01 -4.843097565e+01 -4.843097565e+01 +4.4968e+00 +1.4674e-01 -2.0731e+00 +1.4647e-01 -2.5531e+00 -4.3188e+00 -4.6155e+00 -1.7333e-01 +1.4234e+00 +3.1388e+00
15610 +5.740656344e-01 +5.740656344e-01 -4.855593437e+01 -4.855593437e+01 +2.1570e+00 +2.8952e+00 +3.5048e+00 +2.0633e+00 +8.8206e-01 +2.3849e+00 -1.4255e+00 +3.6489e+00 +1.7612e+00 -4.0527e-01
15665 +3.714078048e-01 +3.714078048e-01 -4.875859220e+01 -4.875859220e+01 +2.3793e+00 +3.1668e+00 +3.2940e+00 +1.9889e+00 +7.1735e-01 +2.2673e+00 -8.3702e-01 +3.6548e+00 +1.8416e+00 -3.2830e-01
15687 +2.032941880e-01 +2.032941880e-01 -4.892670581e+01 -4.892670581e+01 +2.4522e+00 +3.2494e+00 +3.3836e+00 +1.8877e+00 +7.2800e-01 +2.2584e+00 -5.9824e-01 +3.5130e+00 +2.0025e+00 -3.1531e-01
15698 +1.416698546e-01 +1.416698546e-01 -4.898833015e+01 -4.898833015e+01 +2.4812e+00 +3.2694e+00 +3.4938e+00 +1.8209e+00 +7.8525e-01 +2.2810e+00 -5.0406e-01 +3.3876e+00 +2.1093e+00 -3.2639e-01
15775 +9.685981719e-02 +9.685981719e-02 -4.903314018e+01 -4.903314018e+01 +2.8108e+00 +3.3174e+00 +3.7073e+00 +1.6153e+00 +9.2428e-01 +2.2037e+00 +7.8673e-02 +3.1889e+00 +2.3356e+00 -3.8484e-01
15819 +5.083294222e-02 +5.083294222e-02 -4.907916706e+01 -4.907916706e+01 +2.7250e+00 +3.0644e+00 +3.5296e+00 +1.5528e+00 +9.8854e-01 +2.1595e+00 +1.0059e-01 +3.4151e+00 +2.3260e+00 -6.0185e-01
15830 +3.516505974e-02 +3.516505974e-02 -4.909483494e+01 -4.909483494e+01 +2.7485e+00 +2.9857e+00 +3.5225e+00 +1.4593e+00 +1.0458e+00 +2.1340e+00 +2.6127e-01 +3.4271e+00 +2.4162e+00 -7.0267e-01
15841 +3.802961162e-03 +3.802961162e-03 -4.912619704e+01 -4.912619704e+01 +2.9075e+00 +2.6320e+00 +3.5292e+00 +9.6367e-01 +1.3320e+00 +2.0013e+00 +1.1461e+00 +3.4336e+00 +2.9138e+00 -1.1890e+00
16050 +2.258981732e-03 +2.258981732e-03 -4.912774102e+01 -4.912774102e+01 +3.1064e+00 +2.7402e+00 +3.5629e+00 +7.6791e-01 +1.3203e+00 +2.0019e+00 +1.4457e+00 +3.4027e+00 +3.1035e+00 -1.2749e+00
16072 +1.346918192e-03 +1.346918192e-03 -4.912865308e+01 -4.912865308e+01 +3.1488e+00 +2.7287e+00 +3.5617e+00 +6.8974e-01 +1.3604e+00 +2.0394e+00 +1.4457e+00 +3.4285e+00 +3.1474e+00 -1.3764e+00
16116 +9.981128455e-04 +9.981128455e-04 -4.912900189e+01 -4.912900189e+01 +3.1753e+00 +2.6889e+00 +3.5704e+00 +6.0723e-01 +1.4055e+00 +2.0466e+00 +1.4698e+00 +3.4518e+00 +3.2045e+00 -1.4877e+00
16160 +5.418489413e-04 +5.418489413e-04 -4.912945815e+01 -4.912945815e+01 +3.3469e+00 +2.7512e+00 +3.6032e+00 +3.4938e-01 +1.3895e+00 +2.0448e+00 +1.4581e+00 +3.5654e+00 +3.3663e+00 -1.7796e+00
16171 +3.507686614e-04 +3.507686614e-04 -4.912964923e+01 -4.912964923e+01 +3.3411e+00 +2.7729e+00 +3.5994e+00 +3.7916e-01 +1.3685e+00 +2.0437e+00 +1.4455e+00 +3.5583e+00 +3.3445e+00 -1.7378e+00
16204 +2.503366360e-04 +2.503366360e-04 -4.912974966e+01 -4.912974966e+01 +3.3673e+00 +2.8367e+00 +3.5972e+00 +3.8789e-01 +1.3187e+00 +2.0438e+00 +1.4138e+00 +3.5677e+00 +3.3310e+00 -1.7109e+00
16413 +1.582443033e-04 +1.582443033e-04 -4.912984176e+01 -4.912984176e+01 +3.4188e+00 +2.8903e+00 +3.5841e+00 +3.3174e-01 +1.2853e+00 +2.0695e+00 +1.4088e+00 +3.5830e+00 +3.3473e+00 -1.7895e+00
16666 +8.957045020e-05 +8.957045020e-05 -4.912991043e+01 -4.912991043e+01 +3.4851e+00 +2.8636e+00 +3.5480e+00 +2.4594e-01 +1.2215e+00 +2.0915e+00 +1.3573e+00 +3.4574e+00 +3.3456e+00 -1.8258e+00
16677 +6.006501879e-05 +6.006501879e-05 -4.912993993e+01 -4.912993993e+01 +3.5276e+00 +2.8290e+00 +3.5241e+00 +2.0559e-01 +1.1907e+00 +2.0854e+00 +1.3690e+00 +3.3980e+00 +3.3475e+00 -1.8414e+00
16710 +2.699692157e-05 +2.699692157e-05 -4.912997300e+01 -4.912997300e+01 +3.6453e+00 +2.7238e+00 +3.4472e+00 +9.5052e-02 +1.0996e+00 +2.0692e+00 +1.3888e+00 +3.2294e+00 +3.3425e+00 -1.8853e+00
16732 +1.583694263e-05 +1.583694263e-05 -4.912998416e+01 -4.912998416e+01 +3.6295e+00 +2.7296e+00 +3.4431e+00 +1.1193e-01 +1.1024e+00 +2.0734e+00 +1.3618e+00 +3.2549e+00 +3.3282e+00 -1.8827e+00
16743 +6.407799098e-06 +6.407799098e-06 -4.912999359e+01 -4.912999359e+01 +3.5962e+00 +2.7409e+00 +3.4327e+00 +1.4786e-01 +1.1072e+00 +2.0825e+00 +1.3013e+00 +3.3098e+00 +3.2961e+00 -1.8780e+00
16754 +5.964228620e-06 +5.964228620e-06 -4.912999404e+01 -4.912999404e+01 +3.6014e+00 +2.7366e+00 +3.4284e+00 +1.4321e-01 +1.1023e+00 +2.0820e+00 +1.2993e+00 +3.3042e+00 +3.2948e+00 -1.8805e+00
16765 +1.125551947e-06 +1.125551947e-06 -4.912999887e+01 -4.912999887e+01 +3.6476e+00 +2.6979e+00 +3.3901e+00 +1.0139e-01 +1.0578e+00 +2.0783e+00 +1.2805e+00 +3.2540e+00 +3.2828e+00 -1.9037e+00
16776 +1.180645341e-07 +1.180645341e-07 -4.912999988e+01 -4.912999988e+01 +3.6939e+00 +2.6592e+00 +3.3519e+00 +5.9561e-02 +1.0133e+00 +2.0746e+00 +1.2617e+00 +3.2038e+00 +3.2708e+00 -1.9268e+00
16787 +4.695031208e-08 +4.695031208e-08 -4.912999995e+01 -4.912999995e+01 +3.7131e+00 +2.6440e+00 +3.3369e+00 +4.2098e-02 +9.9536e-01 +2.0730e+00 +1.2549e+00 +3.1836e+00 +3.2667e+00 -1.9364e+00
16809 +2.871590254e-08 +2.871590254e-08 -4.912999997e+01 -4.912999997e+01 +3.7264e+00 +2.6346e+00 +3.3274e+00 +2.9778e-02 +9.8347e-01 +2.0719e+00 +1.2507e+00 +3.1710e+00 +3.2648e+00 -1.9436e+00
16820 +2.126209608e-08 +2.126209608e-08 -4.912999998e+01 -4.912999998e+01 +3.7385e+00 +2.6262e+00 +3.3187e+00 +1.8539e-02 +9.7265e-01 +2.0710e+00 +1.2469e+00 +3.1596e+00 +3.2631e+00 -1.9502e+00
16842 +1.015969531e-09 +1.015969531e-09 -4.913000000e+01 -4.913000000e+01 +3.7655e+00 +2.6287e+00 +3.3168e+00 -9.4926e-03 +9.5533e-01 +2.0689e+00 +1.2495e+00 +3.1543e+00 +3.2761e+00 -1.9686e+00
% function evaluation | noise-free fitness - Fopt (2.977300000000e+02) | best noise-free fitness - Fopt | measured fitness | best measured fitness | x1 | x2...
1 +8.656163349e+01 +8.656163349e+01 +3.842916335e+02 +3.842916335e+02 -2.3233e+00 -4.7959e+00 -4.7984e+00 -3.8521e+00 +4.0967e+00 +3.4506e+00 +9.7098e-01 +4.9327e+00 -6.8337e-01 +7.6007e-01
254 +6.266057184e+01 +6.266057184e+01 +3.603905718e+02 +3.603905718e+02 -1.2156e+00 +1.4998e+00 -2.7408e+00 +6.7693e-01 +5.1557e+00 +3.1273e+00 -3.7498e-02 +1.0033e+00 -5.5093e+00 -1.8305e+00
320 +3.976341070e+01 +3.976341070e+01 +3.374934107e+02 +3.374934107e+02 -5.3569e-01 +2.0139e+00 -1.6922e+00 +2.0623e+00 +4.8389e+00 +2.8761e+00 +1.0124e+00 +1.2724e+00 -5.8343e+00 -8.8112e-01
386 +2.501858592e+01 +2.501858592e+01 +3.227485859e+02 +3.227485859e+02 +9.7973e-02 +3.8169e-01 -3.0600e+00 +7.9904e-01 +4.9714e+00 +4.0789e+00 +2.0856e+00 +3.9457e-02 -5.6572e+00 -2.2996e+00
980 +8.041132976e+00 +8.041132976e+00 +3.057711330e+02 +3.057711330e+02 +3.9152e+00 +1.1349e+00 -1.2022e-02 +1.0329e+00 +1.7281e+00 +9.4200e-01 +1.7877e+00 +2.1090e+00 +3.0472e+00 +3.8617e+00
1013 +3.322356685e+00 +3.322356685e+00 +3.010523567e+02 +3.010523567e+02 +3.8267e+00 +1.4773e+00 +1.5430e-01 +1.1857e+00 +1.2614e+00 +7.1692e-01 +1.6889e+00 +2.4130e+00 +3.1167e+00 +4.5470e+00
1024 +2.463472962e+00 +2.463472962e+00 +3.001934730e+02 +3.001934730e+02 +3.8133e+00 +1.6297e+00 +5.9426e-03 +1.2250e+00 +9.3330e-01 +7.0078e-01 +1.6879e+00 +2.7042e+00 +3.2987e+00 +4.8658e+00
3708 +1.255872605e+00 +1.255872605e+00 +2.989858726e+02 +2.989858726e+02 +4.4679e+00 -1.1207e+00 +3.2059e+00 -1.5593e+00 -4.3959e+00 -7.4784e-01 -3.5834e+00 +6.1332e-01 +3.5260e+00 +2.1030e+00
3719 +7.635829491e-01 +7.635829491e-01 +2.984935829e+02 +2.984935829e+02 +4.5622e+00 -1.3525e+00 +3.3322e+00 -1.6184e+00 -4.3987e+00 -7.1860e-01 -3.6982e+00 +7.2744e-01 +3.4803e+00 +2.2622e+00
% function evaluation | noise-free fitness - Fopt (5.157000000000e+01) | best noise-free fitness - Fopt | measured fitness | best measured fitness | x1 | x2...
1 +8.557107992e+01 +8.557107992e+01 +1.371410799e+02 +1.371410799e+02 -4.3526e+00 +2.6888e+00 +1.7654e+00 +4.0615e+00 +4.8819e+00 +4.9357e-01 -2.2380e+00 -4.3785e+00 +2.0466e+00 -1.4392e+00
23 +1.438249826e+01 +1.438249826e+01 +6.595249826e+01 +6.595249826e+01 -3.8098e+00 -5.7120e-01 +1.6653e+00 +4.8619e+00 -1.7913e+00 -4.7893e+00 -3.7174e+00 -4.4877e+00 +9.8315e-01 -4.2350e+00
650 +8.226582762e+00 +8.226582762e+00 +5.979658276e+01 +5.979658276e+01 -1.0844e+00 +2.3980e-02 -4.8899e+00 -5.8387e-01 -1.5353e+00 -1.8951e+00 +3.6006e+00 +8.7709e-01 -2.3991e+00 -1.6462e+00
694 +6.116594850e+00 +6.116594850e+00 +5.768659485e+01 +5.768659485e+01 -1.7289e+00 +1.3391e-01 -4.5686e+00 -7.0440e-01 -1.5138e+00 -1.9520e+00 +3.8591e+00 +3.8577e-01 -2.5886e+00 -1.6020e+00
4456 +3.219280047e+00 +3.219280047e+00 +5.478928005e+01 +5.478928005e+01 +4.5967e+00 -1.6943e+00 +2.1043e+00 -2.7707e+00 -1.4262e-01 -2.5837e+00 -9.7678e-01 -5.4108e-01 -1.3255e+00 -3.3007e+00
4467 +2.275384735e+00 +2.275384735e+00 +5.384538473e+01 +5.384538473e+01 +4.3171e+00 -2.5780e+00 +2.5623e+00 -2.6440e+00 -2.2026e-02 -2.7446e+00 -6.7379e-01 -2.7882e-01 -1.7476e+00 -3.6509e+00
35619 +1.540469028e+00 +1.540469028e+00 +5.311046903e+01 +5.311046903e+01 +4.4847e+00 +3.6618e+00 +3.2211e+00 -1.7204e+00 +4.3610e+00 +3.6954e+00 -2.2198e+00 -3.3939e+00 -1.5039e+00 +4.0650e+00
35652 +8.668463202e-01 +8.668463202e-01 +5.243684632e+01 +5.243684632e+01 +4.5787e+00 +3.7450e+00 +3.2732e+00 -1.5932e+00 +4.0121e+00 +3.5569e+00 -2.4178e+00 -3.2735e+00 -1.5255e+00 +4.1576e+00
45464 +5.941501215e-01 +5.941501215e-01 +5.216415012e+01 +5.216415012e+01 +2.5586e+00 +2.9042e+00 -3.2178e+00 -1.1216e+00 -3.2209e-01 +2.3009e+00 -9.9246e-01 +2.7365e+00 -2.7516e+00 -1.4143e+00
45497 +1.334221136e-01 +1.334221136e-01 +5.170342211e+01 +5.170342211e+01 +2.4383e+00 +2.4367e+00 -2.7687e+00 -1.0309e+00 -9.9773e-02 +1.9134e+00 -9.3154e-01 +2.2420e+00 -2.5526e+00 -1.3008e+00
45519 +9.542861145e-02 +9.542861145e-02 +5.166542861e+01 +5.166542861e+01 +2.3148e+00 +2.1808e+00 -2.5147e+00 -9.7124e-01 -9.4600e-02 +1.8618e+00 -5.3954e-01 +2.4232e+00 -2.4129e+00 -1.5368e+00
45563 +5.085147097e-02 +5.085147097e-02 +5.162085147e+01 +5.162085147e+01 +2.3189e+00 +2.0372e+00 -2.3710e+00 -9.4357e-01 -5.5638e-02 +1.8759e+00 -2.4686e-01 +2.6198e+00 -2.3183e+00 -1.6470e+00
45574 +3.975283473e-02 +3.975283473e-02 +5.160975283e+01 +5.160975283e+01 +2.3803e+00 +2.0452e+00 -2.3816e+00 -9.4986e-01 -1.7128e-02 +1.8904e+00 -2.5458e-01 +2.6230e+00 -2.3167e+00 -1.5887e+00
45596 +2.438691663e-02 +2.438691663e-02 +5.159438692e+01 +5.159438692e+01 +2.5225e+00 +1.9771e+00 -2.3303e+00 -9.4485e-01 +1.0384e-01 +1.9200e+00 -1.5448e-01 +2.6788e+00 -2.2668e+00 -1.4909e+00
45651 +1.485687401e-02 +1.485687401e-02 +5.158485687e+01 +5.158485687e+01 +2.4852e+00 +1.6665e+00 -2.1799e+00 -8.3607e-01 +2.0804e-01 +1.9970e+00 +8.1824e-02 +2.6737e+00 -2.1848e+00 -1.6228e+00
45695 +8.467406789e-03 +8.467406789e-03 +5.157846741e+01 +5.157846741e+01 +2.5742e+00 +1.6197e+00 -2.3260e+00 -7.8696e-01 +3.1209e-01 +2.1732e+00 -9.0791e-02 +2.5129e+00 -2.2695e+00 -1.5248e+00
45717 +3.980082938e-03 +3.980082938e-03 +5.157398008e+01 +5.157398008e+01 +2.5996e+00 +1.5218e+00 -2.3740e+00 -7.4948e-01 +3.9401e-01 +2.3054e+00 -8.3027e-02 +2.5230e+00 -2.3033e+00 -1.5338e+00
45959 +2.040638997e-03 +2.040638997e-03 +5.157204064e+01 +5.157204064e+01 +2.5068e+00 +1.2581e+00 -2.2853e+00 -8.9413e-01 +7.0418e-01 +2.6947e+00 +1.1381e-01 +2.5797e+00 -2.1936e+00 -1.6978e+00
45970 +1.218189948e-03 +1.218189948e-03 +5.157121819e+01 +5.157121819e+01 +2.4460e+00 +1.2937e+00 -2.2840e+00 -1.0157e+00 +7.7509e-01 +2.8010e+00 +9.5462e-02 +2.5301e+00 -2.1666e+00 -1.7052e+00
45981 +9.785770473e-04 +9.785770473e-04 +5.157097858e+01 +5.157097858e+01 +2.4055e+00 +1.2606e+00 -2.2563e+00 -1.0477e+00 +8.1010e-01 +2.8460e+00 +1.4010e-01 +2.5353e+00 -2.1456e+00 -1.7393e+00
46025 +5.323519902e-04 +5.323519902e-04 +5.157053235e+01 +5.157053235e+01 +2.0692e+00 +1.4370e+00 -2.1411e+00 -1.5907e+00 +1.0437e+00 +3.1367e+00 +1.4548e-01 +2.2946e+00 -1.9920e+00 -1.7599e+00
46036 +2.844773721e-04 +2.844773721e-04 +5.157028448e+01 +5.157028448e+01 +2.1703e+00 +1.3862e+00 -2.1764e+00 -1.4284e+00 +9.7288e-01 +3.0488e+00 +1.4212e-01 +2.3659e+00 -2.0384e+00 -1.7527e+00
46058 +2.329481629e-04 +2.329481629e-04 +5.157023295e+01 +5.157023295e+01 +2.1671e+00 +1.3314e+00 -2.1553e+00 -1.4152e+00 +9.9681e-01 +3.0688e+00 +1.8632e-01 +2.3874e+00 -2.0279e+00 -1.7764e+00
46091 +1.306592603e-04 +1.306592603e-04 +5.157013066e+01 +5.157013066e+01 +2.1235e+00 +1.2370e+00 -2.0875e+00 -1.4954e+00 +1.1162e+00 +3.1714e+00 +2.7154e-01 +2.3750e+00 -1.9725e+00 -1.8050e+00
46102 +8.431164925e-05 +8.431164925e-05 +5.157008431e+01 +5.157008431e+01 +2.1360e+00 +1.2588e+00 -2.0932e+00 -1.5294e+00 +1.1373e+00 +3.1814e+00 +2.4159e-01 +2.3446e+00 -1.9679e+00 -1.7725e+00
46135 +6.094353827e-05 +6.094353827e-05 +5.157006094e+01 +5.157006094e+01 +2.1454e+00 +1.2851e+00 -2.1002e+00 -1.5834e+00 +1.1710e+00 +3.2073e+00 +2.0586e-01 +2.3064e+00 -1.9598e+00 -1.7368e+00
46146 +3.309332234e-05 +3.309332234e-05 +5.157003309e+01 +5.157003309e+01 +2.1103e+00 +1.2596e+00 -2.0903e+00 -1.6081e+00 +1.1907e+00 +3.2559e+00 +2.3986e-01 +2.3265e+00 -1.9498e+00 -1.7796e+00
46179 +2.419766000e-05 +2.419766000e-05 +5.157002420e+01 +5.157002420e+01 +2.0952e+00 +1.2617e+00 -2.0889e+00 -1.6589e+00 +1.2232e+00 +3.3012e+00 +2.3743e-01 +2.3149e+00 -1.9386e+00 -1.7825e+00
46190 +7.975950197e-06 +7.975950197e-06 +5.157000798e+01 +5.157000798e+01 +2.0451e+00 +1.2688e+00 -2.0840e+00 -1.8276e+00 +1.3299e+00 +3.4505e+00 +2.3027e-01 +2.2778e+00 -1.9018e+00 -1.7929e+00
46267 +6.119017236e-06 +6.119017236e-06 +5.157000612e+01 +5.157000612e+01 +2.0346e+00 +1.2714e+00 -2.0749e+00 -1.8482e+00 +1.3107e+00 +3.4365e+00 +2.4888e-01 +2.2981e+00 -1.8993e+00 -1.8055e+00
46333 +3.689827537e-06 +3.689827537e-06 +5.157000369e+01 +5.157000369e+01 +2.0443e+00 +1.2699e+00 -2.0777e+00 -1.8193e+00 +1.2997e+00 +3.4182e+00 +2.4553e-01 +2.2988e+00 -1.9052e+00 -1.8010e+00
46344 +1.808759215e-06 +1.808759215e-06 +5.157000181e+01 +5.157000181e+01 +2.0678e+00 +1.2695e+00 -2.0790e+00 -1.7445e+00 +1.2409e+00 +3.3402e+00 +2.5187e-01 +2.3228e+00 -1.9232e+00 -1.7978e+00
47367 +1.584181675e-06 +1.584181675e-06 +5.157000158e+01 +5.157000158e+01 +2.0739e+00 +1.2805e+00 -2.0997e+00 -1.7530e+00 +1.2437e+00 +3.3304e+00 +2.5378e-01 +2.3261e+00 -1.9179e+00 -1.8013e+00
47488 +7.445775978e-07 +7.445775978e-07 +5.157000074e+01 +5.157000074e+01 +2.0716e+00 +1.2859e+00 -2.1237e+00 -1.7678e+00 +1.2575e+00 +3.3130e+00 +2.7387e-01 +2.3224e+00 -1.9107e+00 -1.8192e+00
47510 +4.714097628e-07 +4.714097628e-07 +5.157000047e+01 +5.157000047e+01 +2.0709e+00 +1.2892e+00 -2.1477e+00 -1.7812e+00 +1.2706e+00 +3.2951e+00 +2.9650e-01 +2.3207e+00 -1.9030e+00 -1.8385e+00
47521 +3.533883017e-07 +3.533883017e-07 +5.157000035e+01 +5.157000035e+01 +2.0689e+00 +1.2876e+00 -2.1477e+00 -1.7864e+00 +1.2783e+00 +3.3014e+00 +2.9548e-01 +2.3152e+00 -1.9018e+00 -1.8384e+00
47532 +2.047122933e-07 +2.047122933e-07 +5.157000020e+01 +5.157000020e+01 +2.0560e+00 +1.2745e+00 -2.1676e+00 -1.8321e+00 +1.3510e+00 +3.3354e+00 +3.0019e-01 +2.2646e+00 -1.8892e+00 -1.8488e+00
47543 +5.485291155e-08 +5.485291155e-08 +5.157000005e+01 +5.157000005e+01 +2.0605e+00 +1.2791e+00 -2.1684e+00 -1.8201e+00 +1.3315e+00 +3.3194e+00 +3.0313e-01 +2.2784e+00 -1.8916e+00 -1.8501e+00
47576 +3.525421732e-08 +3.525421732e-08 +5.157000004e+01 +5.157000004e+01 +2.0629e+00 +1.2837e+00 -2.1755e+00 -1.8190e+00 +1.3260e+00 +3.3077e+00 +3.0496e-01 +2.2794e+00 -1.8916e+00 -1.8522e+00
47642 +1.752357548e-08 +1.752357548e-08 +5.157000002e+01 +5.157000002e+01 +2.0655e+00 +1.2876e+00 -2.1845e+00 -1.8177e+00 +1.3230e+00 +3.2951e+00 +3.0698e-01 +2.2776e+00 -1.8918e+00 -1.8550e+00
47653 +1.201405553e-08 +1.201405553e-08 +5.157000001e+01 +5.157000001e+01 +2.0659e+00 +1.2857e+00 -2.1875e+00 -1.8181e+00 +1.3273e+00 +3.2946e+00 +3.0862e-01 +2.2746e+00 -1.8914e+00 -1.8568e+00
47774 +8.661068307e-09 +8.661068307e-09 +5.157000001e+01 +5.157000001e+01 +2.0675e+00 +1.2834e+00 -2.2012e+00 -1.8217e+00 +1.3408e+00 +3.2899e+00 +3.1289e-01 +2.2637e+00 -1.8903e+00 -1.8627e+00
% function evaluation | noise-free fitness - Fopt (-1.000000000000e+03) | best noise-free fitness - Fopt | measured fitness | best measured fitness | x1 | x2...
1 +8.573649475e+01 +8.573649475e+01 -9.142635053e+02 -9.142635053e+02 -1.1628e+00 -1.6270e+00 -2.6235e-01 -2.5787e+00 +4.1810e-02 -3.6203e+00 -2.1494e-01 +3.2956e+00 -3.4700e+00 +5.1464e-01
23 +5.314528885e+01 +5.314528885e+01 -9.468547112e+02 -9.468547112e+02 +1.4151e+00 -1.1563e+00 +2.0647e+00 -2.1919e+00 +3.1380e-01 -1.2623e+00 +2.6905e+00 -6.2620e-01 -3.1512e-01 +1.0518e+00
56 +3.511746973e+01 +3.511746973e+01 -9.648825303e+02 -9.648825303e+02 +2.3063e+00 -9.9359e-01 +2.8692e+00 -2.0582e+00 +4.0783e-01 -4.4714e-01 +3.6949e+00 -1.9820e+00 +7.7557e-01 +1.2375e+00
133 +2.456109457e+01 +2.456109457e+01 -9.754389054e+02 -9.754389054e+02 +2.0232e+00 -1.0813e+00 +2.6315e+00 -2.0575e+00 +5.5562e-01 -7.2100e-01 +3.4007e+00 -1.6162e+00 +5.5678e-01 +1.2545e+00
144 +1.422384606e+01 +1.422384606e+01 -9.857761539e+02 -9.857761539e+02 +1.9895e+00 -1.1815e+00 +2.6360e+00 -1.9509e+00 +1.0063e+00 -8.1186e-01 +3.4354e+00 -1.7219e+00 +8.1627e-01 +1.4399e+00
166 +7.451065803e+00 +7.451065803e+00 -9.925489342e+02 -9.925489342e+02 +1.9617e+00 -1.3916e+00 +2.6430e+00 -1.7239e+00 +1.9297e+00 -1.0496e+00 +3.5864e+00 -1.9569e+00 +1.2864e+00 +1.8293e+00
221 +6.018826324e+00 +6.018826324e+00 -9.939811737e+02 -9.939811737e+02 +2.1326e+00 -1.5021e+00 +2.6665e+00 -1.6716e+00 +2.1131e+00 -1.3319e+00 +3.9187e+00 -1.9816e+00 +1.0146e+00 +2.0382e+00
276 +3.907017769e+00 +3.907017769e+00 -9.960929822e+02 -9.960929822e+02 +2.3720e+00 -1.8740e+00 +2.8894e+00 -1.8577e+00 +2.4744e+00 -1.3885e+00 +3.9295e+00 -1.4044e+00 +2.0615e-01 +2.6637e+00
914 +2.066037281e+00 +2.066037281e+00 -9.979339627e+02 -9.979339627e+02 +8.5895e-01 +1.2377e-01 +3.2590e-01 +3.4493e+00 +3.7675e+00 -1.3579e+00 +7.3994e-01 +2.3676e+00 +3.2789e+00 +1.1137e+00
20791 +5.417672455e-01 +5.417672455e-01 -9.994582328e+02 -9.994582328e+02 +1.2201e+00 -2.8673e-01 +2.8261e+00 +2.9021e-01 -1.2166e+00 -1.3155e+00 -1.2933e+00 +9.6412e-01 +2.8462e+00 +1.6187e+00
20890 +3.606768686e-01 +3.606768686e-01 -9.996393231e+02 -9.996393231e+02 +1.1730e+00 -2.3765e-01 +2.7423e+00 +3.3744e-01 -1.1338e+00 -1.3460e+00 -1.2781e+00 +9.5173e-01 +2.7718e+00 +1.4895e+00
20923 +2.011711065e-01 +2.011711065e-01 -9.997988289e+02 -9.997988289e+02 +1.2617e+00 -2.5411e-01 +2.6889e+00 +1.4172e-01 -1.0044e+00 -1.3914e+00 -1.3534e+00 +9.9782e-01 +2.6645e+00 +1.5566e+00
20934 +1.466586356e-01 +1.466586356e-01 -9.998533414e+02 -9.998533414e+02 +1.2471e+00 -2.4343e-01 +2.6615e+00 +1.6083e-01 -9.7302e-01 -1.4035e+00 -1.3452e+00 +9.7878e-01 +2.6487e+00 +1.5121e+00
20967 +9.926021449e-02 +9.926021449e-02 -9.999007398e+02 -9.999007398e+02 +1.1962e+00 -2.1405e-01 +2.5744e+00 +2.4835e-01 -8.7098e-01 -1.4422e+00 -1.3067e+00 +8.8059e-01 +2.6238e+00 +1.3555e+00
21000 +6.228152479e-02 +6.228152479e-02 -9.999377185e+02 -9.999377185e+02 +1.2000e+00 -2.4329e-01 +2.6107e+00 +3.3744e-01 -9.0223e-01 -1.4239e+00 -1.2691e+00 +7.3779e-01 +2.7533e+00 +1.3470e+00
21044 +3.392108895e-02 +3.392108895e-02 -9.999660789e+02 -9.999660789e+02 +1.2479e+00 -1.6940e-01 +2.5911e+00 +3.8809e-01 -8.9875e-01 -1.3409e+00 -1.3531e+00 +5.2429e-01 +2.8061e+00 +1.2294e+00
21055 +2.465189691e-02 +2.465189691e-02 -9.999753481e+02 -9.999753481e+02 +1.2979e+00 -9.2187e-02 +2.5737e+00 +3.8204e-01 -9.0527e-01 -1.2603e+00 -1.4603e+00 +3.9754e-01 +2.8036e+00 +1.1436e+00
21176 +1.559152427e-02 +1.559152427e-02 -9.999844085e+02 -9.999844085e+02 +1.3005e+00 -8.8091e-02 +2.5771e+00 +4.3163e-01 -1.0210e+00 -1.3446e+00 -1.5100e+00 +2.9110e-01 +2.8758e+00 +1.0900e+00
21198 +9.708451707e-03 +9.708451707e-03 -9.999902915e+02 -9.999902915e+02 +1.3438e+00 -3.4443e-02 +2.5408e+00 +4.4725e-01 -1.1253e+00 -1.4654e+00 -1.6086e+00 +1.9550e-01 +2.9117e+00 +1.0271e+00
21220 +3.561969428e-03 +3.561969428e-03 -9.999964380e+02 -9.999964380e+02 +1.4529e+00 +1.0016e-01 +2.4498e+00 +4.7948e-01 -1.3849e+00 -1.7664e+00 -1.8570e+00 -3.3668e-02 +2.9948e+00 +8.7361e-01
21242 +2.009930547e-03 +2.009930547e-03 -9.999979901e+02 -9.999979901e+02 +1.4458e+00 +8.9087e-02 +2.4584e+00 +4.3411e-01 -1.3511e+00 -1.7282e+00 -1.8436e+00 +4.9255e-02 +2.9458e+00 +9.1213e-01
21297 +1.484766760e-03 +1.484766760e-03 -9.999985152e+02 -9.999985152e+02 +1.4772e+00 +1.2571e-01 +2.4339e+00 +4.1834e-01 -1.4150e+00 -1.8028e+00 -1.9160e+00 +2.1236e-02 +2.9454e+00 +8.8399e-01
21550 +9.653623980e-04 +9.653623980e-04 -9.999990346e+02 -9.999990346e+02 +1.4685e+00 +1.5799e-01 +2.4031e+00 +4.0881e-01 -1.4638e+00 -1.8216e+00 -1.9153e+00 -2.4959e-02 +2.9665e+00 +8.5310e-01
21605 +2.731078694e-04 +2.731078694e-04 -9.999997269e+02 -9.999997269e+02 +1.3844e+00 +3.2755e-01 +2.2535e+00 +2.5666e-01 -1.6282e+00 -1.8565e+00 -1.8284e+00 -1.9855e-01 +2.9811e+00 +8.7193e-01
21616 +2.343192334e-04 +2.343192334e-04 -9.999997657e+02 -9.999997657e+02 +1.3581e+00 +3.8253e-01 +2.1990e+00 +1.8644e-01 -1.6779e+00 -1.8652e+00 -1.7979e+00 -2.4898e-01 +2.9794e+00 +8.8410e-01
21660 +1.548826821e-04 +1.548826821e-04 -9.999998451e+02 -9.999998451e+02 +1.3769e+00 +3.4793e-01 +2.2143e+00 +1.6737e-01 -1.6402e+00 -1.8569e+00 -1.8101e+00 -2.0080e-01 +2.9631e+00 +8.9465e-01
21902 +9.644972522e-05 +9.644972522e-05 -9.999999036e+02 -9.999999036e+02 +1.3709e+00 +3.7551e-01 +2.2535e+00 +1.2412e-01 -1.6584e+00 -1.8891e+00 -1.7217e+00 -1.9129e-01 +2.9438e+00 +8.9121e-01
21924 +3.341275396e-05 +3.341275396e-05 -9.999999666e+02 -9.999999666e+02 +1.4280e+00 +4.3071e-01 +2.4292e+00 +6.5227e-02 -1.6504e+00 -1.9288e+00 -1.5875e+00 -1.8510e-01 +2.8796e+00 +8.3048e-01
21957 +2.311484138e-05 +2.311484138e-05 -9.999999769e+02 -9.999999769e+02 +1.4395e+00 +4.5829e-01 +2.4483e+00 +4.1636e-02 -1.6709e+00 -1.9443e+00 -1.5748e+00 -2.1253e-01 +2.8717e+00 +8.1423e-01
21968 +8.563977417e-06 +8.563977417e-06 -9.999999914e+02 -9.999999914e+02 +1.4780e+00 +5.5775e-01 +2.5068e+00 -4.2360e-02 -1.7469e+00 -1.9996e+00 -1.5343e+00 -3.1511e-01 +2.8469e+00 +7.5763e-01
22034 +5.962339173e-06 +5.962339173e-06 -9.999999940e+02 -9.999999940e+02 +1.4500e+00 +5.3164e-01 +2.4448e+00 -6.3516e-03 -1.7321e+00 -1.9730e+00 -1.5569e+00 -3.1375e-01 +2.8778e+00 +7.7732e-01
22122 +3.834418635e-06 +3.834418635e-06 -9.999999962e+02 -9.999999962e+02 +1.4670e+00 +5.5227e-01 +2.4916e+00 -2.8693e-02 -1.7404e+00 -1.9911e+00 -1.5254e+00 -3.1750e-01 +2.8590e+00 +7.6000e-01
24509 +2.177942974e-06 +2.177942974e-06 -9.999999978e+02 -9.999999978e+02 +1.3175e+00 +7.2189e-01 +2.6552e+00 -1.1948e-01 -1.6628e+00 -2.0579e+00 -1.5583e+00 -3.0678e-01 +3.0024e+00 +6.9847e-01
24553 +1.011644940e-06 +1.011644940e-06 -9.999999990e+02 -9.999999990e+02 +1.3160e+00 +6.7194e-01 +2.5854e+00 -8.5625e-02 -1.6680e+00 -2.0397e+00 -1.5968e+00 -2.9588e-01 +3.0091e+00 +7.3526e-01
24575 +9.793518529e-07 +9.793518529e-07 -9.999999990e+02 -9.999999990e+02 +1.3157e+00 +6.6695e-01 +2.5772e+00 -8.2539e-02 -1.6694e+00 -2.0383e+00 -1.6010e+00 -2.9536e-01 +3.0102e+00 +7.3953e-01
24597 +5.665708613e-07 +5.665708613e-07 -9.999999994e+02 -9.999999994e+02 +1.3156e+00 +6.7925e-01 +2.5797e+00 -9.4452e-02 -1.6804e+00 -2.0478e+00 -1.5931e+00 -3.0620e-01 +3.0109e+00 +7.3671e-01
24608 +3.251294629e-07 +3.251294629e-07 -9.999999997e+02 -9.999999997e+02 +1.3135e+00 +7.1381e-01 +2.5988e+00 -1.2599e-01 -1.6991e+00 -2.0696e+00 -1.5699e+00 -3.2827e-01 +3.0123e+00 +7.2532e-01
24641 +1.546746944e-07 +1.546746944e-07 -9.999999998e+02 -9.999999998e+02 +1.3179e+00 +7.4751e-01 +2.6361e+00 -1.5640e-01 -1.7045e+00 -2.0880e+00 -1.5421e+00 -3.4252e-01 +3.0073e+00 +7.0781e-01
% function evaluation | noise-free fitness - Fopt (1.000000000000e+03) | best noise-free fitness - Fopt | measured fitness | best measured fitness | x1 | x2...
1 +8.559096374e+01 +8.559096374e+01 +1.085590964e+03 +1.085590964e+03 +4.4253e-01 +1.9942e+00 +4.9452e+00 -7.8019e-01 +4.4329e+00 -8.7527e-01 -7.1659e-01 +2.7487e+00 -2.3393e+00 +4.1810e+00
89 +6.202720284e+01 +6.202720284e+01 +1.062027203e+03 +1.062027203e+03 -1.6893e+00 +3.8677e+00 +3.7301e+00 -3.9427e+00 +1.4010e+00 +3.4908e-01 -2.6628e+00 -1.1275e-01 -1.1794e+00 +3.4688e+00
133 +2.723771000e+01 +2.723771000e+01 +1.027237710e+03 +1.027237710e+03 -2.0872e+00 +2.4838e+00 +3.4911e+00 -2.8631e+00 -1.7547e+00 +9.1992e-01 -2.7940e+00 +7.1741e-01 -3.4480e-01 +3.3436e+00
144 +2.057820076e+01 +2.057820076e+01 +1.020578201e+03 +1.020578201e+03 -2.5006e+00 +2.2343e+00 +3.3576e+00 -2.6618e+00 -3.7716e+00 +1.2064e+00 -2.7937e+00 +1.2856e-01 +2.9380e-01 +2.8453e+00
166 +1.507156693e+01 +1.507156693e+01 +1.015071567e+03 +1.015071567e+03 -1.9987e+00 +1.9143e+00 +3.4989e+00 -1.5705e+00 -4.7445e+00 +9.7613e-01 -2.0931e+00 -4.0447e-01 +5.9669e-01 +2.3925e+00
628 +9.719460785e+00 +9.719460785e+00 +1.009719461e+03 +1.009719461e+03 -4.3753e+00 +2.4380e+00 +1.7387e+00 +4.5716e+00 -7.2102e-01 -1.7502e+00 +2.4993e+00 -2.1851e+00 -2.1280e+00 -1.9565e+00
1750 +2.833174004e+00 +2.833174004e+00 +1.002833174e+03 +1.002833174e+03 -1.8928e+00 +9.9699e-01 -2.1302e+00 +2.7769e+00 -1.1632e+00 -1.2500e+00 -3.9702e+00 -1.0789e+00 -4.2264e+00 -3.1534e-01
1761 +2.002838603e+00 +2.002838603e+00 +1.002002839e+03 +1.002002839e+03 -2.1301e+00 +7.4235e-01 -2.0672e+00 +2.8145e+00 -1.4008e+00 -1.3401e+00 -3.7885e+00 -6.4643e-01 -4.7898e+00 -1.6752e-01
1794 +1.029815513e+00 +1.029815513e+00 +1.001029816e+03 +1.001029816e+03 -2.1434e+00 +6.6626e-01 -2.0805e+00 +2.8617e+00 -1.2196e+00 -1.3999e+00 -3.7969e+00 -8.0456e-01 -4.5798e+00 -1.4746e-01
1805 +9.925756794e-01 +9.925756794e-01 +1.000992576e+03 +1.000992576e+03 -2.1453e+00 +6.5523e-01 -2.0824e+00 +2.8685e+00 -1.1934e+00 -1.4085e+00 -3.7981e+00 -8.2748e-01 -4.5494e+00 -1.4456e-01
1860 +5.387161892e-01 +5.387161892e-01 +1.000538716e+03 +1.000538716e+03 -2.2250e+00 +4.9023e-01 -2.0423e+00 +2.9183e+00 -1.1741e+00 -1.4995e+00 -3.6874e+00 -7.3176e-01 -4.6027e+00 -9.2584e-02
1904 +2.818576396e-01 +2.818576396e-01 +1.000281858e+03 +1.000281858e+03 -2.3776e+00 -6.7778e-03 -1.8894e+00 +3.0534e+00 -1.2139e+00 -1.7492e+00 -3.3012e+00 -3.4801e-01 -4.7950e+00 +1.9705e-02
1937 +2.420114448e-01 +2.420114448e-01 +1.000242011e+03 +1.000242011e+03 -2.3471e+00 -7.0454e-02 -1.8694e+00 +3.0623e+00 -1.2312e+00 -1.7713e+00 -3.2444e+00 -3.0471e-01 -4.7776e+00 +1.8226e-02
1981 +1.567607535e-01 +1.567607535e-01 +1.000156761e+03 +1.000156761e+03 -2.0809e+00 -2.6374e-01 -1.8756e+00 +2.9878e+00 -1.3794e+00 -1.7766e+00 -3.1024e+00 -2.4176e-01 -4.5562e+00 +3.1466e-02
2036 +9.689360090e-02 +9.689360090e-02 +1.000096894e+03 +1.000096894e+03 -1.4166e+00 -1.3312e+00 -2.2534e+00 +2.3626e+00 -2.2625e+00 -1.8121e+00 -2.6951e+00 -1.9379e-02 -3.8728e+00 +7.4037e-01
2058 +6.116909459e-02 +6.116909459e-02 +1.000061169e+03 +1.000061169e+03 -1.6872e+00 -1.0111e+00 -2.1689e+00 +2.5342e+00 -2.0042e+00 -1.7975e+00 -2.8476e+00 -9.2588e-02 -4.1217e+00 +5.9025e-01
2124 +3.850865002e-02 +3.850865002e-02 +1.000038509e+03 +1.000038509e+03 -1.6690e+00 -1.2290e+00 -2.2641e+00 +2.4673e+00 -2.2458e+00 -1.6199e+00 -2.7387e+00 +7.3478e-02 -3.9416e+00 +1.1305e+00
2135 +1.783273650e-02 +1.783273650e-02 +1.000017833e+03 +1.000017833e+03 -1.5723e+00 -1.3844e+00 -2.2788e+00 +2.5132e+00 -2.4580e+00 -1.3346e+00 -2.5643e+00 +3.1049e-01 -3.6637e+00 +1.7217e+00
2146 +1.495801293e-02 +1.495801293e-02 +1.000014958e+03 +1.000014958e+03 -1.5391e+00 -1.3989e+00 -2.2673e+00 +2.5415e+00 -2.4883e+00 -1.2662e+00 -2.5237e+00 +3.6161e-01 -3.5985e+00 +1.8327e+00
2168 +7.421341496e-03 +7.421341496e-03 +1.000007421e+03 +1.000007421e+03 -1.4024e+00 -1.4058e+00 -2.2028e+00 +2.6682e+00 -2.5527e+00 -1.0343e+00 -2.3906e+00 +5.1948e-01 -3.3790e+00 +2.1550e+00
2190 +5.645329348e-03 +5.645329348e-03 +1.000005645e+03 +1.000005645e+03 -1.3772e+00 -1.3617e+00 -2.1842e+00 +2.6899e+00 -2.5081e+00 -1.0496e+00 -2.4075e+00 +4.8578e-01 -3.3939e+00 +2.0831e+00
2234 +3.907648313e-03 +3.907648313e-03 +1.000003908e+03 +1.000003908e+03 -1.3087e+00 -1.3681e+00 -2.2007e+00 +2.6907e+00 -2.5136e+00 -1.0232e+00 -2.4117e+00 +4.6288e-01 -3.3583e+00 +2.1591e+00
2487 +9.880574084e-04 +9.880574084e-04 +1.000000988e+03 +1.000000988e+03 -9.2089e-01 -1.4574e+00 -2.0481e+00 +2.4959e+00 -2.2709e+00 -8.9075e-01 -2.5679e+00 +1.0223e+00 -3.0406e+00 +2.8870e+00
2586 +6.246269184e-04 +6.246269184e-04 +1.000000625e+03 +1.000000625e+03 -9.3075e-01 -1.4528e+00 -2.0730e+00 +2.4171e+00 -2.2268e+00 -9.9148e-01 -2.6478e+00 +9.8502e-01 -3.1274e+00 +2.7811e+00
2630 +2.992151969e-04 +2.992151969e-04 +1.000000299e+03 +1.000000299e+03 -8.7897e-01 -1.4937e+00 -2.0727e+00 +2.3691e+00 -2.2310e+00 -9.6272e-01 -2.6569e+00 +1.1027e+00 -3.0797e+00 +2.9368e+00
2652 +2.320411667e-04 +2.320411667e-04 +1.000000232e+03 +1.000000232e+03 -8.5427e-01 -1.4859e+00 -2.0611e+00 +2.3616e+00 -2.2108e+00 -9.5828e-01 -2.6687e+00 +1.1407e+00 -3.0726e+00 +2.9613e+00
2839 +1.505344817e-04 +1.505344817e-04 +1.000000151e+03 +1.000000151e+03 -8.1442e-01 -1.5128e+00 -2.0431e+00 +2.4094e+00 -2.2241e+00 -1.0057e+00 -2.7003e+00 +1.2538e+00 -3.0417e+00 +3.0329e+00
2905 +7.704848952e-05 +7.704848952e-05 +1.000000077e+03 +1.000000077e+03 -8.2132e-01 -1.4240e+00 -2.0256e+00 +2.4322e+00 -2.1566e+00 -1.1160e+00 -2.8582e+00 +1.2956e+00 -3.0832e+00 +2.9612e+00
2916 +2.199651783e-05 +2.199651783e-05 +1.000000022e+03 +1.000000022e+03 -7.6968e-01 -1.3907e+00 -2.0411e+00 +2.5065e+00 -2.2085e+00 -1.2231e+00 -3.0243e+00 +1.4027e+00 -3.0058e+00 +3.0437e+00
2927 +1.410404820e-05 +1.410404820e-05 +1.000000014e+03 +1.000000014e+03 -7.5903e-01 -1.3950e+00 -2.0464e+00 +2.5208e+00 -2.2277e+00 -1.2290e+00 -3.0347e+00 +1.4157e+00 -2.9849e+00 +3.0677e+00
2938 +8.889431115e-06 +8.889431115e-06 +1.000000009e+03 +1.000000009e+03 -7.4838e-01 -1.3993e+00 -2.0516e+00 +2.5351e+00 -2.2468e+00 -1.2350e+00 -3.0451e+00 +1.4287e+00 -2.9640e+00 +3.0917e+00
3048 +6.240953098e-06 +6.240953098e-06 +1.000000006e+03 +1.000000006e+03 -7.2287e-01 -1.4228e+00 -2.0678e+00 +2.5903e+00 -2.3104e+00 -1.2305e+00 -3.0324e+00 +1.4388e+00 -2.8997e+00 +3.1559e+00
3180 +3.399871389e-06 +3.399871389e-06 +1.000000003e+03 +1.000000003e+03 -7.2674e-01 -1.3896e+00 -2.0599e+00 +2.5913e+00 -2.2798e+00 -1.2469e+00 -3.0533e+00 +1.4132e+00 -2.9153e+00 +3.1120e+00
3191 +2.271666858e-06 +2.271666858e-06 +1.000000002e+03 +1.000000002e+03 -7.2611e-01 -1.4012e+00 -2.0638e+00 +2.5983e+00 -2.2982e+00 -1.2418e+00 -3.0419e+00 +1.4173e+00 -2.9048e+00 +3.1285e+00
3235 +1.264290745e-06 +1.264290745e-06 +1.000000001e+03 +1.000000001e+03 -7.2927e-01 -1.4100e+00 -2.0630e+00 +2.6014e+00 -2.3121e+00 -1.2358e+00 -3.0267e+00 +1.4223e+00 -2.8994e+00 +3.1437e+00
3246 +7.332643008e-07 +7.332643008e-07 +1.000000001e+03 +1.000000001e+03 -7.5339e-01 -1.4188e+00 -2.0584e+00 +2.6078e+00 -2.3471e+00 -1.2247e+00 -2.9882e+00 +1.4212e+00 -2.8979e+00 +3.1628e+00
3257 +2.987432026e-07 +2.987432026e-07 +1.000000000e+03 +1.000000000e+03 -7.4242e-01 -1.4148e+00 -2.0605e+00 +2.6049e+00 -2.3312e+00 -1.2298e+00 -3.0057e+00 +1.4217e+00 -2.8986e+00 +3.1541e+00
3279 +1.884302492e-07 +1.884302492e-07 +1.000000000e+03 +1.000000000e+03 -7.4363e-01 -1.4085e+00 -2.0574e+00 +2.6012e+00 -2.3255e+00 -1.2347e+00 -3.0123e+00 +1.4230e+00 -2.9025e+00 +3.1493e+00
3290 +1.319665444e-07 +1.319665444e-07 +1.000000000e+03 +1.000000000e+03 -7.4197e-01 -1.3977e+00 -2.0546e+00 +2.5959e+00 -2.3125e+00 -1.2438e+00 -3.0279e+00 +1.4230e+00 -2.9084e+00 +3.1376e+00
% function evaluation | noise-free fitness - Fopt (-4.913000000000e+01) | best noise-free fitness - Fopt | measured fitness | best measured fitness | x1 | x2...
1 +8.433252180e+01 +8.433252180e+01 +3.520252180e+01 +3.520252180e+01 -1.6465e+00 +3.4344e+00 -4.8307e+00 -1.0837e+00 -3.0926e+00 +3.4564e-01 -2.5871e+00 +1.5676e+00 -3.6923e-01 +1.1336e+00
78 +5.902889859e+01 +5.902889859e+01 +9.898898591e+00 +9.898898591e+00 -2.1810e+00 +2.1625e+00 -3.9758e+00 -1.1295e+00 -4.8247e-01 +3.1853e+00 -3.8948e+00 -5.4267e-02 +1.2534e+00 +2.1322e+00
386 +2.786976183e+01 +2.786976183e+01 -2.126023817e+01 -2.126023817e+01 -9.8837e-01 -4.0913e+00 +3.7060e+00 -2.6198e-01 +3.6566e+00 +3.2152e+00 +3.0578e+00 -9.8217e-01 -2.6674e+00 +4.2271e+00
397 +1.633003438e+01 +1.633003438e+01 -3.279996562e+01 -3.279996562e+01 -4.2204e-01 -3.6613e+00 +3.9029e+00 +5.3411e-01 +4.1379e+00 +4.0095e+00 +2.7013e+00 -8.3770e-01 -2.3450e+00 +3.4714e+00
419 +1.078318549e+01 +1.078318549e+01 -3.834681451e+01 -3.834681451e+01 -3.1921e-01 -3.4854e+00 +3.4097e+00 +7.2410e-01 +4.3476e+00 +3.7524e+00 +2.5850e+00 -6.6450e-01 -2.2065e+00 +3.3867e+00
430 +7.976991804e+00 +7.976991804e+00 -4.115300820e+01 -4.115300820e+01 -9.7187e-02 -3.2908e+00 +3.4012e+00 +1.1344e+00 +4.8576e+00 +4.4260e+00 +1.8627e+00 -1.4434e-01 -1.2356e+00 +3.0472e+00
760 +1.049087247e+00 +1.049087247e+00 -4.808091275e+01 -4.808091275e+01 +4.7982e+00 +1.5771e-01 -1.9040e+00 +1.8564e-01 -2.7694e+00 -4.3501e+00 -4.6206e+00 -2.2597e-01 +1.6063e+00 +3.3369e+00
771 +8.353721547e-01 +8.353721547e-01 -4.829462785e+01 -4.829462785e+01 +4.2393e+00 +1.6697e-01 -2.1071e+00 +1.2589e-01 -2.4114e+00 -4.2713e+00 -4.5529e+00 -1.7248e-01 +1.3444e+00 +2.9660e+00
20417 +6.174410545e-01 +6.174410545e-01 -4.851255895e+01 -4.851255895e+01 +5.1693e+00 +7.6557e-01 +1.4883e+00 -1.3656e+00 -1.1488e+00 +2.3759e+00 -1.1685e+00 -7.1279e-02 +2.0152e+00 -2.5778e+00
20472 +3.062918738e-01 +3.062918738e-01 -4.882370813e+01 -4.882370813e+01 +4.6513e+00 +1.2658e+00 +1.8337e+00 -7.0898e-01 -6.0980e-01 +2.1770e+00 -4.5688e-01 +8.6287e-01 +2.1363e+00 -1.9947e+00
20527 +2.257282105e-01 +2.257282105e-01 -4.890427179e+01 -4.890427179e+01 +4.5568e+00 +1.4389e+00 +1.9854e+00 -5.2587e-01 -4.6584e-01 +2.1205e+00 -2.3744e-01 +1.1021e+00 +2.1822e+00 -1.8363e+00
20538 +1.386066713e-01 +1.386066713e-01 -4.899139333e+01 -4.899139333e+01 +4.5547e+00 +1.5722e+00 +2.1200e+00 -4.6107e-01 -4.0725e-01 +2.1164e+00 -1.1041e-01 +1.2193e+00 +2.2532e+00 -1.7786e+00
20560 +8.622096649e-02 +8.622096649e-02 -4.904377903e+01 -4.904377903e+01 +4.4994e+00 +1.7856e+00 +2.3435e+00 -3.3725e-01 -2.8599e-01 +2.0873e+00 +1.1000e-01 +1.4693e+00 +2.3762e+00 -1.6789e+00
20571 +4.527462445e-02 +4.527462445e-02 -4.908472538e+01 -4.908472538e+01 +4.4049e+00 +2.1386e+00 +2.7140e+00 -1.3172e-01 -8.3720e-02 +2.0381e+00 +4.7543e-01 +1.8867e+00 +2.5809e+00 -1.5142e+00
20593 +1.986662912e-02 +1.986662912e-02 -4.911013337e+01 -4.911013337e+01 +4.1523e+00 +2.4429e+00 +3.0760e+00 +7.5606e-02 +1.8108e-01 +1.9360e+00 +8.3071e-01 +2.4566e+00 +2.8243e+00 -1.3968e+00
20604 +1.398793148e-02 +1.398793148e-02 -4.911601207e+01 -4.911601207e+01 +4.0171e+00 +2.5250e+00 +3.1913e+00 +1.4069e-01 +2.8950e-01 +1.8871e+00 +9.4112e-01 +2.6925e+00 +2.9188e+00 -1.3797e+00
20626 +5.442066848e-03 +5.442066848e-03 -4.912455793e+01 -4.912455793e+01 +3.6798e+00 +2.6041e+00 +3.3578e+00 +2.2532e-01 +5.1258e-01 +1.7794e+00 +1.0893e+00 +3.1719e+00 +3.1046e+00 -1.4202e+00
20670 +3.824539202e-03 +3.824539202e-03 -4.912617546e+01 -4.912617546e+01 +3.7973e+00 +2.4889e+00 +3.2173e+00 +1.2803e-01 +4.1569e-01 +1.8414e+00 +9.4259e-01 +2.9253e+00 +3.0170e+00 -1.4936e+00
20791 +2.032319044e-03 +2.032319044e-03 -4.912796768e+01 -4.912796768e+01 +3.8755e+00 +2.3676e+00 +3.0824e+00 -6.8873e-02 +4.6630e-01 +2.0158e+00 +7.5041e-01 +2.6849e+00 +3.0274e+00 -1.8172e+00
20824 +1.539902214e-03 +1.539902214e-03 -4.912846010e+01 -4.912846010e+01 +3.8753e+00 +2.4056e+00 +3.1174e+00 -6.7782e-02 +5.1407e-01 +2.0423e+00 +7.7846e-01 +2.7085e+00 +3.0602e+00 -1.8484e+00
20857 +9.439778803e-04 +9.439778803e-04 -4.912905602e+01 -4.912905602e+01 +3.8169e+00 +2.4928e+00 +3.2097e+00 +4.3151e-03 +5.8214e-01 +2.0121e+00 +8.8449e-01 +2.8541e+00 +3.1082e+00 -1.7909e+00
20912 +5.725098548e-04 +5.725098548e-04 -4.912942749e+01 -4.912942749e+01 +3.6484e+00 +2.7123e+00 +3.4332e+00 +1.7682e-01 +8.1700e-01 +1.9685e+00 +1.1518e+00 +3.2325e+00 +3.2407e+00 -1.7053e+00
20934 +9.365635078e-05 +9.365635078e-05 -4.912990634e+01 -4.912990634e+01 +3.6967e+00 +2.6152e+00 +3.2971e+00 +9.4603e-02 +8.4806e-01 +2.0646e+00 +1.0390e+00 +3.0632e+00 +3.1783e+00 -1.8491e+00
20967 +3.096010610e-05 +3.096010610e-05 -4.912996904e+01 -4.912996904e+01 +3.6091e+00 +2.7339e+00 +3.4094e+00 +1.8936e-01 +9.8924e-01 +2.0522e+00 +1.1847e+00 +3.2594e+00 +3.2427e+00 -1.8107e+00
21011 +2.442039919e-05 +2.442039919e-05 -4.912997558e+01 -4.912997558e+01 +3.6200e+00 +2.7223e+00 +3.3824e+00 +1.8128e-01 +1.0100e+00 +2.0778e+00 +1.1727e+00 +3.2282e+00 +3.2259e+00 -1.8370e+00
21132 +1.112427078e-05 +1.112427078e-05 -4.912998888e+01 -4.912998888e+01 +3.6707e+00 +2.6760e+00 +3.3314e+00 +1.4317e-01 +9.5067e-01 +2.0897e+00 +1.1191e+00 +3.1403e+00 +3.1870e+00 -1.8451e+00
21143 +7.874424632e-06 +7.874424632e-06 -4.912999213e+01 -4.912999213e+01 +3.6707e+00 +2.6727e+00 +3.3286e+00 +1.3744e-01 +9.5314e-01 +2.0935e+00 +1.1163e+00 +3.1405e+00 +3.1872e+00 -1.8532e+00
21198 +3.479910632e-06 +3.479910632e-06 -4.912999652e+01 -4.912999652e+01 +3.6497e+00 +2.6874e+00 +3.3441e+00 +1.3682e-01 +9.9594e-01 +2.1053e+00 +1.1406e+00 +3.1893e+00 +3.2029e+00 -1.8754e+00
21352 +2.502303388e-06 +2.502303388e-06 -4.912999750e+01 -4.912999750e+01 +3.6374e+00 +2.6928e+00 +3.3505e+00 +1.4382e-01 +1.0080e+00 +2.1013e+00 +1.1528e+00 +3.2125e+00 +3.2060e+00 -1.8712e+00
21682 +1.569736185e-06 +1.569736185e-06 -4.912999843e+01 -4.912999843e+01 +3.6812e+00 +2.6514e+00 +3.3247e+00 +9.4506e-02 +9.7107e-01 +2.0962e+00 +1.1440e+00 +3.1539e+00 +3.2045e+00 -1.8871e+00
21781 +9.625949957e-07 +9.625949957e-07 -4.912999904e+01 -4.912999904e+01 +3.6970e+00 +2.6431e+00 +3.3201e+00 +7.0139e-02 +9.5903e-01 +2.0897e+00 +1.1622e+00 +3.1446e+00 +3.2208e+00 -1.9079e+00
21792 +5.819525484e-07 +5.819525484e-07 -4.912999942e+01 -4.912999942e+01 +3.7057e+00 +2.6418e+00 +3.3308e+00 +4.3296e-02 +9.7013e-01 +2.0845e+00 +1.1996e+00 +3.1594e+00 +3.2508e+00 -1.9335e+00
21814 +3.465722855e-07 +3.465722855e-07 -4.912999965e+01 -4.912999965e+01 +3.7035e+00 +2.6426e+00 +3.3310e+00 +4.9493e-02 +9.7153e-01 +2.0826e+00 +1.1998e+00 +3.1602e+00 +3.2469e+00 -1.9254e+00
21836 +1.611345013e-07 +1.611345013e-07 -4.912999984e+01 -4.912999984e+01 +3.7139e+00 +2.6364e+00 +3.3279e+00 +4.4188e-02 +9.6946e-01 +2.0723e+00 +1.2207e+00 +3.1545e+00 +3.2491e+00 -1.9188e+00
21847 +1.259212183e-07 +1.259212183e-07 -4.912999987e+01 -4.912999987e+01 +3.7138e+00 +2.6379e+00 +3.3297e+00 +4.2490e-02 +9.7176e-01 +2.0731e+00 +1.2238e+00 +3.1572e+00 +3.2523e+00 -1.9223e+00
21858 +9.378661048e-08 +9.378661048e-08 -4.912999991e+01 -4.912999991e+01 +3.7138e+00 +2.6397e+00 +3.3319e+00 +4.0338e-02 +9.7467e-01 +2.0741e+00 +1.2279e+00 +3.1607e+00 +3.2563e+00 -1.9267e+00
21880 +5.661819813e-08 +5.661819813e-08 -4.912999994e+01 -4.912999994e+01 +3.7184e+00 +2.6423e+00 +3.3363e+00 +3.2170e-02 +9.8096e-01 +2.0723e+00 +1.2476e+00 +3.1671e+00 +3.2681e+00 -1.9361e+00
34442 +2.787911768e-08 +2.787911768e-08 -4.912999997e+01 -4.912999997e+01 +3.7650e+00 +2.6454e+00 +3.3196e+00 -1.4271e-02 +9.4762e-01 +2.0693e+00 +1.2325e+00 +3.1716e+00 +3.2763e+00 -1.9756e+00
34453 +1.615021006e-08 +1.615021006e-08 -4.912999998e+01 -4.912999998e+01 +3.7574e+00 +2.6475e+00 +3.3226e+00 -5.9880e-03 +9.5321e-01 +2.0700e+00 +1.2339e+00 +3.1748e+00 +3.2750e+00 -1.9700e+00
34464 +1.143981621e-08 +1.143981621e-08 -4.912999999e+01 -4.912999999e+01 +3.7804e+00 +2.6377e+00 +3.3140e+00 -2.7879e-02 +9.3956e-01 +2.0679e+00 +1.2342e+00 +3.1646e+00 +3.2795e+00 -1.9844e+00
34475 +9.632543652e-09 +9.632543652e-09 -4.912999999e+01 -4.912999999e+01 +3.7759e+00 +2.6393e+00 +3.3157e+00 -2.3284e-02 +9.4257e-01 +2.0683e+00 +1.2346e+00 +3.1666e+00 +3.2787e+00 -1.9813e+00
34497 +5.562441174e-09 +5.562441174e-09 -4.912999999e+01 -4.912999999e+01 +3.7584e+00 +2.6454e+00 +3.3224e+00 -5.5649e-03 +9.5417e-01 +2.0700e+00 +1.2359e+00 +3.1741e+00 +3.2755e+00 -1.9696e+00
