% function evaluation | noise-free fitness - Fopt (-1.000000000000e+03) | best noise-free fitness - Fopt | measured fitness | best measured fitness | x1 | x2...
1 +8.293809133e+01 +8.293809133e+01 -9.170619087e+02 -9.170619087e+02 -2.9736e+00 +1.9124e+00 -3.4303e+00 -2.5044e+00 +3.7549e+00
43 +6.028087146e+01 +6.028087146e+01 -9.397191285e+02 -9.397191285e+02 -3.2714e+00 +2.7712e+00 -4.0029e+00 -2.5464e+00 +8.9391e-01
49 +3.302518217e+01 +3.302518217e+01 -9.669748178e+02 -9.669748178e+02 -3.4067e+00 +2.6937e+00 -3.0787e+00 -2.8019e+00 -1.0334e+00
61 +2.497824433e+01 +2.497824433e+01 -9.750217557e+02 -9.750217557e+02 -3.4509e+00 +2.5424e+00 -2.4617e+00 -2.9477e+00 -1.6007e+00
67 +1.268073199e+01 +1.268073199e+01 -9.873192680e+02 -9.873192680e+02 -3.4483e+00 +2.5162e+00 -2.4123e+00 -2.9516e+00 -7.7495e-01
73 +7.290690388e+00 +7.290690388e+00 -9.927093096e+02 -9.927093096e+02 -3.6196e+00 +2.6781e+00 -1.8562e+00 -3.1283e+00 -6.3905e-01
79 +5.592594457e+00 +5.592594457e+00 -9.944074055e+02 -9.944074055e+02 -3.6954e+00 +2.8029e+00 -1.6809e+00 -3.1797e+00 -7.5690e-01
91 +2.056564690e+00 +2.056564690e+00 -9.979434353e+02 -9.979434353e+02 -4.0426e+00 +3.3747e+00 -8.7744e-01 -3.4153e+00 -1.2970e+00
139 +1.431510178e+00 +1.431510178e+00 -9.985684898e+02 -9.985684898e+02 -3.9966e+00 +3.8776e+00 -7.6634e-01 -3.0881e+00 -9.9138e-01
163 +9.257962267e-01 +9.257962267e-01 -9.990742038e+02 -9.990742038e+02 -3.9368e+00 +4.0769e+00 -5.0215e-01 -2.9245e+00 -1.1717e+00
805 +5.177257947e-01 +5.177257947e-01 -9.994822742e+02 -9.994822742e+02 +2.2677e+00 +1.5325e+00 +2.0401e+00 +2.7813e+00 -6.2760e-02
823 +3.970674300e-01 +3.970674300e-01 -9.996029326e+02 -9.996029326e+02 +2.2953e+00 +1.5179e+00 +2.0687e+00 +2.7554e+00 -1.5824e-02
835 +2.271266082e-01 +2.271266082e-01 -9.997728734e+02 -9.997728734e+02 +2.3797e+00 +1.4737e+00 +2.1551e+00 +2.6754e+00 +1.2607e-01
883 +1.523295940e-01 +1.523295940e-01 -9.998476704e+02 -9.998476704e+02 +2.4009e+00 +1.4626e+00 +2.0520e+00 +2.5017e+00 +1.5648e-02
913 +8.705997435e-02 +8.705997435e-02 -9.999129400e+02 -9.999129400e+02 +2.0630e+00 +1.0230e+00 +1.8183e+00 +1.7541e+00 -2.8978e-01
925 +5.268957502e-02 +5.268957502e-02 -9.999473104e+02 -9.999473104e+02 +2.0729e+00 +9.2384e-01 +1.8356e+00 +1.6753e+00 -2.8963e-01
991 +3.676852820e-02 +3.676852820e-02 -9.999632315e+02 -9.999632315e+02 +2.0226e+00 +8.7282e-01 +1.8525e+00 +1.3125e+00 -5.0522e-01
997 +2.293242942e-02 +2.293242942e-02 -9.999770676e+02 -9.999770676e+02 +1.8725e+00 +9.2190e-01 +2.0228e+00 +1.1061e+00 -7.4588e-01
1003 +1.429987456e-02 +1.429987456e-02 -9.999857001e+02 -9.999857001e+02 +1.7492e+00 +9.1718e-01 +2.1641e+00 +8.7640e-01 -9.5486e-01
1015 +9.187555111e-04 +9.187555111e-04 -9.999990812e+02 -9.999990812e+02 +1.5237e+00 +8.3015e-01 +2.4257e+00 +3.4723e-01 -1.3579e+00
1027 +6.642861194e-06 +6.642861194e-06 -9.999999934e+02 -9.999999934e+02 +1.3460e+00 +7.5220e-01 +2.6326e+00 -8.4317e-02 -1.6787e+00
1045 +3.980692213e-06 +3.980692213e-06 -9.999999960e+02 -9.999999960e+02 +1.3290e+00 +7.4391e-01 +2.6526e+00 -1.2709e-01 -1.7098e+00
1051 +2.180545835e-06 +2.180545835e-06 -9.999999978e+02 -9.999999978e+02 +1.3158e+00 +7.3742e-01 +2.6682e+00 -1.6038e-01 -1.7340e+00
1099 +8.890135632e-07 +8.890135632e-07 -9.999999991e+02 -9.999999991e+02 +1.3039e+00 +7.1635e-01 +2.6841e+00 -2.1589e-01 -1.7617e+00
1123 +5.209917617e-07 +5.209917617e-07 -9.999999995e+02 -9.999999995e+02 +1.3095e+00 +7.1278e-01 +2.6781e+00 -2.1274e-01 -1.7542e+00
1129 +2.799343974e-07 +2.799343974e-07 -9.999999997e+02 -9.999999997e+02 +1.3170e+00 +7.1364e-01 +2.6695e+00 -1.9927e-01 -1.7419e+00
1135 +2.222520834e-08 +2.222520834e-08 -1.000000000e+03 -1.000000000e+03 +1.3450e+00 +7.1122e-01 +2.6381e+00 -1.5842e-01 -1.6985e+00
1147 +1.289038210e-08 +1.289038210e-08 -1.000000000e+03 -1.000000000e+03 +1.3522e+00 +7.1214e-01 +2.6298e+00 -1.4520e-01 -1.6866e+00
1873 +9.258087630e-09 +9.258087630e-09 -1.000000000e+03 -1.000000000e+03 +1.3459e+00 +7.1053e-01 +2.6398e+00 -1.7379e-01 -1.7039e+00
% function evaluation | noise-free fitness - Fopt (1.000000000000e+03) | best noise-free fitness - Fopt | measured fitness | best measured fitness | x1 | x2...
1 +8.258321578e+01 +8.258321578e+01 +1.082583216e+03 +1.082583216e+03 -1.1082e+00 -1.5534e+00 -8.4016e-01 +2.6016e+00 +4.5434e+00
79 +6.238573765e+01 +6.238573765e+01 +1.062385738e+03 +1.062385738e+03 +9.2316e-01 +4.5390e+00 -3.9915e-01 +1.4405e+00 +3.7014e+00
163 +3.764390413e+01 +3.764390413e+01 +1.037643904e+03 +1.037643904e+03 -2.9433e+00 -3.5506e+00 +3.1207e+00 -2.9619e+00 +6.3486e-01
271 +2.385524459e+01 +2.385524459e+01 +1.023855245e+03 +1.023855245e+03 +1.9934e+00 +9.7662e-01 +4.7157e-01 -1.0377e+00 +8.8401e-01
295 +1.450866837e+01 +1.450866837e+01 +1.014508668e+03 +1.014508668e+03 +1.7193e+00 +1.0060e+00 +1.0781e+00 -1.2030e+00 +9.0124e-01
313 +8.725507385e+00 +8.725507385e+00 +1.008725507e+03 +1.008725507e+03 +1.6287e+00 +1.7126e+00 +1.6413e+00 -1.7443e+00 +8.6625e-01
325 +5.907563808e+00 +5.907563808e+00 +1.005907564e+03 +1.005907564e+03 +1.8053e+00 +2.3075e+00 +2.0909e+00 -2.4319e+00 +9.1157e-01
349 +3.663151172e+00 +3.663151172e+00 +1.003663151e+03 +1.003663151e+03 +1.9566e+00 +2.5591e+00 +2.2924e+00 -2.9830e+00 +1.0405e+00
559 +2.016175903e+00 +2.016175903e+00 +1.002016176e+03 +1.002016176e+03 -3.7881e+00 +7.1198e-01 -5.5842e-03 -2.9480e+00 -2.4535e+00
577 +1.575215565e+00 +1.575215565e+00 +1.001575216e+03 +1.001575216e+03 -3.5456e+00 +4.4213e-01 +3.6297e-01 -2.7189e+00 -2.6277e+00
601 +9.060553735e-01 +9.060553735e-01 +1.000906055e+03 +1.000906055e+03 -3.6184e+00 +6.1431e-01 +3.6945e-01 -2.9635e+00 -2.4470e+00
3505 +1.282389856e-01 +1.282389856e-01 +1.000128239e+03 +1.000128239e+03 -1.2691e-01 -3.4047e-01 -1.4288e+00 +3.9948e+00 -8.9050e-01
3511 +7.287087353e-02 +7.287087353e-02 +1.000072871e+03 +1.000072871e+03 -9.6370e-02 -5.3488e-01 -1.3703e+00 +3.9332e+00 -8.0378e-01
3529 +6.010172183e-02 +6.010172183e-02 +1.000060102e+03 +1.000060102e+03 -8.9478e-02 -6.4239e-01 -1.3420e+00 +3.8865e+00 -7.4973e-01
3565 +2.832059734e-02 +2.832059734e-02 +1.000028321e+03 +1.000028321e+03 -3.3498e-01 -8.3784e-01 -1.6660e+00 +3.6127e+00 -5.6477e-01
3571 +2.119534133e-02 +2.119534133e-02 +1.000021195e+03 +1.000021195e+03 -4.3170e-01 -9.0159e-01 -1.8220e+00 +3.5274e+00 -5.0873e-01
3625 +1.564269595e-02 +1.564269595e-02 +1.000015643e+03 +1.000015643e+03 -4.9586e-01 -9.5103e-01 -1.8324e+00 +3.4742e+00 -6.7047e-01
3667 +7.122424440e-03 +7.122424440e-03 +1.000007122e+03 +1.000007122e+03 -7.2161e-01 -1.2705e+00 -2.0455e+00 +2.9420e+00 -1.3347e+00
3673 +2.658149403e-03 +2.658149403e-03 +1.000002658e+03 +1.000002658e+03 -7.6954e-01 -1.3988e+00 -2.1091e+00 +2.6847e+00 -1.8574e+00
3679 +9.157010435e-04 +9.157010435e-04 +1.000000916e+03 +1.000000916e+03 -7.6126e-01 -1.4041e+00 -2.1015e+00 +2.6635e+00 -1.9601e+00
3691 +5.191671780e-04 +5.191671780e-04 +1.000000519e+03 +1.000000519e+03 -7.5493e-01 -1.4062e+00 -2.0953e+00 +2.6521e+00 -2.0259e+00
3697 +1.438455454e-04 +1.438455454e-04 +1.000000144e+03 +1.000000144e+03 -7.4616e-01 -1.4092e+00 -2.0866e+00 +2.6358e+00 -2.1184e+00
3709 +2.679827901e-05 +2.679827901e-05 +1.000000027e+03 +1.000000027e+03 -7.3790e-01 -1.4121e+00 -2.0785e+00 +2.6204e+00 -2.2054e+00
3715 +1.258880638e-05 +1.258880638e-05 +1.000000013e+03 +1.000000013e+03 -7.3513e-01 -1.4129e+00 -2.0757e+00 +2.6156e+00 -2.2337e+00
3721 +3.166957299e-06 +3.166957299e-06 +1.000000003e+03 +1.000000003e+03 -7.3107e-01 -1.4142e+00 -2.0717e+00 +2.6085e+00 -2.2751e+00
3733 +9.574102933e-08 +9.574102933e-08 +1.000000000e+03 +1.000000000e+03 -7.1873e-01 -1.4179e+00 -2.0595e+00 +2.5870e+00 -2.4009e+00
3739 +4.847345281e-08 +4.847345281e-08 +1.000000000e+03 +1.000000000e+03 -7.1949e-01 -1.4175e+00 -2.0602e+00 +2.5885e+00 -2.3924e+00
% function evaluation | noise-free fitness - Fopt (-4.913000000000e+01) | best noise-free fitness - Fopt | measured fitness | best measured fitness | x1 | x2...
1 +6.635672510e+01 +6.635672510e+01 +1.722672510e+01 +1.722672510e+01 -3.5493e+00 -7.2978e-01 +2.1427e-01 +7.2338e-01 +3.9522e+00
7 +6.301794318e+01 +6.301794318e+01 +1.388794318e+01 +1.388794318e+01 -4.5493e+00 -6.5146e-01 +6.2284e-01 +3.7794e-01 +4.9037e+00
19 +3.701759641e+01 +3.701759641e+01 -1.211240359e+01 -1.211240359e+01 -4.2917e+00 -7.4326e-01 +3.4125e-01 +3.5831e-01 +4.3432e+00
43 +2.296498288e+01 +2.296498288e+01 -2.616501712e+01 -2.616501712e+01 -4.5173e+00 -1.6209e+00 -3.0774e-02 -1.1967e+00 +4.2229e+00
97 +1.534312219e+01 +1.534312219e+01 -3.378687781e+01 -3.378687781e+01 -4.1106e+00 -2.2241e+00 +1.6562e+00 -3.6596e+00 +3.4834e+00
319 +9.579579804e+00 +9.579579804e+00 -3.955042020e+01 -3.955042020e+01 -1.4094e-01 -6.8784e-01 +4.6759e+00 -2.6176e+00 -1.4225e+00
463 +5.941816839e+00 +5.941816839e+00 -4.318818316e+01 -4.318818316e+01 +4.1388e+00 +4.3060e+00 +3.4844e+00 -7.3266e-01 -4.0839e+00
2197 +2.860829465e+00 +2.860829465e+00 -4.626917053e+01 -4.626917053e+01 +3.2566e+00 -2.6000e-01 +1.8915e+00 -1.2235e+00 +1.4612e+00
2209 +1.944580285e+00 +1.944580285e+00 -4.718541972e+01 -4.718541972e+01 +3.2094e+00 -1.8347e-01 +1.7863e+00 -1.1211e+00 +1.5273e+00
2221 +7.370840934e-01 +7.370840934e-01 -4.839291591e+01 -4.839291591e+01 +3.1809e+00 -8.4998e-02 +1.6370e+00 -9.7676e-01 +1.4984e+00
2233 +5.763326310e-01 +5.763326310e-01 -4.855366737e+01 -4.855366737e+01 +3.1090e+00 -1.9746e-02 +1.6244e+00 -9.0743e-01 +1.4862e+00
2263 +3.494769067e-01 +3.494769067e-01 -4.878052309e+01 -4.878052309e+01 +2.6546e+00 +3.0208e-01 +1.9186e+00 -6.0937e-01 +1.1085e+00
2299 +2.222109804e-01 +2.222109804e-01 -4.890778902e+01 -4.890778902e+01 +2.7140e+00 +3.1163e-01 +1.9642e+00 -5.3654e-01 +1.0749e+00
2311 +1.370710182e-01 +1.370710182e-01 -4.899292898e+01 -4.899292898e+01 +2.7543e+00 +3.8117e-01 +2.1286e+00 -3.4053e-01 +1.0293e+00
2323 +4.024714796e-02 +4.024714796e-02 -4.908975285e+01 -4.908975285e+01 +2.8776e+00 +5.8154e-01 +2.6021e+00 +2.2709e-01 +9.4399e-01
2329 +3.204624497e-02 +3.204624497e-02 -4.909795376e+01 -4.909795376e+01 +2.9175e+00 +6.4557e-01 +2.7521e+00 +4.0732e-01 +9.2227e-01
2377 +2.375526097e-02 +2.375526097e-02 -4.910624474e+01 -4.910624474e+01 +2.9269e+00 +6.8510e-01 +2.6884e+00 +3.0693e-01 +9.6645e-01
2395 +1.466752934e-02 +1.466752934e-02 -4.911533247e+01 -4.911533247e+01 +3.0479e+00 +1.0230e+00 +2.7001e+00 +1.5274e-01 +9.8102e-01
2407 +2.307178707e-03 +2.307178707e-03 -4.912769282e+01 -4.912769282e+01 +3.5459e+00 +2.2755e+00 +3.0631e+00 -1.3192e-02 +9.7272e-01
2413 +1.041327575e-03 +1.041327575e-03 -4.912895867e+01 -4.912895867e+01 +3.5922e+00 +2.3701e+00 +3.1339e+00 +2.3427e-02 +9.6445e-01
2419 +9.372198426e-04 +9.372198426e-04 -4.912906278e+01 -4.912906278e+01 +3.5913e+00 +2.3613e+00 +3.1434e+00 +3.7387e-02 +9.6250e-01
2437 +2.197605029e-04 +2.197605029e-04 -4.912978024e+01 -4.912978024e+01 +3.6247e+00 +2.3705e+00 +3.2733e+00 +1.6697e-01 +9.4188e-01
2455 +1.291570557e-04 +1.291570557e-04 -4.912987084e+01 -4.912987084e+01 +3.6839e+00 +2.5099e+00 +3.3120e+00 +1.3397e-01 +9.4299e-01
2467 +7.077533203e-05 +7.077533203e-05 -4.912992922e+01 -4.912992922e+01 +3.7311e+00 +2.6127e+00 +3.3473e+00 +1.1045e-01 +9.4358e-01
2473 +2.697807265e-05 +2.697807265e-05 -4.912997302e+01 -4.912997302e+01 +3.8877e+00 +2.9378e+00 +3.4625e+00 +2.0251e-02 +9.4754e-01
2479 +2.224110143e-05 +2.224110143e-05 -4.912997776e+01 -4.912997776e+01 +3.8670e+00 +2.8938e+00 +3.4460e+00 +2.9069e-02 +9.4749e-01
2491 +1.022978438e-05 +1.022978438e-05 -4.912998977e+01 -4.912998977e+01 +3.7846e+00 +2.7177e+00 +3.3799e+00 +6.4337e-02 +9.4729e-01
2497 +7.286703308e-06 +7.286703308e-06 -4.912999271e+01 -4.912999271e+01 +3.8188e+00 +2.7893e+00 +3.4055e+00 +4.5623e-02 +9.4800e-01
2521 +2.008148336e-06 +2.008148336e-06 -4.912999799e+01 -4.912999799e+01 +3.7694e+00 +2.6761e+00 +3.3555e+00 +4.4185e-02 +9.5136e-01
2527 +1.577895517e-06 +1.577895517e-06 -4.912999842e+01 -4.912999842e+01 +3.7363e+00 +2.5996e+00 +3.3213e+00 +4.1424e-02 +9.5389e-01
2539 +4.801551512e-08 +4.801551512e-08 -4.912999995e+01 -4.912999995e+01 +3.7347e+00 +2.5852e+00 +3.3049e+00 +9.5718e-03 +9.5889e-01
2545 +3.946801996e-08 +3.946801996e-08 -4.912999996e+01 -4.912999996e+01 +3.7375e+00 +2.5915e+00 +3.3074e+00 +8.9437e-03 +9.5881e-01
2551 +1.405695116e-09 +1.405695116e-09 -4.913000000e+01 -4.913000000e+01 +3.7630e+00 +2.6479e+00 +3.3303e+00 +3.2903e-03 +9.5806e-01
% function evaluation | noise-free fitness - Fopt (2.977300000000e+02) | best noise-free fitness - Fopt | measured fitness | best measured fitness | x1 | x2...
1 +7.813654705e+01 +7.813654705e+01 +3.758665471e+02 +3.758665471e+02 +5.0122e-01 +5.1322e-01 -2.8510e+00 -1.2694e+00 +2.4836e+00
19 +1.381643857e+01 +1.381643857e+01 +3.115464386e+02 +3.115464386e+02 +4.6739e-01 -1.3694e+00 +7.2196e-01 -1.4999e+00 +9.7812e-01
43 +8.516270295e+00 +8.516270295e+00 +3.062462703e+02 +3.062462703e+02 +2.4814e-01 -1.8458e+00 +1.0101e+00 -1.0716e+00 +7.4207e-01
391 +5.713730861e+00 +5.713730861e+00 +3.034437309e+02 +3.034437309e+02 -4.0060e+00 +5.0246e-01 +8.1872e-01 +1.6935e+00 -2.6988e+00
397 +3.822311894e+00 +3.822311894e+00 +3.015523119e+02 +3.015523119e+02 -3.6833e+00 -3.3107e-01 +1.1939e+00 +2.0036e+00 -2.5523e+00
769 +2.429985942e+00 +2.429985942e+00 +3.001599859e+02 +3.001599859e+02 +2.8001e+00 -4.3840e+00 +2.3866e+00 -4.5295e+00 -7.7385e-01
1711 +1.013505519e+00 +1.013505519e+00 +2.987435055e+02 +2.987435055e+02 +1.3919e+00 +3.5308e+00 +3.7474e+00 -3.3435e+00 +3.0474e-01
1735 +9.372452867e-01 +9.372452867e-01 +2.986672453e+02 +2.986672453e+02 +1.4146e+00 +3.4994e+00 +3.6538e+00 -3.2619e+00 +3.6967e-01
3283 +4.898862855e-01 +4.898862855e-01 +2.982198863e+02 +2.982198863e+02 -3.7606e+00 +1.5939e-01 +4.3019e+00 +2.5497e+00 +1.9282e+00
3295 +1.504781982e-01 +1.504781982e-01 +2.978804782e+02 +2.978804782e+02 -3.7534e+00 +2.6106e-01 +4.1861e+00 +2.5150e+00 +1.7550e+00
3301 +4.936831591e-02 +4.936831591e-02 +2.977793683e+02 +2.977793683e+02 -3.7469e+00 +3.5255e-01 +4.0819e+00 +2.4837e+00 +1.5992e+00
3313 +1.063372645e-05 +1.063372645e-05 +2.977300106e+02 +2.977300106e+02 -3.7286e+00 +6.2023e-01 +3.7883e+00 +2.3885e+00 +1.1469e+00
3319 +9.964022809e-06 +9.964022809e-06 +2.977300100e+02 +2.977300100e+02 -3.7286e+00 +6.1999e-01 +3.7889e+00 +2.3885e+00 +1.1474e+00
3349 +5.819169928e-06 +5.819169928e-06 +2.977300058e+02 +2.977300058e+02 -3.7294e+00 +6.1417e-01 +3.8042e+00 +2.3886e+00 +1.1600e+00
3379 +3.017001745e-06 +3.017001745e-06 +2.977300030e+02 +2.977300030e+02 -3.7300e+00 +6.1295e-01 +3.8150e+00 +2.3871e+00 +1.1651e+00
3385 +1.585550763e-06 +1.585550763e-06 +2.977300016e+02 +2.977300016e+02 -3.7300e+00 +6.2215e-01 +3.8184e+00 +2.3817e+00 +1.1538e+00
3391 +1.495519939e-06 +1.495519939e-06 +2.977300015e+02 +2.977300015e+02 -3.7300e+00 +6.2362e-01 +3.8189e+00 +2.3809e+00 +1.1520e+00
3397 +3.888088713e-07 +3.888088713e-07 +2.977300004e+02 +2.977300004e+02 -3.7300e+00 +6.3684e-01 +3.8233e+00 +2.3732e+00 +1.1357e+00
3403 +6.169818789e-08 +6.169818789e-08 +2.977300001e+02 +2.977300001e+02 -3.7299e+00 +6.7933e-01 +3.8379e+00 +2.3484e+00 +1.0834e+00
3409 +3.834168183e-08 +3.834168183e-08 +2.977300000e+02 +2.977300000e+02 -3.7299e+00 +6.7258e-01 +3.8356e+00 +2.3523e+00 +1.0917e+00
3421 +1.937206662e-08 +1.937206662e-08 +2.977300000e+02 +2.977300000e+02 -3.7300e+00 +6.6617e-01 +3.8336e+00 +2.3560e+00 +1.0997e+00
5977 +1.405612693e-08 +1.405612693e-08 +2.977300000e+02 +2.977300000e+02 -3.7728e+00 +6.6396e-01 +3.8518e+00 +2.3531e+00 +1.1087e+00
12223 +2.722288173e-09 +2.722288173e-09 +2.977300000e+02 +2.977300000e+02 -3.7895e+00 +6.6787e-01 +3.8468e+00 +2.3553e+00 +1.0998e+00
% function evaluation | noise-free fitness - Fopt (5.157000000000e+01) | best noise-free fitness - Fopt | measured fitness | best measured fitness | x1 | x2...
1 +8.227524702e+01 +8.227524702e+01 +1.338452470e+02 +1.338452470e+02 +9.7322e-01 +1.0354e+00 -5.2142e-02 +2.4662e+00 +4.1199e+00
13 +4.769074060e+01 +4.769074060e+01 +9.926074060e+01 +9.926074060e+01 +1.1554e-01 +1.7290e+00 -2.6763e+00 -2.4744e-01 +4.1322e+00
19 +1.904330638e+01 +1.904330638e+01 +7.061330638e+01 +7.061330638e+01 -7.9848e-01 +2.4682e+00 -5.4729e+00 -3.1393e+00 +4.1452e+00
67 +1.508221829e+01 +1.508221829e+01 +6.665221829e+01 +6.665221829e+01 -1.3632e+00 +3.3690e+00 -5.0008e+00 -3.6593e+00 +2.1327e+00
73 +8.740303386e+00 +8.740303386e+00 +6.031030339e+01 +6.031030339e+01 -1.1462e+00 +2.9951e+00 -5.3208e+00 -3.5392e+00 +3.0312e+00
85 +5.624745984e+00 +5.624745984e+00 +5.719474598e+01 +5.719474598e+01 -6.7269e-01 +3.8210e+00 -4.6336e+00 -4.2672e+00 +2.9703e+00
1171 +2.572085596e+00 +2.572085596e+00 +5.414208560e+01 +5.414208560e+01 -2.2129e+00 -2.7728e+00 -5.6241e-01 -3.3635e+00 +2.2544e+00
1177 +2.005940337e+00 +2.005940337e+00 +5.357594034e+01 +5.357594034e+01 -2.1991e+00 -2.6752e+00 -5.7782e-01 -3.3638e+00 +1.9726e+00
1189 +1.514448070e+00 +1.514448070e+00 +5.308444807e+01 +5.308444807e+01 -2.2066e+00 -2.6029e+00 -5.4476e-01 -3.3669e+00 +1.6258e+00
1201 +9.744473598e-01 +9.744473598e-01 +5.254444736e+01 +5.254444736e+01 -2.2170e+00 -2.5026e+00 -4.9887e-01 -3.3711e+00 +1.1445e+00
3025 +4.213537487e-01 +4.213537487e-01 +5.199135375e+01 +5.199135375e+01 +8.4778e-01 +1.9186e+00 -1.7137e+00 -2.6471e+00 +1.3990e+00
3031 +8.834100473e-02 +8.834100473e-02 +5.165834100e+01 +5.165834100e+01 +1.2272e+00 +1.7131e+00 -1.8804e+00 -2.4061e+00 +1.3724e+00
3037 +2.807864134e-02 +2.807864134e-02 +5.159807864e+01 +5.159807864e+01 +1.4315e+00 +1.6024e+00 -1.9653e+00 -2.2715e+00 +1.3611e+00
3043 +7.748019073e-03 +7.748019073e-03 +5.157774802e+01 +5.157774802e+01 +1.6162e+00 +1.5023e+00 -2.0402e+00 -2.1480e+00 +1.3520e+00
3049 +8.857323103e-04 +8.857323103e-04 +5.157088573e+01 +5.157088573e+01 +1.8145e+00 +1.3947e+00 -2.1194e+00 -2.0141e+00 +1.3431e+00
3061 +2.860180811e-04 +2.860180811e-04 +5.157028602e+01 +5.157028602e+01 +1.8772e+00 +1.3606e+00 -2.1440e+00 -1.9714e+00 +1.3405e+00
3067 +9.888331878e-05 +9.888331878e-05 +5.157009888e+01 +5.157009888e+01 +1.9337e+00 +1.3300e+00 -2.1661e+00 -1.9328e+00 +1.3383e+00
3073 +2.810981726e-06 +2.810981726e-06 +5.157000281e+01 +5.157000281e+01 +2.0842e+00 +1.2483e+00 -2.2251e+00 -1.8300e+00 +1.3322e+00
3085 +2.509679312e-06 +2.509679312e-06 +5.157000251e+01 +5.157000251e+01 +2.0745e+00 +1.2536e+00 -2.2211e+00 -1.8365e+00 +1.3327e+00
3127 +1.311379272e-06 +1.311379272e-06 +5.157000131e+01 +5.157000131e+01 +2.0574e+00 +1.2627e+00 -2.2101e+00 -1.8438e+00 +1.3362e+00
3133 +1.520334081e-07 +1.520334081e-07 +5.157000015e+01 +5.157000015e+01 +2.0469e+00 +1.2681e+00 -2.1924e+00 -1.8374e+00 +1.3452e+00
3139 +7.377475697e-08 +7.377475697e-08 +5.157000007e+01 +5.157000007e+01 +2.0511e+00 +1.2659e+00 -2.1961e+00 -1.8365e+00 +1.3437e+00
3145 +3.927974035e-08 +3.927974035e-08 +5.157000004e+01 +5.157000004e+01 +2.0600e+00 +1.2611e+00 -2.2014e+00 -1.8322e+00 +1.3422e+00
3151 +1.568179187e-08 +1.568179187e-08 +5.157000002e+01 +5.157000002e+01 +2.0628e+00 +1.2596e+00 -2.2020e+00 -1.8299e+00 +1.3424e+00
3157 +9.250349819e-09 +9.250349819e-09 +5.157000001e+01 +5.157000001e+01 +2.0666e+00 +1.2575e+00 -2.2030e+00 -1.8267e+00 +1.3426e+00
% function evaluation | noise-free fitness - Fopt (-1.000000000000e+03) | best noise-free fitness - Fopt | measured fitness | best measured fitness | x1 | x2...
1 +7.255304291e+01 +7.255304291e+01 -9.274469571e+02 -9.274469571e+02 +9.0327e-01 -2.6691e+00 +4.9285e+00 -3.4411e+00 +2.0630e+00
7 +6.264263247e+01 +6.264263247e+01 -9.373573675e+02 -9.373573675e+02 +1.2298e+00 -2.5869e+00 +5.1211e+00 -3.9726e+00 +1.0630e+00
43 +3.715421228e+01 +3.715421228e+01 -9.628457877e+02 -9.628457877e+02 +2.7295e+00 -2.1431e+00 +4.9635e+00 -4.1714e+00 -1.3330e+00
289 +2.374521221e+01 +2.374521221e+01 -9.762547878e+02 -9.762547878e+02 +2.5454e+00 +4.5237e-01 -4.1678e+00 -3.4498e+00 -6.1249e-02
307 +1.428899281e+01 +1.428899281e+01 -9.857110072e+02 -9.857110072e+02 +3.3997e+00 -2.0875e+00 -2.6047e+00 -2.6978e+00 -9.7253e-02
319 +8.951089823e+00 +8.951089823e+00 -9.910489102e+02 -9.910489102e+02 +4.0573e+00 -3.1082e+00 -1.2945e+00 -2.3809e+00 -1.5502e-01
361 +5.610934457e+00 +5.610934457e+00 -9.943890655e+02 -9.943890655e+02 +4.1737e+00 -4.1714e+00 +1.1691e+00 -3.1911e+00 +2.2440e+00
1009 +2.559520767e+00 +2.559520767e+00 -9.974404792e+02 -9.974404792e+02 +8.0237e-01 +9.0047e-01 +2.3555e+00 +2.0965e-01 -1.9631e+00
1021 +1.997599795e+00 +1.997599795e+00 -9.980024002e+02 -9.980024002e+02 +8.4603e-01 +9.3701e-01 +2.3882e+00 +1.4509e-01 -1.8997e+00
1063 +8.355350985e-01 +8.355350985e-01 -9.991644649e+02 -9.991644649e+02 +8.8150e-01 +7.9631e-01 +2.4995e+00 +1.5927e-01 -1.9145e+00
1069 +5.218487258e-01 +5.218487258e-01 -9.994781513e+02 -9.994781513e+02 +9.1789e-01 +7.6568e-01 +2.5458e+00 +1.4182e-01 -1.8994e+00
1087 +7.840310656e-02 +7.840310656e-02 -9.999215969e+02 -9.999215969e+02 +1.0556e+00 +7.8443e-01 +2.6220e+00 +5.5594e-02 -1.8264e+00
1093 +3.926908413e-03 +3.926908413e-03 -9.999960731e+02 -9.999960731e+02 +1.1646e+00 +7.9882e-01 +2.6825e+00 -1.2431e-02 -1.7688e+00
1111 +8.200432508e-04 +8.200432508e-04 -9.999991800e+02 -9.999991800e+02 +1.2618e+00 +8.0750e-01 +2.7372e+00 -7.0754e-02 -1.7200e+00
1123 +6.138081020e-04 +6.138081020e-04 -9.999993862e+02 -9.999993862e+02 +1.2417e+00 +8.0471e-01 +2.7260e+00 -5.8071e-02 -1.7308e+00
1135 +2.419965601e-04 +2.419965601e-04 -9.999997580e+02 -9.999997580e+02 +1.2419e+00 +7.9727e-01 +2.7268e+00 -5.3652e-02 -1.7355e+00
1147 +4.278907420e-05 +4.278907420e-05 -9.999999572e+02 -9.999999572e+02 +1.2707e+00 +7.8650e-01 +2.7437e+00 -6.2571e-02 -1.7301e+00
1153 +3.538961653e-05 +3.538961653e-05 -9.999999646e+02 -9.999999646e+02 +1.2777e+00 +7.8421e-01 +2.7477e+00 -6.4884e-02 -1.7286e+00
1231 +2.334100691e-05 +2.334100691e-05 -9.999999767e+02 -9.999999767e+02 +1.3267e+00 +8.0382e-01 +2.7263e+00 -8.0217e-02 -1.7228e+00
1297 +9.992256082e-06 +9.992256082e-06 -9.999999900e+02 -9.999999900e+02 +1.3394e+00 +7.9077e-01 +2.7203e+00 -9.3174e-02 -1.7127e+00
1327 +1.548479759e-06 +1.548479759e-06 -9.999999985e+02 -9.999999985e+02 +1.3501e+00 +7.6099e-01 +2.6811e+00 -1.1376e-01 -1.6983e+00
1333 +2.078237458e-07 +2.078237458e-07 -9.999999998e+02 -9.999999998e+02 +1.3565e+00 +7.4275e-01 +2.6568e+00 -1.2625e-01 -1.6897e+00
1345 +1.976059139e-08 +1.976059139e-08 -1.000000000e+03 -1.000000000e+03 +1.3636e+00 +7.2084e-01 +2.6281e+00 -1.4091e-01 -1.6795e+00
1357 +5.199353836e-09 +5.199353836e-09 -1.000000000e+03 -1.000000000e+03 +1.3605e+00 +7.1895e-01 +2.6274e+00 -1.4017e-01 -1.6798e+00
% function evaluation | noise-free fitness - Fopt (1.000000000000e+03) | best noise-free fitness - Fopt | measured fitness | best measured fitness | x1 | x2...
1 +7.006213633e+01 +7.006213633e+01 +1.070062136e+03 +1.070062136e+03 -1.3564e+00 +9.9592e-02 -2.0264e+00 -3.0608e+00 -4.4251e+00
7 +3.543452220e+01 +3.543452220e+01 +1.035434522e+03 +1.035434522e+03 -1.9356e+00 +1.9714e-01 -1.7065e+00 -2.6674e+00 -3.4251e+00
13 +1.716192288e+01 +1.716192288e+01 +1.017161923e+03 +1.017161923e+03 -2.5683e+00 +3.0369e-01 -1.3571e+00 -2.2377e+00 -2.3328e+00
25 +1.205952013e+01 +1.205952013e+01 +1.012059520e+03 +1.012059520e+03 -2.9138e+00 +4.3505e-01 -8.9818e-01 -1.9414e+00 -1.9677e+00
31 +8.169492103e+00 +8.169492103e+00 +1.008169492e+03 +1.008169492e+03 -2.9776e+00 +5.6878e-01 -1.1654e-01 -1.9288e+00 -2.8831e+00
37 +2.471349158e+00 +2.471349158e+00 +1.002471349e+03 +1.002471349e+03 -3.2585e+00 +4.6172e-01 -1.7317e-01 -2.0338e+00 -2.6538e+00
79 +1.583254551e+00 +1.583254551e+00 +1.001583255e+03 +1.001583255e+03 -3.7251e+00 +3.4376e-01 +2.1545e-01 -2.4831e+00 -2.5228e+00
91 +9.933276145e-01 +9.933276145e-01 +1.000993328e+03 +1.000993328e+03 -3.7247e+00 +4.0292e-01 +6.5733e-01 -3.0647e+00 -2.3475e+00
2437 +5.958170873e-01 +5.958170873e-01 +1.000595817e+03 +1.000595817e+03 -1.0322e+00 -1.4365e+00 -2.5749e+00 +3.2916e+00 +9.5491e-01
2485 +3.776895090e-01 +3.776895090e-01 +1.000377690e+03 +1.000377690e+03 -9.0639e-01 -9.4226e-01 -2.5487e+00 +3.4724e+00 +5.0645e-01
2509 +2.188825988e-01 +2.188825988e-01 +1.000218883e+03 +1.000218883e+03 -7.2468e-01 -8.0755e-01 -2.3723e+00 +3.5170e+00 +2.3428e-01
2515 +1.458463219e-01 +1.458463219e-01 +1.000145846e+03 +1.000145846e+03 -6.4442e-01 -7.8488e-01 -2.2542e+00 +3.5477e+00 +1.0107e-01
2533 +6.358522427e-02 +6.358522427e-02 +1.000063585e+03 +1.000063585e+03 -4.9752e-02 -7.2293e-01 -1.2641e+00 +3.8069e+00 -9.2442e-01
2539 +3.125961140e-02 +3.125961140e-02 +1.000031260e+03 +1.000031260e+03 -3.2494e-01 -7.5868e-01 -1.7147e+00 +3.6890e+00 -4.5255e-01
2605 +2.407706690e-02 +2.407706690e-02 +1.000024077e+03 +1.000024077e+03 -4.0162e-01 -8.2473e-01 -1.7979e+00 +3.6172e+00 -4.6010e-01
2617 +1.555156529e-02 +1.555156529e-02 +1.000015552e+03 +1.000015552e+03 -5.0729e-01 -9.2400e-01 -1.9326e+00 +3.4322e+00 -6.6389e-01
2629 +6.348130856e-03 +6.348130856e-03 +1.000006348e+03 +1.000006348e+03 -5.8246e-01 -1.0421e+00 -2.0061e+00 +3.2249e+00 -1.0192e+00
2635 +3.535780246e-03 +3.535780246e-03 +1.000003536e+03 +1.000003536e+03 -6.3647e-01 -1.1292e+00 -2.0579e+00 +3.0724e+00 -1.2844e+00
2641 +2.046338823e-03 +2.046338823e-03 +1.000002046e+03 +1.000002046e+03 -6.6137e-01 -1.1740e+00 -2.0795e+00 +2.9946e+00 -1.4276e+00
2647 +9.721192971e-04 +9.721192971e-04 +1.000000972e+03 +1.000000972e+03 -6.8627e-01 -1.2189e+00 -2.1011e+00 +2.9168e+00 -1.5707e+00
2653 +1.606347075e-04 +1.606347075e-04 +1.000000161e+03 +1.000000161e+03 -7.6306e-01 -1.3640e+00 -2.1645e+00 +2.6659e+00 -2.0423e+00
2659 +8.139207853e-05 +8.139207853e-05 +1.000000081e+03 +1.000000081e+03 -7.8946e-01 -1.4208e+00 -2.1830e+00 +2.5687e+00 -2.2349e+00
2671 +3.845228878e-05 +3.845228878e-05 +1.000000038e+03 +1.000000038e+03 -8.0182e-01 -1.4657e+00 -2.1828e+00 +2.4941e+00 -2.4063e+00
2689 +2.051445040e-05 +2.051445040e-05 +1.000000021e+03 +1.000000021e+03 -7.8670e-01 -1.4632e+00 -2.1578e+00 +2.5018e+00 -2.4295e+00
2695 +2.202571068e-07 +2.202571068e-07 +1.000000000e+03 +1.000000000e+03 -7.2435e-01 -1.4291e+00 -2.0660e+00 +2.5721e+00 -2.4177e+00
2707 +1.530551117e-07 +1.530551117e-07 +1.000000000e+03 +1.000000000e+03 -7.2055e-01 -1.4241e+00 -2.0617e+00 +2.5809e+00 -2.4045e+00
2719 +6.252491858e-08 +6.252491858e-08 +1.000000000e+03 +1.000000000e+03 -7.1943e-01 -1.4196e+00 -2.0620e+00 +2.5885e+00 -2.3867e+00
2725 +2.823037448e-08 +2.823037448e-08 +1.000000000e+03 +1.000000000e+03 -7.1683e-01 -1.4120e+00 -2.0611e+00 +2.6012e+00 -2.3592e+00
16963 +7.532889867e-10 +7.532889867e-10 +1.000000000e+03 +1.000000000e+03 -7.1016e-01 -1.3944e+00 -2.0493e+00 +2.6309e+00 -2.3080e+00
% function evaluation | noise-free fitness - Fopt (-4.913000000000e+01) | best noise-free fitness - Fopt | measured fitness | best measured fitness | x1 | x2...
1 +4.962260228e+01 +4.962260228e+01 +4.926022792e-01 +4.926022792e-01 -3.7292e+00 -6.5877e-01 +2.0036e+00 -3.0265e-02 +3.7163e+00
13 +3.056982832e+01 +3.056982832e+01 -1.856017168e+01 -1.856017168e+01 -4.5458e+00 -1.1778e+00 +1.5480e+00 -6.1387e-01 +3.5563e+00
25 +2.293056418e+01 +2.293056418e+01 -2.619943582e+01 -2.619943582e+01 -4.5270e+00 -1.8772e+00 +1.1428e+00 -1.2211e+00 +3.6176e+00
79 +1.571885109e+01 +1.571885109e+01 -3.341114891e+01 -3.341114891e+01 -4.1811e+00 -2.2019e+00 +1.0447e+00 -3.4512e+00 +3.6479e+00
181 +7.808530957e+00 +7.808530957e+00 -4.132146904e+01 -4.132146904e+01 -1.1948e+00 +2.8081e+00 -4.5666e+00 +1.4211e+00 +2.3565e+00
199 +4.426109950e+00 +4.426109950e+00 -4.470389005e+01 -4.470389005e+01 -1.3791e+00 +2.4785e+00 -4.5688e+00 +1.4424e+00 +2.4944e+00
217 +3.812888472e+00 +3.812888472e+00 -4.531711153e+01 -4.531711153e+01 -1.3205e+00 +2.4260e+00 -4.4786e+00 +1.4171e+00 +2.4950e+00
235 +2.397476680e+00 +2.397476680e+00 -4.673252332e+01 -4.673252332e+01 -1.0199e+00 +2.1045e+00 -3.9901e+00 +1.2802e+00 +2.4836e+00
1459 +6.014891859e-01 +6.014891859e-01 -4.852851081e+01 -4.852851081e+01 +3.2238e+00 +1.6545e+00 +1.8728e+00 -1.1561e+00 +1.2430e+00
1477 +3.863237855e-01 +3.863237855e-01 -4.874367621e+01 -4.874367621e+01 +3.3642e+00 +1.5578e+00 +2.0108e+00 -1.1619e+00 +1.2768e+00
1513 +2.341400608e-01 +2.341400608e-01 -4.889585994e+01 -4.889585994e+01 +3.5452e+00 +1.4675e+00 +2.1419e+00 -1.0855e+00 +1.3481e+00
1525 +1.570182897e-01 +1.570182897e-01 -4.897298171e+01 -4.897298171e+01 +3.5302e+00 +1.5031e+00 +2.2019e+00 -9.3692e-01 +1.3259e+00
1543 +1.169372111e-02 +1.169372111e-02 -4.911830628e+01 -4.911830628e+01 +3.4055e+00 +1.6868e+00 +2.8150e+00 -6.7804e-03 +1.0653e+00
1549 +7.375564323e-03 +7.375564323e-03 -4.912262444e+01 -4.912262444e+01 +3.3943e+00 +1.6997e+00 +2.8735e+00 +6.6620e-02 +1.0395e+00
1555 +4.749131514e-03 +4.749131514e-03 -4.912525087e+01 -4.912525087e+01 +3.3832e+00 +1.7126e+00 +2.9321e+00 +1.4002e-01 +1.0137e+00
1561 +3.657408889e-03 +3.657408889e-03 -4.912634259e+01 -4.912634259e+01 +3.3729e+00 +1.7212e+00 +2.9888e+00 +1.9827e-01 +9.8796e-01
1585 +1.559089364e-03 +1.559089364e-03 -4.912844091e+01 -4.912844091e+01 +3.3534e+00 +1.7280e+00 +3.1075e+00 +2.8246e-01 +9.3180e-01
1663 +9.818492127e-04 +9.818492127e-04 -4.912901815e+01 -4.912901815e+01 +3.3928e+00 +1.7372e+00 +3.0217e+00 +9.7224e-02 +9.7196e-01
1687 +1.168651683e-04 +1.168651683e-04 -4.912988313e+01 -4.912988313e+01 +3.6561e+00 +2.3781e+00 +3.1821e+00 -9.9215e-02 +9.7762e-01
1693 +5.751232209e-05 +5.751232209e-05 -4.912994249e+01 -4.912994249e+01 +3.7152e+00 +2.5368e+00 +3.2355e+00 -1.1386e-01 +9.7314e-01
1699 +6.428785952e-06 +6.428785952e-06 -4.912999357e+01 -4.912999357e+01 +3.7338e+00 +2.6152e+00 +3.2857e+00 -6.1220e-02 +9.6068e-01
1705 +6.262332477e-06 +6.262332477e-06 -4.912999374e+01 -4.912999374e+01 +3.7337e+00 +2.6156e+00 +3.2866e+00 -5.9318e-02 +9.6034e-01
1711 +2.464853061e-06 +2.464853061e-06 -4.912999754e+01 -4.912999754e+01 +3.7319e+00 +2.6189e+00 +3.2947e+00 -4.2194e-02 +9.5734e-01
1723 +1.530079025e-06 +1.530079025e-06 -4.912999847e+01 -4.912999847e+01 +3.7294e+00 +2.6237e+00 +3.3066e+00 -1.6801e-02 +9.5290e-01
1777 +9.168476325e-07 +9.168476325e-07 -4.912999908e+01 -4.912999908e+01 +3.7152e+00 +2.5771e+00 +3.2971e+00 +4.7272e-03 +9.5515e-01
1783 +5.710316486e-07 +5.710316486e-07 -4.912999943e+01 -4.912999943e+01 +3.7245e+00 +2.5921e+00 +3.3030e+00 +5.8213e-03 +9.5671e-01
1795 +3.349619249e-07 +3.349619249e-07 -4.912999967e+01 -4.912999967e+01 +3.7359e+00 +2.6070e+00 +3.3058e+00 -8.9432e-04 +9.6002e-01
1807 +1.758418477e-07 +1.758418477e-07 -4.912999982e+01 -4.912999982e+01 +3.7580e+00 +2.6358e+00 +3.3104e+00 -1.6007e-02 +9.6659e-01
1837 +1.573418302e-07 +1.573418302e-07 -4.912999984e+01 -4.912999984e+01 +3.7536e+00 +2.6251e+00 +3.3062e+00 -1.8447e-02 +9.6661e-01
1855 +9.995502381e-08 +9.995502381e-08 -4.912999990e+01 -4.912999990e+01 +3.7619e+00 +2.6309e+00 +3.3117e+00 -1.6822e-02 +9.6850e-01
1861 +5.608875853e-08 +5.608875853e-08 -4.912999994e+01 -4.912999994e+01 +3.7567e+00 +2.6301e+00 +3.3156e+00 -1.1656e-02 +9.6439e-01
3913 +1.264427851e-08 +1.264427851e-08 -4.912999999e+01 -4.912999999e+01 +3.7801e+00 +2.6713e+00 +3.3379e+00 -3.7482e-03 +9.6204e-01
3931 +3.338477939e-09 +3.338477939e-09 -4.913000000e+01 -4.913000000e+01 +3.7740e+00 +2.6616e+00 +3.3326e+00 -4.5418e-03 +9.6166e-01
3937 +9.662031175e-10 +9.662031175e-10 -4.913000000e+01 -4.913000000e+01 +3.7691e+00 +2.6538e+00 +3.3284e+00 -5.1491e-03 +9.6133e-01
