% f evaluations | g evaluations | best noise-free fitness - Fopt | noise-free fitness - Fopt (-5.465000000000e+002) | measured fitness | best measured fitness | x1 | x2...
1 0 +6.753693217e+004 +6.753693217e+004 +6.699043217e+004 +6.699043217e+004
5 0 +5.286464951e+004 +5.286464951e+004 +5.231814951e+004 +5.231814951e+004
6 0 +4.168978617e+004 +4.168978617e+004 +4.114328617e+004 +4.114328617e+004
7 0 +2.919146977e+004 +2.919146977e+004 +2.864496977e+004 +2.864496977e+004
31 0 +1.203517691e+004 +1.203517691e+004 +1.148867691e+004 +1.148867691e+004
123 0 +1.163128583e+004 +1.163128583e+004 +1.108478583e+004 +1.108478583e+004
1229 0 +1.074030546e+004 +1.074030546e+004 +1.019380546e+004 +1.019380546e+004
1312 0 +9.966132002e+003 +9.966132002e+003 +9.419632002e+003 +9.419632002e+003
1321 0 +5.841243938e+003 +5.841243938e+003 +5.294743938e+003 +5.294743938e+003
1336 0 +4.797938175e+003 +4.797938175e+003 +4.251438175e+003 +4.251438175e+003
1438 0 +4.244774295e+003 +4.244774295e+003 +3.698274295e+003 +3.698274295e+003
1500 0 +1.006744955e+003 +1.006744955e+003 +4.602449547e+002 +4.602449547e+002
1648 0 +6.183829488e+002 +6.183829488e+002 +7.188294881e+001 +7.188294881e+001
2171 0 +5.424781732e+002 +5.424781732e+002 -4.021826805e+000 -4.021826805e+000
2243 0 +4.928093024e+002 +4.928093024e+002 -5.369069764e+001 -5.369069764e+001
2450 0 +3.225766465e+002 +3.225766465e+002 -2.239233535e+002 -2.239233535e+002
2641 0 +1.509746349e+002 +1.509746349e+002 -3.955253651e+002 -3.955253651e+002
2909 0 +7.913892919e+001 +7.913892919e+001 -4.673610708e+002 -4.673610708e+002
2935 0 +2.474243611e+001 +2.474243611e+001 -5.217575639e+002 -5.217575639e+002
3072 0 +2.225745481e+001 +2.225745481e+001 -5.242425452e+002 -5.242425452e+002
3088 0 +7.669912582e+000 +7.669912582e+000 -5.388300874e+002 -5.388300874e+002
3209 0 +4.087937105e+000 +4.087937105e+000 -5.424120629e+002 -5.424120629e+002
3308 0 +3.988956713e+000 +3.988956713e+000 -5.425110433e+002 -5.425110433e+002
3396 0 +3.830422779e+000 +3.830422779e+000 -5.426695772e+002 -5.426695772e+002
3930 0 +3.774576156e+000 +3.774576156e+000 -5.427254238e+002 -5.427254238e+002
4077 0 +3.637064170e+000 +3.637064170e+000 -5.428629358e+002 -5.428629358e+002
4350 0 +3.535597034e+000 +3.535597034e+000 -5.429644030e+002 -5.429644030e+002
5068 0 +3.454539333e+000 +3.454539333e+000 -5.430454607e+002 -5.430454607e+002
9991 0 +3.323104046e+000 +3.323104046e+000 -5.431768960e+002 -5.431768960e+002
10288 0 +3.235283616e+000 +3.235283616e+000 -5.432647164e+002 -5.432647164e+002
11237 0 +3.125325599e+000 +3.125325599e+000 -5.433746744e+002 -5.433746744e+002
11501 0 +3.076391291e+000 +3.076391291e+000 -5.434236087e+002 -5.434236087e+002
11754 0 +2.993422455e+000 +2.993422455e+000 -5.435065775e+002 -5.435065775e+002
12352 0 +2.892894310e+000 +2.892894310e+000 -5.436071057e+002 -5.436071057e+002
12457 0 +2.871207440e+000 +2.871207440e+000 -5.436287926e+002 -5.436287926e+002
12525 0 +2.790779631e+000 +2.790779631e+000 -5.437092204e+002 -5.437092204e+002
13499 0 +2.747565938e+000 +2.747565938e+000 -5.437524341e+002 -5.437524341e+002
13868 0 +2.690393122e+000 +2.690393122e+000 -5.438096069e+002 -5.438096069e+002
14499 0 +2.606917188e+000 +2.606917188e+000 -5.438930828e+002 -5.438930828e+002
15475 0 +2.564579795e+000 +2.564579795e+000 -5.439354202e+002 -5.439354202e+002
16169 0 +2.507919485e+000 +2.507919485e+000 -5.439920805e+002 -5.439920805e+002
% f evaluations | g evaluations | best noise-free fitness - Fopt | noise-free fitness - Fopt (1.000000000000e+003) | measured fitness | best measured fitness | x1 | x2...
1 0 +1.320821589e+005 +1.320821589e+005 +1.330821589e+005 +1.330821589e+005
2 0 +1.151239984e+005 +1.151239984e+005 +1.161239984e+005 +1.161239984e+005
3 0 +3.685843512e+004 +3.685843512e+004 +3.785843512e+004 +3.785843512e+004
13 0 +3.480894685e+004 +3.480894685e+004 +3.580894685e+004 +3.580894685e+004
64 0 +2.827252629e+004 +2.827252629e+004 +2.927252629e+004 +2.927252629e+004
65 0 +1.362033559e+004 +1.362033559e+004 +1.462033559e+004 +1.462033559e+004
1104 0 +5.845483288e+003 +5.845483288e+003 +6.845483288e+003 +6.845483288e+003
1206 0 +2.908458698e+003 +2.908458698e+003 +3.908458698e+003 +3.908458698e+003
1363 0 +2.753089697e+003 +2.753089697e+003 +3.753089697e+003 +3.753089697e+003
1431 0 +1.677377303e+003 +1.677377303e+003 +2.677377303e+003 +2.677377303e+003
1609 0 +1.261487404e+003 +1.261487404e+003 +2.261487404e+003 +2.261487404e+003
1677 0 +9.876515263e+002 +9.876515263e+002 +1.987651526e+003 +1.987651526e+003
1786 0 +6.365744740e+002 +6.365744740e+002 +1.636574474e+003 +1.636574474e+003
2077 0 +5.429369170e+002 +5.429369170e+002 +1.542936917e+003 +1.542936917e+003
2078 0 +2.856972831e+002 +2.856972831e+002 +1.285697283e+003 +1.285697283e+003
2102 0 +2.731197709e+002 +2.731197709e+002 +1.273119771e+003 +1.273119771e+003
2270 0 +2.628503200e+002 +2.628503200e+002 +1.262850320e+003 +1.262850320e+003
2276 0 +1.967144978e+002 +1.967144978e+002 +1.196714498e+003 +1.196714498e+003
2308 0 +2.645980226e+001 +2.645980226e+001 +1.026459802e+003 +1.026459802e+003
2580 0 +3.956220280e+000 +3.956220280e+000 +1.003956220e+003 +1.003956220e+003
3183 0 +3.617734939e+000 +3.617734939e+000 +1.003617735e+003 +1.003617735e+003
4790 0 +3.440012161e+000 +3.440012161e+000 +1.003440012e+003 +1.003440012e+003
6106 0 +3.388174493e+000 +3.388174493e+000 +1.003388174e+003 +1.003388174e+003
7056 0 +3.286149136e+000 +3.286149136e+000 +1.003286149e+003 +1.003286149e+003
11301 0 +3.197390884e+000 +3.197390884e+000 +1.003197391e+003 +1.003197391e+003
12443 0 +3.085726215e+000 +3.085726215e+000 +1.003085726e+003 +1.003085726e+003
13526 0 +3.006216155e+000 +3.006216155e+000 +1.003006216e+003 +1.003006216e+003
13733 0 +2.864315280e+000 +2.864315280e+000 +1.002864315e+003 +1.002864315e+003
14091 0 +2.733647864e+000 +2.733647864e+000 +1.002733648e+003 +1.002733648e+003
14564 0 +2.664365604e+000 +2.664365604e+000 +1.002664366e+003 +1.002664366e+003
15062 0 +2.623376327e+000 +2.623376327e+000 +1.002623376e+003 +1.002623376e+003
15517 0 +2.555166423e+000 +2.555166423e+000 +1.002555166e+003 +1.002555166e+003
15615 0 +2.510993512e+000 +2.510993512e+000 +1.002510994e+003 +1.002510994e+003
16120 0 +2.454072088e+000 +2.454072088e+000 +1.002454072e+003 +1.002454072e+003
17446 0 +2.398373511e+000 +2.398373511e+000 +1.002398374e+003 +1.002398374e+003
18016 0 +2.342365448e+000 +2.342365448e+000 +1.002342365e+003 +1.002342365e+003
19843 0 +2.285204770e+000 +2.285204770e+000 +1.002285205e+003 +1.002285205e+003
% f evaluations | g evaluations | best noise-free fitness - Fopt | noise-free fitness - Fopt (2.083800000000e+002) | measured fitness | best measured fitness | x1 | x2...
1 0 +9.772931637e+004 +9.772931637e+004 +9.793769637e+004 +9.793769637e+004
2 0 +4.487353195e+004 +4.487353195e+004 +4.508191195e+004 +4.508191195e+004
9 0 +3.807721185e+004 +3.807721185e+004 +3.828559185e+004 +3.828559185e+004
12 0 +3.488952757e+004 +3.488952757e+004 +3.509790757e+004 +3.509790757e+004
36 0 +2.708652952e+004 +2.708652952e+004 +2.729490952e+004 +2.729490952e+004
95 0 +2.395472950e+004 +2.395472950e+004 +2.416310950e+004 +2.416310950e+004
136 0 +2.130466163e+004 +2.130466163e+004 +2.151304163e+004 +2.151304163e+004
138 0 +1.557761245e+004 +1.557761245e+004 +1.578599245e+004 +1.578599245e+004
153 0 +1.328581397e+004 +1.328581397e+004 +1.349419397e+004 +1.349419397e+004
1091 0 +1.099940257e+004 +1.099940257e+004 +1.120778257e+004 +1.120778257e+004
1499 0 +8.093378360e+003 +8.093378360e+003 +8.301758360e+003 +8.301758360e+003
1570 0 +7.625665524e+003 +7.625665524e+003 +7.834045524e+003 +7.834045524e+003
1623 0 +3.852053352e+003 +3.852053352e+003 +4.060433352e+003 +4.060433352e+003
1661 0 +1.966471460e+003 +1.966471460e+003 +2.174851460e+003 +2.174851460e+003
1855 0 +1.834438082e+003 +1.834438082e+003 +2.042818082e+003 +2.042818082e+003
2306 0 +7.666307307e+002 +7.666307307e+002 +9.750107307e+002 +9.750107307e+002
2317 0 +1.156298674e+002 +1.156298674e+002 +3.240098674e+002 +3.240098674e+002
2723 0 +4.630565588e+001 +4.630565588e+001 +2.546856559e+002 +2.546856559e+002
2830 0 +7.296120317e+000 +7.296120317e+000 +2.156761203e+002 +2.156761203e+002
2945 0 +4.024841153e+000 +4.024841153e+000 +2.124048412e+002 +2.124048412e+002
3013 0 +3.781036180e+000 +3.781036180e+000 +2.121610362e+002 +2.121610362e+002
3371 0 +3.520309011e+000 +3.520309011e+000 +2.119003090e+002 +2.119003090e+002
7442 0 +3.466845491e+000 +3.466845491e+000 +2.118468455e+002 +2.118468455e+002
13826 0 +3.372603133e+000 +3.372603133e+000 +2.117526031e+002 +2.117526031e+002
13986 0 +3.154990647e+000 +3.154990647e+000 +2.115349906e+002 +2.115349906e+002
15242 0 +2.995951888e+000 +2.995951888e+000 +2.113759519e+002 +2.113759519e+002
16386 0 +2.931516951e+000 +2.931516951e+000 +2.113115170e+002 +2.113115170e+002
16944 0 +2.883213991e+000 +2.883213991e+000 +2.112632140e+002 +2.112632140e+002
17013 0 +2.804130858e+000 +2.804130858e+000 +2.111841309e+002 +2.111841309e+002
17389 0 +2.680819364e+000 +2.680819364e+000 +2.110608194e+002 +2.110608194e+002
18412 0 +2.606073721e+000 +2.606073721e+000 +2.109860737e+002 +2.109860737e+002
18647 0 +2.546972266e+000 +2.546972266e+000 +2.109269723e+002 +2.109269723e+002
19146 0 +2.505673191e+000 +2.505673191e+000 +2.108856732e+002 +2.108856732e+002
19711 0 +2.453937381e+000 +2.453937381e+000 +2.108339374e+002 +2.108339374e+002
22058 0 +2.397171111e+000 +2.397171111e+000 +2.107771711e+002 +2.107771711e+002
% f evaluations | g evaluations | best noise-free fitness - Fopt | noise-free fitness - Fopt (-1.449600000000e+002) | measured fitness | best measured fitness | x1 | x2...
1 0 +8.183253709e+004 +8.183253709e+004 +8.168757709e+004 +8.168757709e+004
2 0 +4.878819504e+004 +4.878819504e+004 +4.864323504e+004 +4.864323504e+004
4 0 +4.014493785e+004 +4.014493785e+004 +3.999997785e+004 +3.999997785e+004
11 0 +3.286616797e+004 +3.286616797e+004 +3.272120797e+004 +3.272120797e+004
67 0 +2.486617543e+004 +2.486617543e+004 +2.472121543e+004 +2.472121543e+004
108 0 +1.927100453e+004 +1.927100453e+004 +1.912604453e+004 +1.912604453e+004
186 0 +1.620374371e+004 +1.620374371e+004 +1.605878371e+004 +1.605878371e+004
265 0 +1.492963460e+004 +1.492963460e+004 +1.478467460e+004 +1.478467460e+004
603 0 +1.399787914e+004 +1.399787914e+004 +1.385291914e+004 +1.385291914e+004
1356 0 +8.722039154e+003 +8.722039154e+003 +8.577079154e+003 +8.577079154e+003
1405 0 +8.481097444e+003 +8.481097444e+003 +8.336137444e+003 +8.336137444e+003
1436 0 +5.325184631e+003 +5.325184631e+003 +5.180224631e+003 +5.180224631e+003
1528 0 +4.894278254e+003 +4.894278254e+003 +4.749318254e+003 +4.749318254e+003
1710 0 +3.306656131e+003 +3.306656131e+003 +3.161696131e+003 +3.161696131e+003
1806 0 +1.964883346e+003 +1.964883346e+003 +1.819923346e+003 +1.819923346e+003
1909 0 +7.094875880e+002 +7.094875880e+002 +5.645275880e+002 +5.645275880e+002
2012 0 +4.245791374e+002 +4.245791374e+002 +2.796191374e+002 +2.796191374e+002
2214 0 +2.574938806e+002 +2.574938806e+002 +1.125338806e+002 +1.125338806e+002
2353 0 +2.002716778e+002 +2.002716778e+002 +5.531167778e+001 +5.531167778e+001
2461 0 +1.098071687e+002 +1.098071687e+002 -3.515283130e+001 -3.515283130e+001
2599 0 +4.691034604e+001 +4.691034604e+001 -9.804965396e+001 -9.804965396e+001
2783 0 +1.231501201e+001 +1.231501201e+001 -1.326449880e+002 -1.326449880e+002
2881 0 +4.222115474e+000 +4.222115474e+000 -1.407378845e+002 -1.407378845e+002
2917 0 +4.021664700e+000 +4.021664700e+000 -1.409383353e+002 -1.409383353e+002
3009 0 +3.864361307e+000 +3.864361307e+000 -1.410956387e+002 -1.410956387e+002
3068 0 +3.603301125e+000 +3.603301125e+000 -1.413566989e+002 -1.413566989e+002
3400 0 +3.525669300e+000 +3.525669300e+000 -1.414343307e+002 -1.414343307e+002
8410 0 +3.375168773e+000 +3.375168773e+000 -1.415848312e+002 -1.415848312e+002
14436 0 +3.244017023e+000 +3.244017023e+000 -1.417159830e+002 -1.417159830e+002
16246 0 +3.187244561e+000 +3.187244561e+000 -1.417727554e+002 -1.417727554e+002
16441 0 +3.145819825e+000 +3.145819825e+000 -1.418141802e+002 -1.418141802e+002
17029 0 +2.909246569e+000 +2.909246569e+000 -1.420507534e+002 -1.420507534e+002
17425 0 +2.879591809e+000 +2.879591809e+000 -1.420804082e+002 -1.420804082e+002
18000 0 +2.813044463e+000 +2.813044463e+000 -1.421469555e+002 -1.421469555e+002
18066 0 +2.728121455e+000 +2.728121455e+000 -1.422318785e+002 -1.422318785e+002
18465 0 +2.690953989e+000 +2.690953989e+000 -1.422690460e+002 -1.422690460e+002
18521 0 +2.611080005e+000 +2.611080005e+000 -1.423489200e+002 -1.423489200e+002
19849 0 +2.565753761e+000 +2.565753761e+000 -1.423942462e+002 -1.423942462e+002
21806 0 +2.510903584e+000 +2.510903584e+000 -1.424490964e+002 -1.424490964e+002
% f evaluations | g evaluations | best noise-free fitness - Fopt | noise-free fitness - Fopt (-6.300000000000e+000) | measured fitness | best measured fitness | x1 | x2...
1 0 +6.196254855e+004 +6.196254855e+004 +6.195624855e+004 +6.195624855e+004
14 0 +3.463893671e+004 +3.463893671e+004 +3.463263671e+004 +3.463263671e+004
88 0 +3.171501028e+004 +3.171501028e+004 +3.170871028e+004 +3.170871028e+004
112 0 +2.029904288e+004 +2.029904288e+004 +2.029274288e+004 +2.029274288e+004
224 0 +1.953310978e+004 +1.953310978e+004 +1.952680978e+004 +1.952680978e+004
228 0 +1.423471939e+004 +1.423471939e+004 +1.422841939e+004 +1.422841939e+004
822 0 +1.354834372e+004 +1.354834372e+004 +1.354204372e+004 +1.354204372e+004
947 0 +7.457462306e+003 +7.457462306e+003 +7.451162306e+003 +7.451162306e+003
1207 0 +6.237637938e+003 +6.237637938e+003 +6.231337938e+003 +6.231337938e+003
1552 0 +5.806473576e+003 +5.806473576e+003 +5.800173576e+003 +5.800173576e+003
1605 0 +3.267973226e+003 +3.267973226e+003 +3.261673226e+003 +3.261673226e+003
1678 0 +2.833656970e+003 +2.833656970e+003 +2.827356970e+003 +2.827356970e+003
1729 0 +2.767527416e+003 +2.767527416e+003 +2.761227416e+003 +2.761227416e+003
1734 0 +1.235796497e+003 +1.235796497e+003 +1.229496497e+003 +1.229496497e+003
1931 0 +1.025412081e+003 +1.025412081e+003 +1.019112081e+003 +1.019112081e+003
1991 0 +6.999301851e+002 +6.999301851e+002 +6.936301851e+002 +6.936301851e+002
1996 0 +6.602810003e+002 +6.602810003e+002 +6.539810003e+002 +6.539810003e+002
2001 0 +4.552158338e+002 +4.552158338e+002 +4.489158338e+002 +4.489158338e+002
2537 0 +1.689310380e+002 +1.689310380e+002 +1.626310380e+002 +1.626310380e+002
2592 0 +1.235742245e+002 +1.235742245e+002 +1.172742245e+002 +1.172742245e+002
2678 0 +9.827312197e+001 +9.827312197e+001 +9.197312197e+001 +9.197312197e+001
2837 0 +6.042179133e+001 +6.042179133e+001 +5.412179133e+001 +5.412179133e+001
2915 0 +4.149661859e+000 +4.149661859e+000 -2.150338141e+000 -2.150338141e+000
3340 0 +4.042331061e+000 +4.042331061e+000 -2.257668939e+000 -2.257668939e+000
3440 0 +3.683579158e+000 +3.683579158e+000 -2.616420842e+000 -2.616420842e+000
4076 0 +3.603401201e+000 +3.603401201e+000 -2.696598799e+000 -2.696598799e+000
4179 0 +3.241657200e+000 +3.241657200e+000 -3.058342800e+000 -3.058342800e+000
9623 0 +3.225640496e+000 +3.225640496e+000 -3.074359504e+000 -3.074359504e+000
10307 0 +3.160055311e+000 +3.160055311e+000 -3.139944689e+000 -3.139944689e+000
10720 0 +3.052277226e+000 +3.052277226e+000 -3.247722774e+000 -3.247722774e+000
10721 0 +2.938172348e+000 +2.938172348e+000 -3.361827652e+000 -3.361827652e+000
10759 0 +2.850814989e+000 +2.850814989e+000 -3.449185011e+000 -3.449185011e+000
11611 0 +2.814613358e+000 +2.814613358e+000 -3.485386642e+000 -3.485386642e+000
11734 0 +2.750545247e+000 +2.750545247e+000 -3.549454753e+000 -3.549454753e+000
11805 0 +2.667628957e+000 +2.667628957e+000 -3.632371043e+000 -3.632371043e+000
12449 0 +2.623576777e+000 +2.623576777e+000 -3.676423223e+000 -3.676423223e+000
12636 0 +2.555698475e+000 +2.555698475e+000 -3.744301525e+000 -3.744301525e+000
13086 0 +2.508393657e+000 +2.508393657e+000 -3.791606343e+000 -3.791606343e+000
14225 0 +2.442879968e+000 +2.442879968e+000 -3.857120032e+000 -3.857120032e+000
16182 0 +2.398628796e+000 +2.398628796e+000 -3.901371204e+000 -3.901371204e+000
% f evaluations | g evaluations | best noise-free fitness - Fopt | noise-free fitness - Fopt (-1.367600000000e+002) | measured fitness | best measured fitness | x1 | x2...
1 0 +1.054710676e+005 +1.054710676e+005 +1.053343076e+005 +1.053343076e+005
2 0 +8.858045828e+004 +8.858045828e+004 +8.844369828e+004 +8.844369828e+004
3 0 +8.409679062e+004 +8.409679062e+004 +8.396003062e+004 +8.396003062e+004
5 0 +7.528271490e+004 +7.528271490e+004 +7.514595490e+004 +7.514595490e+004
7 0 +7.113215244e+004 +7.113215244e+004 +7.099539244e+004 +7.099539244e+004
11 0 +6.873512583e+004 +6.873512583e+004 +6.859836583e+004 +6.859836583e+004
15 0 +6.477042663e+004 +6.477042663e+004 +6.463366663e+004 +6.463366663e+004
17 0 +5.657583588e+004 +5.657583588e+004 +5.643907588e+004 +5.643907588e+004
18 0 +4.108576046e+004 +4.108576046e+004 +4.094900046e+004 +4.094900046e+004
46 0 +3.501264526e+004 +3.501264526e+004 +3.487588526e+004 +3.487588526e+004
70 0 +3.304768434e+004 +3.304768434e+004 +3.291092434e+004 +3.291092434e+004
119 0 +1.989010275e+004 +1.989010275e+004 +1.975334275e+004 +1.975334275e+004
158 0 +1.685310000e+004 +1.685310000e+004 +1.671634000e+004 +1.671634000e+004
159 0 +1.113011520e+004 +1.113011520e+004 +1.099335520e+004 +1.099335520e+004
886 0 +9.891686260e+003 +9.891686260e+003 +9.754926260e+003 +9.754926260e+003
930 0 +8.717078547e+003 +8.717078547e+003 +8.580318547e+003 +8.580318547e+003
1108 0 +7.963331318e+003 +7.963331318e+003 +7.826571318e+003 +7.826571318e+003
1146 0 +2.602908812e+003 +2.602908812e+003 +2.466148812e+003 +2.466148812e+003
1605 0 +2.235046394e+003 +2.235046394e+003 +2.098286394e+003 +2.098286394e+003
1656 0 +1.294306366e+003 +1.294306366e+003 +1.157546366e+003 +1.157546366e+003
1745 0 +8.705047030e+002 +8.705047030e+002 +7.337447030e+002 +7.337447030e+002
1791 0 +7.881806969e+002 +7.881806969e+002 +6.514206969e+002 +6.514206969e+002
1823 0 +5.464127829e+002 +5.464127829e+002 +4.096527829e+002 +4.096527829e+002
1891 0 +2.560307406e+002 +2.560307406e+002 +1.192707406e+002 +1.192707406e+002
1940 0 +2.156425052e+002 +2.156425052e+002 +7.888250519e+001 +7.888250519e+001
2053 0 +6.681061542e+001 +6.681061542e+001 -6.994938458e+001 -6.994938458e+001
2126 0 +5.048255159e+000 +5.048255159e+000 -1.317117448e+002 -1.317117448e+002
2341 0 +4.348081800e+000 +4.348081800e+000 -1.324119182e+002 -1.324119182e+002
2575 0 +3.953433701e+000 +3.953433701e+000 -1.328065663e+002 -1.328065663e+002
2663 0 +3.857968367e+000 +3.857968367e+000 -1.329020316e+002 -1.329020316e+002
2734 0 +3.792116341e+000 +3.792116341e+000 -1.329678837e+002 -1.329678837e+002
3449 0 +3.642075812e+000 +3.642075812e+000 -1.331179242e+002 -1.331179242e+002
4035 0 +3.625150377e+000 +3.625150377e+000 -1.331348496e+002 -1.331348496e+002
4964 0 +3.538373549e+000 +3.538373549e+000 -1.332216265e+002 -1.332216265e+002
5002 0 +3.462316563e+000 +3.462316563e+000 -1.332976834e+002 -1.332976834e+002
8941 0 +3.330227213e+000 +3.330227213e+000 -1.334297728e+002 -1.334297728e+002
10901 0 +3.303402011e+000 +3.303402011e+000 -1.334565980e+002 -1.334565980e+002
12034 0 +3.194828839e+000 +3.194828839e+000 -1.335651712e+002 -1.335651712e+002
12257 0 +3.130602477e+000 +3.130602477e+000 -1.336293975e+002 -1.336293975e+002
12377 0 +3.081963003e+000 +3.081963003e+000 -1.336780370e+002 -1.336780370e+002
13268 0 +2.981473157e+000 +2.981473157e+000 -1.337785268e+002 -1.337785268e+002
13725 0 +2.906129339e+000 +2.906129339e+000 -1.338538707e+002 -1.338538707e+002
13905 0 +2.853598363e+000 +2.853598363e+000 -1.339064016e+002 -1.339064016e+002
14550 0 +2.789016469e+000 +2.789016469e+000 -1.339709835e+002 -1.339709835e+002
14816 0 +2.737546118e+000 +2.737546118e+000 -1.340224539e+002 -1.340224539e+002
15104 0 +2.684554998e+000 +2.684554998e+000 -1.340754450e+002 -1.340754450e+002
15902 0 +2.629125583e+000 +2.629125583e+000 -1.341308744e+002 -1.341308744e+002
19006 0 +2.570351790e+000 +2.570351790e+000 -1.341896482e+002 -1.341896482e+002
% f evaluations | g evaluations | best noise-free fitness - Fopt | noise-free fitness - Fopt (3.667500000000e+002) | measured fitness | best measured fitness | x1 | x2...
1 0 +5.371697680e+004 +5.371697680e+004 +5.408372680e+004 +5.408372680e+004
4 0 +3.982432760e+004 +3.982432760e+004 +4.019107760e+004 +4.019107760e+004
8 0 +3.839290282e+004 +3.839290282e+004 +3.875965282e+004 +3.875965282e+004
9 0 +3.703938164e+004 +3.703938164e+004 +3.740613164e+004 +3.740613164e+004
43 0 +3.144975876e+004 +3.144975876e+004 +3.181650876e+004 +3.181650876e+004
115 0 +7.639673249e+003 +7.639673249e+003 +8.006423249e+003 +8.006423249e+003
1157 0 +5.096546911e+003 +5.096546911e+003 +5.463296911e+003 +5.463296911e+003
1196 0 +2.689023197e+003 +2.689023197e+003 +3.055773197e+003 +3.055773197e+003
1430 0 +2.002221768e+003 +2.002221768e+003 +2.368971768e+003 +2.368971768e+003
1467 0 +1.643089190e+003 +1.643089190e+003 +2.009839190e+003 +2.009839190e+003
1514 0 +1.606257037e+003 +1.606257037e+003 +1.973007037e+003 +1.973007037e+003
1528 0 +1.381961984e+002 +1.381961984e+002 +5.049461984e+002 +5.049461984e+002
1686 0 +1.488343580e+001 +1.488343580e+001 +3.816334358e+002 +3.816334358e+002
1900 0 +5.657771318e+000 +5.657771318e+000 +3.724077713e+002 +3.724077713e+002
1909 0 +4.005899871e+000 +4.005899871e+000 +3.707558999e+002 +3.707558999e+002
2122 0 +3.842698773e+000 +3.842698773e+000 +3.705926988e+002 +3.705926988e+002
2393 0 +3.629800743e+000 +3.629800743e+000 +3.703798007e+002 +3.703798007e+002
2566 0 +3.520942185e+000 +3.520942185e+000 +3.702709422e+002 +3.702709422e+002
5728 0 +3.453811515e+000 +3.453811515e+000 +3.702038115e+002 +3.702038115e+002
7801 0 +3.294813982e+000 +3.294813982e+000 +3.700448140e+002 +3.700448140e+002
10927 0 +3.151131321e+000 +3.151131321e+000 +3.699011313e+002 +3.699011313e+002
11637 0 +3.027141233e+000 +3.027141233e+000 +3.697771412e+002 +3.697771412e+002
12402 0 +2.981500230e+000 +2.981500230e+000 +3.697315002e+002 +3.697315002e+002
13925 0 +2.791302247e+000 +2.791302247e+000 +3.695413022e+002 +3.695413022e+002
14943 0 +2.640538405e+000 +2.640538405e+000 +3.693905384e+002 +3.693905384e+002
15214 0 +2.615395089e+000 +2.615395089e+000 +3.693653951e+002 +3.693653951e+002
15994 0 +2.535327767e+000 +2.535327767e+000 +3.692853278e+002 +3.692853278e+002
16597 0 +2.501243208e+000 +2.501243208e+000 +3.692512432e+002 +3.692512432e+002
16722 0 +2.447342798e+000 +2.447342798e+000 +3.691973428e+002 +3.691973428e+002
16938 0 +2.394609259e+000 +2.394609259e+000 +3.691446093e+002 +3.691446093e+002
17394 0 +2.260753012e+000 +2.260753012e+000 +3.690107530e+002 +3.690107530e+002
17502 0 +2.208362357e+000 +2.208362357e+000 +3.689583624e+002 +3.689583624e+002
18060 0 +2.159162671e+000 +2.159162671e+000 +3.689091627e+002 +3.689091627e+002
18341 0 +2.128074002e+000 +2.128074002e+000 +3.688780740e+002 +3.688780740e+002
19083 0 +2.067728429e+000 +2.067728429e+000 +3.688177284e+002 +3.688177284e+002
19627 0 +2.039565762e+000 +2.039565762e+000 +3.687895658e+002 +3.687895658e+002
% f evaluations | g evaluations | best noise-free fitness - Fopt | noise-free fitness - Fopt (-2.486900000000e+002) | measured fitness | best measured fitness | x1 | x2...
1 0 +6.624626971e+004 +6.624626971e+004 +6.599757971e+004 +6.599757971e+004
2 0 +4.697183841e+004 +4.697183841e+004 +4.672314841e+004 +4.672314841e+004
13 0 +3.631460808e+004 +3.631460808e+004 +3.606591808e+004 +3.606591808e+004
16 0 +3.213673403e+004 +3.213673403e+004 +3.188804403e+004 +3.188804403e+004
38 0 +1.196538697e+004 +1.196538697e+004 +1.171669697e+004 +1.171669697e+004
816 0 +9.954402698e+003 +9.954402698e+003 +9.705712698e+003 +9.705712698e+003
903 0 +6.260180912e+003 +6.260180912e+003 +6.011490912e+003 +6.011490912e+003
1104 0 +5.207023976e+003 +5.207023976e+003 +4.958333976e+003 +4.958333976e+003
1119 0 +1.473965880e+003 +1.473965880e+003 +1.225275880e+003 +1.225275880e+003
1578 0 +9.470519573e+002 +9.470519573e+002 +6.983619573e+002 +6.983619573e+002
1747 0 +1.952196261e+002 +1.952196261e+002 -5.347037387e+001 -5.347037387e+001
1907 0 +1.163290336e+002 +1.163290336e+002 -1.323609664e+002 -1.323609664e+002
1978 0 +2.359176602e+001 +2.359176602e+001 -2.250982340e+002 -2.250982340e+002
2143 0 +3.708188933e+000 +3.708188933e+000 -2.449818111e+002 -2.449818111e+002
3325 0 +3.626435045e+000 +3.626435045e+000 -2.450635650e+002 -2.450635650e+002
4800 0 +3.488755318e+000 +3.488755318e+000 -2.452012447e+002 -2.452012447e+002
8861 0 +3.367882832e+000 +3.367882832e+000 -2.453221172e+002 -2.453221172e+002
13152 0 +3.284941015e+000 +3.284941015e+000 -2.454050590e+002 -2.454050590e+002
13172 0 +3.232862294e+000 +3.232862294e+000 -2.454571377e+002 -2.454571377e+002
15007 0 +3.138058899e+000 +3.138058899e+000 -2.455519411e+002 -2.455519411e+002
15321 0 +3.046500756e+000 +3.046500756e+000 -2.456434992e+002 -2.456434992e+002
15728 0 +2.981170478e+000 +2.981170478e+000 -2.457088295e+002 -2.457088295e+002
15964 0 +2.897388643e+000 +2.897388643e+000 -2.457926114e+002 -2.457926114e+002
16070 0 +2.818021013e+000 +2.818021013e+000 -2.458719790e+002 -2.458719790e+002
16299 0 +2.729236575e+000 +2.729236575e+000 -2.459607634e+002 -2.459607634e+002
16519 0 +2.620121354e+000 +2.620121354e+000 -2.460698786e+002 -2.460698786e+002
17012 0 +2.496897354e+000 +2.496897354e+000 -2.461931026e+002 -2.461931026e+002
17813 0 +2.384363112e+000 +2.384363112e+000 -2.463056369e+002 -2.463056369e+002
18120 0 +2.325328057e+000 +2.325328057e+000 -2.463646719e+002 -2.463646719e+002
18248 0 +2.234063882e+000 +2.234063882e+000 -2.464559361e+002 -2.464559361e+002
19072 0 +2.166375878e+000 +2.166375878e+000 -2.465236241e+002 -2.465236241e+002
20358 0 +2.133483541e+000 +2.133483541e+000 -2.465565165e+002 -2.465565165e+002
21245 0 +2.077515434e+000 +2.077515434e+000 -2.466124846e+002 -2.466124846e+002
% f evaluations | g evaluations | best noise-free fitness - Fopt | noise-free fitness - Fopt (-6.786000000000e+001) | measured fitness | best measured fitness | x1 | x2...
1 0 +1.051092398e+005 +1.051092398e+005 +1.050413798e+005 +1.050413798e+005
2 0 +7.592045993e+004 +7.592045993e+004 +7.585259993e+004 +7.585259993e+004
3 0 +7.363120415e+004 +7.363120415e+004 +7.356334415e+004 +7.356334415e+004
5 0 +4.288627812e+004 +4.288627812e+004 +4.281841812e+004 +4.281841812e+004
6 0 +2.850214463e+004 +2.850214463e+004 +2.843428463e+004 +2.843428463e+004
18 0 +2.386706308e+004 +2.386706308e+004 +2.379920308e+004 +2.379920308e+004
180 0 +2.307066281e+004 +2.307066281e+004 +2.300280281e+004 +2.300280281e+004
240 0 +1.588778811e+004 +1.588778811e+004 +1.581992811e+004 +1.581992811e+004
1355 0 +1.504391230e+004 +1.504391230e+004 +1.497605230e+004 +1.497605230e+004
1421 0 +7.488023497e+003 +7.488023497e+003 +7.420163497e+003 +7.420163497e+003
1533 0 +5.894145718e+003 +5.894145718e+003 +5.826285718e+003 +5.826285718e+003
1539 0 +3.250168530e+003 +3.250168530e+003 +3.182308530e+003 +3.182308530e+003
1558 0 +2.729380688e+003 +2.729380688e+003 +2.661520688e+003 +2.661520688e+003
1727 0 +1.191487553e+003 +1.191487553e+003 +1.123627553e+003 +1.123627553e+003
1985 0 +9.924464511e+002 +9.924464511e+002 +9.245864511e+002 +9.245864511e+002
2313 0 +7.123796159e+002 +7.123796159e+002 +6.445196159e+002 +6.445196159e+002
2332 0 +5.952932495e+002 +5.952932495e+002 +5.274332495e+002 +5.274332495e+002
2359 0 +4.040435407e+001 +4.040435407e+001 -2.745564593e+001 -2.745564593e+001
2409 0 +5.101933120e+000 +5.101933120e+000 -6.275806688e+001 -6.275806688e+001
2779 0 +3.951929770e+000 +3.951929770e+000 -6.390807023e+001 -6.390807023e+001
3333 0 +3.876359020e+000 +3.876359020e+000 -6.398364098e+001 -6.398364098e+001
3512 0 +3.779763535e+000 +3.779763535e+000 -6.408023646e+001 -6.408023646e+001
3651 0 +3.636935589e+000 +3.636935589e+000 -6.422306441e+001 -6.422306441e+001
3662 0 +3.580429601e+000 +3.580429601e+000 -6.427957040e+001 -6.427957040e+001
4107 0 +3.499359001e+000 +3.499359001e+000 -6.436064100e+001 -6.436064100e+001
4277 0 +3.334895197e+000 +3.334895197e+000 -6.452510480e+001 -6.452510480e+001
6147 0 +3.275715141e+000 +3.275715141e+000 -6.458428486e+001 -6.458428486e+001
8810 0 +3.095440856e+000 +3.095440856e+000 -6.476455914e+001 -6.476455914e+001
10891 0 +3.065329551e+000 +3.065329551e+000 -6.479467045e+001 -6.479467045e+001
11436 0 +2.938199582e+000 +2.938199582e+000 -6.492180042e+001 -6.492180042e+001
11681 0 +2.841864229e+000 +2.841864229e+000 -6.501813577e+001 -6.501813577e+001
12505 0 +2.801783483e+000 +2.801783483e+000 -6.505821652e+001 -6.505821652e+001
12840 0 +2.729727016e+000 +2.729727016e+000 -6.513027298e+001 -6.513027298e+001
12966 0 +2.672579605e+000 +2.672579605e+000 -6.518742040e+001 -6.518742040e+001
13172 0 +2.624975750e+000 +2.624975750e+000 -6.523502425e+001 -6.523502425e+001
13599 0 +2.546146939e+000 +2.546146939e+000 -6.531385306e+001 -6.531385306e+001
13801 0 +2.504166830e+000 +2.504166830e+000 -6.535583317e+001 -6.535583317e+001
14011 0 +2.450524327e+000 +2.450524327e+000 -6.540947567e+001 -6.540947567e+001
14946 0 +2.377000737e+000 +2.377000737e+000 -6.548299926e+001 -6.548299926e+001
15371 0 +2.337119849e+000 +2.337119849e+000 -6.552288015e+001 -6.552288015e+001
16088 0 +2.286242446e+000 +2.286242446e+000 -6.557375755e+001 -6.557375755e+001
% f evaluations | g evaluations | best noise-free fitness - Fopt | noise-free fitness - Fopt (-2.329000000000e+001) | measured fitness | best measured fitness | x1 | x2...
1 0 +6.287278784e+004 +6.287278784e+004 +6.284949784e+004 +6.284949784e+004
2 0 +4.360947480e+004 +4.360947480e+004 +4.358618480e+004 +4.358618480e+004
3 0 +2.828511725e+004 +2.828511725e+004 +2.826182725e+004 +2.826182725e+004
111 0 +2.027770780e+004 +2.027770780e+004 +2.025441780e+004 +2.025441780e+004
219 0 +1.308001214e+004 +1.308001214e+004 +1.305672214e+004 +1.305672214e+004
238 0 +6.175083824e+003 +6.175083824e+003 +6.151793824e+003 +6.151793824e+003
1534 0 +5.553897910e+003 +5.553897910e+003 +5.530607910e+003 +5.530607910e+003
1588 0 +1.932160116e+003 +1.932160116e+003 +1.908870116e+003 +1.908870116e+003
1745 0 +1.221211497e+003 +1.221211497e+003 +1.197921497e+003 +1.197921497e+003
2067 0 +8.690941459e+002 +8.690941459e+002 +8.458041459e+002 +8.458041459e+002
2190 0 +1.166318146e+002 +1.166318146e+002 +9.334181464e+001 +9.334181464e+001
2718 0 +6.406387202e+001 +6.406387202e+001 +4.077387202e+001 +4.077387202e+001
2827 0 +5.872889934e+001 +5.872889934e+001 +3.543889934e+001 +3.543889934e+001
2859 0 +6.365442626e+000 +6.365442626e+000 -1.692455737e+001 -1.692455737e+001
2895 0 +4.096101049e+000 +4.096101049e+000 -1.919389895e+001 -1.919389895e+001
3628 0 +4.042236550e+000 +4.042236550e+000 -1.924776345e+001 -1.924776345e+001
3670 0 +3.903191056e+000 +3.903191056e+000 -1.938680894e+001 -1.938680894e+001
3756 0 +3.722179797e+000 +3.722179797e+000 -1.956782020e+001 -1.956782020e+001
3868 0 +3.667307454e+000 +3.667307454e+000 -1.962269255e+001 -1.962269255e+001
4510 0 +3.518377703e+000 +3.518377703e+000 -1.977162230e+001 -1.977162230e+001
5198 0 +3.459011166e+000 +3.459011166e+000 -1.983098883e+001 -1.983098883e+001
7781 0 +3.317485670e+000 +3.317485670e+000 -1.997251433e+001 -1.997251433e+001
8512 0 +3.204265086e+000 +3.204265086e+000 -2.008573491e+001 -2.008573491e+001
8631 0 +3.123627791e+000 +3.123627791e+000 -2.016637221e+001 -2.016637221e+001
9658 0 +3.080094885e+000 +3.080094885e+000 -2.020990512e+001 -2.020990512e+001
9911 0 +3.013628918e+000 +3.013628918e+000 -2.027637108e+001 -2.027637108e+001
10423 0 +2.882584615e+000 +2.882584615e+000 -2.040741538e+001 -2.040741538e+001
11265 0 +2.797341803e+000 +2.797341803e+000 -2.049265820e+001 -2.049265820e+001
12021 0 +2.725223932e+000 +2.725223932e+000 -2.056477607e+001 -2.056477607e+001
12554 0 +2.603526465e+000 +2.603526465e+000 -2.068647354e+001 -2.068647354e+001
13890 0 +2.540583085e+000 +2.540583085e+000 -2.074941692e+001 -2.074941692e+001
14640 0 +2.508389306e+000 +2.508389306e+000 -2.078161069e+001 -2.078161069e+001
16206 0 +2.454427008e+000 +2.454427008e+000 -2.083557299e+001 -2.083557299e+001
% f evaluations | g evaluations | best noise-free fitness - Fopt | noise-free fitness - Fopt (-1.028000000000e+001) | measured fitness | best measured fitness | x1 | x2...
1 0 +1.255965210e+005 +1.255965210e+005 +1.255862410e+005 +1.255862410e+005
2 0 +5.344417423e+004 +5.344417423e+004 +5.343389423e+004 +5.343389423e+004
6 0 +5.079910845e+004 +5.079910845e+004 +5.078882845e+004 +5.078882845e+004
18 0 +4.471466064e+004 +4.471466064e+004 +4.470438064e+004 +4.470438064e+004
23 0 +4.380429549e+004 +4.380429549e+004 +4.379401549e+004 +4.379401549e+004
24 0 +3.640982105e+004 +3.640982105e+004 +3.639954105e+004 +3.639954105e+004
72 0 +3.160519755e+004 +3.160519755e+004 +3.159491755e+004 +3.159491755e+004
84 0 +1.644915548e+004 +1.644915548e+004 +1.643887548e+004 +1.643887548e+004
242 0 +6.239788854e+003 +6.239788854e+003 +6.229508854e+003 +6.229508854e+003
1181 0 +4.150332956e+003 +4.150332956e+003 +4.140052956e+003 +4.140052956e+003
1186 0 +3.278966256e+003 +3.278966256e+003 +3.268686256e+003 +3.268686256e+003
1312 0 +3.059122601e+003 +3.059122601e+003 +3.048842601e+003 +3.048842601e+003
1365 0 +2.774784650e+003 +2.774784650e+003 +2.764504650e+003 +2.764504650e+003
1367 0 +1.252131946e+003 +1.252131946e+003 +1.241851946e+003 +1.241851946e+003
1873 0 +7.544071182e+002 +7.544071182e+002 +7.441271182e+002 +7.441271182e+002
1946 0 +4.349355947e+002 +4.349355947e+002 +4.246555947e+002 +4.246555947e+002
2004 0 +2.997734538e+001 +2.997734538e+001 +1.969734538e+001 +1.969734538e+001
2702 0 +4.993787458e+000 +4.993787458e+000 -5.286212542e+000 -5.286212542e+000
2807 0 +4.056793065e+000 +4.056793065e+000 -6.223206935e+000 -6.223206935e+000
3068 0 +3.834429442e+000 +3.834429442e+000 -6.445570558e+000 -6.445570558e+000
3153 0 +3.647638106e+000 +3.647638106e+000 -6.632361894e+000 -6.632361894e+000
4400 0 +3.471011795e+000 +3.471011795e+000 -6.808988205e+000 -6.808988205e+000
5779 0 +3.421613060e+000 +3.421613060e+000 -6.858386940e+000 -6.858386940e+000
9602 0 +3.233473180e+000 +3.233473180e+000 -7.046526820e+000 -7.046526820e+000
12073 0 +3.141593923e+000 +3.141593923e+000 -7.138406077e+000 -7.138406077e+000
15666 0 +3.033587972e+000 +3.033587972e+000 -7.246412028e+000 -7.246412028e+000
16598 0 +2.993938706e+000 +2.993938706e+000 -7.286061294e+000 -7.286061294e+000
18522 0 +2.932433735e+000 +2.932433735e+000 -7.347566265e+000 -7.347566265e+000
18899 0 +2.759455599e+000 +2.759455599e+000 -7.520544401e+000 -7.520544401e+000
19004 0 +2.695622428e+000 +2.695622428e+000 -7.584377572e+000 -7.584377572e+000
19504 0 +2.673988581e+000 +2.673988581e+000 -7.606011419e+000 -7.606011419e+000
19831 0 +2.595542686e+000 +2.595542686e+000 -7.684457314e+000 -7.684457314e+000
19949 0 +2.552890993e+000 +2.552890993e+000 -7.727109007e+000 -7.727109007e+000
20420 0 +2.490722724e+000 +2.490722724e+000 -7.789277276e+000 -7.789277276e+000
21315 0 +2.408597828e+000 +2.408597828e+000 -7.871402172e+000 -7.871402172e+000
21620 0 +2.387891062e+000 +2.387891062e+000 -7.892108938e+000 -7.892108938e+000
21626 0 +2.298880821e+000 +2.298880821e+000 -7.981119179e+000 -7.981119179e+000
21726 0 +2.289710246e+000 +2.289710246e+000 -7.990289754e+000 -7.990289754e+000
21771 0 +2.218184427e+000 +2.218184427e+000 -8.061815573e+000 -8.061815573e+000
21928 0 +2.174645147e+000 +2.174645147e+000 -8.105354853e+000 -8.105354853e+000
22230 0 +2.134581378e+000 +2.134581378e+000 -8.145418622e+000 -8.145418622e+000
22435 0 +2.060850040e+000 +2.060850040e+000 -8.219149960e+000 -8.219149960e+000
22741 0 +2.039841437e+000 +2.039841437e+000 -8.240158563e+000 -8.240158563e+000
23155 0 +1.992344377e+000 +1.992344377e+000 -8.287655623e+000 -8.287655623e+000
23625 0 +1.946147871e+000 +1.946147871e+000 -8.333852129e+000 -8.333852129e+000
24567 0 +1.904450246e+000 +1.904450246e+000 -8.375549754e+000 -8.375549754e+000
27696 0 +1.861502892e+000 +1.861502892e+000 -8.418497108e+000 -8.418497108e+000
% f evaluations | g evaluations | best noise-free fitness - Fopt | noise-free fitness - Fopt (1.799700000000e+002) | measured fitness | best measured fitness | x1 | x2...
1 0 +6.942823724e+004 +6.942823724e+004 +6.960820724e+004 +6.960820724e+004
4 0 +6.179828566e+004 +6.179828566e+004 +6.197825566e+004 +6.197825566e+004
6 0 +4.524037232e+004 +4.524037232e+004 +4.542034232e+004 +4.542034232e+004
7 0 +2.446602587e+004 +2.446602587e+004 +2.464599587e+004 +2.464599587e+004
118 0 +1.406127113e+004 +1.406127113e+004 +1.424124113e+004 +1.424124113e+004
144 0 +1.207067021e+004 +1.207067021e+004 +1.225064021e+004 +1.225064021e+004
1106 0 +1.113620359e+004 +1.113620359e+004 +1.131617359e+004 +1.131617359e+004
1119 0 +8.625629370e+003 +8.625629370e+003 +8.805599370e+003 +8.805599370e+003
1131 0 +7.881295473e+003 +7.881295473e+003 +8.061265473e+003 +8.061265473e+003
1144 0 +6.522823724e+003 +6.522823724e+003 +6.702793724e+003 +6.702793724e+003
1402 0 +5.948034696e+003 +5.948034696e+003 +6.128004696e+003 +6.128004696e+003
1458 0 +5.389444468e+003 +5.389444468e+003 +5.569414468e+003 +5.569414468e+003
1463 0 +5.225943670e+003 +5.225943670e+003 +5.405913670e+003 +5.405913670e+003
1480 0 +4.813124955e+003 +4.813124955e+003 +4.993094955e+003 +4.993094955e+003
1508 0 +4.573571068e+003 +4.573571068e+003 +4.753541068e+003 +4.753541068e+003
1568 0 +4.249404019e+003 +4.249404019e+003 +4.429374019e+003 +4.429374019e+003
1627 0 +4.045488580e+003 +4.045488580e+003 +4.225458580e+003 +4.225458580e+003
1631 0 +1.056009705e+003 +1.056009705e+003 +1.235979705e+003 +1.235979705e+003
1722 0 +1.000178229e+003 +1.000178229e+003 +1.180148229e+003 +1.180148229e+003
1793 0 +9.364081645e+002 +9.364081645e+002 +1.116378165e+003 +1.116378165e+003
1847 0 +5.039533503e+002 +5.039533503e+002 +6.839233503e+002 +6.839233503e+002
1857 0 +1.744384123e+002 +1.744384123e+002 +3.544084123e+002 +3.544084123e+002
1889 0 +1.866668386e+001 +1.866668386e+001 +1.986366839e+002 +1.986366839e+002
2329 0 +4.933538194e+000 +4.933538194e+000 +1.849035382e+002 +1.849035382e+002
2920 0 +4.683106856e+000 +4.683106856e+000 +1.846531069e+002 +1.846531069e+002
2964 0 +4.422539016e+000 +4.422539016e+000 +1.843925390e+002 +1.843925390e+002
3101 0 +4.327836581e+000 +4.327836581e+000 +1.842978366e+002 +1.842978366e+002
3122 0 +4.139629005e+000 +4.139629005e+000 +1.841096290e+002 +1.841096290e+002
3134 0 +3.992861064e+000 +3.992861064e+000 +1.839628611e+002 +1.839628611e+002
3151 0 +3.963288079e+000 +3.963288079e+000 +1.839332881e+002 +1.839332881e+002
3160 0 +3.761114238e+000 +3.761114238e+000 +1.837311142e+002 +1.837311142e+002
3300 0 +3.711407184e+000 +3.711407184e+000 +1.836814072e+002 +1.836814072e+002
4159 0 +3.511003843e+000 +3.511003843e+000 +1.834810038e+002 +1.834810038e+002
6535 0 +3.454762365e+000 +3.454762365e+000 +1.834247624e+002 +1.834247624e+002
9010 0 +3.365110333e+000 +3.365110333e+000 +1.833351103e+002 +1.833351103e+002
10857 0 +3.176182360e+000 +3.176182360e+000 +1.831461824e+002 +1.831461824e+002
11178 0 +3.153586826e+000 +3.153586826e+000 +1.831235868e+002 +1.831235868e+002
11273 0 +3.050868591e+000 +3.050868591e+000 +1.830208686e+002 +1.830208686e+002
11732 0 +2.929909521e+000 +2.929909521e+000 +1.828999095e+002 +1.828999095e+002
12208 0 +2.855060191e+000 +2.855060191e+000 +1.828250602e+002 +1.828250602e+002
12928 0 +2.787632116e+000 +2.787632116e+000 +1.827576321e+002 +1.827576321e+002
13502 0 +2.745008191e+000 +2.745008191e+000 +1.827150082e+002 +1.827150082e+002
14403 0 +2.689231912e+000 +2.689231912e+000 +1.826592319e+002 +1.826592319e+002
16257 0 +2.629661518e+000 +2.629661518e+000 +1.825996615e+002 +1.825996615e+002
% f evaluations | g evaluations | best noise-free fitness - Fopt | noise-free fitness - Fopt (8.376000000000e+001) | measured fitness | best measured fitness | x1 | x2...
1 0 +1.167566622e+005 +1.167566622e+005 +1.168404222e+005 +1.168404222e+005
3 0 +6.374165956e+004 +6.374165956e+004 +6.382541956e+004 +6.382541956e+004
6 0 +3.276574407e+004 +3.276574407e+004 +3.284950407e+004 +3.284950407e+004
37 0 +3.009426769e+004 +3.009426769e+004 +3.017802769e+004 +3.017802769e+004
130 0 +2.522413624e+004 +2.522413624e+004 +2.530789624e+004 +2.530789624e+004
136 0 +1.741589843e+004 +1.741589843e+004 +1.749965843e+004 +1.749965843e+004
250 0 +1.529087375e+004 +1.529087375e+004 +1.537463375e+004 +1.537463375e+004
348 0 +1.502501283e+004 +1.502501283e+004 +1.510877283e+004 +1.510877283e+004
921 0 +1.058767681e+004 +1.058767681e+004 +1.067143681e+004 +1.067143681e+004
957 0 +8.241512816e+003 +8.241512816e+003 +8.325272816e+003 +8.325272816e+003
1314 0 +6.872130506e+003 +6.872130506e+003 +6.955890506e+003 +6.955890506e+003
1519 0 +5.561511781e+003 +5.561511781e+003 +5.645271781e+003 +5.645271781e+003
1535 0 +1.458925597e+003 +1.458925597e+003 +1.542685597e+003 +1.542685597e+003
1804 0 +7.232017428e+002 +7.232017428e+002 +8.069617428e+002 +8.069617428e+002
2057 0 +6.026099977e+002 +6.026099977e+002 +6.863699977e+002 +6.863699977e+002
2228 0 +4.371827477e+002 +4.371827477e+002 +5.209427477e+002 +5.209427477e+002
2231 0 +3.580263772e+002 +3.580263772e+002 +4.417863772e+002 +4.417863772e+002
2240 0 +7.478930914e+001 +7.478930914e+001 +1.585493091e+002 +1.585493091e+002
2302 0 +5.027891465e+000 +5.027891465e+000 +8.878789147e+001 +8.878789147e+001
2952 0 +4.243352246e+000 +4.243352246e+000 +8.800335225e+001 +8.800335225e+001
3215 0 +3.983716002e+000 +3.983716002e+000 +8.774371600e+001 +8.774371600e+001
3502 0 +3.939577744e+000 +3.939577744e+000 +8.769957774e+001 +8.769957774e+001
3606 0 +3.882083078e+000 +3.882083078e+000 +8.764208308e+001 +8.764208308e+001
3664 0 +3.765254385e+000 +3.765254385e+000 +8.752525439e+001 +8.752525439e+001
4502 0 +3.649171642e+000 +3.649171642e+000 +8.740917164e+001 +8.740917164e+001
4701 0 +3.365822159e+000 +3.365822159e+000 +8.712582216e+001 +8.712582216e+001
11365 0 +3.254169181e+000 +3.254169181e+000 +8.701416918e+001 +8.701416918e+001
11713 0 +3.234259260e+000 +3.234259260e+000 +8.699425926e+001 +8.699425926e+001
11804 0 +3.094910056e+000 +3.094910056e+000 +8.685491006e+001 +8.685491006e+001
12147 0 +3.084700719e+000 +3.084700719e+000 +8.684470072e+001 +8.684470072e+001
12207 0 +2.959789530e+000 +2.959789530e+000 +8.671978953e+001 +8.671978953e+001
12635 0 +2.924817147e+000 +2.924817147e+000 +8.668481715e+001 +8.668481715e+001
13050 0 +2.822845236e+000 +2.822845236e+000 +8.658284524e+001 +8.658284524e+001
13429 0 +2.787506217e+000 +2.787506217e+000 +8.654750622e+001 +8.654750622e+001
14202 0 +2.737348922e+000 +2.737348922e+000 +8.649734892e+001 +8.649734892e+001
14217 0 +2.640725101e+000 +2.640725101e+000 +8.640072510e+001 +8.640072510e+001
14708 0 +2.582546157e+000 +2.582546157e+000 +8.634254616e+001 +8.634254616e+001
14811 0 +2.566852720e+000 +2.566852720e+000 +8.632685272e+001 +8.632685272e+001
15033 0 +2.492397116e+000 +2.492397116e+000 +8.625239712e+001 +8.625239712e+001
16004 0 +2.454519236e+000 +2.454519236e+000 +8.621451924e+001 +8.621451924e+001
16901 0 +2.388703648e+000 +2.388703648e+000 +8.614870365e+001 +8.614870365e+001
% f evaluations | g evaluations | best noise-free fitness - Fopt | noise-free fitness - Fopt (-3.890100000000e+002) | measured fitness | best measured fitness | x1 | x2...
1 0 +1.255646286e+005 +1.255646286e+005 +1.251756186e+005 +1.251756186e+005
2 0 +1.000872835e+005 +1.000872835e+005 +9.969827355e+004 +9.969827355e+004
4 0 +9.134679610e+004 +9.134679610e+004 +9.095778610e+004 +9.095778610e+004
5 0 +4.423176781e+004 +4.423176781e+004 +4.384275781e+004 +4.384275781e+004
10 0 +3.290974998e+004 +3.290974998e+004 +3.252073998e+004 +3.252073998e+004
25 0 +2.129901635e+004 +2.129901635e+004 +2.091000635e+004 +2.091000635e+004
210 0 +1.672072351e+004 +1.672072351e+004 +1.633171351e+004 +1.633171351e+004
268 0 +1.287254426e+004 +1.287254426e+004 +1.248353426e+004 +1.248353426e+004
293 0 +1.130293583e+004 +1.130293583e+004 +1.091392583e+004 +1.091392583e+004
1013 0 +8.524103503e+003 +8.524103503e+003 +8.135093503e+003 +8.135093503e+003
1024 0 +6.456878515e+003 +6.456878515e+003 +6.067868515e+003 +6.067868515e+003
1148 0 +3.674439312e+003 +3.674439312e+003 +3.285429312e+003 +3.285429312e+003
1159 0 +3.367121516e+003 +3.367121516e+003 +2.978111516e+003 +2.978111516e+003
1189 0 +2.789676447e+003 +2.789676447e+003 +2.400666447e+003 +2.400666447e+003
1412 0 +2.562607695e+003 +2.562607695e+003 +2.173597695e+003 +2.173597695e+003
1466 0 +2.418083152e+003 +2.418083152e+003 +2.029073152e+003 +2.029073152e+003
1496 0 +2.296563556e+003 +2.296563556e+003 +1.907553556e+003 +1.907553556e+003
1516 0 +9.105852917e+002 +9.105852917e+002 +5.215752917e+002 +5.215752917e+002
1552 0 +4.458944065e+002 +4.458944065e+002 +5.688440645e+001 +5.688440645e+001
2093 0 +4.391340872e+001 +4.391340872e+001 -3.450965913e+002 -3.450965913e+002
2301 0 +4.667817418e+000 +4.667817418e+000 -3.843421826e+002 -3.843421826e+002
2414 0 +4.363358502e+000 +4.363358502e+000 -3.846466415e+002 -3.846466415e+002
2622 0 +3.868346082e+000 +3.868346082e+000 -3.851416539e+002 -3.851416539e+002
3846 0 +3.687901383e+000 +3.687901383e+000 -3.853220986e+002 -3.853220986e+002
4586 0 +3.628635738e+000 +3.628635738e+000 -3.853813643e+002 -3.853813643e+002
5471 0 +3.546593881e+000 +3.546593881e+000 -3.854634061e+002 -3.854634061e+002
6827 0 +3.370794917e+000 +3.370794917e+000 -3.856392051e+002 -3.856392051e+002
7873 0 +3.308774893e+000 +3.308774893e+000 -3.857012251e+002 -3.857012251e+002
8296 0 +3.196600945e+000 +3.196600945e+000 -3.858133991e+002 -3.858133991e+002
9037 0 +3.161228789e+000 +3.161228789e+000 -3.858487712e+002 -3.858487712e+002
9538 0 +3.021696545e+000 +3.021696545e+000 -3.859883035e+002 -3.859883035e+002
9992 0 +3.015405610e+000 +3.015405610e+000 -3.859945944e+002 -3.859945944e+002
10625 0 +2.923792950e+000 +2.923792950e+000 -3.860862071e+002 -3.860862071e+002
10777 0 +2.863147101e+000 +2.863147101e+000 -3.861468529e+002 -3.861468529e+002
11625 0 +2.740252317e+000 +2.740252317e+000 -3.862697477e+002 -3.862697477e+002
12260 0 +2.673937271e+000 +2.673937271e+000 -3.863360627e+002 -3.863360627e+002
12933 0 +2.595156770e+000 +2.595156770e+000 -3.864148432e+002 -3.864148432e+002
13902 0 +2.568746654e+000 +2.568746654e+000 -3.864412533e+002 -3.864412533e+002
15888 0 +2.510663834e+000 +2.510663834e+000 -3.864993362e+002 -3.864993362e+002
% f evaluations | g evaluations | best noise-free fitness - Fopt | noise-free fitness - Fopt (-1.455800000000e+002) | measured fitness | best measured fitness | x1 | x2...
1 0 +8.514326702e+004 +8.514326702e+004 +8.499768702e+004 +8.499768702e+004
4 0 +8.456422690e+004 +8.456422690e+004 +8.441864690e+004 +8.441864690e+004
5 0 +7.058816334e+004 +7.058816334e+004 +7.044258334e+004 +7.044258334e+004
7 0 +5.061198643e+004 +5.061198643e+004 +5.046640643e+004 +5.046640643e+004
31 0 +4.107444177e+004 +4.107444177e+004 +4.092886177e+004 +4.092886177e+004
37 0 +2.685615195e+004 +2.685615195e+004 +2.671057195e+004 +2.671057195e+004
89 0 +2.307880542e+004 +2.307880542e+004 +2.293322542e+004 +2.293322542e+004
128 0 +1.833613250e+004 +1.833613250e+004 +1.819055250e+004 +1.819055250e+004
139 0 +1.652278448e+004 +1.652278448e+004 +1.637720448e+004 +1.637720448e+004
185 0 +1.244045174e+004 +1.244045174e+004 +1.229487174e+004 +1.229487174e+004
1114 0 +8.579164139e+003 +8.579164139e+003 +8.433584139e+003 +8.433584139e+003
1767 0 +3.026303156e+003 +3.026303156e+003 +2.880723156e+003 +2.880723156e+003
1812 0 +2.451227594e+003 +2.451227594e+003 +2.305647594e+003 +2.305647594e+003
1909 0 +1.682497936e+003 +1.682497936e+003 +1.536917936e+003 +1.536917936e+003
2054 0 +8.403269589e+002 +8.403269589e+002 +6.947469589e+002 +6.947469589e+002
2104 0 +5.576341341e+002 +5.576341341e+002 +4.120541341e+002 +4.120541341e+002
2219 0 +4.670207876e+002 +4.670207876e+002 +3.214407876e+002 +3.214407876e+002
2301 0 +2.889718124e+002 +2.889718124e+002 +1.433918124e+002 +1.433918124e+002
2351 0 +2.526845559e+002 +2.526845559e+002 +1.071045559e+002 +1.071045559e+002
2457 0 +1.214123479e+002 +1.214123479e+002 -2.416765205e+001 -2.416765205e+001
2491 0 +4.912582702e+001 +4.912582702e+001 -9.645417298e+001 -9.645417298e+001
2696 0 +2.435525984e+001 +2.435525984e+001 -1.212247402e+002 -1.212247402e+002
2820 0 +1.387539307e+001 +1.387539307e+001 -1.317046069e+002 -1.317046069e+002
3001 0 +8.145868550e+000 +8.145868550e+000 -1.374341315e+002 -1.374341315e+002
3089 0 +6.389770100e+000 +6.389770100e+000 -1.391902299e+002 -1.391902299e+002
3100 0 +4.719410579e+000 +4.719410579e+000 -1.408605894e+002 -1.408605894e+002
3274 0 +4.083399702e+000 +4.083399702e+000 -1.414966003e+002 -1.414966003e+002
3332 0 +3.553633289e+000 +3.553633289e+000 -1.420263667e+002 -1.420263667e+002
3965 0 +3.540192864e+000 +3.540192864e+000 -1.420398071e+002 -1.420398071e+002
6263 0 +3.369766999e+000 +3.369766999e+000 -1.422102330e+002 -1.422102330e+002
10281 0 +3.286541799e+000 +3.286541799e+000 -1.422934582e+002 -1.422934582e+002
11183 0 +3.225412894e+000 +3.225412894e+000 -1.423545871e+002 -1.423545871e+002
11428 0 +3.160108451e+000 +3.160108451e+000 -1.424198915e+002 -1.424198915e+002
11470 0 +3.075703382e+000 +3.075703382e+000 -1.425042966e+002 -1.425042966e+002
11523 0 +2.969469677e+000 +2.969469677e+000 -1.426105303e+002 -1.426105303e+002
11562 0 +2.930852425e+000 +2.930852425e+000 -1.426491476e+002 -1.426491476e+002
11796 0 +2.832724911e+000 +2.832724911e+000 -1.427472751e+002 -1.427472751e+002
12223 0 +2.749657364e+000 +2.749657364e+000 -1.428303426e+002 -1.428303426e+002
12495 0 +2.690086825e+000 +2.690086825e+000 -1.428899132e+002 -1.428899132e+002
12501 0 +2.629882371e+000 +2.629882371e+000 -1.429501176e+002 -1.429501176e+002
13613 0 +2.563450526e+000 +2.563450526e+000 -1.430165495e+002 -1.430165495e+002
13786 0 +2.493872742e+000 +2.493872742e+000 -1.430861273e+002 -1.430861273e+002
14739 0 +2.446227993e+000 +2.446227993e+000 -1.431337720e+002 -1.431337720e+002
16281 0 +2.392007090e+000 +2.392007090e+000 -1.431879929e+002 -1.431879929e+002
