% f evaluations | g evaluations | best noise-free fitness - Fopt | noise-free fitness - Fopt (-5.465000000000e+002) | measured fitness | best measured fitness | x1 | x2...
1 0 +3.296735360e+003 +3.296735360e+003 +2.750235360e+003 +2.750235360e+003 -7.1861e-001 +8.8730e-002
2 0 +3.023875207e+002 +3.023875207e+002 -2.441124793e+002 -2.441124793e+002 -7.2021e-001 +7.2305e-001
30 0 +5.316907367e+000 +5.316907367e+000 -5.411830926e+002 -5.411830926e+002 +1.7900e+000 +2.9368e+000
36 0 +4.291253574e+000 +4.291253574e+000 -5.422087464e+002 -5.422087464e+002 +3.5918e-001 +1.6575e+000
53 0 +4.066124887e+000 +4.066124887e+000 -5.424338751e+002 -5.424338751e+002 -2.3520e+000 +1.5869e+000
70 0 +3.014466197e+000 +3.014466197e+000 -5.434855338e+002 -5.434855338e+002 -1.1569e+000 +1.1365e+000
139 0 +2.648002513e+000 +2.648002513e+000 -5.438519975e+002 -5.438519975e+002 -8.9082e-001 +1.2150e+000
186 0 +2.209505015e+000 +2.209505015e+000 -5.442904950e+002 -5.442904950e+002 +1.5002e+000 +2.1202e+000
221 0 +7.204527016e-001 +7.204527016e-001 -5.457795473e+002 -5.457795473e+002 -2.1551e+000 +9.3235e-001
1478 0 +2.418509445e-002 +2.418509445e-002 -5.464758149e+002 -5.464758149e+002 -2.1026e+000 +2.0956e+000
% f evaluations | g evaluations | best noise-free fitness - Fopt | noise-free fitness - Fopt (1.000000000000e+003) | measured fitness | best measured fitness | x1 | x2...
1 0 +1.441359170e+003 +1.441359170e+003 +2.441359170e+003 +2.441359170e+003 +8.0321e-002 +5.9463e-001
15 0 +4.048947192e+000 +4.048947192e+000 +1.004048947e+003 +1.004048947e+003 +2.4667e-001 +1.2196e+000
35 0 +2.705002019e+000 +2.705002019e+000 +1.002705002e+003 +1.002705002e+003 -4.3403e-001 +1.3947e+000
185 0 +2.143435398e+000 +2.143435398e+000 +1.002143435e+003 +1.002143435e+003 +1.2305e+000 +2.9290e+000
225 0 +1.559404026e+000 +1.559404026e+000 +1.001559404e+003 +1.001559404e+003 -2.0694e+000 +1.8131e+000
271 0 +1.528953750e+000 +1.528953750e+000 +1.001528954e+003 +1.001528954e+003 +1.3684e+000 +2.9299e+000
344 0 +1.128106815e+000 +1.128106815e+000 +1.001128107e+003 +1.001128107e+003 -1.9353e+000 +2.1037e+000
658 0 +8.825509513e-001 +8.825509513e-001 +1.000882551e+003 +1.000882551e+003 -2.0838e+000 +2.1706e+000
2500 0 +9.849889240e-002 +9.849889240e-002 +1.000098499e+003 +1.000098499e+003 -2.0575e+000 +2.1037e+000
% f evaluations | g evaluations | best noise-free fitness - Fopt | noise-free fitness - Fopt (2.083800000000e+002) | measured fitness | best measured fitness | x1 | x2...
1 0 +1.207039524e+004 +1.207039524e+004 +1.227877524e+004 +1.227877524e+004 +1.1126e+000 -2.8329e-001
2 0 +6.840303996e+003 +6.840303996e+003 +7.048683996e+003 +7.048683996e+003 -1.1640e+000 -4.2409e-001
4 0 +4.545139431e+003 +4.545139431e+003 +4.753519431e+003 +4.753519431e+003 +5.6131e-003 +1.1101e-001
7 0 +4.174941082e+003 +4.174941082e+003 +4.383321082e+003 +4.383321082e+003 +4.8127e-001 +2.7451e-001
13 0 +3.422321727e+003 +3.422321727e+003 +3.630701727e+003 +3.630701727e+003 +2.2143e+000 +8.0502e-001
15 0 +4.154635357e+002 +4.154635357e+002 +6.238435357e+002 +6.238435357e+002 -1.5054e+000 +4.7981e-001
20 0 +6.078932702e+000 +6.078932702e+000 +2.144589327e+002 +2.144589327e+002 -1.5425e+000 +1.8059e+000
28 0 +3.693090904e+000 +3.693090904e+000 +2.120730909e+002 +2.120730909e+002 -1.1830e+000 +1.6257e+000
38 0 +2.709969927e+000 +2.709969927e+000 +2.110899699e+002 +2.110899699e+002 -4.2362e-001 +1.4028e+000
74 0 +2.675350872e+000 +2.675350872e+000 +2.110553509e+002 +2.110553509e+002 -9.5336e-001 +1.5327e+000
102 0 +2.337459646e+000 +2.337459646e+000 +2.107174596e+002 +2.107174596e+002 +1.5863e+000 +2.7311e+000
186 0 +2.260476814e+000 +2.260476814e+000 +2.106404768e+002 +2.106404768e+002 +4.1014e-001 +2.7251e+000
189 0 +1.421626547e+000 +1.421626547e+000 +2.098016265e+002 +2.098016265e+002 +1.4193e+000 +1.8517e+000
481 0 +1.378919061e+000 +1.378919061e+000 +2.097589191e+002 +2.097589191e+002 +1.6308e+000 +2.9959e+000
826 0 +1.242581326e+000 +1.242581326e+000 +2.096225813e+002 +2.096225813e+002 -1.0845e+000 +2.3460e+000
1019 0 +4.345943027e-001 +4.345943027e-001 +2.088145943e+002 +2.088145943e+002 -2.2239e+000 +2.0933e+000
% f evaluations | g evaluations | best noise-free fitness - Fopt | noise-free fitness - Fopt (-1.449600000000e+002) | measured fitness | best measured fitness | x1 | x2...
1 0 +6.570075826e+003 +6.570075826e+003 +6.425115826e+003 +6.425115826e+003 +3.8135e-001 +1.1600e-002
2 0 +1.128784879e+003 +1.128784879e+003 +9.838248786e+002 +9.838248786e+002 +1.1628e+000 -9.3489e-001
6 0 +6.604858054e+002 +6.604858054e+002 +5.155258054e+002 +5.155258054e+002 -2.3740e+000 -1.7699e-001
7 0 +5.118557703e+000 +5.118557703e+000 -1.398414423e+002 -1.398414423e+002 -1.6757e+000 -1.2937e+000
22 0 +3.052976818e+000 +3.052976818e+000 -1.419070232e+002 -1.419070232e+002 -1.8806e+000 -6.8644e-001
43 0 +1.696533072e+000 +1.696533072e+000 -1.432634669e+002 -1.432634669e+002 -2.1626e+000 -1.0155e+000
148 0 +1.630388149e+000 +1.630388149e+000 -1.433296119e+002 -1.433296119e+002 +1.5010e+000 -1.8198e+000
168 0 +5.395216609e-001 +5.395216609e-001 -1.444204783e+002 -1.444204783e+002 -2.1649e+000 -2.0466e+000
1306 0 +3.253883319e-002 +3.253883319e-002 -1.449274612e+002 -1.449274612e+002 -2.0689e+000 -2.1135e+000
6814 0 +3.139309406e-002 +3.139309406e-002 -1.449286069e+002 -1.449286069e+002 -2.1027e+000 -2.1165e+000
7015 0 +1.654421639e-003 +1.654421639e-003 -1.449583456e+002 -1.449583456e+002 -2.1075e+000 -2.1018e+000
9589 0 +1.506621055e-003 +1.506621055e-003 -1.449584934e+002 -1.449584934e+002 -2.0974e+000 -2.1060e+000
9880 0 +1.451958443e-003 +1.451958443e-003 -1.449585480e+002 -1.449585480e+002 -2.1119e+000 -2.1022e+000
9992 0 +1.068194558e-003 +1.068194558e-003 -1.449589318e+002 -1.449589318e+002 -2.0984e+000 -2.1063e+000
10102 0 +4.367810230e-004 +4.367810230e-004 -1.449595632e+002 -1.449595632e+002 -2.1007e+000 -2.1058e+000
10146 0 +2.886919025e-004 +2.886919025e-004 -1.449597113e+002 -1.449597113e+002 -2.1080e+000 -2.1044e+000
10792 0 +2.146178772e-005 +2.146178772e-005 -1.449599785e+002 -1.449599785e+002 -2.1040e+000 -2.1049e+000
11679 0 +1.566996355e-005 +1.566996355e-005 -1.449599843e+002 -1.449599843e+002 -2.1042e+000 -2.1051e+000
12576 0 +9.582381125e-006 +9.582381125e-006 -1.449599904e+002 -1.449599904e+002 -2.1049e+000 -2.1046e+000
12842 0 +7.888863991e-006 +7.888863991e-006 -1.449599921e+002 -1.449599921e+002 -2.1054e+000 -2.1048e+000
12910 0 +6.577621122e-006 +6.577621122e-006 -1.449599934e+002 -1.449599934e+002 -2.1052e+000 -2.1046e+000
12951 0 +4.427841333e-006 +4.427841333e-006 -1.449599956e+002 -1.449599956e+002 -2.1046e+000 -2.1050e+000
13028 0 +1.193265803e-006 +1.193265803e-006 -1.449599988e+002 -1.449599988e+002 -2.1047e+000 -2.1049e+000
13088 0 +8.287499043e-007 +8.287499043e-007 -1.449599992e+002 -1.449599992e+002 -2.1048e+000 -2.1048e+000
13241 0 +3.534189261e-007 +3.534189261e-007 -1.449599996e+002 -1.449599996e+002 -2.1048e+000 -2.1048e+000
13491 0 +4.861152547e-008 +4.861152547e-008 -1.449600000e+002 -1.449600000e+002 -2.1048e+000 -2.1048e+000
13812 0 +1.821018714e-008 +1.821018714e-008 -1.449600000e+002 -1.449600000e+002 -2.1049e+000 -2.1048e+000
14175 0 +1.254593940e-008 +1.254593940e-008 -1.449600000e+002 -1.449600000e+002 -2.1049e+000 -2.1048e+000
14669 0 +5.440170980e-009 +5.440170980e-009 -1.449600000e+002 -1.449600000e+002 -2.1049e+000 -2.1048e+000
20559 0 +0.000000000e+000 +0.000000000e+000 -1.449600000e+002 -1.449600000e+002 -2.1048e+000 -2.1048e+000
% f evaluations | g evaluations | best noise-free fitness - Fopt | noise-free fitness - Fopt (-6.300000000000e+000) | measured fitness | best measured fitness | x1 | x2...
1 0 +5.872569939e+000 +5.872569939e+000 -4.274300615e-001 -4.274300615e-001 -1.8030e+000 -1.8037e+000
15 0 +4.985492792e+000 +4.985492792e+000 -1.314507208e+000 -1.314507208e+000 +2.4386e-001 -1.5972e+000
28 0 +3.989230025e+000 +3.989230025e+000 -2.310769975e+000 -2.310769975e+000 +2.6232e-001 -1.9181e+000
42 0 +3.975518013e+000 +3.975518013e+000 -2.324481987e+000 -2.324481987e+000 +2.4623e+000 -2.0935e+000
75 0 +2.943408522e+000 +2.943408522e+000 -3.356591478e+000 -3.356591478e+000 +9.7553e-001 -1.8364e+000
84 0 +2.779472180e+000 +2.779472180e+000 -3.520527820e+000 -3.520527820e+000 -6.2326e-001 -1.5884e+000
119 0 +1.801777026e+000 +1.801777026e+000 -4.498222974e+000 -4.498222974e+000 +2.1276e+000 -1.6983e+000
225 0 +6.304076768e-001 +6.304076768e-001 -5.669592323e+000 -5.669592323e+000 +1.9830e+000 -2.1683e+000
610 0 +3.192313240e-001 +3.192313240e-001 -5.980768676e+000 -5.980768676e+000 +2.0054e+000 -2.1122e+000
2261 0 +1.812191284e-001 +1.812191284e-001 -6.118780872e+000 -6.118780872e+000 +2.1673e+000 -2.0710e+000
3029 0 +9.733850535e-002 +9.733850535e-002 -6.202661495e+000 -6.202661495e+000 +2.1621e+000 -2.0829e+000
3501 0 +3.891174131e-002 +3.891174131e-002 -6.261088259e+000 -6.261088259e+000 +2.0893e+000 -2.1201e+000
4193 0 +2.548954863e-002 +2.548954863e-002 -6.274510451e+000 -6.274510451e+000 +2.0916e+000 -2.1173e+000
4710 0 +2.481152046e-002 +2.481152046e-002 -6.275188480e+000 -6.275188480e+000 +2.0756e+000 -2.1085e+000
5053 0 +1.622344175e-002 +1.622344175e-002 -6.283776558e+000 -6.283776558e+000 +2.1104e+000 -2.0956e+000
7499 0 +1.130045422e-002 +1.130045422e-002 -6.288699546e+000 -6.288699546e+000 +2.0928e+000 -2.1134e+000
7998 0 +7.906334623e-003 +7.906334623e-003 -6.292093665e+000 -6.292093665e+000 +2.1153e+000 -2.1067e+000
8925 0 +7.359955414e-003 +7.359955414e-003 -6.292640045e+000 -6.292640045e+000 +2.0907e+000 -2.1054e+000
8947 0 +7.499810456e-004 +7.499810456e-004 -6.299250019e+000 -6.299250019e+000 +2.0994e+000 -2.1062e+000
9872 0 +7.125510837e-004 +7.125510837e-004 -6.299287449e+000 -6.299287449e+000 +2.1062e+000 -2.1029e+000
10242 0 +7.809394027e-005 +7.809394027e-005 -6.299921906e+000 -6.299921906e+000 +2.1063e+000 -2.1042e+000
10679 0 +4.867053645e-005 +4.867053645e-005 -6.299951329e+000 -6.299951329e+000 +2.1061e+000 -2.1047e+000
10916 0 +3.233663566e-005 +3.233663566e-005 -6.299967663e+000 -6.299967663e+000 +2.1048e+000 -2.1052e+000
11015 0 +6.775017889e-006 +6.775017889e-006 -6.299993225e+000 -6.299993225e+000 +2.1052e+000 -2.1046e+000
11449 0 +6.615100693e-006 +6.615100693e-006 -6.299993385e+000 -6.299993385e+000 +2.1054e+000 -2.1047e+000
11854 0 +2.660573308e-006 +2.660573308e-006 -6.299997339e+000 -6.299997339e+000 +2.1046e+000 -2.1050e+000
12049 0 +2.493363880e-007 +2.493363880e-007 -6.299999751e+000 -6.299999751e+000 +2.1048e+000 -2.1049e+000
12989 0 +1.318845495e-007 +1.318845495e-007 -6.299999868e+000 -6.299999868e+000 +2.1048e+000 -2.1049e+000
13700 0 +4.528438602e-008 +4.528438602e-008 -6.299999955e+000 -6.299999955e+000 +2.1049e+000 -2.1048e+000
15096 0 +2.171186075e-008 +2.171186075e-008 -6.299999978e+000 -6.299999978e+000 +2.1049e+000 -2.1048e+000
15169 0 +1.726272636e-008 +1.726272636e-008 -6.299999983e+000 -6.299999983e+000 +2.1048e+000 -2.1048e+000
15310 0 +3.834024653e-009 +3.834024653e-009 -6.299999996e+000 -6.299999996e+000 +2.1048e+000 -2.1048e+000
23821 0 +0.000000000e+000 +0.000000000e+000 -6.300000000e+000 -6.300000000e+000 +2.1048e+000 -2.1048e+000
25189 0 -8.881784197e-016 -8.881784197e-016 -6.300000000e+000 -6.300000000e+000 +2.1048e+000 -2.1048e+000
% f evaluations | g evaluations | best noise-free fitness - Fopt | noise-free fitness - Fopt (-1.367600000000e+002) | measured fitness | best measured fitness | x1 | x2...
1 0 +7.988567256e+002 +7.988567256e+002 +6.620967256e+002 +6.620967256e+002 -9.5969e-001 -9.6968e-001
14 0 +3.377816941e+000 +3.377816941e+000 -1.333821831e+002 -1.333821831e+002 +1.0738e-001 -1.1401e+000
65 0 +3.010627850e+000 +3.010627850e+000 -1.337493722e+002 -1.337493722e+002 -3.6551e-001 -1.5916e+000
79 0 +1.171776914e+000 +1.171776914e+000 -1.355882231e+002 -1.355882231e+002 +2.0736e+000 -1.0176e+000
837 0 +9.402606300e-001 +9.402606300e-001 -1.358197394e+002 -1.358197394e+002 +2.0784e+000 -2.0479e+000
1042 0 +6.538275436e-001 +6.538275436e-001 -1.361061725e+002 -1.361061725e+002 -1.4673e+000 -3.0042e+000
2998 0 +6.379292917e-001 +6.379292917e-001 -1.361220707e+002 -1.361220707e+002 -1.4700e+000 -2.9975e+000
3874 0 +6.164153723e-001 +6.164153723e-001 -1.361435846e+002 -1.361435846e+002 -1.4917e+000 -2.9967e+000
4545 0 +5.945747040e-001 +5.945747040e-001 -1.361654253e+002 -1.361654253e+002 -1.5063e+000 -3.0053e+000
% f evaluations | g evaluations | best noise-free fitness - Fopt | noise-free fitness - Fopt (3.667500000000e+002) | measured fitness | best measured fitness | x1 | x2...
1 0 +2.099627652e+004 +2.099627652e+004 +2.136302652e+004 +2.136302652e+004 +2.8670e+000 +3.9636e-001
2 0 +1.192423721e+004 +1.192423721e+004 +1.229098721e+004 +1.229098721e+004 -7.1716e-002 +5.6885e-001
3 0 +1.519580708e+003 +1.519580708e+003 +1.886330708e+003 +1.886330708e+003 +1.7100e+000 -9.8585e-001
8 0 +8.847079722e+002 +8.847079722e+002 +1.251457972e+003 +1.251457972e+003 -1.5574e+000 -3.1678e-001
12 0 +6.094322382e+002 +6.094322382e+002 +9.761822382e+002 +9.761822382e+002 +1.6051e-002 -7.9090e-001
16 0 +6.227143533e+000 +6.227143533e+000 +3.729771435e+002 +3.729771435e+002 +9.7300e-001 -1.6101e+000
22 0 +3.805864575e+000 +3.805864575e+000 +3.705558646e+002 +3.705558646e+002 +8.2266e-001 -1.9822e+000
36 0 +3.415096273e+000 +3.415096273e+000 +3.701650963e+002 +3.701650963e+002 -1.1741e-001 -1.5093e+000
75 0 +1.927193257e+000 +1.927193257e+000 +3.686771933e+002 +3.686771933e+002 -1.1135e+000 -1.2191e+000
144 0 +1.144251267e+000 +1.144251267e+000 +3.678942513e+002 +3.678942513e+002 -2.3067e+000 -2.0812e+000
629 0 +7.996809743e-001 +7.996809743e-001 +3.675496810e+002 +3.675496810e+002 +1.5726e+000 -3.0026e+000
849 0 +2.132601278e-001 +2.132601278e-001 +3.669632601e+002 +3.669632601e+002 -2.1840e+000 -2.1000e+000
% f evaluations | g evaluations | best noise-free fitness - Fopt | noise-free fitness - Fopt (-2.486900000000e+002) | measured fitness | best measured fitness | x1 | x2...
1 0 +3.348637624e+003 +3.348637624e+003 +3.099947624e+003 +3.099947624e+003 +6.4669e-001 -9.9621e-002
3 0 +1.591437983e+002 +1.591437983e+002 -8.954620166e+001 -8.954620166e+001 +5.3236e-001 -8.4495e-001
6 0 +3.969926567e+000 +3.969926567e+000 -2.447200734e+002 -2.447200734e+002 +1.0786e+000 -1.4097e+000
21 0 +3.509160761e+000 +3.509160761e+000 -2.451808392e+002 -2.451808392e+002 -1.5560e-001 -1.7954e+000
34 0 +3.204513243e+000 +3.204513243e+000 -2.454854868e+002 -2.454854868e+002 +2.9543e-001 -1.3546e+000
59 0 +3.111885320e+000 +3.111885320e+000 -2.455781147e+002 -2.455781147e+002 -6.7381e-001 -1.9553e+000
118 0 +2.674791124e+000 +2.674791124e+000 -2.460152089e+002 -2.460152089e+002 +1.0441e+000 -2.2836e+000
125 0 +2.343826364e+000 +2.343826364e+000 -2.463461736e+002 -2.463461736e+002 +2.0886e+000 -1.3572e+000
126 0 +1.450395976e+000 +1.450395976e+000 -2.472396040e+002 -2.472396040e+002 +2.1600e+000 -1.7129e+000
269 0 +1.004409877e+000 +1.004409877e+000 -2.476855901e+002 -2.476855901e+002 +2.0529e+000 -9.3649e-001
284 0 +7.783019045e-001 +7.783019045e-001 -2.479116981e+002 -2.479116981e+002 +2.0905e+000 -9.9162e-001
593 0 +5.427260862e-001 +5.427260862e-001 -2.481472739e+002 -2.481472739e+002 +2.1717e+000 -2.0458e+000
% f evaluations | g evaluations | best noise-free fitness - Fopt | noise-free fitness - Fopt (-6.786000000000e+001) | measured fitness | best measured fitness | x1 | x2...
1 0 +1.154663735e+004 +1.154663735e+004 +1.147877735e+004 +1.147877735e+004 -6.2466e-001 -6.7942e-001
2 0 +3.940598433e+003 +3.940598433e+003 +3.872738433e+003 +3.872738433e+003 +3.2231e+000 +1.0161e+000
4 0 +1.326238742e+003 +1.326238742e+003 +1.258378742e+003 +1.258378742e+003 -1.3647e-001 +5.6504e-001
5 0 +7.934718173e+002 +7.934718173e+002 +7.256118173e+002 +7.256118173e+002 +6.7473e-002 +7.4789e-001
17 0 +5.079782840e+000 +5.079782840e+000 -6.278021716e+001 -6.278021716e+001 -2.4970e+000 +1.9023e+000
18 0 +3.647771391e+000 +3.647771391e+000 -6.421222861e+001 -6.421222861e+001 -7.3807e-001 +9.8044e-001
22 0 +2.116469690e+000 +2.116469690e+000 -6.574353031e+001 -6.574353031e+001 +1.5523e+000 +2.1600e+000
55 0 +1.844426953e+000 +1.844426953e+000 -6.601557305e+001 -6.601557305e+001 -2.2777e+000 +6.0215e-001
469 0 +1.561002493e+000 +1.561002493e+000 -6.629899751e+001 -6.629899751e+001 -2.0960e+000 +2.0210e+000
556 0 +1.522057451e+000 +1.522057451e+000 -6.633794255e+001 -6.633794255e+001 +1.3148e+000 +2.9760e+000
637 0 +8.757942454e-001 +8.757942454e-001 -6.698420575e+001 -6.698420575e+001 +1.5384e+000 +3.0484e+000
931 0 +4.312984762e-001 +4.312984762e-001 -6.742870152e+001 -6.742870152e+001 -2.2059e+000 +2.1062e+000
% f evaluations | g evaluations | best noise-free fitness - Fopt | noise-free fitness - Fopt (-2.329000000000e+001) | measured fitness | best measured fitness | x1 | x2...
1 0 +1.118436877e+004 +1.118436877e+004 +1.116107877e+004 +1.116107877e+004 -5.8346e-001 -3.5057e-001
2 0 +4.084588098e+000 +4.084588098e+000 -1.920541190e+001 -1.920541190e+001 -1.5623e-001 +2.0190e+000
32 0 +3.701042438e+000 +3.701042438e+000 -1.958895756e+001 -1.958895756e+001 -6.1976e-001 +1.8645e+000
51 0 +3.351259823e+000 +3.351259823e+000 -1.993874018e+001 -1.993874018e+001 +1.0649e+000 +1.7368e+000
73 0 +2.102280062e+000 +2.102280062e+000 -2.118771994e+001 -2.118771994e+001 -5.7396e-002 +2.6362e+000
362 0 +1.602739764e+000 +1.602739764e+000 -2.168726024e+001 -2.168726024e+001 +1.9871e+000 +1.7638e+000
668 0 +1.351160836e+000 +1.351160836e+000 -2.193883916e+001 -2.193883916e+001 +2.1358e+000 +1.7849e+000
1475 0 +1.157003094e-001 +1.157003094e-001 -2.317429969e+001 -2.317429969e+001 +2.0609e+000 +2.1322e+000
% f evaluations | g evaluations | best noise-free fitness - Fopt | noise-free fitness - Fopt (-1.028000000000e+001) | measured fitness | best measured fitness | x1 | x2...
1 0 +1.526406243e+004 +1.526406243e+004 +1.525378243e+004 +1.525378243e+004 +1.3384e+000 -1.1133e+000
2 0 +1.134841609e+004 +1.134841609e+004 +1.133813609e+004 +1.133813609e+004 -2.1361e-001 -4.5522e-001
3 0 +9.136875625e+003 +9.136875625e+003 +9.126595625e+003 +9.126595625e+003 +1.0313e-001 -3.6165e-001
4 0 +4.251702031e+003 +4.251702031e+003 +4.241422031e+003 +4.241422031e+003 +1.0409e+000 -1.1555e-001
6 0 +2.828307232e+003 +2.828307232e+003 +2.818027232e+003 +2.818027232e+003 -2.6610e-001 +4.0167e-001
10 0 +9.557082439e+002 +9.557082439e+002 +9.454282439e+002 +9.454282439e+002 -4.8942e-001 +8.0928e-001
12 0 +2.606405698e+002 +2.606405698e+002 +2.503605698e+002 +2.503605698e+002 +5.6721e-001 +7.8098e-001
16 0 +4.886913672e+000 +4.886913672e+000 -5.393086328e+000 -5.393086328e+000 +1.2682e+000 +1.3778e+000
27 0 +3.018082950e+000 +3.018082950e+000 -7.261917050e+000 -7.261917050e+000 +1.1606e+000 +1.2594e+000
108 0 +2.667757673e+000 +2.667757673e+000 -7.612242327e+000 -7.612242327e+000 +6.6772e-001 +2.4695e+000
133 0 +2.612483983e+000 +2.612483983e+000 -7.667516017e+000 -7.667516017e+000 -1.3411e+000 +1.7658e+000
194 0 +2.101348414e+000 +2.101348414e+000 -8.178651586e+000 -8.178651586e+000 +2.1228e+000 +1.4973e+000
409 0 +8.902913097e-001 +8.902913097e-001 -9.389708690e+000 -9.389708690e+000 +2.1947e+000 +9.1891e-001
1128 0 +4.576554616e-001 +4.576554616e-001 -9.822344538e+000 -9.822344538e+000 +2.1835e+000 +2.0500e+000
4610 0 +2.347573424e-001 +2.347573424e-001 -1.004524266e+001 -1.004524266e+001 +2.0841e+000 +2.0799e+000
% f evaluations | g evaluations | best noise-free fitness - Fopt | noise-free fitness - Fopt (1.799700000000e+002) | measured fitness | best measured fitness | x1 | x2...
1 0 +1.052412559e+004 +1.052412559e+004 +1.070409559e+004 +1.070409559e+004 -5.3647e-001 -5.8036e-001
5 0 +7.574296379e+003 +7.574296379e+003 +7.754266379e+003 +7.754266379e+003 -9.7975e-001 -4.4623e-001
6 0 +5.483723283e+000 +5.483723283e+000 +1.854537233e+002 +1.854537233e+002 -7.3008e-001 +1.0474e+000
16 0 +4.203518197e+000 +4.203518197e+000 +1.841735182e+002 +1.841735182e+002 -6.1580e-001 +1.2708e+000
18 0 +2.685543321e+000 +2.685543321e+000 +1.826555433e+002 +1.826555433e+002 -1.0041e+000 +1.4959e+000
23 0 +2.620984089e+000 +2.620984089e+000 +1.825909841e+002 +1.825909841e+002 -5.0001e-001 +2.4739e+000
263 0 +2.395254270e+000 +2.395254270e+000 +1.823652543e+002 +1.823652543e+002 -2.1357e+000 +1.1682e+000
330 0 +2.091872082e+000 +2.091872082e+000 +1.820618721e+002 +1.820618721e+002 +1.4556e+000 +1.5260e+000
538 0 +1.410703808e+000 +1.410703808e+000 +1.813807038e+002 +1.813807038e+002 -1.9961e+000 +1.7767e+000
957 0 +1.151452366e+000 +1.151452366e+000 +1.811214524e+002 +1.811214524e+002 -2.1087e+000 +1.7444e+000
1403 0 +8.539494983e-001 +8.539494983e-001 +1.808239495e+002 +1.808239495e+002 -2.2098e+000 +2.0291e+000
3477 0 +1.562018902e-001 +1.562018902e-001 +1.801262019e+002 +1.801262019e+002 -2.0362e+000 +2.1344e+000
% f evaluations | g evaluations | best noise-free fitness - Fopt | noise-free fitness - Fopt (8.376000000000e+001) | measured fitness | best measured fitness | x1 | x2...
1 0 +3.296282827e+000 +3.296282827e+000 +8.705628283e+001 +8.705628283e+001 +1.8550e-001 +1.2117e+000
9 0 +2.743146562e+000 +2.743146562e+000 +8.650314656e+001 +8.650314656e+001 +5.4853e-001 +1.3069e+000
82 0 +4.559623069e-001 +4.559623069e-001 +8.421596231e+001 +8.421596231e+001 -2.0520e+000 +2.0781e+000
375 0 +3.982886249e-001 +3.982886249e-001 +8.415828862e+001 +8.415828862e+001 -2.1628e+000 +2.0545e+000
% f evaluations | g evaluations | best noise-free fitness - Fopt | noise-free fitness - Fopt (-3.890100000000e+002) | measured fitness | best measured fitness | x1 | x2...
1 0 +2.217750140e+004 +2.217750140e+004 +2.178849140e+004 +2.178849140e+004 +8.9772e-001 +9.5478e-001
2 0 +1.480897425e+004 +1.480897425e+004 +1.441996425e+004 +1.441996425e+004 -8.1289e-001 +9.5252e-001
3 0 +1.163384353e+004 +1.163384353e+004 +1.124483353e+004 +1.124483353e+004 -7.2125e-002 +5.4775e-001
4 0 +1.330785603e+003 +1.330785603e+003 +9.417756032e+002 +9.417756032e+002 -2.4889e+000 +2.3914e-002
6 0 +2.439836135e+000 +2.439836135e+000 -3.865701639e+002 -3.865701639e+002 -1.0602e+000 -9.1329e-001
8 0 +2.060840353e+000 +2.060840353e+000 -3.869491596e+002 -3.869491596e+002 -2.0877e+000 -1.1959e+000
128 0 +1.926685366e+000 +1.926685366e+000 -3.870833146e+002 -3.870833146e+002 -1.1380e+000 -2.3011e+000
176 0 +1.060828900e+000 +1.060828900e+000 -3.879491711e+002 -3.879491711e+002 -2.0219e+000 -1.0168e+000
770 0 +8.992506233e-001 +8.992506233e-001 -3.881107494e+002 -3.881107494e+002 -2.2476e+000 -2.1094e+000
954 0 +6.356537105e-001 +6.356537105e-001 -3.883743463e+002 -3.883743463e+002 +1.4710e+000 -2.9994e+000
1226 0 +3.913349864e-001 +3.913349864e-001 -3.886186650e+002 -3.886186650e+002 -2.2255e+000 -2.0635e+000
2597 0 +3.060306117e-001 +3.060306117e-001 -3.887039694e+002 -3.887039694e+002 -2.0101e+000 -2.1100e+000
3241 0 +2.348885168e-001 +2.348885168e-001 -3.887751115e+002 -3.887751115e+002 -2.0395e+000 -2.0984e+000
3381 0 +1.413300789e-001 +1.413300789e-001 -3.888686699e+002 -3.888686699e+002 -2.1128e+000 -2.0791e+000
3459 0 +4.069513380e-002 +4.069513380e-002 -3.889693049e+002 -3.889693049e+002 -2.1092e+000 -2.1164e+000
4503 0 +1.309097390e-002 +1.309097390e-002 -3.889969090e+002 -3.889969090e+002 -2.0845e+000 -2.1132e+000
5840 0 +1.025781201e-002 +1.025781201e-002 -3.889997422e+002 -3.889997422e+002 -2.1118e+000 -2.1091e+000
6244 0 +5.632264528e-003 +5.632264528e-003 -3.890043677e+002 -3.890043677e+002 -2.1096e+000 -2.0992e+000
6498 0 +5.581666778e-004 +5.581666778e-004 -3.890094418e+002 -3.890094418e+002 -2.1088e+000 -2.1047e+000
6631 0 +4.866635293e-004 +4.866635293e-004 -3.890095133e+002 -3.890095133e+002 -2.1062e+000 -2.1032e+000
6654 0 +4.428855577e-004 +4.428855577e-004 -3.890095571e+002 -3.890095571e+002 -2.1083e+000 -2.1032e+000
7324 0 +4.357191140e-004 +4.357191140e-004 -3.890095643e+002 -3.890095643e+002 -2.1008e+000 -2.1055e+000
7608 0 +1.892114425e-004 +1.892114425e-004 -3.890098108e+002 -3.890098108e+002 -2.1054e+000 -2.1056e+000
8588 0 +3.327810873e-005 +3.327810873e-005 -3.890099667e+002 -3.890099667e+002 -2.1045e+000 -2.1053e+000
8603 0 +1.009811041e-005 +1.009811041e-005 -3.890099899e+002 -3.890099899e+002 -2.1045e+000 -2.1048e+000
9369 0 +3.408290468e-007 +3.408290468e-007 -3.890099997e+002 -3.890099997e+002 -2.1050e+000 -2.1048e+000
10705 0 +3.271181299e-007 +3.271181299e-007 -3.890099997e+002 -3.890099997e+002 -2.1048e+000 -2.1048e+000
11030 0 +1.825513891e-007 +1.825513891e-007 -3.890099998e+002 -3.890099998e+002 -2.1048e+000 -2.1048e+000
11081 0 +1.073772182e-007 +1.073772182e-007 -3.890099999e+002 -3.890099999e+002 -2.1048e+000 -2.1049e+000
11307 0 +5.068346809e-008 +5.068346809e-008 -3.890099999e+002 -3.890099999e+002 -2.1048e+000 -2.1048e+000
11642 0 +4.936362075e-008 +4.936362075e-008 -3.890100000e+002 -3.890100000e+002 -2.1049e+000 -2.1048e+000
12727 0 +3.017697736e-008 +3.017697736e-008 -3.890100000e+002 -3.890100000e+002 -2.1049e+000 -2.1048e+000
12912 0 +1.558157692e-008 +1.558157692e-008 -3.890100000e+002 -3.890100000e+002 -2.1049e+000 -2.1048e+000
13242 0 +7.804544566e-009 +7.804544566e-009 -3.890100000e+002 -3.890100000e+002 -2.1049e+000 -2.1048e+000
19693 0 +0.000000000e+000 +0.000000000e+000 -3.890100000e+002 -3.890100000e+002 -2.1048e+000 -2.1048e+000
% f evaluations | g evaluations | best noise-free fitness - Fopt | noise-free fitness - Fopt (-1.455800000000e+002) | measured fitness | best measured fitness | x1 | x2...
1 0 +4.601344079e+003 +4.601344079e+003 +4.455764079e+003 +4.455764079e+003 +1.2398e+000 +2.0695e-001
9 0 +1.785583512e+003 +1.785583512e+003 +1.640003512e+003 +1.640003512e+003 -1.0316e+000 -7.6486e-001
16 0 +4.245690674e+000 +4.245690674e+000 -1.413343093e+002 -1.413343093e+002 +6.0316e-001 -1.6011e+000
18 0 +2.987195415e+000 +2.987195415e+000 -1.425928046e+002 -1.425928046e+002 +1.0467e+000 -1.4653e+000
24 0 +2.016492994e+000 +2.016492994e+000 -1.435635070e+002 -1.435635070e+002 -1.4051e+000 -1.5195e+000
36 0 +1.255194901e+000 +1.255194901e+000 -1.443248051e+002 -1.443248051e+002 +1.1012e+000 -2.3559e+000
201 0 +9.848169755e-001 +9.848169755e-001 -1.445951830e+002 -1.445951830e+002 -1.6389e+000 -3.0387e+000
350 0 +8.919440476e-001 +8.919440476e-001 -1.446880560e+002 -1.446880560e+002 +2.1954e+000 -9.5776e-001
744 0 +6.802172940e-001 +6.802172940e-001 -1.448997827e+002 -1.448997827e+002 -1.4566e+000 -2.9890e+000
1199 0 +2.588150802e-001 +2.588150802e-001 -1.453211849e+002 -1.453211849e+002 +2.0772e+000 -2.0805e+000
1922 0 +2.416774764e-001 +2.416774764e-001 -1.453383225e+002 -1.453383225e+002 +2.1080e+000 -2.1352e+000
2557 0 +9.705406957e-002 +9.705406957e-002 -1.454829459e+002 -1.454829459e+002 +2.0824e+000 -2.0921e+000
3465 0 +8.369110291e-002 +8.369110291e-002 -1.454963089e+002 -1.454963089e+002 +2.0801e+000 -2.0945e+000
3713 0 +1.250210646e-002 +1.250210646e-002 -1.455674979e+002 -1.455674979e+002 +2.1144e+000 -2.1088e+000
4756 0 +6.021431160e-003 +6.021431160e-003 -1.455739786e+002 -1.455739786e+002 +2.0974e+000 -2.1024e+000
5509 0 +4.275260562e-003 +4.275260562e-003 -1.455757247e+002 -1.455757247e+002 +2.1179e+000 -2.1016e+000
5795 0 +8.511654647e-004 +8.511654647e-004 -1.455791488e+002 -1.455791488e+002 +2.1035e+000 -2.1034e+000
6145 0 +7.391644787e-004 +7.391644787e-004 -1.455792608e+002 -1.455792608e+002 +2.1001e+000 -2.1052e+000
6842 0 +4.158728481e-004 +4.158728481e-004 -1.455795841e+002 -1.455795841e+002 +2.1025e+000 -2.1065e+000
7070 0 +1.522244760e-004 +1.522244760e-004 -1.455798478e+002 -1.455798478e+002 +2.1041e+000 -2.1058e+000
7257 0 +9.045511302e-005 +9.045511302e-005 -1.455799095e+002 -1.455799095e+002 +2.1066e+000 -2.1042e+000
7956 0 +1.482260487e-005 +1.482260487e-005 -1.455799852e+002 -1.455799852e+002 +2.1041e+000 -2.1050e+000
8529 0 +1.363843637e-005 +1.363843637e-005 -1.455799864e+002 -1.455799864e+002 +2.1042e+000 -2.1049e+000
8737 0 +6.326378553e-006 +6.326378553e-006 -1.455799937e+002 -1.455799937e+002 +2.1049e+000 -2.1047e+000
9097 0 +3.326418152e-006 +3.326418152e-006 -1.455799967e+002 -1.455799967e+002 +2.1046e+000 -2.1048e+000
9742 0 +1.519199060e-006 +1.519199060e-006 -1.455799985e+002 -1.455799985e+002 +2.1049e+000 -2.1049e+000
9815 0 +1.458361453e-006 +1.458361453e-006 -1.455799985e+002 -1.455799985e+002 +2.1051e+000 -2.1048e+000
10040 0 +5.529655880e-007 +5.529655880e-007 -1.455799994e+002 -1.455799994e+002 +2.1048e+000 -2.1049e+000
10903 0 +5.362252864e-007 +5.362252864e-007 -1.455799995e+002 -1.455799995e+002 +2.1049e+000 -2.1048e+000
10932 0 +3.398718889e-007 +3.398718889e-007 -1.455799997e+002 -1.455799997e+002 +2.1049e+000 -2.1048e+000
10953 0 +1.540937831e-007 +1.540937831e-007 -1.455799998e+002 -1.455799998e+002 +2.1049e+000 -2.1048e+000
11154 0 +4.550031463e-009 +4.550031463e-009 -1.455800000e+002 -1.455800000e+002 +2.1048e+000 -2.1048e+000
18277 0 +0.000000000e+000 +0.000000000e+000 -1.455800000e+002 -1.455800000e+002 +2.1048e+000 -2.1048e+000
