% f evaluations | g evaluations | best noise-free fitness - Fopt | noise-free fitness - Fopt (-5.465000000000e+002) | measured fitness | best measured fitness | x1 | x2...
1 0 +1.934411557e+004 +1.934411557e+004 +1.879761557e+004 +1.879761557e+004 +5.4070e-001 -8.6632e-001 +6.5834e-001 +2.1478e-001 -1.7391e+000 -1.1433e+000 +1.0139e+000 -4.5597e-001 -1.6823e+000 -6.9299e-001
3 0 +1.306594643e+004 +1.306594643e+004 +1.251944643e+004 +1.251944643e+004 -1.2021e+000 +3.3128e-002 +4.6706e-001 +1.1458e+000 +9.3625e-001 -1.1612e+000 -6.6690e-001 -4.6223e-001 +7.1868e-001 +1.2410e+000
4 0 +1.113767493e+004 +1.113767493e+004 +1.059117493e+004 +1.059117493e+004 -5.0535e-001 +1.1728e+000 +2.5924e-001 +2.5853e-001 -7.0748e-001 -1.1473e+000 -1.2074e+000 -4.7806e-002 +2.4574e-001 +7.7994e-002
5 0 +3.265875175e+003 +3.265875175e+003 +2.719375175e+003 +2.719375175e+003 -9.4598e-001 -2.3287e-001 -1.0957e-001 -1.2729e+000 +3.1584e-001 -1.6669e+000 +5.0130e-001 +1.3644e+000 -5.1031e-001 +2.4220e-001
10 0 +2.596416776e+003 +2.596416776e+003 +2.049916776e+003 +2.049916776e+003 -2.2136e+000 +1.2522e+000 +2.2054e+000 -7.1502e-001 +2.6635e-001 +7.6929e-001 -3.0005e-001 -1.4538e-002 -1.6218e+000 +1.0642e+000
62 0 +2.180962562e+003 +2.180962562e+003 +1.634462562e+003 +1.634462562e+003 +1.9531e+000 -2.4514e+000 +2.1171e-001 -1.6215e+000 +3.0435e-001 -5.2855e-001 +3.5559e-001 +1.7408e+000 -4.4150e-001 +1.1322e+000
112 0 +9.619115375e+002 +9.619115375e+002 +4.154115375e+002 +4.154115375e+002 +2.1102e+000 -1.4744e-002 -6.6258e-001 -2.2116e+000 +5.6318e-002 -1.4702e+000 -1.3318e+000 +1.2244e-001 -4.5405e-001 +1.8524e+000
144 0 +4.991328869e+002 +4.991328869e+002 -4.736711313e+001 -4.736711313e+001 +2.9055e-001 +3.2709e-003 -3.8601e-001 +1.9475e-001 +9.0990e-001 +1.8039e-001 -2.1750e+000 -2.2100e-001 -9.4721e-001 +1.8555e+000
148 0 +4.255490619e+002 +4.255490619e+002 -1.209509381e+002 -1.209509381e+002 -1.0406e+000 -1.2678e+000 +2.5025e+000 -4.6536e-001 +2.3197e-003 -5.5693e-001 +6.0796e-002 +5.6139e-001 -1.4097e+000 +1.6107e+000
157 0 +2.709691028e+002 +2.709691028e+002 -2.755308972e+002 -2.755308972e+002 -1.1007e+000 -9.0142e-001 +1.4236e+000 -1.9471e+000 +5.8653e-001 +2.8235e-001 -1.1403e+000 +2.0930e+000 -1.5047e+000 +6.3803e-001
186 0 +1.421694671e+002 +1.421694671e+002 -4.043305329e+002 -4.043305329e+002 -1.1917e+000 -7.6707e-002 +1.8171e+000 -1.3174e+000 -8.1189e-001 -2.5365e+000 -6.6747e-001 +1.0067e+000 -1.6900e+000 +1.9051e+000
335 0 +4.514950957e+000 +4.514950957e+000 -5.419850490e+002 -5.419850490e+002 -1.6375e+000 +3.8123e-001 +7.7643e-001 -1.0754e+000 +1.8184e+000 +9.4312e-002 -1.2142e+000 +1.1633e+000 -2.4413e+000 +8.8220e-001
952 0 +4.297801717e+000 +4.297801717e+000 -5.422021983e+002 -5.422021983e+002 -1.9659e+000 -7.6182e-001 -4.3304e-001 +2.7195e-002 +1.5275e+000 -5.9750e-001 -2.3413e+000 +9.3686e-001 -1.7581e+000 +1.0622e+000
996 0 +4.017067292e+000 +4.017067292e+000 -5.424829327e+002 -5.424829327e+002 -7.9620e-001 +6.7987e-001 +5.0580e-001 -1.4250e-001 +8.5065e-001 -4.2887e-001 -1.9863e+000 +1.1424e+000 -7.7654e-001 +1.8505e+000
1476 0 +3.731874248e+000 +3.731874248e+000 -5.427681258e+002 -5.427681258e+002 -2.6018e-001 +1.6625e+000 +2.8830e-002 -2.1239e+000 +2.1118e+000 -1.1252e+000 -9.0161e-001 +1.0865e+000 -1.7896e+000 +2.2269e+000
1711 0 +2.734200066e+000 +2.734200066e+000 -5.437657999e+002 -5.437657999e+002 +1.4673e+000 +1.8954e+000 +2.3304e+000 -1.3682e+000 +1.1301e+000 -2.3045e-001 -2.4802e+000 +1.9878e+000 -1.4830e+000 +1.1181e+000
2223 0 +2.643455607e+000 +2.643455607e+000 -5.438565444e+002 -5.438565444e+002 -1.0445e+000 +7.0521e-001 +2.0029e+000 +2.5976e-001 +5.8014e-001 -6.2874e-001 -7.9181e-001 +1.2581e+000 -2.3779e+000 +8.7117e-001
2988 0 +2.574517760e+000 +2.574517760e+000 -5.439254822e+002 -5.439254822e+002 -5.6228e-001 +1.2549e+000 +2.3019e+000 -4.9262e-001 +3.7570e-001 -1.1445e+000 -5.9529e-001 +2.4691e+000 -1.9593e+000 +1.7532e+000
10888 0 +2.565809542e+000 +2.565809542e+000 -5.439341905e+002 -5.439341905e+002 +1.9141e-001 -5.1668e-001 +1.7882e+000 -2.8976e-001 +1.8812e+000 -1.5436e+000 -2.2838e+000 +9.1818e-001 -1.1105e+000 +1.7470e+000
11452 0 +2.470430581e+000 +2.470430581e+000 -5.440295694e+002 -5.440295694e+002 +1.3287e-001 -4.4500e-001 +1.8555e+000 -3.2143e-001 +1.8350e+000 -1.5685e+000 -2.2747e+000 +1.0801e+000 -1.0555e+000 +2.0510e+000
11982 0 +2.356422917e+000 +2.356422917e+000 -5.441435771e+002 -5.441435771e+002 +1.9290e-001 -4.3452e-001 +1.8802e+000 -3.8471e-001 +1.8502e+000 -1.5939e+000 -2.2455e+000 +9.5024e-001 -1.1292e+000 +1.9655e+000
12596 0 +2.273695046e+000 +2.273695046e+000 -5.442263050e+002 -5.442263050e+002 +1.3593e-001 -5.4638e-001 +1.9124e+000 -3.6308e-001 +1.8918e+000 -1.5509e+000 -2.2549e+000 +1.0004e+000 -1.1122e+000 +2.0168e+000
12664 0 +2.230825664e+000 +2.230825664e+000 -5.442691743e+002 -5.442691743e+002 +1.5327e-001 -4.9932e-001 +1.8137e+000 -3.5620e-001 +1.8855e+000 -1.5934e+000 -2.2125e+000 +9.9418e-001 -1.0819e+000 +2.0143e+000
12893 0 +2.183180237e+000 +2.183180237e+000 -5.443168198e+002 -5.443168198e+002 +1.2919e-001 -4.6546e-001 +1.8493e+000 -3.3551e-001 +1.8948e+000 -1.5474e+000 -2.2221e+000 +9.6061e-001 -1.0964e+000 +2.0118e+000
14050 0 +2.137069341e+000 +2.137069341e+000 -5.443629307e+002 -5.443629307e+002 +1.3693e-001 -5.4339e-001 +1.9442e+000 -2.8927e-001 +1.9238e+000 -1.5833e+000 -2.2543e+000 +9.2669e-001 -1.1080e+000 +2.0081e+000
% f evaluations | g evaluations | best noise-free fitness - Fopt | noise-free fitness - Fopt (1.000000000000e+003) | measured fitness | best measured fitness | x1 | x2...
1 0 +1.867876900e+004 +1.867876900e+004 +1.967876900e+004 +1.967876900e+004 -7.8362e-001 +4.6018e-001 +1.0658e-002 -7.5715e-001 +3.9608e-002 -4.6891e-001 +6.3182e-001 -1.4152e+000 -4.8824e-001 -2.1173e+000
3 0 +9.237892259e+002 +9.237892259e+002 +1.923789226e+003 +1.923789226e+003 -3.0334e-001 +1.1244e+000 +9.1670e-001 -2.2016e+000 +1.5456e+000 +2.0861e+000 -5.7308e-001 +4.1817e-001 -2.3360e+000 -1.9973e+000
75 0 +5.997573897e+002 +5.997573897e+002 +1.599757390e+003 +1.599757390e+003 -5.2925e-001 -1.0108e+000 -7.8372e-002 +4.4932e-001 -8.3653e-001 -3.0168e-001 -1.3878e+000 +1.1747e+000 -1.8377e+000 -3.7259e-001
154 0 +5.821345328e+002 +5.821345328e+002 +1.582134533e+003 +1.582134533e+003 +2.3094e+000 +1.3649e+000 +8.4862e-001 -1.1940e+000 +1.1476e+000 +7.7776e-001 -8.9182e-001 +1.3392e+000 -1.2231e+000 -1.6088e+000
172 0 +5.565741622e+002 +5.565741622e+002 +1.556574162e+003 +1.556574162e+003 +1.4094e-002 +1.5410e+000 -1.9848e-001 +3.4807e-001 -4.0589e-001 +1.7544e+000 -1.6157e-001 +2.1598e+000 -1.2504e+000 -2.8151e+000
210 0 +4.459808317e+002 +4.459808317e+002 +1.445980832e+003 +1.445980832e+003 -2.1650e+000 +6.2356e-001 +9.5372e-001 -2.9236e+000 +2.2850e-002 +1.4108e+000 -2.5809e+000 +3.4171e-001 -1.3298e+000 -5.2054e-001
287 0 +3.943378739e+002 +3.943378739e+002 +1.394337874e+003 +1.394337874e+003 +1.2860e+000 -5.1393e-001 -1.0409e+000 +1.0357e+000 -5.7136e-001 -2.8479e-001 -7.4054e-001 +3.0853e-001 -1.3323e+000 -1.7547e+000
406 0 +2.002359780e+002 +2.002359780e+002 +1.200235978e+003 +1.200235978e+003 +5.9706e-001 -1.4372e+000 -5.9654e-002 -9.2986e-001 +5.1912e-001 +3.2980e+000 -1.1404e+000 +2.5131e+000 -2.0896e+000 -1.5859e+000
546 0 +1.858152429e+001 +1.858152429e+001 +1.018581524e+003 +1.018581524e+003 +4.2909e-001 +2.3694e+000 +1.1001e+000 -1.1150e+000 -2.0549e+000 +4.3737e-001 -2.7896e+000 +1.0546e+000 -2.1056e+000 -2.0976e+000
1178 0 +4.346165460e+000 +4.346165460e+000 +1.004346165e+003 +1.004346165e+003 +2.2132e+000 +1.4697e+000 +4.0835e-001 -2.8381e+000 +4.8654e-002 +1.1022e+000 -1.6335e+000 +1.6163e+000 -5.9076e-001 -1.5710e+000
1751 0 +3.497890118e+000 +3.497890118e+000 +1.003497890e+003 +1.003497890e+003 +1.4445e+000 +3.0846e+000 -1.0740e+000 +6.6317e-001 -7.7309e-002 +4.8723e-001 -1.9778e+000 +2.2389e+000 -1.0197e+000 -1.7224e+000
1900 0 +3.375188408e+000 +3.375188408e+000 +1.003375188e+003 +1.003375188e+003 +1.7006e+000 +1.8878e+000 +7.0156e-001 -4.1637e-001 -2.1070e+000 +1.4573e+000 -2.2679e+000 +2.1786e+000 -9.5280e-001 -1.6930e+000
2464 0 +2.880412532e+000 +2.880412532e+000 +1.002880413e+003 +1.002880413e+003 +1.3701e+000 +8.7712e-001 -6.7197e-001 -8.8847e-001 -1.4430e+000 +3.6281e-001 -8.7803e-001 +2.3328e+000 -2.0694e+000 -1.3334e+000
4584 0 +2.696995144e+000 +2.696995144e+000 +1.002696995e+003 +1.002696995e+003 +6.7879e-001 +9.1911e-001 -1.2696e+000 -4.7673e-001 -1.8493e+000 +2.5023e-001 -2.0852e+000 +6.8246e-001 -1.5026e+000 -2.2241e+000
7591 0 +2.354504700e+000 +2.354504700e+000 +1.002354505e+003 +1.002354505e+003 +4.4360e-001 -4.6430e-001 -1.7780e+000 -1.4654e+000 -2.3381e+000 +1.1259e+000 -1.5434e+000 +1.8241e+000 -2.1867e+000 -1.7373e+000
12747 0 +2.325227322e+000 +2.325227322e+000 +1.002325227e+003 +1.002325227e+003 +6.3312e-001 -4.0006e-001 -1.9134e+000 -1.3911e+000 -2.3071e+000 +1.1216e+000 -1.5466e+000 +1.1293e+000 -1.9487e+000 -1.8070e+000
15684 0 +2.290602456e+000 +2.290602456e+000 +1.002290602e+003 +1.002290602e+003 +6.2738e-001 -3.9066e-001 -1.8890e+000 -1.4231e+000 -2.2754e+000 +1.1274e+000 -1.5262e+000 +1.1344e+000 -1.9558e+000 -1.7982e+000
% f evaluations | g evaluations | best noise-free fitness - Fopt | noise-free fitness - Fopt (2.083800000000e+002) | measured fitness | best measured fitness | x1 | x2...
1 0 +3.359529281e+004 +3.359529281e+004 +3.380367281e+004 +3.380367281e+004 +2.2492e-001 +6.8319e-001 +1.7601e+000 +5.6573e-001 -1.0186e+000 -2.4417e-001 +2.1975e+000 +1.6433e+000 +1.4802e+000 -6.5184e-001
2 0 +3.448696276e+003 +3.448696276e+003 +3.657076276e+003 +3.657076276e+003 +5.0507e-001 -6.7796e-001 +8.4152e-001 -4.5978e-001 -1.2702e-001 -5.5559e-001 +3.4493e-001 +1.5388e+000 -1.7687e-001 +4.5077e-001
27 0 +1.072967394e+003 +1.072967394e+003 +1.281347394e+003 +1.281347394e+003 -1.5413e+000 -9.2075e-001 +6.9821e-001 +6.9350e-001 +2.6469e+000 +9.5962e-001 +8.9691e-001 +1.1974e+000 -1.3547e+000 +3.1919e-001
44 0 +4.238721578e+002 +4.238721578e+002 +6.322521578e+002 +6.322521578e+002 -3.7092e-001 -1.4683e+000 -1.3583e+000 +2.9678e-001 +6.9296e-002 +1.7882e-001 +2.3162e+000 +3.1125e-001 -1.6860e+000 +8.9472e-001
124 0 +2.920140442e+002 +2.920140442e+002 +5.003940442e+002 +5.003940442e+002 +5.4342e-001 +1.1376e+000 -1.8755e+000 +1.1927e+000 +7.0430e-001 +3.7567e-001 +9.8174e-001 +1.4124e+000 -1.3760e+000 +1.1700e+000
143 0 +1.229022064e+002 +1.229022064e+002 +3.312822064e+002 +3.312822064e+002 +1.7122e-001 -1.3508e+000 +5.7881e-001 +1.9464e-001 +1.4402e+000 -1.6519e-001 +1.6739e+000 +1.3760e+000 -4.3600e-001 +1.6280e+000
492 0 +7.895035905e+001 +7.895035905e+001 +2.873303590e+002 +2.873303590e+002 -1.8769e+000 +1.6110e+000 +2.2150e+000 -1.0083e+000 +1.0421e+000 -2.1781e-002 +1.7605e+000 +1.3590e-001 -2.1432e+000 +6.1172e-001
503 0 +7.964687713e+000 +7.964687713e+000 +2.163446877e+002 +2.163446877e+002 +2.5959e+000 +2.9473e+000 -1.2399e+000 +2.8890e-001 +3.5521e-003 +1.1578e+000 +7.0958e-001 +1.7307e+000 -1.0220e+000 +1.6668e+000
652 0 +4.198288301e+000 +4.198288301e+000 +2.125782883e+002 +2.125782883e+002 +4.6881e-001 -5.1192e-003 +9.4495e-001 +8.6983e-001 +9.1644e-001 +1.8828e+000 +7.3190e-001 +8.8008e-001 -1.8748e+000 +2.2194e+000
755 0 +3.566170278e+000 +3.566170278e+000 +2.119461703e+002 +2.119461703e+002 +1.6262e+000 +8.6848e-001 +1.1122e+000 +1.1919e+000 +2.2146e+000 +1.9322e+000 +1.8956e+000 +1.3436e+000 -2.3680e+000 +1.6580e+000
1066 0 +2.912494416e+000 +2.912494416e+000 +2.112924944e+002 +2.112924944e+002 -2.3253e-001 +1.9171e+000 +2.1161e+000 +1.9623e+000 +1.7974e+000 +9.3186e-001 +2.4009e+000 +1.6524e+000 -2.1757e+000 +9.3722e-001
1688 0 +2.573763240e+000 +2.573763240e+000 +2.109537632e+002 +2.109537632e+002 -7.8346e-002 -6.3003e-001 +8.8062e-004 +2.0108e-001 +2.0404e+000 +1.5789e+000 +1.2651e+000 +8.0501e-001 -1.9740e+000 +1.7874e+000
5611 0 +2.488943308e+000 +2.488943308e+000 +2.108689433e+002 +2.108689433e+002 -6.8255e-001 +5.5785e-001 +3.7553e-001 +2.5547e+000 +1.3102e+000 +9.1904e-001 +2.3804e+000 +7.7846e-001 -2.4130e+000 +2.0521e+000
8900 0 +2.302729227e+000 +2.302729227e+000 +2.106827292e+002 +2.106827292e+002 -7.2104e-001 +1.5741e+000 +1.4279e-001 +2.6045e+000 +1.8711e+000 +1.5882e+000 +2.1340e+000 +2.1612e+000 -1.0804e+000 +2.0073e+000
9250 0 +2.252971989e+000 +2.252971989e+000 +2.106329720e+002 +2.106329720e+002 -9.6936e-001 +1.4154e+000 +4.4145e-002 +2.6896e+000 +1.9102e+000 +1.2301e+000 +1.7660e+000 +1.7507e+000 -9.3722e-001 +2.0851e+000
12032 0 +2.236765602e+000 +2.236765602e+000 +2.106167656e+002 +2.106167656e+002 -9.7791e-001 +1.3593e+000 +6.6403e-001 +2.5407e+000 +2.0534e+000 +1.5422e+000 +1.4653e+000 +2.2273e+000 -1.4261e+000 +1.9306e+000
12222 0 +2.088205855e+000 +2.088205855e+000 +2.104682059e+002 +2.104682059e+002 -1.0303e+000 +1.5447e+000 +4.5042e-001 +2.5132e+000 +1.9956e+000 +1.5610e+000 +1.7480e+000 +2.1535e+000 -1.3554e+000 +1.9527e+000
13416 0 +2.004083156e+000 +2.004083156e+000 +2.103840832e+002 +2.103840832e+002 -9.9347e-001 +1.3924e+000 +4.9143e-001 +2.4794e+000 +2.0226e+000 +1.5521e+000 +1.7735e+000 +2.2249e+000 -1.2690e+000 +1.9602e+000
13699 0 +1.911179952e+000 +1.911179952e+000 +2.102911800e+002 +2.102911800e+002 -9.6230e-001 +1.4175e+000 +5.6882e-001 +2.4812e+000 +1.9846e+000 +1.5863e+000 +1.7081e+000 +2.1968e+000 -1.4255e+000 +1.9426e+000
14240 0 +1.893783722e+000 +1.893783722e+000 +2.102737837e+002 +2.102737837e+002 -9.8041e-001 +1.4415e+000 +5.6416e-001 +2.4366e+000 +2.0201e+000 +1.5640e+000 +1.7490e+000 +2.1913e+000 -1.4539e+000 +1.9150e+000
15535 0 +1.860544528e+000 +1.860544528e+000 +2.102405445e+002 +2.102405445e+002 -1.0323e+000 +1.4306e+000 +5.2869e-001 +2.5071e+000 +2.0064e+000 +1.5534e+000 +1.7431e+000 +2.1995e+000 -1.4624e+000 +1.9150e+000
% f evaluations | g evaluations | best noise-free fitness - Fopt | noise-free fitness - Fopt (-1.449600000000e+002) | measured fitness | best measured fitness | x1 | x2...
1 0 +1.999697146e+004 +1.999697146e+004 +1.985201146e+004 +1.985201146e+004 -2.1657e-001 -1.1136e+000 -1.1938e+000 -1.4222e+000 +1.7780e+000 +1.0587e+000 -2.1275e+000 -1.2275e-001 -8.3887e-001 -1.1424e+000
2 0 +5.781909735e+003 +5.781909735e+003 +5.636949735e+003 +5.636949735e+003 +1.3411e-001 -4.2682e-001 +3.4058e-002 +2.1638e+000 +9.6642e-001 -4.2543e-001 -9.4722e-001 +7.9588e-001 -1.7704e+000 +5.1579e-001
4 0 +5.569466945e+003 +5.569466945e+003 +5.424506945e+003 +5.424506945e+003 -1.0912e+000 +1.1426e+000 +7.1277e-001 -6.3920e-001 -2.3857e-003 -1.6824e+000 -4.1632e-001 +1.2121e+000 -1.1655e+000 +2.0226e+000
8 0 +4.704624940e+003 +4.704624940e+003 +4.559664940e+003 +4.559664940e+003 -1.0131e+000 +7.4338e-001 +1.0823e+000 -6.4606e-001 -2.6553e+000 +1.0219e+000 +2.8595e-001 -4.8574e-001 -1.0257e+000 +1.3854e+000
10 0 +4.208259795e+003 +4.208259795e+003 +4.063299795e+003 +4.063299795e+003 -4.8455e-001 -5.6634e-001 +1.4856e+000 +3.0578e-001 -4.0775e-001 +1.6908e+000 +3.3903e-001 +1.5336e+000 -2.0204e+000 -2.9896e-001
15 0 +3.771987167e+002 +3.771987167e+002 +2.322387167e+002 +2.322387167e+002 -1.2142e+000 +1.4121e+000 -1.4383e+000 +1.1591e+000 -3.2337e-001 -2.5838e-001 -2.0167e+000 +1.0101e+000 -7.2685e-001 +8.4157e-001
186 0 +1.026784696e+002 +1.026784696e+002 -4.228153036e+001 -4.228153036e+001 -2.8431e+000 -1.0729e+000 -1.3123e+000 -2.3167e+000 -1.8289e+000 +1.4027e+000 -1.4734e+000 +6.1783e-001 -2.7459e+000 +1.7260e+000
198 0 +5.329058180e+001 +5.329058180e+001 -9.166941820e+001 -9.166941820e+001 -2.6450e-001 +1.7269e+000 +1.5910e-001 -7.8317e-003 -2.7532e+000 +2.2648e+000 -5.7038e-001 +2.2442e+000 -2.0062e+000 +6.5980e-001
221 0 +4.223431995e+000 +4.223431995e+000 -1.407365680e+002 -1.407365680e+002 -7.5918e-001 +1.3869e+000 +5.0561e-001 -1.3315e+000 -6.3100e-002 +1.7174e+000 -6.2018e-001 +2.3903e+000 -1.5282e+000 +8.3872e-001
739 0 +3.760811234e+000 +3.760811234e+000 -1.411991888e+002 -1.411991888e+002 +1.6378e-001 -5.6148e-001 +4.0048e-001 -1.6517e+000 +8.9800e-002 +8.2473e-001 -2.1829e+000 +1.9078e+000 -9.0314e-001 +1.2653e+000
1160 0 +3.683006069e+000 +3.683006069e+000 -1.412769939e+002 -1.412769939e+002 -1.7538e-001 +1.9949e-001 -2.8583e+000 -1.9416e+000 -1.1340e+000 +1.4401e+000 -2.0635e+000 +3.3213e-001 -1.2124e+000 +1.1861e+000
1209 0 +3.302108719e+000 +3.302108719e+000 -1.416578913e+002 -1.416578913e+002 -8.0354e-001 +5.5472e-001 -2.4674e+000 -7.5728e-001 -2.0018e-001 +2.5069e+000 -2.7818e-001 +1.2126e+000 -1.5836e+000 +1.0260e+000
2221 0 +3.208705555e+000 +3.208705555e+000 -1.417512944e+002 -1.417512944e+002 +6.5760e-002 -2.5714e-001 -3.6218e-001 +5.9062e-001 -1.2078e+000 +2.3655e+000 -1.5189e+000 +2.0351e+000 -1.4942e+000 +2.1874e+000
2237 0 +2.915580029e+000 +2.915580029e+000 -1.420444200e+002 -1.420444200e+002 -1.9961e+000 +1.2961e+000 -2.9417e+000 -8.5997e-001 -6.5437e-001 +1.3803e+000 -5.5586e-001 +1.6614e+000 -8.7583e-001 +1.3089e+000
2646 0 +2.714797992e+000 +2.714797992e+000 -1.422452020e+002 -1.422452020e+002 -1.5146e-001 +5.6247e-001 +1.3139e-001 -1.4535e+000 -7.7175e-001 +1.4477e+000 -2.2548e+000 +6.6504e-001 -1.2735e+000 +2.3153e+000
9720 0 +2.219039584e+000 +2.219039584e+000 -1.427409604e+002 -1.427409604e+002 -1.0858e+000 -1.2050e+000 -2.2010e+000 -1.2797e+000 -2.3658e+000 +1.9088e+000 -2.1046e+000 +9.5127e-001 -1.3741e+000 +1.1378e+000
11951 0 +2.078138068e+000 +2.078138068e+000 -1.428818619e+002 -1.428818619e+002 -1.0459e+000 -8.9790e-001 -2.4126e+000 -1.2566e+000 -2.3237e+000 +1.4516e+000 -2.2843e+000 +1.3001e+000 -1.8812e+000 +1.3268e+000
14527 0 +1.825360542e+000 +1.825360542e+000 -1.431346395e+002 -1.431346395e+002 -9.4218e-001 -8.8449e-001 -2.4390e+000 -1.3039e+000 -2.3309e+000 +1.4932e+000 -2.2242e+000 +1.5934e+000 -1.8665e+000 +1.8159e+000
15639 0 +1.802126513e+000 +1.802126513e+000 -1.431578735e+002 -1.431578735e+002 -1.0161e+000 -7.9008e-001 -2.4817e+000 -1.2546e+000 -2.3128e+000 +1.4489e+000 -2.2616e+000 +1.6226e+000 -1.8688e+000 +1.8540e+000
15652 0 +1.774888546e+000 +1.774888546e+000 -1.431851115e+002 -1.431851115e+002 -9.8932e-001 -8.3551e-001 -2.4021e+000 -1.3113e+000 -2.3593e+000 +1.4660e+000 -2.2552e+000 +1.5916e+000 -1.8653e+000 +1.8099e+000
15983 0 +1.736177071e+000 +1.736177071e+000 -1.432238229e+002 -1.432238229e+002 -1.0430e+000 -7.7747e-001 -2.4956e+000 -1.2555e+000 -2.2841e+000 +1.4854e+000 -2.2430e+000 +1.6219e+000 -1.8533e+000 +1.8327e+000
16328 0 +1.680919038e+000 +1.680919038e+000 -1.432790810e+002 -1.432790810e+002 -1.0069e+000 -8.0700e-001 -2.4361e+000 -1.2856e+000 -2.2865e+000 +1.4953e+000 -2.2577e+000 +1.6351e+000 -1.8262e+000 +1.8199e+000
19012 0 +1.659472160e+000 +1.659472160e+000 -1.433005278e+002 -1.433005278e+002 -1.0221e+000 -8.1591e-001 -2.4275e+000 -1.2880e+000 -2.3162e+000 +1.4782e+000 -2.2635e+000 +1.6195e+000 -1.8353e+000 +1.8290e+000
% f evaluations | g evaluations | best noise-free fitness - Fopt | noise-free fitness - Fopt (-6.300000000000e+000) | measured fitness | best measured fitness | x1 | x2...
1 0 +3.725602468e+004 +3.725602468e+004 +3.724972468e+004 +3.724972468e+004 +2.0600e+000 -9.4491e-001 -2.0136e-001 -6.4767e-001 +1.4191e+000 +8.3169e-001 -6.4885e-001 -8.7955e-001 -5.2216e-001 -1.1275e+000
3 0 +2.092740647e+004 +2.092740647e+004 +2.092110647e+004 +2.092110647e+004 +3.0250e-001 +1.1397e+000 -1.4042e+000 -3.9607e-002 -1.5308e-001 -2.2644e+000 -1.0988e+000 -7.2281e-002 +1.1114e-001 -7.6145e-001
6 0 +1.073695999e+004 +1.073695999e+004 +1.073065999e+004 +1.073065999e+004 +4.6561e-001 +3.2659e-001 +2.6184e-002 -1.2423e+000 -5.0989e-001 +4.5782e-001 +1.2859e-001 +1.2249e+000 +1.0148e+000 +7.3060e-001
11 0 +9.097092142e+003 +9.097092142e+003 +9.090792142e+003 +9.090792142e+003 +1.5936e+000 +5.4100e-001 +7.5298e-001 +2.3938e-001 -4.6740e-001 -3.2499e-001 +9.3391e-001 +9.1431e-001 +5.7411e-002 +9.9924e-001
12 0 +3.787738786e+003 +3.787738786e+003 +3.781438786e+003 +3.781438786e+003 +7.6787e-001 +1.9811e+000 +1.2752e+000 +1.6937e-001 -3.7355e-002 -4.1481e-002 +1.0369e+000 -1.6461e+000 +7.1135e-001 +1.0089e-001
13 0 +2.759075277e+003 +2.759075277e+003 +2.752775277e+003 +2.752775277e+003 +3.2076e-001 -2.0997e+000 +1.7410e+000 +1.6322e+000 +4.1707e-001 -5.4018e-002 -3.1841e-001 -2.7173e-001 +4.4123e-001 +1.0313e+000
38 0 +1.568329356e+003 +1.568329356e+003 +1.562029356e+003 +1.562029356e+003 +7.1452e-001 +5.1600e-002 +4.1891e-001 -5.5963e-001 -4.9551e-002 -7.8645e-001 +8.3307e-001 -2.3949e+000 +6.7772e-001 +3.8399e-001
65 0 +3.536306023e+002 +3.536306023e+002 +3.473306023e+002 +3.473306023e+002 +5.5103e-001 +3.6299e-001 -2.9107e-001 -3.5503e-001 +1.6978e-001 -1.0420e+000 +1.4524e+000 -1.6383e-002 +1.2113e+000 +8.9127e-001
116 0 +4.243617244e+000 +4.243617244e+000 -2.056382756e+000 -2.056382756e+000 -7.4375e-001 +3.5709e-001 +4.1766e-001 +1.2897e+000 -2.6288e-001 -1.1896e+000 +1.9095e+000 -1.2017e+000 +6.6576e-001 +1.0743e+000
1222 0 +3.726948567e+000 +3.726948567e+000 -2.573051433e+000 -2.573051433e+000 +1.0717e+000 +4.3241e-002 -9.7766e-001 -7.6830e-001 -2.0595e+000 +1.3841e-001 +1.8066e+000 -1.2290e+000 +2.3329e+000 +9.7303e-001
1420 0 +3.150310503e+000 +3.150310503e+000 -3.149689497e+000 -3.149689497e+000 +1.0124e+000 -2.5183e+000 -8.3272e-001 +1.6237e+000 -2.1081e+000 -1.2733e-001 +8.9697e-001 -1.3834e+000 +1.9722e+000 +8.7366e-001
1561 0 +3.005748462e+000 +3.005748462e+000 -3.294251538e+000 -3.294251538e+000 -1.5478e-001 -6.1151e-001 +5.1461e-001 +1.1871e+000 -7.4849e-001 -1.3324e+000 +9.6122e-001 -8.6613e-001 +2.4350e+000 +2.0259e+000
1744 0 +2.368848456e+000 +2.368848456e+000 -3.931151544e+000 -3.931151544e+000 +1.1502e+000 -7.7268e-001 +2.4279e-001 +9.3013e-001 -2.4209e+000 -1.9637e+000 +1.2488e+000 -1.2245e+000 +1.0251e+000 +1.2638e+000
12654 0 +2.234538214e+000 +2.234538214e+000 -4.065461786e+000 -4.065461786e+000 +1.0067e+000 -1.4071e+000 -2.3173e-001 +6.4424e-001 -2.4219e+000 -1.4542e+000 +1.0965e+000 -9.1376e-001 +2.4413e+000 +1.6812e+000
15506 0 +2.114619919e+000 +2.114619919e+000 -4.185380081e+000 -4.185380081e+000 +1.1150e+000 -1.5301e+000 -1.8272e-001 +1.8865e-001 -2.5974e+000 -2.0548e+000 +7.8836e-001 -1.0481e+000 +2.3625e+000 +1.6796e+000
% f evaluations | g evaluations | best noise-free fitness - Fopt | noise-free fitness - Fopt (-1.367600000000e+002) | measured fitness | best measured fitness | x1 | x2...
1 0 +1.399682143e+004 +1.399682143e+004 +1.386006143e+004 +1.386006143e+004 -1.8941e+000 +2.5328e-001 -6.3717e-002 +1.3084e+000 +9.6870e-001 -2.4875e+000 -3.8584e-001 +1.3580e+000 +9.8166e-001 -6.3133e-001
2 0 +9.828643210e+003 +9.828643210e+003 +9.691883210e+003 +9.691883210e+003 +6.1889e-001 -2.0263e-001 -1.0500e+000 -1.3195e+000 +1.8194e+000 +1.9747e-001 -1.7863e+000 +1.5601e+000 +4.2142e-001 +6.7861e-003
4 0 +6.056760768e+003 +6.056760768e+003 +5.920000768e+003 +5.920000768e+003 -1.5140e+000 +9.1353e-001 +5.7014e-001 -1.1710e+000 -1.7868e-001 +6.9477e-001 -1.4333e+000 +7.9155e-001 -4.2944e-001 -7.8891e-001
16 0 +3.952656368e+003 +3.952656368e+003 +3.815896368e+003 +3.815896368e+003 -2.8012e-001 -1.9303e+000 -1.3626e-001 -4.1814e-001 -7.4610e-001 -6.3530e-001 +6.8824e-001 +9.8162e-001 +1.2717e+000 -1.5955e+000
47 0 +3.693687580e+003 +3.693687580e+003 +3.556927580e+003 +3.556927580e+003 -7.8648e-001 -9.2839e-001 -8.2148e-001 +6.0128e-001 -3.0949e-001 +5.6968e-001 -2.4961e-002 -2.8234e-001 +9.2387e-001 -4.6444e-001
56 0 +2.808020907e+003 +2.808020907e+003 +2.671260907e+003 +2.671260907e+003 -2.7197e-002 -5.4895e-001 +2.4376e+000 +6.0676e-001 -6.2516e-001 -4.6663e-001 -3.4850e-001 +7.2339e-001 +2.1183e-001 -1.3841e+000
88 0 +1.510038445e+003 +1.510038445e+003 +1.373278445e+003 +1.373278445e+003 +1.2517e+000 -1.7712e+000 -1.0487e+000 -2.8875e-001 +1.0464e+000 -7.4729e-002 -1.0476e+000 +2.3193e+000 +6.9360e-001 -1.0742e+000
120 0 +9.777027819e+002 +9.777027819e+002 +8.409427819e+002 +8.409427819e+002 +1.2786e+000 +1.3595e-001 +1.2584e+000 -1.1468e+000 -1.2133e-001 +1.7964e+000 -2.0593e+000 +1.0288e+000 +2.6960e+000 -1.2448e+000
157 0 +2.077230297e+002 +2.077230297e+002 +7.096302973e+001 +7.096302973e+001 +2.7657e-001 -3.0803e-001 -1.2636e+000 +2.3517e+000 -1.2924e+000 +1.0873e+000 -8.7964e-001 +2.3871e-001 +1.8785e+000 -2.1128e+000
292 0 +2.304592656e+001 +2.304592656e+001 -1.137140734e+002 -1.137140734e+002 -2.4870e+000 -2.1337e+000 -2.2492e+000 +1.8930e+000 -6.7549e-001 +2.1741e+000 -2.1420e+000 +2.6904e-001 +2.6579e+000 -2.1603e+000
418 0 +1.334569809e+001 +1.334569809e+001 -1.234143019e+002 -1.234143019e+002 -3.5763e-001 -7.7330e-001 +4.0789e-001 +3.0868e+000 +9.2053e-001 +3.8589e-001 -1.5327e+000 +8.0460e-001 +1.3833e+000 -1.3164e+000
510 0 +3.670548304e+000 +3.670548304e+000 -1.330894517e+002 -1.330894517e+002 -7.2160e-001 -9.5472e-001 +6.2878e-001 +1.5698e+000 +1.3196e-001 +2.6421e+000 -1.8016e+000 +2.1706e+000 +1.2402e+000 -2.0787e+000
748 0 +3.604318981e+000 +3.604318981e+000 -1.331556810e+002 -1.331556810e+002 +1.1563e+000 -1.2747e+000 -1.3536e+000 +4.0694e-001 -9.3374e-001 +1.6713e+000 -1.1765e+000 +9.8064e-001 +9.9830e-001 -1.3118e+000
1162 0 +3.470113469e+000 +3.470113469e+000 -1.332898865e+002 -1.332898865e+002 +9.0383e-001 -9.2106e-001 -1.0110e+000 -6.4662e-001 -5.8678e-001 +2.2392e+000 -1.5470e+000 +2.2548e+000 +1.3519e+000 -1.7009e+000
1213 0 +3.139154547e+000 +3.139154547e+000 -1.336208455e+002 -1.336208455e+002 -1.6893e-001 -5.8064e-001 -7.8712e-001 +2.3706e+000 -1.9806e+000 +1.1210e+000 -1.3866e+000 +1.7526e+000 +1.5394e+000 -2.1862e+000
1730 0 +3.014453819e+000 +3.014453819e+000 -1.337455462e+002 -1.337455462e+002 -1.5108e-001 -1.0431e+000 +4.4632e-001 +3.0935e-001 -2.8603e-001 +1.8866e+000 -5.6001e-001 +2.3491e+000 +1.0827e+000 -1.5325e+000
1979 0 +2.907049596e+000 +2.907049596e+000 -1.338529504e+002 -1.338529504e+002 +2.0984e+000 -1.9178e+000 -1.8931e+000 +8.1280e-001 -1.0178e+000 +4.1381e-001 -2.0934e+000 +1.2315e+000 +9.8349e-001 -2.0059e+000
2049 0 +2.808219132e+000 +2.808219132e+000 -1.339517809e+002 -1.339517809e+002 +2.3384e+000 -1.0342e+000 -1.5334e+000 +1.6118e-001 -9.5340e-001 +1.8749e+000 -1.0194e+000 +2.3312e+000 +7.8750e-001 -2.0962e+000
2240 0 +2.324778970e+000 +2.324778970e+000 -1.344352210e+002 -1.344352210e+002 +1.7713e+000 -2.1005e+000 -2.0239e+000 -2.3868e-001 -5.7350e-001 +1.3862e+000 -1.7741e+000 +1.0928e+000 +2.3049e+000 -1.5105e+000
13506 0 +2.260066277e+000 +2.260066277e+000 -1.344999337e+002 -1.344999337e+002 +2.0579e+000 -1.1256e+000 +4.7927e-001 +8.8088e-001 -1.7645e+000 +1.2641e+000 -1.4643e+000 +2.2147e+000 +1.6545e+000 -1.8250e+000
13515 0 +2.137739345e+000 +2.137739345e+000 -1.346222607e+002 -1.346222607e+002 +2.1470e+000 -1.1453e+000 +4.1626e-001 +8.7484e-001 -1.7420e+000 +1.2662e+000 -1.4690e+000 +2.2742e+000 +1.6383e+000 -1.8430e+000
14086 0 +2.076497256e+000 +2.076497256e+000 -1.346835027e+002 -1.346835027e+002 +2.1165e+000 -1.1766e+000 +4.6509e-001 +8.7502e-001 -1.7440e+000 +1.1940e+000 -1.4997e+000 +2.2482e+000 +1.6645e+000 -1.8763e+000
15167 0 +2.026677133e+000 +2.026677133e+000 -1.347333229e+002 -1.347333229e+002 +2.1164e+000 -1.1342e+000 +4.5287e-001 +8.4649e-001 -1.7590e+000 +1.2551e+000 -1.5081e+000 +2.2424e+000 +1.6886e+000 -1.8620e+000
18411 0 +1.995116082e+000 +1.995116082e+000 -1.347648839e+002 -1.347648839e+002 +2.1077e+000 -1.1398e+000 +4.5540e-001 +8.8417e-001 -1.7617e+000 +1.2534e+000 -1.4974e+000 +2.2553e+000 +1.6764e+000 -1.8695e+000
% f evaluations | g evaluations | best noise-free fitness - Fopt | noise-free fitness - Fopt (3.667500000000e+002) | measured fitness | best measured fitness | x1 | x2...
1 0 +9.720365097e+003 +9.720365097e+003 +1.008711510e+004 +1.008711510e+004 -6.6640e-001 +3.8463e-001 -1.7506e-001 +3.6257e-003 -8.1266e-001 -1.2299e+000 +9.9704e-001 +2.2829e-001 +6.9409e-001 +8.5857e-001
2 0 +6.651659637e+003 +6.651659637e+003 +7.018409637e+003 +7.018409637e+003 -1.3852e+000 +2.0308e+000 +5.9092e-001 -7.0242e-001 +9.2205e-001 -4.4929e-001 +1.2566e+000 -2.0205e-001 -7.3342e-001 -1.6689e-001
6 0 +1.469148442e+003 +1.469148442e+003 +1.835898442e+003 +1.835898442e+003 +8.4591e-001 -4.5832e-001 +1.0059e+000 +1.1022e-001 -5.6034e-001 -5.7972e-001 -4.2455e-001 +1.4746e+000 -6.3066e-001 +8.0891e-001
16 0 +6.357861721e+002 +6.357861721e+002 +1.002536172e+003 +1.002536172e+003 +6.8925e-001 -1.1859e+000 +6.0122e-001 -2.9525e-002 +9.0723e-002 -5.4623e-001 +1.1455e+000 -3.6481e-002 -1.1776e+000 +7.9296e-001
114 0 +4.719871546e+002 +4.719871546e+002 +8.387371546e+002 +8.387371546e+002 -1.2481e+000 -2.7655e-001 -8.9939e-001 -4.3010e-001 -4.1592e-001 +1.3234e-001 +1.4374e+000 +2.3028e+000 -1.6161e+000 +9.3659e-001
262 0 +3.334795138e+002 +3.334795138e+002 +7.002295138e+002 +7.002295138e+002 +7.6808e-001 +4.2489e-001 +6.8467e-001 -5.9478e-001 +8.2391e-001 -1.5428e+000 +6.2552e-001 +1.1456e+000 -2.5244e+000 +2.5905e-001
371 0 +1.749178841e+002 +1.749178841e+002 +5.416678841e+002 +5.416678841e+002 -1.9256e+000 -2.0780e+000 +4.3499e-001 +2.0816e+000 +2.7380e+000 -1.6527e+000 +2.4143e+000 +3.5903e-001 -2.6358e+000 +6.7879e-001
604 0 +1.110480346e+002 +1.110480346e+002 +4.777980346e+002 +4.777980346e+002 -2.8738e-001 -1.3876e+000 -7.9287e-001 +2.1418e+000 +8.2583e-001 -6.0517e-001 +8.0213e-001 +2.0593e+000 -2.4441e+000 +6.1701e-001
678 0 +3.540649469e+000 +3.540649469e+000 +3.702906495e+002 +3.702906495e+002 +1.6085e-001 -2.7094e+000 -9.5483e-001 +1.3655e+000 +1.5875e+000 -2.0034e+000 +1.8594e+000 +6.1590e-001 -1.9356e+000 +1.0219e+000
723 0 +3.281836038e+000 +3.281836038e+000 +3.700318360e+002 +3.700318360e+002 +1.4491e+000 +9.2275e-001 +9.1804e-001 +8.9692e-001 +1.9592e-001 -7.3775e-001 +6.5323e-001 +2.5614e+000 -2.1318e+000 +2.1568e+000
889 0 +2.989923574e+000 +2.989923574e+000 +3.697399236e+002 +3.697399236e+002 +7.0107e-001 -2.7924e+000 +5.3970e-001 +1.3707e-001 +3.9427e-001 -2.2157e+000 +1.5800e+000 +1.9129e+000 -2.1573e+000 +1.6658e+000
1320 0 +2.828174513e+000 +2.828174513e+000 +3.695781745e+002 +3.695781745e+002 +1.5176e+000 -5.3406e-001 -4.2528e-001 +1.4890e+000 +1.2882e+000 -1.7195e+000 +1.6259e+000 +1.4403e+000 -9.5840e-001 +1.2923e+000
2727 0 +2.816406063e+000 +2.816406063e+000 +3.695664061e+002 +3.695664061e+002 +1.3846e+000 +1.4093e-001 +5.2898e-001 +1.0358e+000 +2.2770e+000 -1.1083e+000 +1.8053e+000 +1.5025e+000 -1.6435e+000 +1.1194e+000
2835 0 +2.589496740e+000 +2.589496740e+000 +3.693394967e+002 +3.693394967e+002 +6.3758e-001 -1.2724e+000 -1.1420e+000 +4.0509e-001 +3.3453e-001 -2.4602e+000 +1.5925e+000 +2.1755e+000 -7.9463e-001 +1.7386e+000
7006 0 +2.470549223e+000 +2.470549223e+000 +3.692205492e+002 +3.692205492e+002 +1.4020e+000 -7.0917e-001 +1.5412e+000 +7.6166e-001 +1.8275e+000 -2.3757e-001 +2.1288e+000 +1.6414e+000 -1.8894e+000 +2.1554e+000
10593 0 +1.932847374e+000 +1.932847374e+000 +3.686828474e+002 +3.686828474e+002 +1.6006e+000 -1.0129e+000 +1.4691e+000 +3.6556e-001 +1.9478e+000 -2.5964e-001 +1.7647e+000 +2.1874e+000 -2.0987e+000 +2.0847e+000
% f evaluations | g evaluations | best noise-free fitness - Fopt | noise-free fitness - Fopt (-2.486900000000e+002) | measured fitness | best measured fitness | x1 | x2...
1 0 +7.434899721e+003 +7.434899721e+003 +7.186209721e+003 +7.186209721e+003 +9.4778e-001 +1.1934e+000 -1.0228e+000 +8.0118e-001 -1.3644e+000 +9.2227e-001 -6.5449e-002 +6.7200e-001 -2.4244e-001 +1.2965e+000
3 0 +2.476683192e+003 +2.476683192e+003 +2.227993192e+003 +2.227993192e+003 +9.2345e-001 -2.0461e-001 +2.8671e-001 -1.3194e+000 -2.8532e-002 +1.5391e+000 -5.8515e-001 -1.4531e-001 -2.5290e-001 +1.1457e+000
10 0 +3.476657014e+002 +3.476657014e+002 +9.897570142e+001 +9.897570142e+001 -2.4209e-001 -1.5009e+000 -4.0891e-001 +5.0191e-001 -6.6434e-001 +5.1053e-001 -2.7027e-001 -1.2391e+000 -3.5051e-001 +1.0203e+000
105 0 +4.633246357e+000 +4.633246357e+000 -2.440567536e+002 -2.440567536e+002 -3.7061e-001 +1.1987e+000 -1.3050e-001 +1.1819e+000 -7.3320e-001 +1.5463e+000 -2.0239e+000 -2.1589e+000 -2.2294e+000 +1.8591e+000
160 0 +4.177156253e+000 +4.177156253e+000 -2.445128437e+002 -2.445128437e+002 +1.8292e-001 +5.9160e-001 +4.9321e-001 +1.3471e+000 -7.9019e-001 +1.6100e+000 -1.5179e+000 -1.4589e+000 -8.5123e-001 +1.5644e+000
250 0 +3.912590176e+000 +3.912590176e+000 -2.447774098e+002 -2.447774098e+002 +1.5966e+000 +5.9392e-001 +6.3072e-001 +2.2751e+000 -1.9432e+000 +1.1808e+000 -1.5140e+000 -1.9208e+000 -1.7277e+000 +1.3164e+000
1414 0 +3.730269405e+000 +3.730269405e+000 -2.449597306e+002 -2.449597306e+002 +1.2724e+000 +8.1117e-001 +1.6725e-001 -6.2591e-003 -1.6727e+000 +1.3300e+000 -1.8794e+000 -1.2757e+000 -6.7118e-001 +1.4438e+000
1475 0 +3.407812976e+000 +3.407812976e+000 -2.452821870e+002 -2.452821870e+002 +3.8191e-001 -2.6752e+000 +5.0737e-001 +1.0854e+000 -1.1022e+000 +4.3832e-001 -1.7666e+000 -1.7360e+000 -9.5408e-001 +1.1247e+000
1791 0 +3.388308544e+000 +3.388308544e+000 -2.453016915e+002 -2.453016915e+002 +1.9328e-001 -1.0289e+000 +2.3651e+000 +4.3101e-001 -1.0729e+000 +1.0299e+000 -1.9294e+000 -1.2868e+000 -1.2765e+000 +1.1727e+000
1919 0 +3.104280840e+000 +3.104280840e+000 -2.455857192e+002 -2.455857192e+002 -4.9834e-001 -5.1725e-001 +2.6011e+000 -1.7291e-001 +1.0227e-001 +1.4655e+000 -2.2084e+000 -2.0950e+000 -1.4984e+000 +1.9503e+000
2116 0 +3.042523610e+000 +3.042523610e+000 -2.456474764e+002 -2.456474764e+002 +1.1769e+000 +1.2931e-001 -4.6255e-002 -4.4505e-001 -7.4108e-001 +1.2205e+000 -2.2793e+000 -9.0557e-001 -1.5565e+000 +2.2859e+000
2557 0 +2.963687862e+000 +2.963687862e+000 -2.457263121e+002 -2.457263121e+002 +2.8013e-001 -3.1130e-001 +1.3548e+000 +8.1988e-001 -2.2596e+000 +2.0020e+000 -2.1592e+000 -2.0547e+000 -1.7702e+000 +1.6939e+000
2578 0 +2.916326022e+000 +2.916326022e+000 -2.457736740e+002 -2.457736740e+002 +1.0133e+000 -7.4777e-001 +2.5359e+000 +4.6586e-001 -1.0631e+000 +1.2617e+000 -1.8055e+000 -2.1217e+000 -1.6497e+000 +1.9158e+000
2704 0 +2.414327685e+000 +2.414327685e+000 -2.462756723e+002 -2.462756723e+002 +2.0703e+000 -9.8038e-001 +9.7709e-001 +1.5990e+000 -7.0580e-002 +1.5714e+000 -1.0310e+000 -1.3909e+000 -2.2703e+000 +2.0566e+000
16924 0 +2.363175410e+000 +2.363175410e+000 -2.463268246e+002 -2.463268246e+002 -2.1544e-002 +5.4901e-001 +6.5546e-001 +6.4520e-003 -1.4642e+000 +8.7070e-001 -2.3443e+000 -1.6155e+000 -2.1879e+000 +1.7142e+000
19311 0 +2.228583629e+000 +2.228583629e+000 -2.464614164e+002 -2.464614164e+002 +7.4995e-002 +7.2014e-001 +7.0019e-001 +7.6502e-002 -1.0286e+000 +1.6687e+000 -2.2245e+000 -1.6263e+000 -2.2619e+000 +2.0595e+000
19739 0 +2.143163630e+000 +2.143163630e+000 -2.465468364e+002 -2.465468364e+002 +6.1945e-002 +4.8487e-001 +6.6761e-001 +8.4534e-002 -1.0334e+000 +1.7603e+000 -2.2017e+000 -1.6222e+000 -2.2048e+000 +1.7191e+000
20473 0 +2.070811759e+000 +2.070811759e+000 -2.466191882e+002 -2.466191882e+002 +3.0911e-001 +7.4995e-001 +6.4022e-001 -5.6605e-002 -1.0141e+000 +1.8407e+000 -2.1806e+000 -1.6742e+000 -2.1996e+000 +1.7380e+000
20915 0 +2.012993425e+000 +2.012993425e+000 -2.466770066e+002 -2.466770066e+002 +3.1002e-001 +6.5581e-001 +6.6421e-001 -4.3885e-002 -1.0864e+000 +1.7332e+000 -2.2180e+000 -1.6339e+000 -2.2207e+000 +1.7186e+000
21215 0 +1.982953527e+000 +1.982953527e+000 -2.467070465e+002 -2.467070465e+002 +3.2263e-001 +6.1789e-001 +6.9644e-001 -8.1360e-002 -1.0761e+000 +1.8128e+000 -2.1903e+000 -1.6372e+000 -2.2102e+000 +1.7527e+000
21422 0 +1.946035560e+000 +1.946035560e+000 -2.467439644e+002 -2.467439644e+002 +2.9990e-001 +5.5983e-001 +6.7260e-001 -4.1735e-002 -1.0499e+000 +1.7757e+000 -2.1671e+000 -1.6671e+000 -2.2125e+000 +1.7384e+000
22604 0 +1.896096483e+000 +1.896096483e+000 -2.467939035e+002 -2.467939035e+002 +3.1577e-001 +5.9425e-001 +6.6267e-001 -9.0446e-004 -1.0140e+000 +1.8184e+000 -2.1989e+000 -1.6314e+000 -2.2064e+000 +1.7169e+000
22792 0 +1.855642950e+000 +1.855642950e+000 -2.468343570e+002 -2.468343570e+002 +3.4412e-001 +6.4251e-001 +6.8094e-001 -1.0659e-003 -1.0252e+000 +1.8139e+000 -2.1817e+000 -1.6449e+000 -2.2278e+000 +1.7310e+000
% f evaluations | g evaluations | best noise-free fitness - Fopt | noise-free fitness - Fopt (-6.786000000000e+001) | measured fitness | best measured fitness | x1 | x2...
1 0 +1.712827311e+004 +1.712827311e+004 +1.706041311e+004 +1.706041311e+004 -4.9987e-001 -3.2498e-001 -1.6146e+000 -6.7420e-001 -2.4566e-001 +3.0163e-001 +5.4938e-002 +3.2792e-001 +2.1736e-001 +1.7836e-001
4 0 +6.837579114e+003 +6.837579114e+003 +6.769719114e+003 +6.769719114e+003 -1.8834e+000 -1.0598e+000 -2.3664e-002 -8.8761e-001 -2.5545e+000 +3.3072e-001 +2.4204e+000 +9.5651e-001 -2.2135e+000 +3.5212e-001
10 0 +3.304324724e+003 +3.304324724e+003 +3.236464724e+003 +3.236464724e+003 +2.7155e-001 +5.8049e-001 -5.6536e-001 -2.3213e+000 -5.7168e-001 -1.1471e+000 +8.2388e-001 -1.3167e+000 -6.5785e-001 -1.5156e+000
25 0 +2.805375250e+003 +2.805375250e+003 +2.737515250e+003 +2.737515250e+003 +2.5518e-001 +2.2222e+000 +2.1924e-001 +1.3227e+000 -1.6854e+000 +7.7771e-001 +7.9144e-001 +1.4269e-001 -1.7766e+000 -1.8432e-001
40 0 +7.533355874e+002 +7.533355874e+002 +6.854755874e+002 +6.854755874e+002 +5.8695e-001 +5.6359e-001 -7.7422e-001 +4.1815e-003 -4.7766e-001 -1.8056e+000 +1.3541e+000 -2.9463e-001 -9.9939e-001 -5.0205e-001
101 0 +7.297842683e+002 +7.297842683e+002 +6.619242683e+002 +6.619242683e+002 +9.5709e-001 -7.7316e-001 +1.8653e+000 -3.5795e-001 -5.7716e-001 +6.3930e-001 +1.7852e+000 -1.9725e-001 -1.7885e+000 -1.6841e+000
170 0 +4.212965874e+002 +4.212965874e+002 +3.534365874e+002 +3.534365874e+002 +1.3118e+000 +9.7519e-001 +1.3220e+000 +5.1216e-001 -1.6480e+000 -1.9276e+000 +1.7426e+000 -6.5075e-001 -2.9775e+000 -5.9818e-001
180 0 +1.897443053e+002 +1.897443053e+002 +1.218843053e+002 +1.218843053e+002 +2.1062e+000 +1.7638e+000 -6.7784e-001 +7.3369e-001 -1.7525e+000 -8.6275e-001 +6.8522e-001 -3.0075e-001 -1.9983e+000 -1.0023e+000
242 0 +3.016885832e+000 +3.016885832e+000 -6.484311417e+001 -6.484311417e+001 +1.1515e+000 -3.6152e-002 +4.1051e-001 +2.4703e+000 +4.7375e-002 -2.6943e+000 +1.4785e+000 -1.0387e+000 -1.0762e+000 -1.6188e+000
2210 0 +2.830825793e+000 +2.830825793e+000 -6.502917421e+001 -6.502917421e+001 +1.6836e+000 +1.1343e+000 +2.1871e+000 +1.2868e+000 -2.2540e+000 -2.2099e+000 +7.0061e-001 -2.4040e+000 -1.2286e+000 -1.7494e+000
2766 0 +2.590280310e+000 +2.590280310e+000 -6.526971969e+001 -6.526971969e+001 +4.0309e-001 +8.0457e-001 +1.6375e+000 +1.4460e+000 -1.9030e-001 -6.4515e-001 +7.7318e-001 -9.6722e-001 -1.0793e+000 -1.4155e+000
3003 0 +2.562330046e+000 +2.562330046e+000 -6.529766995e+001 -6.529766995e+001 +1.3178e+000 -1.2883e-001 +1.0593e+000 +9.8208e-004 -1.3657e+000 -3.6854e-001 +1.2543e+000 -1.8417e+000 -1.8107e+000 -2.2288e+000
4326 0 +2.461566326e+000 +2.461566326e+000 -6.539843367e+001 -6.539843367e+001 +1.5203e+000 -1.2660e-001 +7.8009e-001 +2.3563e+000 -3.8562e-001 -1.9456e+000 +1.4292e+000 -7.0110e-001 -2.0627e+000 -2.1417e+000
5330 0 +2.209147582e+000 +2.209147582e+000 -6.565085242e+001 -6.565085242e+001 +1.5108e+000 -1.2336e-001 +5.0707e-001 +1.2339e+000 -6.9122e-001 -5.6271e-001 +1.6663e+000 -2.1393e+000 -2.0563e+000 -2.0391e+000
8921 0 +2.131822126e+000 +2.131822126e+000 -6.572817787e+001 -6.572817787e+001 +1.4533e+000 -1.9426e-001 +1.3239e+000 +1.5734e+000 -9.1129e-002 -2.0753e+000 +2.0818e+000 -1.7246e+000 -1.8112e+000 -1.3587e+000
10425 0 +2.059358390e+000 +2.059358390e+000 -6.580064161e+001 -6.580064161e+001 +1.5163e+000 -1.8677e-001 +1.1219e+000 +1.6353e+000 -1.2220e-001 -2.0552e+000 +2.1104e+000 -1.6500e+000 -1.8123e+000 -1.3067e+000
10635 0 +2.027242591e+000 +2.027242591e+000 -6.583275741e+001 -6.583275741e+001 +1.4886e+000 -1.7476e-001 +1.2812e+000 +1.4998e+000 -1.1053e-001 -2.0663e+000 +2.0929e+000 -1.6392e+000 -1.8073e+000 -1.3008e+000
10913 0 +1.969965140e+000 +1.969965140e+000 -6.589003486e+001 -6.589003486e+001 +1.5568e+000 -1.4077e-001 +1.2400e+000 +1.6217e+000 -6.3148e-002 -2.0565e+000 +2.1468e+000 -1.6383e+000 -1.8402e+000 -1.2938e+000
10915 0 +1.923048743e+000 +1.923048743e+000 -6.593695126e+001 -6.593695126e+001 +1.5181e+000 -1.5343e-001 +1.2717e+000 +1.5654e+000 -1.0722e-001 -2.0266e+000 +2.1356e+000 -1.6690e+000 -1.8408e+000 -1.3092e+000
11968 0 +1.903679356e+000 +1.903679356e+000 -6.595632064e+001 -6.595632064e+001 +1.5086e+000 -1.6361e-001 +1.2752e+000 +1.5750e+000 -3.2901e-002 -2.0382e+000 +2.1266e+000 -1.6588e+000 -1.8328e+000 -1.3069e+000
% f evaluations | g evaluations | best noise-free fitness - Fopt | noise-free fitness - Fopt (-2.329000000000e+001) | measured fitness | best measured fitness | x1 | x2...
1 0 +2.280527288e+004 +2.280527288e+004 +2.278198288e+004 +2.278198288e+004 +5.1185e-001 -1.2648e+000 -2.5881e+000 -3.9910e-002 +1.0307e-001 +1.6142e+000 -1.0524e+000 -2.5271e-002 +6.3073e-001 -1.1731e+000
3 0 +1.141017300e+004 +1.141017300e+004 +1.138688300e+004 +1.138688300e+004 +1.1604e+000 +2.3448e-001 +5.1700e-001 -1.0701e+000 +2.3061e+000 -7.1457e-001 -3.7597e-001 +4.9100e-002 +9.0281e-001 +7.1127e-002
4 0 +6.970176419e+003 +6.970176419e+003 +6.946886419e+003 +6.946886419e+003 -2.4916e+000 -7.8747e-001 +8.2799e-001 +1.2360e+000 -1.1508e+000 -1.9555e-001 -6.8633e-001 +1.1211e-001 -4.4721e-001 +1.0856e+000
15 0 +5.861694975e+003 +5.861694975e+003 +5.838404975e+003 +5.838404975e+003 +6.7954e-001 -3.0037e-001 -2.0167e+000 +1.0391e+000 -4.6725e-001 -6.5364e-001 -5.8107e-002 +1.3760e+000 -2.5777e-001 +1.0579e+000
16 0 +4.493580333e+003 +4.493580333e+003 +4.470290333e+003 +4.470290333e+003 -8.2593e-002 -2.1513e-002 -1.3561e+000 +2.1612e+000 -3.7565e-001 -2.3770e-001 +8.4965e-002 +7.0303e-001 +1.8287e+000 +1.3951e+000
28 0 +4.301984363e+003 +4.301984363e+003 +4.278694363e+003 +4.278694363e+003 +8.2616e-001 -7.4780e-001 +1.9911e-001 -8.0080e-001 -6.9520e-001 -1.4875e+000 -1.1005e+000 +1.2120e+000 +1.1703e+000 +3.8365e-001
36 0 +3.638649826e+003 +3.638649826e+003 +3.615359826e+003 +3.615359826e+003 -2.2129e+000 +1.7775e-001 +1.1304e+000 +8.1896e-001 +7.9260e-001 +2.5352e-001 +6.6182e-002 -2.1054e-001 +1.7852e+000 +6.6465e-001
39 0 +3.132919230e+003 +3.132919230e+003 +3.109629230e+003 +3.109629230e+003 -6.5133e-001 -1.8956e-001 +4.0517e-001 +7.8472e-001 +5.6147e-001 +7.1138e-001 -1.8654e+000 +4.6041e-001 +5.6410e-001 +2.6111e-001
46 0 +1.994416877e+003 +1.994416877e+003 +1.971126877e+003 +1.971126877e+003 -9.4640e-001 -1.4830e+000 -1.6101e+000 +8.7847e-001 -5.4808e-001 +1.1529e+000 +4.0612e-001 +2.0762e+000 +9.2581e-001 +1.0220e+000
69 0 +1.927639996e+003 +1.927639996e+003 +1.904349996e+003 +1.904349996e+003 +1.1252e+000 +2.6421e-002 -1.0121e+000 +8.6860e-001 -6.1264e-002 +1.6275e+000 +7.5050e-001 +1.1038e+000 +4.7578e-001 +8.7142e-001
83 0 +7.701712430e+002 +7.701712430e+002 +7.468812430e+002 +7.468812430e+002 -9.2276e-001 +1.3361e+000 +1.0701e+000 -1.2473e+000 +2.8154e-001 +1.1507e+000 -1.0295e+000 +9.1940e-001 +4.2796e-001 +7.3224e-001
141 0 +7.039563529e+002 +7.039563529e+002 +6.806663529e+002 +6.806663529e+002 -5.8709e-001 +1.1524e+000 +1.2127e+000 +1.6944e+000 -6.0511e-001 +7.0778e-001 -6.2156e-001 +2.7357e+000 +1.8493e+000 +1.4498e+000
237 0 +2.102730432e+002 +2.102730432e+002 +1.869830432e+002 +1.869830432e+002 -2.6974e+000 +3.4928e-001 +1.7295e+000 -4.8599e-001 -3.1614e+000 +1.8597e+000 -8.3374e-002 +1.3703e+000 +1.2480e+000 +2.2470e+000
322 0 +2.139130596e+001 +2.139130596e+001 -1.898694041e+000 -1.898694041e+000 +1.9087e+000 +3.5532e-001 +2.2839e-001 -2.9837e+000 -5.1467e-001 +9.1312e-001 -1.5023e+000 +3.9430e-001 +2.4735e+000 +1.4877e+000
415 0 +4.307706595e+000 +4.307706595e+000 -1.898229340e+001 -1.898229340e+001 -6.7161e-001 +6.5044e-001 +5.3417e-001 -6.2051e-001 +4.9441e-002 +6.5970e-001 -1.8871e+000 +1.6046e+000 +8.7996e-001 +2.2490e+000
548 0 +3.104449918e+000 +3.104449918e+000 -2.018555008e+001 -2.018555008e+001 +2.1878e+000 +1.7144e+000 +1.8907e+000 +1.2959e-001 -9.0030e-001 +8.0388e-001 -7.4367e-001 +2.4109e+000 +2.1055e+000 +9.6422e-001
1570 0 +3.016979717e+000 +3.016979717e+000 -2.027302028e+001 -2.027302028e+001 +2.0406e+000 -3.4751e-001 +2.7900e+000 -1.7127e+000 -7.0938e-001 +1.0094e+000 -1.1637e+000 +1.1879e+000 +1.4235e+000 +1.4393e+000
3094 0 +2.761987436e+000 +2.761987436e+000 -2.052801256e+001 -2.052801256e+001 -1.4153e+000 +6.6375e-002 -4.0393e-002 -1.7537e+000 -1.6586e+000 +2.1216e+000 -9.6325e-001 +1.8644e+000 +2.1891e+000 +2.1115e+000
5042 0 +2.630254858e+000 +2.630254858e+000 -2.065974514e+001 -2.065974514e+001 +1.9689e-001 +1.8791e-001 -1.7406e-001 -2.4310e-001 -1.0222e+000 +1.6349e+000 -2.1953e+000 +1.4147e+000 +2.3413e+000 +2.0993e+000
5887 0 +2.364850212e+000 +2.364850212e+000 -2.092514979e+001 -2.092514979e+001 -1.4512e-001 -5.1846e-001 -2.1358e-002 -3.2428e-001 -1.8531e+000 +9.3123e-001 -7.2560e-001 +1.0155e+000 +1.6967e+000 +2.2008e+000
6224 0 +2.166349832e+000 +2.166349832e+000 -2.112365017e+001 -2.112365017e+001 -6.4318e-001 -3.4071e-001 -1.1033e-001 -1.7426e-001 -1.5174e+000 +1.6455e+000 -2.1757e+000 +1.4402e+000 +1.3304e+000 +2.2891e+000
10913 0 +2.122941557e+000 +2.122941557e+000 -2.116705844e+001 -2.116705844e+001 -6.4380e-001 -4.1978e-001 +6.2203e-001 -6.3129e-001 -1.8253e+000 +2.1704e+000 -1.5529e+000 +1.1355e+000 +1.0307e+000 +2.0204e+000
11916 0 +2.085425756e+000 +2.085425756e+000 -2.120457424e+001 -2.120457424e+001 -6.3778e-001 -3.8352e-001 +6.1712e-001 -6.0974e-001 -1.8345e+000 +2.1911e+000 -1.5850e+000 +1.1163e+000 +1.0445e+000 +2.0269e+000
% f evaluations | g evaluations | best noise-free fitness - Fopt | noise-free fitness - Fopt (-1.028000000000e+001) | measured fitness | best measured fitness | x1 | x2...
1 0 +1.220805479e+005 +1.220805479e+005 +1.220702679e+005 +1.220702679e+005 +9.1020e-002 +8.4260e-001 +5.0863e-001 -5.9374e-001 +1.0305e+000 -3.1432e-001 +2.4022e+000 -1.2076e+000 -1.5746e+000 +3.5734e+000
2 0 +5.433928340e+004 +5.433928340e+004 +5.432900340e+004 +5.432900340e+004 -1.7657e+000 +9.7615e-001 +1.1712e+000 +6.0478e-001 -1.4261e+000 -4.5054e-002 -1.8869e-001 -6.0467e-001 -5.7771e-001 +2.1200e+000
3 0 +1.320085552e+004 +1.320085552e+004 +1.319057552e+004 +1.319057552e+004 -1.3976e+000 +3.3616e-001 -1.7447e+000 +8.3163e-001 -3.3648e-001 +8.0977e-001 +1.5911e-001 +5.8045e-001 +5.1611e-001 +1.2036e-001
6 0 +8.747420247e+003 +8.747420247e+003 +8.737140247e+003 +8.737140247e+003 +7.9684e-002 -1.0041e+000 -6.3160e-001 -8.6947e-001 +6.4541e-001 +9.1234e-001 -2.6142e-001 -3.8891e-001 +1.4638e+000 +2.0008e-001
10 0 +2.760918259e+003 +2.760918259e+003 +2.750638259e+003 +2.750638259e+003 +8.4311e-001 -8.5696e-001 +7.1605e-001 -8.0888e-001 -3.9318e-001 -1.7248e+000 +1.1534e+000 -1.7747e+000 +1.8948e-001 -3.5420e-001
36 0 +2.167565850e+003 +2.167565850e+003 +2.157285850e+003 +2.157285850e+003 +9.8371e-001 +1.0389e+000 +1.4917e+000 +9.4865e-001 -2.2883e+000 -1.6717e+000 +1.2746e-002 -1.2041e+000 -1.4945e-001 -1.1024e+000
70 0 +3.567945191e+002 +3.567945191e+002 +3.465145191e+002 +3.465145191e+002 +1.3803e+000 -6.6972e-001 +8.7526e-002 +9.4414e-001 +8.8549e-002 -6.7169e-002 +2.1526e-001 -1.0718e+000 +1.1460e+000 -1.0261e+000
102 0 +4.193921626e+000 +4.193921626e+000 -6.086078374e+000 -6.086078374e+000 +7.6754e-002 +6.2871e-001 +1.0845e+000 -7.1940e-001 -7.7086e-001 -3.1456e-002 +8.5047e-001 -1.9159e+000 +5.5236e-001 -1.2187e+000
757 0 +3.681075142e+000 +3.681075142e+000 -6.598924858e+000 -6.598924858e+000 -1.0969e+000 +4.6564e-001 +2.5489e+000 -3.5630e-001 -2.6066e+000 -1.0433e+000 +6.9349e-001 -6.7580e-001 +1.7749e+000 -1.2046e+000
814 0 +3.605438927e+000 +3.605438927e+000 -6.674561073e+000 -6.674561073e+000 -7.0504e-001 +2.5829e+000 +1.8406e+000 -4.9877e-002 -2.1573e+000 -9.1109e-001 +2.3078e+000 -6.3554e-001 +9.7525e-001 -2.3977e+000
1175 0 +3.081750549e+000 +3.081750549e+000 -7.198249451e+000 -7.198249451e+000 -6.8880e-001 -3.1914e-001 +7.0880e-001 -9.9059e-001 -7.7012e-001 -2.4144e+000 +1.4056e+000 -2.4233e+000 +1.9705e+000 -9.0739e-001
1223 0 +2.890938921e+000 +2.890938921e+000 -7.389061079e+000 -7.389061079e+000 -1.7123e+000 +9.6233e-001 +1.5428e+000 -1.4337e+000 -7.1639e-001 -5.5238e-001 +1.2993e+000 -4.2258e-001 +2.5057e+000 -1.2294e+000
3066 0 +2.682530624e+000 +2.682530624e+000 -7.597469376e+000 -7.597469376e+000 -5.5750e-001 +6.3396e-001 +1.6879e+000 -1.1641e+000 -1.2273e+000 -4.2906e-001 +2.5331e+000 -1.4991e+000 +2.2185e+000 -1.7577e+000
3501 0 +2.621332044e+000 +2.621332044e+000 -7.658667956e+000 -7.658667956e+000 -1.5182e+000 +1.5351e+000 +2.1462e+000 -9.9683e-001 -1.3949e+000 -3.2740e-001 +1.2989e+000 -2.3466e+000 +1.5665e+000 -1.0631e+000
3877 0 +2.518981451e+000 +2.518981451e+000 -7.761018549e+000 -7.761018549e+000 -1.5065e+000 +5.0664e-001 +2.5267e+000 -1.1812e+000 -7.5775e-001 -1.5403e+000 +2.1631e+000 -2.0358e+000 +1.5560e+000 -1.3665e+000
5958 0 +2.282704983e+000 +2.282704983e+000 -7.997295017e+000 -7.997295017e+000 -1.5465e+000 +8.7927e-001 +2.2765e+000 -1.2181e+000 -2.4206e+000 -1.8961e+000 +2.1975e+000 -2.0433e+000 +1.1544e+000 -1.7176e+000
21373 0 +2.231509837e+000 +2.231509837e+000 -8.048490163e+000 -8.048490163e+000 -1.4967e+000 -1.7186e-001 +1.8573e+000 -6.0234e-001 -2.9119e-001 -6.3113e-001 +8.2213e-001 -1.3630e+000 +1.9050e+000 -1.2486e+000
21713 0 +2.118567688e+000 +2.118567688e+000 -8.161432312e+000 -8.161432312e+000 -1.5070e+000 -1.3687e-001 +1.8647e+000 -6.7628e-001 -2.7358e-001 -6.7729e-001 +7.9477e-001 -1.3568e+000 +1.8906e+000 -1.2872e+000
22268 0 +2.076101737e+000 +2.076101737e+000 -8.203898263e+000 -8.203898263e+000 -1.5285e+000 -1.5821e-001 +1.8190e+000 -6.7629e-001 -2.6639e-001 -6.6015e-001 +7.7210e-001 -1.3515e+000 +1.9209e+000 -1.2812e+000
23211 0 +2.038047611e+000 +2.038047611e+000 -8.241952389e+000 -8.241952389e+000 -1.5248e+000 -1.3303e-001 +1.8464e+000 -6.4396e-001 -3.0949e-001 -6.4148e-001 +7.9033e-001 -1.3212e+000 +1.8976e+000 -1.2874e+000
% f evaluations | g evaluations | best noise-free fitness - Fopt | noise-free fitness - Fopt (1.799700000000e+002) | measured fitness | best measured fitness | x1 | x2...
1 0 +2.917755636e+004 +2.917755636e+004 +2.935752636e+004 +2.935752636e+004 -2.9076e-001 +6.4401e-001 -1.1778e+000 +1.2339e+000 +9.8353e-001 +3.5423e-001 -4.6167e-001 -9.3873e-001 +7.6597e-001 -3.5829e-002
2 0 +1.033584109e+004 +1.033584109e+004 +1.051581109e+004 +1.051581109e+004 +2.4149e+000 -9.9376e-001 -2.6335e-003 -4.9639e-001 +1.5985e+000 -4.8105e-002 +7.2032e-001 -4.3315e-001 +2.8320e-002 +1.7391e-001
7 0 +9.175179226e+003 +9.175179226e+003 +9.355149226e+003 +9.355149226e+003 -1.3106e+000 -4.8846e-001 -2.5534e-001 +1.3436e+000 +5.0224e-002 -1.0597e+000 +2.9374e+000 +9.9102e-001 +6.3721e-001 +7.9699e-001
31 0 +3.378912585e+003 +3.378912585e+003 +3.558882585e+003 +3.558882585e+003 -3.7464e-001 -2.2438e-001 -4.5972e-001 -1.7087e+000 -3.4646e-001 +2.2316e-002 +1.9501e-001 +1.8767e+000 -5.5407e-001 +4.9867e-001
38 0 +1.374949696e+003 +1.374949696e+003 +1.554919696e+003 +1.554919696e+003 -1.5283e+000 +1.3181e+000 +2.5938e-001 -4.2115e-001 +2.8274e-001 +4.8121e-001 -2.6820e-001 +3.2717e-001 -7.9745e-001 +1.6471e+000
83 0 +6.248702818e+002 +6.248702818e+002 +8.048402818e+002 +8.048402818e+002 -1.0687e+000 +7.7472e-001 +9.4052e-001 -2.7923e-001 +4.2397e-001 -4.6179e-001 +7.4688e-001 +7.0292e-001 -1.3553e+000 +6.2866e-001
138 0 +3.120747110e+002 +3.120747110e+002 +4.920447110e+002 +4.920447110e+002 +2.1789e-001 -1.9821e+000 +1.1071e+000 -9.1964e-001 -1.7738e-001 +1.4335e+000 +2.2794e+000 +3.4046e-001 -1.8021e+000 +6.7113e-001
200 0 +2.079152298e+002 +2.079152298e+002 +3.878852298e+002 +3.878852298e+002 +3.7518e-001 +6.3028e-001 -1.5878e+000 +7.9231e-001 +1.3594e+000 +1.1217e+000 +7.0684e-001 +1.2910e+000 -2.5629e+000 +1.4977e+000
818 0 +1.837410860e+002 +1.837410860e+002 +3.637110860e+002 +3.637110860e+002 +5.0119e-001 -6.5098e-001 -2.4724e-001 -9.0059e-001 +2.4059e+000 +9.5418e-001 +8.5004e-001 +2.4975e+000 -4.0116e-001 +1.7489e+000
824 0 +5.763168152e+000 +5.763168152e+000 +1.857331682e+002 +1.857331682e+002 -1.5630e+000 -1.8587e+000 +8.9908e-001 -3.0090e-001 +1.3260e+000 +5.4758e-001 +7.0397e-001 +6.6538e-001 -2.1053e+000 +8.3803e-001
1274 0 +3.384902495e+000 +3.384902495e+000 +1.833549025e+002 +1.833549025e+002 +2.4402e+000 +2.5210e+000 +1.1571e+000 +2.1538e+000 +2.0029e+000 +4.1906e-001 +7.1221e-001 +1.7479e+000 -1.8700e+000 +2.2105e+000
1963 0 +3.260672949e+000 +3.260672949e+000 +1.832306729e+002 +1.832306729e+002 -7.8202e-001 +3.9364e-001 +2.4851e+000 +9.1448e-002 +2.5624e+000 +1.1271e+000 +1.0931e+000 +9.1879e-001 -8.2116e-001 +2.0027e+000
1969 0 +3.225425261e+000 +3.225425261e+000 +1.831954253e+002 +1.831954253e+002 -2.4390e-001 -5.5634e-001 +6.7638e-001 +6.4094e-001 +3.1021e-001 +2.7261e+000 +1.4977e+000 +9.4604e-001 -1.2535e+000 +2.3485e+000
2398 0 +3.136999056e+000 +3.136999056e+000 +1.831069991e+002 +1.831069991e+002 -1.5393e-001 -5.4028e-001 +4.9368e-002 +2.1363e+000 +1.0833e+000 +1.6436e+000 +1.1629e+000 +8.0745e-001 -2.0563e+000 +2.1402e+000
3244 0 +3.077712568e+000 +3.077712568e+000 +1.830477126e+002 +1.830477126e+002 +1.7318e-001 -4.6806e-001 +5.9404e-001 +9.6568e-001 +9.3158e-001 +9.0781e-001 +7.5575e-001 +1.0295e+000 -1.7371e+000 +1.8164e+000
3318 0 +2.487958308e+000 +2.487958308e+000 +1.824579583e+002 +1.824579583e+002 +1.9852e-001 -3.8149e-001 +9.5453e-001 +5.0987e-001 +8.8717e-001 +9.1018e-001 +2.3542e+000 +2.0386e+000 -2.1546e+000 +1.0308e+000
10154 0 +2.425562966e+000 +2.425562966e+000 +1.823955630e+002 +1.823955630e+002 -9.8711e-001 -7.0380e-001 +5.9665e-002 +2.5236e+000 +3.5659e-001 +1.0616e+000 +2.3804e+000 +1.3448e+000 -1.7175e+000 +1.3528e+000
10718 0 +2.350198764e+000 +2.350198764e+000 +1.823201988e+002 +1.823201988e+002 -8.3185e-001 -7.1922e-001 +7.1485e-003 +2.5282e+000 +3.2693e-002 +5.5644e-001 +2.5839e+000 +1.5403e+000 -1.8730e+000 +2.1750e+000
11022 0 +2.245317737e+000 +2.245317737e+000 +1.822153177e+002 +1.822153177e+002 -1.0250e+000 -7.1722e-001 +1.8630e-003 +2.7147e+000 -1.0456e-001 +8.2530e-001 +1.8501e+000 +1.7731e+000 -2.0888e+000 +2.0336e+000
11707 0 +2.187201870e+000 +2.187201870e+000 +1.821572019e+002 +1.821572019e+002 -1.0414e+000 -5.4191e-001 -8.7895e-002 +2.7735e+000 -2.9653e-001 +8.0443e-001 +2.4065e+000 +1.9658e+000 -1.7803e+000 +1.7042e+000
11950 0 +2.109097603e+000 +2.109097603e+000 +1.820790976e+002 +1.820790976e+002 -9.2524e-001 -8.4508e-001 +5.2333e-003 +2.4467e+000 -1.4259e-001 +8.3938e-001 +2.4179e+000 +1.3178e+000 -2.0103e+000 +2.0985e+000
13005 0 +1.990003091e+000 +1.990003091e+000 +1.819600031e+002 +1.819600031e+002 -8.6144e-001 -7.7192e-001 +2.4408e-002 +2.6149e+000 -2.4664e-001 +7.7711e-001 +2.3674e+000 +1.3348e+000 -1.8651e+000 +1.5770e+000
13354 0 +1.747896717e+000 +1.747896717e+000 +1.817178967e+002 +1.817178967e+002 -1.0133e+000 -7.7444e-001 +5.3694e-002 +2.7758e+000 -2.0476e-001 +8.3772e-001 +2.4408e+000 +1.6162e+000 -1.8221e+000 +1.8359e+000
13641 0 +1.729254237e+000 +1.729254237e+000 +1.816992542e+002 +1.816992542e+002 -1.0274e+000 -7.4773e-001 +9.5199e-003 +2.6194e+000 -1.9304e-001 +7.5033e-001 +2.4341e+000 +1.6319e+000 -1.8611e+000 +1.6527e+000
13701 0 +1.631192459e+000 +1.631192459e+000 +1.816011925e+002 +1.816011925e+002 -1.0126e+000 -8.2516e-001 -4.0031e-003 +2.6176e+000 -1.6489e-001 +7.3419e-001 +2.3597e+000 +1.6067e+000 -1.8707e+000 +1.7923e+000
13958 0 +1.605125279e+000 +1.605125279e+000 +1.815751253e+002 +1.815751253e+002 -1.0318e+000 -7.6975e-001 -2.8362e-003 +2.6267e+000 -7.4314e-002 +7.5480e-001 +2.4675e+000 +1.5413e+000 -1.8306e+000 +1.8231e+000
13970 0 +1.455331170e+000 +1.455331170e+000 +1.814253312e+002 +1.814253312e+002 -1.0514e+000 -8.1594e-001 -7.2877e-003 +2.6362e+000 -1.8281e-001 +7.8110e-001 +2.3832e+000 +1.6168e+000 -1.8302e+000 +1.8208e+000
14377 0 +1.441633578e+000 +1.441633578e+000 +1.814116336e+002 +1.814116336e+002 -1.0483e+000 -7.8680e-001 +1.8145e-002 +2.6724e+000 -2.1017e-001 +7.5309e-001 +2.4747e+000 +1.5549e+000 -1.8578e+000 +1.8001e+000
14723 0 +1.409650074e+000 +1.409650074e+000 +1.813796501e+002 +1.813796501e+002 -9.5175e-001 -8.2375e-001 +5.9840e-002 +2.6293e+000 -2.1564e-001 +7.4993e-001 +2.4540e+000 +1.5823e+000 -1.8441e+000 +1.8384e+000
14824 0 +1.368265496e+000 +1.368265496e+000 +1.813382655e+002 +1.813382655e+002 -1.0064e+000 -8.0375e-001 +7.3325e-002 +2.5967e+000 -1.7893e-001 +7.6876e-001 +2.4463e+000 +1.5804e+000 -1.8348e+000 +1.8276e+000
16922 0 +1.348554720e+000 +1.348554720e+000 +1.813185547e+002 +1.813185547e+002 -1.0136e+000 -8.0124e-001 +2.1956e-002 +2.6278e+000 -2.0323e-001 +7.7672e-001 +2.4422e+000 +1.5701e+000 -1.8460e+000 +1.8204e+000
% f evaluations | g evaluations | best noise-free fitness - Fopt | noise-free fitness - Fopt (8.376000000000e+001) | measured fitness | best measured fitness | x1 | x2...
1 0 +1.394004678e+004 +1.394004678e+004 +1.402380678e+004 +1.402380678e+004 -6.9132e-001 -1.0992e+000 +4.3387e-001 -6.1078e-001 -8.1986e-003 -1.4388e-001 +6.8709e-001 -5.6779e-001 +4.0499e-001 +3.5039e-001
2 0 +4.745397996e+003 +4.745397996e+003 +4.829157996e+003 +4.829157996e+003 +6.8498e-001 -1.5429e+000 +3.3844e-001 -1.0993e+000 +1.1526e+000 +1.4213e-001 +5.4635e-001 +3.2489e+000 +1.4239e-001 +3.7911e-001
10 0 +2.958981747e+002 +2.958981747e+002 +3.796581747e+002 +3.796581747e+002 -4.0698e-001 -5.0424e-001 +5.4963e-001 -7.9526e-001 -3.1702e+000 +8.6918e-001 +4.0375e-001 +5.7593e-001 -1.6677e+000 +1.2265e+000
98 0 +5.156611274e+000 +5.156611274e+000 +8.891661127e+001 +8.891661127e+001 -7.0997e-001 +9.0433e-001 -1.1161e+000 -3.0514e-001 -1.4264e-001 +9.7743e-001 +4.2987e-001 +1.5036e+000 -1.8993e+000 +7.8855e-001
1126 0 +4.238821254e+000 +4.238821254e+000 +8.799882125e+001 +8.799882125e+001 -6.3058e-001 +2.2606e+000 +1.5351e+000 +3.8610e-001 -2.8231e+000 +1.5629e+000 +1.2421e+000 +1.3002e+000 -1.2190e+000 +1.1916e+000
1372 0 +3.024432466e+000 +3.024432466e+000 +8.678443247e+001 +8.678443247e+001 +1.5354e+000 +2.9335e+000 +1.6229e+000 +2.8214e-001 -4.6673e-001 +1.1226e+000 +1.9150e+000 +1.9605e+000 -1.0264e+000 +2.4313e+000
2906 0 +2.934499491e+000 +2.934499491e+000 +8.669449949e+001 +8.669449949e+001 +6.2570e-001 +1.0678e+000 +5.0373e-001 -1.6499e+000 -1.4874e+000 +1.0793e+000 +2.3991e+000 +6.4185e-001 -2.1360e+000 +2.1002e+000
3322 0 +2.815009565e+000 +2.815009565e+000 +8.657500957e+001 +8.657500957e+001 +1.9471e-001 +1.1960e+000 +1.4774e+000 -6.7289e-001 -1.1503e+000 +1.2005e+000 +2.2681e+000 +5.7605e-001 -2.5485e+000 +8.8346e-001
4862 0 +2.728164163e+000 +2.728164163e+000 +8.648816416e+001 +8.648816416e+001 -1.0347e+000 +2.0919e+000 +2.0332e+000 -2.1687e+000 -2.2029e+000 +1.5789e+000 +1.4317e+000 +1.4532e+000 -1.3583e+000 +1.4052e+000
6492 0 +2.515191919e+000 +2.515191919e+000 +8.627519192e+001 +8.627519192e+001 -1.1503e+000 +2.4064e+000 +2.0488e+000 -1.4963e+000 -1.4527e+000 +3.2412e-001 +1.4798e+000 +1.4243e+000 -1.3504e+000 +2.2954e+000
8051 0 +2.397320087e+000 +2.397320087e+000 +8.615732009e+001 +8.615732009e+001 -2.8026e-001 +2.4054e+000 +2.1070e+000 -8.5067e-001 -2.4086e+000 +6.4154e-001 +1.9764e+000 +1.0313e+000 -1.3489e+000 +2.3645e+000
8739 0 +2.273307699e+000 +2.273307699e+000 +8.603330770e+001 +8.603330770e+001 -1.0774e+000 +2.6585e+000 +1.9644e+000 -1.4351e+000 -2.2853e+000 +9.3623e-001 +2.4592e+000 +8.9305e-001 -2.0169e+000 +1.8266e+000
12209 0 +2.219523093e+000 +2.219523093e+000 +8.597952309e+001 +8.597952309e+001 -1.1013e+000 +2.2471e+000 +2.0493e+000 -1.2989e+000 -2.4092e+000 +1.1480e+000 +1.8156e+000 +1.0046e+000 -1.0763e+000 +1.4794e+000
12798 0 +2.158883593e+000 +2.158883593e+000 +8.591888359e+001 +8.591888359e+001 -1.0117e+000 +2.4228e+000 +2.1398e+000 -1.3392e+000 -2.2663e+000 +5.7620e-001 +1.9921e+000 +1.1170e+000 -1.6994e+000 +1.0211e+000
13030 0 +2.119962743e+000 +2.119962743e+000 +8.587996274e+001 +8.587996274e+001 -9.8548e-001 +2.3775e+000 +2.0436e+000 -1.5027e+000 -2.2707e+000 +5.2214e-001 +1.5556e+000 +7.5320e-001 -1.1746e+000 +1.7598e+000
14136 0 +2.043103124e+000 +2.043103124e+000 +8.580310312e+001 +8.580310312e+001 -1.0573e+000 +2.3009e+000 +2.0440e+000 -1.4237e+000 -2.2621e+000 +6.4009e-001 +1.9199e+000 +1.0052e+000 -1.3621e+000 +1.4440e+000
14489 0 +2.026360987e+000 +2.026360987e+000 +8.578636099e+001 +8.578636099e+001 -1.0306e+000 +2.3757e+000 +1.9733e+000 -1.3155e+000 -2.2786e+000 +6.6659e-001 +1.9309e+000 +1.0422e+000 -1.3978e+000 +1.3985e+000
14626 0 +1.975445253e+000 +1.975445253e+000 +8.573544525e+001 +8.573544525e+001 -1.0714e+000 +2.3328e+000 +2.0741e+000 -1.3725e+000 -2.2879e+000 +6.3670e-001 +1.9532e+000 +1.0527e+000 -1.4381e+000 +1.4071e+000
14890 0 +1.937057011e+000 +1.937057011e+000 +8.569705701e+001 +8.569705701e+001 -1.0297e+000 +2.4424e+000 +2.0665e+000 -1.3775e+000 -2.2817e+000 +6.3148e-001 +1.9944e+000 +1.0411e+000 -1.3934e+000 +1.4389e+000
15311 0 +1.866982342e+000 +1.866982342e+000 +8.562698234e+001 +8.562698234e+001 -1.0569e+000 +2.3702e+000 +2.0283e+000 -1.3958e+000 -2.2786e+000 +6.3236e-001 +1.9816e+000 +1.0408e+000 -1.3813e+000 +1.4192e+000
16091 0 +1.861741094e+000 +1.861741094e+000 +8.562174109e+001 +8.562174109e+001 -9.9590e-001 +2.3870e+000 +2.0195e+000 -1.4080e+000 -2.3001e+000 +6.2561e-001 +1.9613e+000 +1.0181e+000 -1.3865e+000 +1.4175e+000
% f evaluations | g evaluations | best noise-free fitness - Fopt | noise-free fitness - Fopt (-3.890100000000e+002) | measured fitness | best measured fitness | x1 | x2...
1 0 +6.715677067e+003 +6.715677067e+003 +6.326667067e+003 +6.326667067e+003 -2.0516e-001 -9.0820e-001 +3.0982e-001 +9.4247e-001 +8.4556e-001 +5.9870e-001 -5.6743e-001 +3.0634e-001 +1.4909e-001 -4.2482e-001
2 0 +3.880721103e+003 +3.880721103e+003 +3.491711103e+003 +3.491711103e+003 -9.6951e-001 -2.3726e-001 +1.1402e+000 -2.5617e-001 -1.6474e+000 +5.4516e-001 +4.7760e-001 +2.2977e-001 +5.4135e-001 -1.0842e+000
7 0 +2.678285821e+003 +2.678285821e+003 +2.289275821e+003 +2.289275821e+003 -5.4020e-001 -1.0559e+000 -2.2175e-001 +8.7575e-001 -6.9207e-001 -9.0835e-001 -1.1003e+000 +4.5500e-002 +2.2049e-001 -3.0296e+000
75 0 +5.279076804e+002 +5.279076804e+002 +1.388976804e+002 +1.388976804e+002 -1.2268e+000 -2.2025e-001 +1.7539e+000 -2.9235e-001 +1.1360e-001 -1.0051e-001 -8.7714e-001 +1.6558e+000 +5.3931e-001 -8.7565e-001
82 0 +7.714768634e+001 +7.714768634e+001 -3.118623137e+002 -3.118623137e+002 -1.5125e+000 -1.4682e+000 -2.8728e-001 -3.5946e-001 -2.3404e-002 -7.2574e-001 -3.2851e-001 +4.9403e-001 +2.1566e+000 -7.7695e-001
285 0 +1.919913097e+001 +1.919913097e+001 -3.698108690e+002 -3.698108690e+002 +5.7735e-001 +2.0239e-001 -6.5247e-001 +2.6374e-002 -1.4604e+000 -1.1680e+000 -2.0364e+000 +1.2268e+000 +2.5347e+000 -1.8258e+000
567 0 +3.268028031e+000 +3.268028031e+000 -3.857419720e+002 -3.857419720e+002 +1.4281e+000 -5.2866e-001 -2.1757e+000 +3.6529e-001 -2.0005e+000 -2.9147e-001 -4.5839e-001 +1.1304e+000 +1.6784e+000 -1.7784e+000
2252 0 +2.681644419e+000 +2.681644419e+000 -3.863283556e+002 -3.863283556e+002 +2.4531e-001 -2.4334e+000 -8.4881e-001 +3.9804e-002 -2.6765e+000 -1.2956e+000 -2.3183e+000 +1.4089e+000 +2.2249e+000 -1.7098e+000
7463 0 +2.550621441e+000 +2.550621441e+000 -3.864593786e+002 -3.864593786e+002 -2.0885e+000 -1.3539e+000 -8.4590e-001 -2.3656e+000 -1.3684e+000 -1.4435e+000 -1.2260e+000 +2.3391e+000 +1.5202e+000 -2.2209e+000
8711 0 +2.382902150e+000 +2.382902150e+000 -3.866270979e+002 -3.866270979e+002 -2.1342e+000 -1.2462e+000 -4.6937e-001 -2.5259e+000 -1.9690e+000 -1.5598e+000 -1.0958e+000 +1.2294e+000 +1.8876e+000 -1.2761e+000
12162 0 +2.289553506e+000 +2.289553506e+000 -3.867204465e+002 -3.867204465e+002 -1.9995e+000 -1.0927e+000 -6.8315e-001 -2.4965e+000 -1.3678e+000 -1.0845e+000 -7.3996e-001 +1.9784e+000 +1.7778e+000 -1.8264e+000
13129 0 +2.195539507e+000 +2.195539507e+000 -3.868144605e+002 -3.868144605e+002 -2.1758e+000 -1.1093e+000 -5.7930e-001 -2.4894e+000 -1.4094e+000 -8.5872e-001 -7.7966e-001 +1.9678e+000 +1.4831e+000 -1.9207e+000
13319 0 +2.186295792e+000 +2.186295792e+000 -3.868237042e+002 -3.868237042e+002 -2.1303e+000 -1.0964e+000 -6.8520e-001 -2.4599e+000 -1.3564e+000 -8.4758e-001 -7.6989e-001 +1.9621e+000 +1.4602e+000 -1.9325e+000
13474 0 +2.076704405e+000 +2.076704405e+000 -3.869332956e+002 -3.869332956e+002 -2.1155e+000 -1.1692e+000 -5.9833e-001 -2.4650e+000 -1.3572e+000 -8.7855e-001 -7.5046e-001 +1.9806e+000 +1.4924e+000 -1.9077e+000
16045 0 +2.041481951e+000 +2.041481951e+000 -3.869685180e+002 -3.869685180e+002 -2.1163e+000 -1.1518e+000 -6.1758e-001 -2.4867e+000 -1.3612e+000 -8.5889e-001 -7.4309e-001 +2.0084e+000 +1.4821e+000 -1.9176e+000
% f evaluations | g evaluations | best noise-free fitness - Fopt | noise-free fitness - Fopt (-1.455800000000e+002) | measured fitness | best measured fitness | x1 | x2...
1 0 +9.463343680e+003 +9.463343680e+003 +9.317763680e+003 +9.317763680e+003 +2.1214e-001 +4.5899e-001 +1.2130e+000 +1.8812e-001 +4.3851e-001 -2.7852e+000 +1.0460e-001 -7.1354e-001 +3.2232e-002 -1.1952e+000
3 0 +2.136185902e+003 +2.136185902e+003 +1.990605902e+003 +1.990605902e+003 -9.0465e-001 -2.0356e-001 +1.0814e-001 -9.4785e-001 -4.8905e-001 -1.0282e-001 +1.5152e+000 -5.7137e-001 -1.8993e+000 -1.0422e+000
36 0 +3.316793594e+002 +3.316793594e+002 +1.860993594e+002 +1.860993594e+002 +5.3355e-001 -9.4050e-001 +1.7586e-001 -1.1362e+000 +8.4418e-001 -1.2231e-001 +4.6118e-001 +1.8134e+000 -1.1406e+000 -1.4539e+000
70 0 +4.393402848e+001 +4.393402848e+001 -1.016459715e+002 -1.016459715e+002 +1.2257e+000 +1.6755e+000 +2.3891e-001 +3.3807e-001 -1.4858e+000 -8.5276e-001 +1.9263e+000 +1.3854e-001 -1.4998e+000 -1.1344e+000
73 0 +3.978981108e+000 +3.978981108e+000 -1.416010189e+002 -1.416010189e+002 -6.5987e-001 -5.8209e-001 +2.7824e-001 -4.6672e-002 -4.1400e-001 -1.5116e+000 +1.3253e+000 +1.0558e+000 -2.0966e+000 -1.0724e+000
1408 0 +3.820280485e+000 +3.820280485e+000 -1.417597195e+002 -1.417597195e+002 +1.9554e+000 -4.8665e-002 +1.4167e+000 +5.4405e-001 -1.1990e+000 -1.4222e+000 +1.6736e+000 +2.1152e+000 -1.5590e+000 -2.2291e+000
1727 0 +3.158088752e+000 +3.158088752e+000 -1.424219112e+002 -1.424219112e+002 +7.3454e-001 -5.8252e-002 +1.9359e+000 -2.0157e+000 -1.3043e+000 -1.6426e+000 +2.2933e+000 +1.2014e+000 -1.9361e+000 -1.8084e+000
1728 0 +2.829835903e+000 +2.829835903e+000 -1.427501641e+002 -1.427501641e+002 +1.7221e+000 +1.1093e+000 -4.8673e-001 -1.2119e+000 -1.7387e+000 -3.2979e-001 +8.9235e-001 +1.2936e+000 -1.0357e+000 -2.3861e+000
3161 0 +2.685521961e+000 +2.685521961e+000 -1.428944780e+002 -1.428944780e+002 +9.2270e-001 -8.3341e-002 +1.6814e+000 -4.0989e-001 -9.8013e-001 -2.3627e+000 +2.1263e+000 +1.6565e+000 -7.9149e-001 -1.2890e+000
9144 0 +2.482163581e+000 +2.482163581e+000 -1.430978364e+002 -1.430978364e+002 -7.3536e-001 +2.7894e-001 +7.4204e-001 -1.5340e+000 -1.6305e+000 -1.5950e+000 +2.2617e+000 +2.1215e+000 -2.0457e+000 -1.2245e+000
9809 0 +2.424503038e+000 +2.424503038e+000 -1.431554970e+002 -1.431554970e+002 -6.2019e-001 +4.6179e-001 +6.2554e-001 -2.3236e+000 -2.0700e+000 -2.1986e+000 +1.4713e+000 +1.3240e+000 -1.5131e+000 -2.2084e+000
10244 0 +2.302965925e+000 +2.302965925e+000 -1.432770341e+002 -1.432770341e+002 -4.6344e-001 +5.3853e-001 +6.8568e-001 -1.6491e+000 -2.2086e+000 -2.2211e+000 +2.0305e+000 +2.1441e+000 -1.4344e+000 -1.4549e+000
11722 0 +1.880226231e+000 +1.880226231e+000 -1.436997738e+002 -1.436997738e+002 -5.0261e-001 +3.0346e-001 +1.3757e+000 -2.2912e+000 -2.0287e+000 -2.0813e+000 +1.7000e+000 +1.8137e+000 -2.2081e+000 -2.1375e+000
13678 0 +1.832930490e+000 +1.832930490e+000 -1.437470695e+002 -1.437470695e+002 -6.2942e-001 +3.7424e-001 +1.3365e+000 -2.2471e+000 -2.0087e+000 -2.1480e+000 +1.6048e+000 +1.7971e+000 -1.8368e+000 -1.8491e+000
14162 0 +1.764567382e+000 +1.764567382e+000 -1.438154326e+002 -1.438154326e+002 -5.9127e-001 +4.5248e-001 +1.4007e+000 -2.2900e+000 -2.0569e+000 -2.1162e+000 +1.5756e+000 +1.8336e+000 -1.7973e+000 -1.8617e+000
14622 0 +1.712157364e+000 +1.712157364e+000 -1.438678426e+002 -1.438678426e+002 -5.6878e-001 +4.1666e-001 +1.3802e+000 -2.3232e+000 -2.0443e+000 -2.1604e+000 +1.5826e+000 +1.8075e+000 -1.7837e+000 -1.8439e+000
14871 0 +1.693862975e+000 +1.693862975e+000 -1.438861370e+002 -1.438861370e+002 -6.3421e-001 +4.0787e-001 +1.3654e+000 -2.2591e+000 -2.0697e+000 -2.1476e+000 +1.6031e+000 +1.7645e+000 -1.8054e+000 -1.8306e+000
15455 0 +1.653572037e+000 +1.653572037e+000 -1.439264280e+002 -1.439264280e+002 -6.0053e-001 +3.7357e-001 +1.3420e+000 -2.2887e+000 -2.0453e+000 -2.1064e+000 +1.5995e+000 +1.7905e+000 -1.7912e+000 -1.8396e+000
