% function evaluation | noise-free fitness - Fopt (4.078000000000e+01) | best noise-free fitness - Fopt | measured fitness | best measured fitness | x1 | x2...
1 +7.852167753e+01 +7.852167753e+01 +1.193016775e+02 +1.193016775e+02 -2.9477e+00 -2.9033e+00 +2.9818e+00 -1.2828e+00 -2.2576e+00 +2.9456e+00 +3.4964e+00 -2.6782e+00 -4.8561e+00 +5.7677e-01
56 +6.205767146e+01 +6.205767146e+01 +1.028376715e+02 +1.028376715e+02 -4.2205e+00 -9.2402e-01 +2.3166e+00 -1.8067e+00 -2.7931e+00 +1.0584e+00 +3.2132e+00 -2.9682e+00 -5.6036e+00 +1.7079e+00
430 +3.766553582e+01 +3.766553582e+01 +7.844553582e+01 +7.844553582e+01 -2.4161e+00 -8.8385e-01 +2.7639e+00 -1.9654e+00 -4.2006e+00 +2.4554e+00 -3.4060e-02 -1.3447e+00 -9.9302e-01 -2.6999e+00
441 +2.387773602e+01 +2.387773602e+01 +6.465773602e+01 +6.465773602e+01 -2.5362e+00 -7.1969e-01 +2.6794e+00 -1.9699e+00 -4.0757e+00 +2.4133e+00 -2.7053e-01 -1.6512e+00 -5.1003e-01 -2.9726e+00
452 +1.178463789e+01 +1.178463789e+01 +5.256463789e+01 +5.256463789e+01 -2.7607e+00 -6.5467e-01 +2.6718e+00 -2.0051e+00 -3.9396e+00 +2.3182e+00 -5.3758e-01 -2.1210e+00 +1.1153e-01 -3.2249e+00
463 +7.341519743e+00 +7.341519743e+00 +4.812151974e+01 +4.812151974e+01 -3.1246e+00 -5.6453e-01 +2.7518e+00 -2.0244e+00 -3.6862e+00 +2.0361e+00 -1.0251e+00 -2.8545e+00 +1.1585e+00 -3.5713e+00
496 +4.481055428e+00 +4.481055428e+00 +4.526105543e+01 +4.526105543e+01 -2.9765e+00 -6.5434e-01 +2.9354e+00 -1.9298e+00 -3.7095e+00 +1.8532e+00 -9.6390e-01 -2.4708e+00 +8.3175e-01 -3.2664e+00
507 +2.797910308e+00 +2.797910308e+00 +4.357791031e+01 +4.357791031e+01 -2.9439e+00 -7.6195e-01 +3.2691e+00 -1.7937e+00 -3.6011e+00 +1.4085e+00 -1.1517e+00 -2.2513e+00 +9.1049e-01 -2.9618e+00
518 +1.865045414e+00 +1.865045414e+00 +4.264504541e+01 +4.264504541e+01 -3.0644e+00 -7.4238e-01 +3.2719e+00 -1.8130e+00 -3.5204e+00 +1.3459e+00 -1.3156e+00 -2.4839e+00 +1.2660e+00 -3.0794e+00
529 +1.432609482e+00 +1.432609482e+00 +4.221260948e+01 +4.221260948e+01 -3.0992e+00 -7.5386e-01 +3.3104e+00 -1.8058e+00 -3.4803e+00 +1.2748e+00 -1.3963e+00 -2.5272e+00 +1.3975e+00 -3.0780e+00
540 +6.370285891e-01 +6.370285891e-01 +4.141702859e+01 +4.141702859e+01 -3.1733e+00 -7.7829e-01 +3.3922e+00 -1.7904e+00 -3.3951e+00 +1.1232e+00 -1.5680e+00 -2.6194e+00 +1.6773e+00 -3.0750e+00
551 +4.891096460e-01 +4.891096460e-01 +4.126910965e+01 +4.126910965e+01 -3.3128e+00 -8.5314e-01 +3.5858e+00 -1.7536e+00 -3.2131e+00 +7.7866e-01 -1.9421e+00 -2.7576e+00 +2.2561e+00 -3.0248e+00
628 +3.197510285e-01 +3.197510285e-01 +4.109975103e+01 +4.109975103e+01 -3.1993e+00 -9.5631e-01 +3.5980e+00 -1.7753e+00 -3.2543e+00 +7.9097e-01 -1.9176e+00 -2.4624e+00 +2.0979e+00 -2.8523e+00
650 +1.637162097e-01 +1.637162097e-01 +4.094371621e+01 +4.094371621e+01 -3.2411e+00 -1.1456e+00 +3.7584e+00 -1.8062e+00 -3.1111e+00 +5.0027e-01 -2.3064e+00 -2.3467e+00 +2.6204e+00 -2.6767e+00
661 +1.429851383e-01 +1.429851383e-01 +4.092298514e+01 +4.092298514e+01 -3.2330e+00 -1.1253e+00 +3.7220e+00 -1.8166e+00 -3.1346e+00 +5.5624e-01 -2.2576e+00 -2.3617e+00 +2.5629e+00 -2.7089e+00
705 +8.898486935e-02 +8.898486935e-02 +4.086898487e+01 +4.086898487e+01 -3.1840e+00 -1.1301e+00 +3.5868e+00 -1.9138e+00 -3.2070e+00 +7.3995e-01 -2.1808e+00 -2.3428e+00 +2.4947e+00 -2.7869e+00
749 +5.704490802e-02 +5.704490802e-02 +4.083704491e+01 +4.083704491e+01 -3.1414e+00 -1.2377e+00 +3.5828e+00 -2.0117e+00 -3.2008e+00 +7.1251e-01 -2.3114e+00 -2.2496e+00 +2.6815e+00 -2.7520e+00
793 +2.750775158e-02 +2.750775158e-02 +4.080750775e+01 +4.080750775e+01 -2.9801e+00 -1.4272e+00 +3.6538e+00 -2.2224e+00 -3.2290e+00 +5.6516e-01 -2.5173e+00 -2.1282e+00 +2.9597e+00 -2.7604e+00
804 +1.667233614e-02 +1.667233614e-02 +4.079667234e+01 +4.079667234e+01 -2.8503e+00 -1.5046e+00 +3.6842e+00 -2.3561e+00 -3.2850e+00 +5.0959e-01 -2.5590e+00 -2.0973e+00 +3.0142e+00 -2.8287e+00
815 +1.543735557e-02 +1.543735557e-02 +4.079543736e+01 +4.079543736e+01 -2.8543e+00 -1.4895e+00 +3.6809e+00 -2.3442e+00 -3.2881e+00 +5.1948e-01 -2.5371e+00 -2.1102e+00 +2.9831e+00 -2.8369e+00
903 +7.079484842e-03 +7.079484842e-03 +4.078707948e+01 +4.078707948e+01 -2.6900e+00 -1.5817e+00 +3.7531e+00 -2.4061e+00 -3.3329e+00 +4.5684e-01 -2.5419e+00 -2.1148e+00 +2.9169e+00 -2.9719e+00
914 +3.602362650e-03 +3.602362650e-03 +4.078360236e+01 +4.078360236e+01 -2.6315e+00 -1.6777e+00 +3.7918e+00 -2.3956e+00 -3.3096e+00 +4.3280e-01 -2.6066e+00 -2.0874e+00 +2.9387e+00 -3.0155e+00
958 +1.264731235e-03 +1.264731235e-03 +4.078126473e+01 +4.078126473e+01 -2.6503e+00 -1.6744e+00 +3.7681e+00 -2.3222e+00 -3.2901e+00 +5.0315e-01 -2.5687e+00 -2.1160e+00 +2.8513e+00 -3.0560e+00
1046 +9.928665579e-04 +9.928665579e-04 +4.078099287e+01 +4.078099287e+01 -2.6266e+00 -1.7111e+00 +3.7549e+00 -2.3436e+00 -3.2929e+00 +5.2660e-01 -2.5929e+00 -2.1098e+00 +2.8786e+00 -3.0874e+00
1299 +5.667613055e-04 +5.667613055e-04 +4.078056676e+01 +4.078056676e+01 -2.5549e+00 -1.7409e+00 +3.8809e+00 -2.2399e+00 -3.3661e+00 +5.1610e-01 -2.6620e+00 -2.1390e+00 +2.9423e+00 -3.1180e+00
1310 +2.830448919e-04 +2.830448919e-04 +4.078028304e+01 +4.078028304e+01 -2.5505e+00 -1.7283e+00 +3.8897e+00 -2.2134e+00 -3.3959e+00 +5.4603e-01 -2.6594e+00 -2.1426e+00 +2.9460e+00 -3.1130e+00
1321 +2.365600946e-04 +2.365600946e-04 +4.078023656e+01 +4.078023656e+01 -2.5422e+00 -1.7313e+00 +3.8910e+00 -2.2137e+00 -3.4060e+00 +5.5469e-01 -2.6612e+00 -2.1403e+00 +2.9492e+00 -3.1163e+00
1332 +1.581864727e-04 +1.581864727e-04 +4.078015819e+01 +4.078015819e+01 -2.5269e+00 -1.7366e+00 +3.8941e+00 -2.2132e+00 -3.4255e+00 +5.7122e-01 -2.6651e+00 -2.1362e+00 +2.9560e+00 -3.1219e+00
1343 +7.145203915e-05 +7.145203915e-05 +4.078007145e+01 +4.078007145e+01 -2.4946e+00 -1.7477e+00 +3.9006e+00 -2.2122e+00 -3.4668e+00 +6.0618e-01 -2.6733e+00 -2.1275e+00 +2.9705e+00 -3.1337e+00
1354 +5.265412563e-05 +5.265412563e-05 +4.078005265e+01 +4.078005265e+01 -2.4752e+00 -1.7537e+00 +3.9054e+00 -2.2099e+00 -3.4932e+00 +6.2853e-01 -2.6786e+00 -2.1224e+00 +2.9802e+00 -3.1400e+00
1453 +3.840345335e-05 +3.840345335e-05 +4.078003840e+01 +4.078003840e+01 -2.4779e+00 -1.7592e+00 +3.9154e+00 -2.2066e+00 -3.5199e+00 +6.2797e-01 -2.6773e+00 -2.1205e+00 +2.9844e+00 -3.1293e+00
1629 +2.269820353e-05 +2.269820353e-05 +4.078002270e+01 +4.078002270e+01 -2.4772e+00 -1.7801e+00 +3.9102e+00 -2.1891e+00 -3.5645e+00 +6.3423e-01 -2.6811e+00 -2.1240e+00 +2.9672e+00 -3.1705e+00
1662 +1.097043170e-05 +1.097043170e-05 +4.078001097e+01 +4.078001097e+01 -2.4839e+00 -1.7941e+00 +3.8970e+00 -2.1705e+00 -3.6019e+00 +6.2254e-01 -2.7111e+00 -2.1116e+00 +2.9794e+00 -3.2096e+00
1673 +6.511336444e-06 +6.511336444e-06 +4.078000651e+01 +4.078000651e+01 -2.4937e+00 -1.7816e+00 +3.9030e+00 -2.1716e+00 -3.5825e+00 +6.2157e-01 -2.7044e+00 -2.1071e+00 +2.9848e+00 -3.1723e+00
1695 +6.094151978e-06 +6.094151978e-06 +4.078000609e+01 +4.078000609e+01 -2.4960e+00 -1.7847e+00 +3.9015e+00 -2.1672e+00 -3.5959e+00 +6.1847e-01 -2.7086e+00 -2.1048e+00 +2.9852e+00 -3.1797e+00
1893 +3.475357495e-06 +3.475357495e-06 +4.078000348e+01 +4.078000348e+01 -2.5041e+00 -1.7769e+00 +3.9061e+00 -2.1556e+00 -3.6241e+00 +6.1523e-01 -2.7204e+00 -2.0977e+00 +2.9791e+00 -3.1773e+00
1904 +2.198591332e-06 +2.198591332e-06 +4.078000220e+01 +4.078000220e+01 -2.5054e+00 -1.7752e+00 +3.9099e+00 -2.1549e+00 -3.6317e+00 +6.1612e-01 -2.7298e+00 -2.0983e+00 +2.9759e+00 -3.1786e+00
1937 +1.566558360e-06 +1.566558360e-06 +4.078000157e+01 +4.078000157e+01 -2.5074e+00 -1.7770e+00 +3.9129e+00 -2.1567e+00 -3.6383e+00 +6.1688e-01 -2.7409e+00 -2.0986e+00 +2.9725e+00 -3.1805e+00
1948 +2.593934667e-07 +2.593934667e-07 +4.078000026e+01 +4.078000026e+01 -2.5136e+00 -1.7832e+00 +3.9203e+00 -2.1625e+00 -3.6554e+00 +6.1887e-01 -2.7714e+00 -2.0990e+00 +2.9632e+00 -3.1856e+00
1959 +1.491605985e-07 +1.491605985e-07 +4.078000015e+01 +4.078000015e+01 -2.5206e+00 -1.7900e+00 +3.9275e+00 -2.1691e+00 -3.6726e+00 +6.2094e-01 -2.8033e+00 -2.0995e+00 +2.9533e+00 -3.1909e+00
1992 +9.257470168e-08 +9.257470168e-08 +4.078000009e+01 +4.078000009e+01 -2.5190e+00 -1.7879e+00 +3.9224e+00 -2.1677e+00 -3.6626e+00 +6.1998e-01 -2.7883e+00 -2.0991e+00 +2.9573e+00 -3.1881e+00
2003 +6.227019611e-08 +6.227019611e-08 +4.078000006e+01 +4.078000006e+01 -2.5217e+00 -1.7890e+00 +3.9190e+00 -2.1702e+00 -3.6587e+00 +6.1994e-01 -2.7869e+00 -2.0988e+00 +2.9563e+00 -3.1874e+00
7591 +3.821132566e-08 +3.821132566e-08 +4.078000004e+01 +4.078000004e+01 -2.5137e+00 -1.7917e+00 +3.9108e+00 -2.1644e+00 -3.6708e+00 +6.1537e-01 -2.8037e+00 -2.1055e+00 +2.9570e+00 -3.1877e+00
7635 +2.243284314e-08 +2.243284314e-08 +4.078000002e+01 +4.078000002e+01 -2.5125e+00 -1.7931e+00 +3.9104e+00 -2.1665e+00 -3.6692e+00 +6.1503e-01 -2.8017e+00 -2.1056e+00 +2.9565e+00 -3.1864e+00
7657 +1.494783675e-08 +1.494783675e-08 +4.078000001e+01 +4.078000001e+01 -2.5100e+00 -1.7941e+00 +3.9091e+00 -2.1668e+00 -3.6678e+00 +6.1551e-01 -2.7990e+00 -2.1063e+00 +2.9571e+00 -3.1838e+00
% function evaluation | noise-free fitness - Fopt (-1.600000000000e+00) | best noise-free fitness - Fopt | measured fitness | best measured fitness | x1 | x2...
1 +8.147177193e+01 +8.147177193e+01 +7.987177193e+01 +7.987177193e+01 +1.1622e+00 +3.9900e+00 +4.6287e+00 -3.7918e+00 -2.2703e+00 +3.6076e+00 +7.0993e-01 +2.4414e+00 +8.3998e-01 -3.5261e+00
89 +6.100453275e+01 +6.100453275e+01 +5.940453275e+01 +5.940453275e+01 +3.4018e+00 +2.8807e+00 +3.8540e+00 -1.2426e+00 -8.6697e-01 +3.5016e+00 -9.0928e-02 +3.9908e+00 -5.6060e-01 -3.6139e+00
166 +3.619686179e+01 +3.619686179e+01 +3.459686179e+01 +3.459686179e+01 +1.7604e+00 -6.4820e-02 +1.8874e+00 -5.0382e-02 +1.4448e+00 +3.5870e+00 -1.3398e+00 +4.4307e+00 -2.8681e+00 -1.4551e+00
496 +1.178952149e+01 +1.178952149e+01 +1.018952149e+01 +1.018952149e+01 +3.9360e+00 +6.7554e-01 +3.4850e+00 +4.0372e+00 -1.3422e+00 +3.2250e+00 +3.0772e+00 +6.5620e-01 -1.9215e+00 +1.4773e+00
958 +9.651235940e+00 +9.651235940e+00 +8.051235940e+00 +8.051235940e+00 -3.4762e+00 +1.1531e+00 +3.3035e+00 +1.5411e+00 +1.0166e-01 -3.4173e+00 -1.4942e+00 +5.1857e+00 -4.5897e+00 -2.4560e+00
1002 +6.183937399e+00 +6.183937399e+00 +4.583937399e+00 +4.583937399e+00 -2.7564e+00 +1.0315e+00 +3.3543e+00 +2.2941e+00 +7.4987e-01 -4.6023e+00 -1.8154e+00 +3.9760e+00 -4.3068e+00 -2.4164e+00
1024 +3.374492261e+00 +3.374492261e+00 +1.774492261e+00 +1.774492261e+00 -3.0307e+00 +8.5259e-01 +3.5196e+00 +2.1818e+00 +4.7078e-01 -4.3883e+00 -1.8971e+00 +4.1111e+00 -4.2103e+00 -2.6063e+00
1035 +2.503648518e+00 +2.503648518e+00 +9.036485176e-01 +9.036485176e-01 -2.8945e+00 +7.9104e-01 +3.5546e+00 +2.3236e+00 +5.9621e-01 -4.6069e+00 -1.9836e+00 +3.8332e+00 -4.1390e+00 -2.6214e+00
1200 +1.489275052e+00 +1.489275052e+00 -1.107249476e-01 -1.107249476e-01 -2.3194e+00 -2.9328e-02 +4.1435e+00 +2.3128e+00 +8.1709e-01 -4.8179e+00 -2.6225e+00 +2.8665e+00 -3.9211e+00 -2.5461e+00
1266 +9.831223618e-01 +9.831223618e-01 -6.168776382e-01 -6.168776382e-01 -1.9579e+00 -2.4670e-01 +4.3871e+00 +2.4642e+00 +8.9813e-01 -5.0434e+00 -2.9039e+00 +2.6413e+00 -4.0118e+00 -2.6596e+00
4390 +5.050111722e-01 +5.050111722e-01 -1.094988828e+00 -1.094988828e+00 +8.9722e-01 -1.7509e+00 +4.5978e-01 +3.3361e+00 -2.1681e+00 -2.9549e-01 -3.7891e+00 -3.9391e+00 +2.9046e-01 +2.5767e+00
4423 +1.905248656e-01 +1.905248656e-01 -1.409475134e+00 -1.409475134e+00 +9.2430e-01 -1.8667e+00 +3.8866e-01 +3.0860e+00 -2.1046e+00 -2.2853e-02 -3.4485e+00 -3.6784e+00 +4.5566e-01 +2.6784e+00
4456 +1.202701809e-01 +1.202701809e-01 -1.479729819e+00 -1.479729819e+00 +9.0991e-01 -1.9202e+00 +4.0264e-01 +3.0283e+00 -2.0848e+00 -5.6926e-02 -3.3056e+00 -3.6281e+00 +5.0125e-01 +2.7154e+00
4467 +9.783609132e-02 +9.783609132e-02 -1.502163909e+00 -1.502163909e+00 +9.0200e-01 -1.9255e+00 +4.1851e-01 +3.0405e+00 -2.0854e+00 -1.0936e-01 -3.2968e+00 -3.6439e+00 +4.9749e-01 +2.7176e+00
4478 +4.979003744e-03 +4.979003744e-03 -1.595020996e+00 -1.595020996e+00 +8.3081e-01 -1.9729e+00 +5.6135e-01 +3.1501e+00 -2.0900e+00 -5.8130e-01 -3.2175e+00 -3.7856e+00 +4.6356e-01 +2.7374e+00
4489 +3.676761619e-03 +3.676761619e-03 -1.596323238e+00 -1.596323238e+00 +8.2498e-01 -1.9842e+00 +5.7806e-01 +3.1552e+00 -2.0881e+00 -6.3516e-01 -3.1942e+00 -3.7928e+00 +4.6645e-01 +2.7469e+00
4522 +1.885588920e-03 +1.885588920e-03 -1.598114411e+00 -1.598114411e+00 +8.1292e-01 -2.0281e+00 +6.2998e-01 +3.1586e+00 -2.0784e+00 -8.0075e-01 -3.1013e+00 -3.7994e+00 +4.8613e-01 +2.7899e+00
4555 +1.004915606e-03 +1.004915606e-03 -1.598995084e+00 -1.598995084e+00 +8.4399e-01 -2.0394e+00 +6.0628e-01 +3.1141e+00 -2.0708e+00 -7.1988e-01 -3.0731e+00 -3.7378e+00 +5.1490e-01 +2.8218e+00
4566 +9.934859033e-04 +9.934859033e-04 -1.599006514e+00 -1.599006514e+00 +8.4503e-01 -2.0405e+00 +6.0718e-01 +3.1135e+00 -2.0706e+00 -7.2286e-01 -3.0709e+00 -3.7365e+00 +5.1573e-01 +2.8242e+00
4665 +6.220577218e-04 +6.220577218e-04 -1.599377942e+00 -1.599377942e+00 +1.1261e+00 -2.1137e+00 +6.5514e-01 +3.0523e+00 -2.0914e+00 -9.2654e-01 -3.0247e+00 -3.5002e+00 +5.6632e-01 +3.2014e+00
4676 +2.344787254e-04 +2.344787254e-04 -1.599765521e+00 -1.599765521e+00 +1.0694e+00 -2.0955e+00 +6.4402e-01 +3.0672e+00 -2.0886e+00 -8.8172e-01 -3.0418e+00 -3.5505e+00 +5.5265e-01 +3.1224e+00
4698 +4.176769828e-05 +4.176769828e-05 -1.599958232e+00 -1.599958232e+00 +1.0869e+00 -2.0696e+00 +6.3100e-01 +3.0824e+00 -2.1013e+00 -8.4991e-01 -3.1073e+00 -3.5565e+00 +5.2728e-01 +3.1180e+00
4709 +3.671599818e-05 +3.671599818e-05 -1.599963284e+00 -1.599963284e+00 +1.0895e+00 -2.0654e+00 +6.2940e-01 +3.0852e+00 -2.1035e+00 -8.4668e-01 -3.1177e+00 -3.5579e+00 +5.2267e-01 +3.1174e+00
4808 +2.489294902e-05 +2.489294902e-05 -1.599975107e+00 -1.599975107e+00 +1.0905e+00 -2.0604e+00 +6.4365e-01 +3.0917e+00 -2.1119e+00 -9.1004e-01 -3.1191e+00 -3.5651e+00 +4.9609e-01 +3.1372e+00
4841 +1.262240907e-05 +1.262240907e-05 -1.599987378e+00 -1.599987378e+00 +1.0964e+00 -2.0656e+00 +6.3982e-01 +3.0723e+00 -2.1095e+00 -9.0177e-01 -3.0969e+00 -3.5436e+00 +5.0020e-01 +3.1539e+00
4863 +8.039354690e-06 +8.039354690e-06 -1.599991961e+00 -1.599991961e+00 +1.1018e+00 -2.0641e+00 +6.3386e-01 +3.0643e+00 -2.1094e+00 -8.8448e-01 -3.0968e+00 -3.5332e+00 +5.0073e-01 +3.1588e+00
4918 +2.433716613e-06 +2.433716613e-06 -1.599997566e+00 -1.599997566e+00 +1.1108e+00 -2.0542e+00 +6.3486e-01 +3.0596e+00 -2.1176e+00 -9.0623e-01 -3.1054e+00 -3.5258e+00 +4.7610e-01 +3.1797e+00
5149 +1.533674707e-06 +1.533674707e-06 -1.599998466e+00 -1.599998466e+00 +1.1039e+00 -2.0425e+00 +6.2603e-01 +3.0438e+00 -2.1146e+00 -9.0325e-01 -3.1001e+00 -3.5191e+00 +4.6339e-01 +3.1865e+00
5182 +7.338482462e-07 +7.338482462e-07 -1.599999266e+00 -1.599999266e+00 +1.1036e+00 -2.0356e+00 +6.2220e-01 +3.0430e+00 -2.1101e+00 -9.0682e-01 -3.1063e+00 -3.5206e+00 +4.6363e-01 +3.1902e+00
5204 +4.660609916e-07 +4.660609916e-07 -1.599999534e+00 -1.599999534e+00 +1.1083e+00 -2.0310e+00 +6.2118e-01 +3.0449e+00 -2.1058e+00 -9.1895e-01 -3.1136e+00 -3.5213e+00 +4.6660e-01 +3.1993e+00
5292 +3.853006625e-07 +3.853006625e-07 -1.599999615e+00 -1.599999615e+00 +1.1037e+00 -2.0309e+00 +6.1608e-01 +3.0416e+00 -2.1078e+00 -9.0988e-01 -3.1087e+00 -3.5222e+00 +4.6965e-01 +3.1925e+00
5314 +1.892392210e-07 +1.892392210e-07 -1.599999811e+00 -1.599999811e+00 +1.1028e+00 -2.0232e+00 +6.0233e-01 +3.0353e+00 -2.1120e+00 -9.0916e-01 -3.1083e+00 -3.5227e+00 +4.7425e-01 +3.1933e+00
5325 +1.561122467e-07 +1.561122467e-07 -1.599999844e+00 -1.599999844e+00 +1.1040e+00 -2.0212e+00 +6.0043e-01 +3.0346e+00 -2.1126e+00 -9.1183e-01 -3.1097e+00 -3.5225e+00 +4.7424e-01 +3.1957e+00
5336 +8.584798716e-08 +8.584798716e-08 -1.599999914e+00 -1.599999914e+00 +1.1106e+00 -2.0111e+00 +5.9131e-01 +3.0317e+00 -2.1156e+00 -9.2626e-01 -3.1175e+00 -3.5213e+00 +4.7367e-01 +3.2085e+00
5446 +6.170187383e-08 +6.170187383e-08 -1.599999938e+00 -1.599999938e+00 +1.1102e+00 -2.0134e+00 +5.9396e-01 +3.0317e+00 -2.1172e+00 -9.2277e-01 -3.1146e+00 -3.5226e+00 +4.7103e-01 +3.2056e+00
5512 +3.329413234e-08 +3.329413234e-08 -1.599999967e+00 -1.599999967e+00 +1.1160e+00 -2.0069e+00 +5.8616e-01 +3.0263e+00 -2.1202e+00 -9.2340e-01 -3.1098e+00 -3.5324e+00 +4.7519e-01 +3.2073e+00
5633 +2.332586058e-08 +2.332586058e-08 -1.599999977e+00 -1.599999977e+00 +1.1181e+00 -2.0080e+00 +5.8865e-01 +3.0275e+00 -2.1181e+00 -9.2775e-01 -3.1116e+00 -3.5309e+00 +4.7408e-01 +3.2114e+00
5655 +1.358282731e-08 +1.358282731e-08 -1.599999986e+00 -1.599999986e+00 +1.1202e+00 -2.0084e+00 +5.8729e-01 +3.0262e+00 -2.1181e+00 -9.3007e-01 -3.1112e+00 -3.5319e+00 +4.7293e-01 +3.2140e+00
5710 +1.980491549e-09 +1.980491549e-09 -1.599999998e+00 -1.599999998e+00 +1.1259e+00 -2.0098e+00 +5.7589e-01 +3.0199e+00 -2.1192e+00 -9.3289e-01 -3.1075e+00 -3.5399e+00 +4.7347e-01 +3.2177e+00
% function evaluation | noise-free fitness - Fopt (-3.708400000000e+02) | best noise-free fitness - Fopt | measured fitness | best measured fitness | x1 | x2...
1 +7.137327084e+01 +7.137327084e+01 -2.994667292e+02 -2.994667292e+02 +3.6720e+00 -9.0732e-01 +4.0479e+00 -1.4120e+00 +1.7321e-01 +4.2764e-02 -2.4987e-01 -8.8560e-01 +1.3889e-01 +8.4212e-01
12 +5.226923821e+01 +5.226923821e+01 -3.185707618e+02 -3.185707618e+02 +2.6720e+00 -5.4397e-01 +4.2290e+00 -1.3583e+00 +8.7517e-01 +4.9167e-01 -4.7218e-01 -4.7149e-01 -7.1640e-02 +1.3007e+00
34 +5.989663440e+00 +5.989663440e+00 -3.648503366e+02 -3.648503366e+02 -3.1540e-03 +4.2802e-01 +4.7133e+00 -1.2146e+00 +2.7530e+00 +1.6925e+00 -1.0669e+00 +6.3629e-01 -6.3484e-01 +2.5275e+00
45 +2.190075948e+00 +2.190075948e+00 -3.686499241e+02 -3.686499241e+02 -1.2280e-01 -4.1161e-01 +4.6917e+00 -6.2101e-01 +3.5812e+00 +1.2037e+00 -2.5665e+00 +1.6755e+00 -1.0743e+00 +2.7865e+00
8273 +1.534347133e+00 +1.534347133e+00 -3.693056529e+02 -3.693056529e+02 +1.1622e+00 +2.8023e+00 -5.3579e-01 +1.7725e+00 +2.2242e+00 +4.6580e+00 +2.2953e+00 +3.3651e+00 -4.0020e-01 -6.7280e-01
9362 +5.271322223e-01 +5.271322223e-01 -3.703128678e+02 -3.703128678e+02 +3.5179e+00 +3.9650e-02 -5.3403e-01 +1.7528e+00 +5.5282e-01 +9.3928e-01 -2.4489e+00 +2.6751e+00 -3.3473e+00 -6.0283e-01
9439 +3.623016154e-01 +3.623016154e-01 -3.704776984e+02 -3.704776984e+02 +3.4399e+00 -2.5522e-01 -9.4892e-01 +1.7311e+00 +5.1055e-01 +9.7212e-01 -2.1309e+00 +2.6484e+00 -3.3300e+00 -6.3318e-01
9472 +2.142278999e-01 +2.142278999e-01 -3.706257721e+02 -3.706257721e+02 +3.3831e+00 -4.5216e-01 -1.1616e+00 +1.7019e+00 +4.8304e-01 +1.0209e+00 -2.0202e+00 +2.5887e+00 -3.2891e+00 -6.6451e-01
9483 +1.382730921e-01 +1.382730921e-01 -3.707017269e+02 -3.707017269e+02 +3.3723e+00 -5.5050e-01 -1.3031e+00 +1.7046e+00 +4.8049e-01 +1.0216e+00 -1.8446e+00 +2.5593e+00 -3.2839e+00 -6.5008e-01
9505 +7.269240910e-02 +7.269240910e-02 -3.707673076e+02 -3.707673076e+02 +3.3652e+00 -6.9157e-01 -1.4642e+00 +1.7061e+00 +4.8648e-01 +1.0316e+00 -1.6032e+00 +2.4714e+00 -3.2584e+00 -6.1633e-01
9516 +4.126403166e-02 +4.126403166e-02 -3.707987360e+02 -3.707987360e+02 +3.3599e+00 -8.0340e-01 -1.5904e+00 +1.7072e+00 +4.9163e-01 +1.0398e+00 -1.4117e+00 +2.3999e+00 -3.2376e+00 -5.8895e-01
9527 +1.907128463e-02 +1.907128463e-02 -3.708209287e+02 -3.708209287e+02 +3.3570e+00 -9.6995e-01 -1.7586e+00 +1.7086e+00 +5.0481e-01 +1.0551e+00 -1.1244e+00 +2.2698e+00 -3.1985e+00 -5.3963e-01
9549 +1.457971900e-02 +1.457971900e-02 -3.708254203e+02 -3.708254203e+02 +3.3662e+00 -9.8764e-01 -1.7390e+00 +1.7081e+00 +5.1680e-01 +1.0622e+00 -1.0884e+00 +2.2107e+00 -3.1794e+00 -5.1769e-01
9571 +7.335761048e-03 +7.335761048e-03 -3.708326642e+02 -3.708326642e+02 +3.4355e+00 -9.3452e-01 -1.4133e+00 +1.7037e+00 +5.8990e-01 +1.0958e+00 -1.1350e+00 +1.9219e+00 -3.0843e+00 -4.1057e-01
9582 +4.318586933e-03 +4.318586933e-03 -3.708356814e+02 -3.708356814e+02 +3.4155e+00 -9.4986e-01 -1.5074e+00 +1.7050e+00 +5.6878e-01 +1.0861e+00 -1.1215e+00 +2.0053e+00 -3.1118e+00 -4.4152e-01
9604 +3.909121469e-03 +3.909121469e-03 -3.708360909e+02 -3.708360909e+02 +3.4136e+00 -9.1695e-01 -1.4832e+00 +1.7051e+00 +5.6381e-01 +1.0810e+00 -1.1767e+00 +2.0412e+00 -3.1237e+00 -4.5448e-01
9901 +1.586591929e-03 +1.586591929e-03 -3.708384134e+02 -3.708384134e+02 +3.2905e+00 -8.4391e-01 -1.3803e+00 +1.7275e+00 +5.5591e-01 +1.0108e+00 -1.2694e+00 +1.9648e+00 -3.1229e+00 -4.8759e-01
9923 +8.614650508e-04 +8.614650508e-04 -3.708391385e+02 -3.708391385e+02 +3.1861e+00 -8.8415e-01 -1.4770e+00 +1.7770e+00 +5.5748e-01 +9.5930e-01 -1.1966e+00 +1.8675e+00 -3.0685e+00 -5.1543e-01
9945 +6.258826568e-04 +6.258826568e-04 -3.708393741e+02 -3.708393741e+02 +3.2176e+00 -7.7365e-01 -1.3865e+00 +1.7997e+00 +5.6957e-01 +9.3389e-01 -1.2785e+00 +1.9276e+00 -3.0859e+00 -5.1236e-01
9978 +3.249165491e-04 +3.249165491e-04 -3.708396751e+02 -3.708396751e+02 +3.1959e+00 -8.4212e-01 -1.4935e+00 +1.8159e+00 +5.7222e-01 +9.2761e-01 -1.1625e+00 +1.8840e+00 -3.0603e+00 -5.0882e-01
10088 +2.234077944e-04 +2.234077944e-04 -3.708397766e+02 -3.708397766e+02 +3.1370e+00 -8.5280e-01 -1.5576e+00 +1.8517e+00 +5.7642e-01 +8.9148e-01 -1.1313e+00 +1.8215e+00 -3.0412e+00 -5.0846e-01
10099 +9.621363540e-05 +9.621363540e-05 -3.708399038e+02 -3.708399038e+02 +3.1073e+00 -8.5762e-01 -1.6086e+00 +1.8719e+00 +5.8024e-01 +8.7130e-01 -1.1220e+00 +1.7755e+00 -3.0485e+00 -4.8607e-01
10110 +3.767423789e-05 +3.767423789e-05 -3.708399623e+02 -3.708399623e+02 +3.0935e+00 -8.4959e-01 -1.6281e+00 +1.8833e+00 +5.8294e-01 +8.5885e-01 -1.1316e+00 +1.7528e+00 -3.0594e+00 -4.6899e-01
10121 +7.786807316e-06 +7.786807316e-06 -3.708399922e+02 -3.708399922e+02 +3.0822e+00 -8.2695e-01 -1.6373e+00 +1.8957e+00 +5.8660e-01 +8.4387e-01 -1.1612e+00 +1.7323e+00 -3.0798e+00 -4.4468e-01
10165 +2.050142939e-06 +2.050142939e-06 -3.708399979e+02 -3.708399979e+02 +3.0904e+00 -7.8470e-01 -1.6053e+00 +1.8980e+00 +5.8948e-01 +8.3702e-01 -1.2179e+00 +1.7391e+00 -3.1068e+00 -4.2440e-01
% function evaluation | noise-free fitness - Fopt (-3.256000000000e+01) | best noise-free fitness - Fopt | measured fitness | best measured fitness | x1 | x2...
1 +8.508651786e+01 +8.508651786e+01 +5.252651786e+01 +5.252651786e+01 -4.0541e+00 +1.6372e+00 +1.8464e+00 -1.7591e+00 -9.6779e-02 +4.5225e+00 -2.4173e+00 -3.3291e+00 -2.1971e+00 -4.7868e+00
34 +5.894509708e+01 +5.894509708e+01 +2.638509708e+01 +2.638509708e+01 -1.4817e+00 +3.3142e+00 +1.7789e+00 -1.3379e+00 -7.7322e-01 +2.0829e+00 +1.7758e+00 -1.8711e+00 -2.8359e+00 -4.8159e+00
111 +1.889547752e+01 +1.889547752e+01 -1.366452248e+01 -1.366452248e+01 -1.2774e-01 +3.3034e+00 +1.8474e+00 +5.6600e-02 -1.2400e+00 +1.3675e+00 +2.1971e+00 -4.2845e-01 -3.6632e+00 -4.5183e+00
122 +1.436344666e+01 +1.436344666e+01 -1.819655334e+01 -1.819655334e+01 +8.7548e-01 +2.8098e+00 +1.9739e+00 +1.9262e+00 -1.6030e+00 +9.7047e-01 +1.5119e+00 +1.0908e+00 -4.4906e+00 -4.0607e+00
133 +8.351910279e+00 +8.351910279e+00 -2.420808972e+01 -2.420808972e+01 +3.3831e-01 +3.0295e+00 +1.9269e+00 +1.1580e+00 -1.3720e+00 +1.0541e+00 +1.7667e+00 +3.8564e-01 -4.0183e+00 -4.2298e+00
155 +6.060039124e+00 +6.060039124e+00 -2.649996088e+01 -2.649996088e+01 +2.5803e-01 +3.0391e+00 +1.9676e+00 +1.6972e+00 -1.1527e+00 +4.8816e-01 +1.6783e+00 +5.8062e-01 -3.6960e+00 -4.0187e+00
188 +3.785874859e+00 +3.785874859e+00 -2.877412514e+01 -2.877412514e+01 +3.3750e-02 +3.0530e+00 +2.0077e+00 +2.3943e+00 -7.3665e-01 -3.5269e-01 +1.5162e+00 +7.8659e-01 -3.0371e+00 -3.7113e+00
595 +2.145502270e+00 +2.145502270e+00 -3.041449773e+01 -3.041449773e+01 +1.8315e+00 +3.7601e+00 -1.8780e+00 +1.7393e+00 +3.6970e+00 -1.1514e+00 +3.9593e+00 +1.7514e+00 +2.5095e+00 -4.0298e+00
2135 +1.564154328e+00 +1.564154328e+00 -3.099584567e+01 -3.099584567e+01 -4.2067e-01 -2.5158e+00 +3.5631e+00 +2.3722e+00 +7.1908e-01 -2.5162e+00 -6.2838e-01 -4.6710e+00 -2.8428e-01 -4.2642e+00
7613 +9.950164251e-01 +9.950164251e-01 -3.156498357e+01 -3.156498357e+01 +3.5340e+00 +1.6360e+00 +2.8526e+00 +4.6278e+00 +1.2755e+00 +4.5494e+00 +7.4978e-01 +1.8603e+00 -2.7560e+00 +1.2740e+00
25642 +4.224894619e-01 +4.224894619e-01 -3.213751054e+01 -3.213751054e+01 +7.9299e-01 -3.0163e+00 -2.7087e+00 +4.1161e+00 -8.6441e-01 +2.2201e+00 -3.0209e+00 +1.0504e+00 -1.2137e+00 -2.1666e+00
25664 +7.704037556e-02 +7.704037556e-02 -3.248295962e+01 -3.248295962e+01 +9.5357e-01 -2.7331e+00 -2.3314e+00 +3.9504e+00 -1.0729e+00 +2.2026e+00 -3.2388e+00 +1.0435e+00 -1.2390e+00 -1.7356e+00
25675 +4.807700490e-02 +4.807700490e-02 -3.251192300e+01 -3.251192300e+01 +9.8087e-01 -2.7905e+00 -2.2715e+00 +3.9215e+00 -1.0771e+00 +2.1284e+00 -3.2309e+00 +1.0027e+00 -1.2596e+00 -1.6774e+00
25686 +2.791280006e-02 +2.791280006e-02 -3.253208720e+01 -3.253208720e+01 +1.0057e+00 -2.8523e+00 -2.1990e+00 +3.8887e+00 -1.0865e+00 +2.0563e+00 -3.2298e+00 +9.6321e-01 -1.2798e+00 -1.6150e+00
25697 +4.359823853e-03 +4.359823853e-03 -3.255564018e+01 -3.255564018e+01 +1.2288e+00 -3.4080e+00 -1.5470e+00 +3.5931e+00 -1.1719e+00 +1.4068e+00 -3.2205e+00 +6.0752e-01 -1.4613e+00 -1.0533e+00
25708 +1.516876113e-03 +1.516876113e-03 -3.255848312e+01 -3.255848312e+01 +1.1898e+00 -3.3256e+00 -1.6336e+00 +3.6333e+00 -1.1649e+00 +1.5103e+00 -3.2283e+00 +6.6384e-01 -1.4314e+00 -1.1368e+00
25719 +3.904166678e-04 +3.904166678e-04 -3.255960958e+01 -3.255960958e+01 +1.1246e+00 -3.1980e+00 -1.7598e+00 +3.6925e+00 -1.1586e+00 +1.6758e+00 -3.2448e+00 +7.5339e-01 -1.3826e+00 -1.2663e+00
25741 +2.446747100e-04 +2.446747100e-04 -3.255975533e+01 -3.255975533e+01 +1.1211e+00 -3.2096e+00 -1.7329e+00 +3.6807e+00 -1.1678e+00 +1.6707e+00 -3.2514e+00 +7.4965e-01 -1.3821e+00 -1.2550e+00
25763 +4.839550371e-06 +4.839550371e-06 -3.255999516e+01 -3.255999516e+01 +1.0936e+00 -3.2633e+00 -1.5901e+00 +3.6185e+00 -1.2205e+00 +1.6577e+00 -3.2909e+00 +7.3677e-01 -1.3739e+00 -1.2025e+00
25774 +2.254929683e-06 +2.254929683e-06 -3.255999775e+01 -3.255999775e+01 +1.0909e+00 -3.2666e+00 -1.5797e+00 +3.6140e+00 -1.2247e+00 +1.6580e+00 -3.2941e+00 +7.3641e-01 -1.3729e+00 -1.1994e+00
25807 +1.489792204e-06 +1.489792204e-06 -3.255999851e+01 -3.255999851e+01 +1.0863e+00 -3.2707e+00 -1.5649e+00 +3.6075e+00 -1.2309e+00 +1.6594e+00 -3.2989e+00 +7.3638e-01 -1.3709e+00 -1.1955e+00
25829 +9.494668660e-07 +9.494668660e-07 -3.255999905e+01 -3.255999905e+01 +1.0780e+00 -3.2773e+00 -1.5396e+00 +3.5964e+00 -1.2416e+00 +1.6624e+00 -3.3073e+00 +7.3661e-01 -1.3674e+00 -1.1892e+00
25873 +5.188788421e-07 +5.188788421e-07 -3.255999948e+01 -3.255999948e+01 +1.0760e+00 -3.2719e+00 -1.5464e+00 +3.5992e+00 -1.2406e+00 +1.6681e+00 -3.3067e+00 +7.3964e-01 -1.3657e+00 -1.1946e+00
25895 +2.616606025e-07 +2.616606025e-07 -3.255999974e+01 -3.255999974e+01 +1.0709e+00 -3.2630e+00 -1.5551e+00 +3.6027e+00 -1.2402e+00 +1.6792e+00 -3.3069e+00 +7.4526e-01 -1.3620e+00 -1.2038e+00
25906 +2.093484426e-07 +2.093484426e-07 -3.255999979e+01 -3.255999979e+01 +1.0679e+00 -3.2561e+00 -1.5630e+00 +3.6060e+00 -1.2392e+00 +1.6869e+00 -3.3063e+00 +7.4926e-01 -1.3596e+00 -1.2107e+00
25994 +1.421139899e-07 +1.421139899e-07 -3.255999986e+01 -3.255999986e+01 +1.0665e+00 -3.2586e+00 -1.5578e+00 +3.6022e+00 -1.2409e+00 +1.6835e+00 -3.3044e+00 +7.4625e-01 -1.3591e+00 -1.2082e+00
26005 +8.602082602e-08 +8.602082602e-08 -3.255999991e+01 -3.255999991e+01 +1.0648e+00 -3.2627e+00 -1.5501e+00 +3.5967e+00 -1.2433e+00 +1.6782e+00 -3.3018e+00 +7.4180e-01 -1.3587e+00 -1.2041e+00
26016 +5.122624458e-08 +5.122624458e-08 -3.255999995e+01 -3.255999995e+01 +1.0642e+00 -3.2630e+00 -1.5501e+00 +3.5954e+00 -1.2431e+00 +1.6760e+00 -3.2989e+00 +7.3977e-01 -1.3584e+00 -1.2038e+00
26049 +1.079563816e-08 +1.079563816e-08 -3.255999999e+01 -3.255999999e+01 +1.0617e+00 -3.2583e+00 -1.5575e+00 +3.5960e+00 -1.2415e+00 +1.6772e+00 -3.2928e+00 +7.3883e-01 -1.3565e+00 -1.2085e+00
26060 +4.234550488e-09 +4.234550488e-09 -3.256000000e+01 -3.256000000e+01 +1.0569e+00 -3.2502e+00 -1.5696e+00 +3.5969e+00 -1.2388e+00 +1.6793e+00 -3.2823e+00 +7.3720e-01 -1.3530e+00 -1.2165e+00
% function evaluation | noise-free fitness - Fopt (5.154000000000e+02) | best noise-free fitness - Fopt | measured fitness | best measured fitness | x1 | x2...
1 +6.854814159e+01 +6.854814159e+01 +5.839481416e+02 +5.839481416e+02 -3.8560e-01 +1.9514e+00 +3.1227e+00 -1.7220e-01 -1.5473e+00 -3.5385e+00 -4.6040e-01 -3.7051e+00 -2.9503e-01 +8.3140e-01
12 +5.441875440e+01 +5.441875440e+01 +5.698187544e+02 +5.698187544e+02 -6.2180e-02 +1.5177e+00 +2.9863e+00 -4.7711e-02 -1.5803e+00 -3.9025e+00 +5.3960e-01 -3.5132e+00 +8.3196e-02 +6.8733e-01
34 +1.518580390e+01 +1.518580390e+01 +5.305858039e+02 +5.305858039e+02 +7.7341e-01 +3.9716e-01 +2.6341e+00 +2.7392e-01 -1.6656e+00 -4.8429e+00 +3.1232e+00 -3.0174e+00 +1.0604e+00 +3.1510e-01
540 +9.814542262e+00 +9.814542262e+00 +5.252145423e+02 +5.252145423e+02 +1.5154e+00 +2.8222e+00 -1.2102e+00 +2.3567e+00 -2.4724e+00 -2.8593e+00 +2.1867e-01 +4.2816e+00 -1.7350e+00 +1.4152e+00
672 +6.037101428e+00 +6.037101428e+00 +5.214371014e+02 +5.214371014e+02 +1.5815e+00 +5.0770e+00 +6.8570e-02 +3.7093e+00 -2.4816e+00 -7.6370e-01 -8.9355e-01 +4.8655e+00 -4.1238e-01 +1.8646e+00
1189 +3.842324172e+00 +3.842324172e+00 +5.192423242e+02 +5.192423242e+02 -3.7963e+00 -1.1487e+00 -2.5248e+00 -1.1771e+00 +2.6283e+00 +4.7099e+00 +4.8654e+00 -3.8979e+00 +3.0869e+00 +2.7074e+00
1673 +2.072175554e+00 +2.072175554e+00 +5.174721756e+02 +5.174721756e+02 +2.4131e+00 -2.6409e+00 +3.5221e+00 +1.5175e+00 -2.1523e-01 +2.0916e+00 +1.1020e+00 -4.4273e+00 -1.0834e+00 -4.8881e+00
4181 +1.002669753e+00 +1.002669753e+00 +5.164026698e+02 +5.164026698e+02 -3.2661e+00 -1.4924e+00 -2.6679e+00 +7.7032e-01 -1.0123e+00 -1.6535e+00 -3.8927e+00 +7.8334e-01 -3.2691e+00 -3.5166e-01
4192 +7.940459425e-01 +7.940459425e-01 +5.161940459e+02 +5.161940459e+02 -3.2585e+00 -1.5342e+00 -2.7497e+00 +8.3228e-01 -8.8064e-01 -1.6926e+00 -3.8525e+00 +7.4503e-01 -3.3660e+00 -4.5575e-01
4203 +5.095476795e-01 +5.095476795e-01 +5.159095477e+02 +5.159095477e+02 -3.6190e+00 -1.1497e+00 -2.4373e+00 +5.0587e-01 -1.7246e+00 -1.7603e+00 -3.9804e+00 +9.9784e-01 -2.8052e+00 +1.5609e-01
4214 +3.547948907e-01 +3.547948907e-01 +5.157547949e+02 +5.157547949e+02 -3.5868e+00 -1.2183e+00 -2.5450e+00 +5.8839e-01 -1.5361e+00 -1.7975e+00 -3.9170e+00 +9.3557e-01 -2.9457e+00 +9.0448e-03
4236 +1.974729320e-01 +1.974729320e-01 +5.155974729e+02 +5.155974729e+02 -3.5338e+00 -1.3315e+00 -2.7227e+00 +7.2450e-01 -1.2252e+00 -1.8590e+00 -3.8124e+00 +8.3285e-01 -3.1774e+00 -2.3353e-01
4247 +1.466630856e-01 +1.466630856e-01 +5.155466631e+02 +5.155466631e+02 -3.5856e+00 -1.2688e+00 -2.6694e+00 +6.6140e-01 -1.3751e+00 -1.8659e+00 -3.8090e+00 +8.6315e-01 -3.0882e+00 -1.2573e-01
4280 +6.559205325e-02 +6.559205325e-02 +5.154655921e+02 +5.154655921e+02 -3.9958e+00 -8.8500e-01 -2.6274e+00 +3.3270e-01 -2.1715e+00 -2.1660e+00 -3.2733e+00 +8.2717e-01 -2.8313e+00 +3.9169e-01
4291 +3.841451813e-02 +3.841451813e-02 +5.154384145e+02 +5.154384145e+02 -3.8518e+00 -1.0252e+00 -2.6548e+00 +4.5593e-01 -1.8748e+00 -2.0673e+00 -3.4519e+00 +8.3291e-01 -2.9358e+00 +1.9571e-01
4313 +1.735969694e-02 +1.735969694e-02 +5.154173597e+02 +5.154173597e+02 -3.8782e+00 -9.0728e-01 -2.5189e+00 +3.1537e-01 -2.1838e+00 -2.0494e+00 -3.3741e+00 +8.6294e-01 -2.7819e+00 +4.4202e-01
4324 +1.578369893e-02 +1.578369893e-02 +5.154157837e+02 +5.154157837e+02 -3.8707e+00 -9.1231e-01 -2.5270e+00 +3.2140e-01 -2.1695e+00 -2.0526e+00 -3.3599e+00 +8.5493e-01 -2.7965e+00 +4.3273e-01
4346 +9.624896303e-03 +9.624896303e-03 +5.154096249e+02 +5.154096249e+02 -3.8362e+00 -9.1154e-01 -2.5390e+00 +3.2231e-01 -2.1634e+00 -2.0662e+00 -3.2669e+00 +8.2008e-01 -2.8387e+00 +4.4000e-01
4368 +3.323895333e-03 +3.323895333e-03 +5.154033239e+02 +5.154033239e+02 -3.7592e+00 -9.0361e-01 -2.5595e+00 +3.1769e-01 -2.1651e+00 -2.0965e+00 -3.0520e+00 +7.4293e-01 -2.9268e+00 +4.6903e-01
4390 +2.016521580e-03 +2.016521580e-03 +5.154020165e+02 +5.154020165e+02 -3.7300e+00 -8.7859e-01 -2.5445e+00 +2.9329e-01 -2.2183e+00 -2.1076e+00 -2.9484e+00 +7.1769e-01 -2.9373e+00 +5.2486e-01
4423 +1.555839557e-03 +1.555839557e-03 +5.154015558e+02 +5.154015558e+02 -3.7105e+00 -8.5178e-01 -2.5240e+00 +2.6719e-01 -2.2774e+00 -2.1149e+00 -2.8703e+00 +7.0345e-01 -2.9337e+00 +5.8236e-01
4467 +9.977953017e-04 +9.977953017e-04 +5.154009978e+02 +5.154009978e+02 -3.7231e+00 -8.2741e-01 -2.4964e+00 +2.5439e-01 -2.3238e+00 -2.1122e+00 -2.9041e+00 +7.3553e-01 -2.8898e+00 +6.2257e-01
4588 +5.175167069e-04 +5.175167069e-04 +5.154005175e+02 +5.154005175e+02 -3.6476e+00 -7.2624e-01 -2.4420e+00 +2.7809e-01 -2.4088e+00 -2.1662e+00 -2.8385e+00 +8.2239e-01 -2.8497e+00 +7.7117e-01
4599 +3.396424189e-04 +3.396424189e-04 +5.154003396e+02 +5.154003396e+02 -3.6278e+00 -7.1340e-01 -2.4404e+00 +2.8963e-01 -2.4084e+00 -2.1788e+00 -2.8183e+00 +8.3259e-01 -2.8553e+00 +7.8728e-01
4610 +2.061618076e-04 +2.061618076e-04 +5.154002062e+02 +5.154002062e+02 -3.6086e+00 -7.1042e-01 -2.4477e+00 +3.0493e-01 -2.3919e+00 -2.1898e+00 -2.7979e+00 +8.3461e-01 -2.8716e+00 +7.8687e-01
4621 +1.270596182e-04 +1.270596182e-04 +5.154001271e+02 +5.154001271e+02 -3.5943e+00 -7.0845e-01 -2.4535e+00 +3.1665e-01 -2.3790e+00 -2.1980e+00 -2.7830e+00 +8.3624e-01 -2.8839e+00 +7.8605e-01
4632 +3.195376428e-05 +3.195376428e-05 +5.154000320e+02 +5.154000320e+02 -3.5381e+00 -7.0141e-01 -2.4768e+00 +3.6341e-01 -2.3272e+00 -2.2303e+00 -2.7258e+00 +8.4285e-01 -2.9325e+00 +7.8156e-01
4742 +2.502409188e-05 +2.502409188e-05 +5.154000250e+02 +5.154000250e+02 -3.5468e+00 -7.1961e-01 -2.4979e+00 +3.7033e-01 -2.3205e+00 -2.2178e+00 -2.7680e+00 +8.6515e-01 -2.9185e+00 +7.5840e-01
4808 +1.065700565e-05 +1.065700565e-05 +5.154000107e+02 +5.154000107e+02 -3.5069e+00 -7.0259e-01 -2.5089e+00 +3.5579e-01 -2.3904e+00 -2.2217e+00 -2.6842e+00 +8.8140e-01 -2.9078e+00 +8.1535e-01
4819 +6.699738606e-06 +6.699738606e-06 +5.154000067e+02 +5.154000067e+02 -3.5073e+00 -7.0785e-01 -2.5146e+00 +3.6383e-01 -2.3748e+00 -2.2221e+00 -2.6958e+00 +8.8397e-01 -2.9120e+00 +8.0302e-01
4863 +4.252457074e-06 +4.252457074e-06 +5.154000043e+02 +5.154000043e+02 -3.4831e+00 -7.1866e-01 -2.5432e+00 +3.9246e-01 -2.3411e+00 -2.2305e+00 -2.6890e+00 +8.9791e-01 -2.9322e+00 +7.8240e-01
4874 +3.799234833e-06 +3.799234833e-06 +5.154000038e+02 +5.154000038e+02 -3.4869e+00 -7.1698e-01 -2.5387e+00 +3.8801e-01 -2.3463e+00 -2.2292e+00 -2.6901e+00 +8.9575e-01 -2.9290e+00 +7.8559e-01
5006 +2.343276606e-06 +2.343276606e-06 +5.154000023e+02 +5.154000023e+02 -3.5008e+00 -7.2180e-01 -2.5376e+00 +3.8103e-01 -2.3500e+00 -2.2252e+00 -2.6989e+00 +8.8735e-01 -2.9297e+00 +7.8178e-01
5039 +1.543460712e-06 +1.543460712e-06 +5.154000015e+02 +5.154000015e+02 -3.4997e+00 -7.1790e-01 -2.5422e+00 +3.8322e-01 -2.3668e+00 -2.2304e+00 -2.6940e+00 +8.9609e-01 -2.9320e+00 +7.9782e-01
5050 +9.518793149e-07 +9.518793149e-07 +5.154000010e+02 +5.154000010e+02 -3.4977e+00 -7.1518e-01 -2.5519e+00 +3.8376e-01 -2.3939e+00 -2.2349e+00 -2.6840e+00 +9.0796e-01 -2.9338e+00 +8.1925e-01
5138 +5.477877494e-07 +5.477877494e-07 +5.154000005e+02 +5.154000005e+02 -3.4909e+00 -7.1658e-01 -2.5547e+00 +3.8896e-01 -2.3909e+00 -2.2347e+00 -2.6852e+00 +9.1279e-01 -2.9364e+00 +8.1980e-01
5171 +2.709962246e-07 +2.709962246e-07 +5.154000003e+02 +5.154000003e+02 -3.4836e+00 -7.2524e-01 -2.5597e+00 +3.9159e-01 -2.3865e+00 -2.2265e+00 -2.6915e+00 +9.1551e-01 -2.9378e+00 +8.1387e-01
5182 +2.344573886e-07 +2.344573886e-07 +5.154000002e+02 +5.154000002e+02 -3.4833e+00 -7.2512e-01 -2.5596e+00 +3.9231e-01 -2.3865e+00 -2.2269e+00 -2.6920e+00 +9.1578e-01 -2.9388e+00 +8.1475e-01
5226 +1.455634902e-07 +1.455634902e-07 +5.154000001e+02 +5.154000001e+02 -3.4862e+00 -7.2504e-01 -2.5588e+00 +3.9468e-01 -2.3902e+00 -2.2290e+00 -2.6966e+00 +9.1560e-01 -2.9459e+00 +8.2157e-01
18734 +7.596327123e-08 +7.596327123e-08 +5.154000001e+02 +5.154000001e+02 -3.4611e+00 -7.1587e-01 -2.6026e+00 +4.1932e-01 -2.3958e+00 -2.2199e+00 -2.6835e+00 +8.9393e-01 -2.9470e+00 +8.4071e-01
18745 +5.342849363e-08 +5.342849363e-08 +5.154000001e+02 +5.154000001e+02 -3.4596e+00 -7.1742e-01 -2.5986e+00 +4.1518e-01 -2.4048e+00 -2.2262e+00 -2.6814e+00 +9.0485e-01 -2.9448e+00 +8.4554e-01
% function evaluation | noise-free fitness - Fopt (4.078000000000e+01) | best noise-free fitness - Fopt | measured fitness | best measured fitness | x1 | x2...
1 +8.475534892e+01 +8.475534892e+01 +1.255353489e+02 +1.255353489e+02 +3.0342e+00 +3.2082e+00 +2.9923e+00 +6.6517e-01 +2.0770e+00 +4.7149e+00 +4.0970e+00 +3.8697e+00 -4.0952e+00 +3.5962e-01
34 +3.496538036e+01 +3.496538036e+01 +7.574538036e+01 +7.574538036e+01 -3.8235e-01 +3.8429e+00 -5.2222e-01 +2.9885e+00 -4.6111e-01 -1.3191e-01 +1.4862e+00 +5.9171e-01 -5.4656e+00 +1.7716e+00
100 +2.438867019e+01 +2.438867019e+01 +6.516867019e+01 +6.516867019e+01 -6.3794e-03 +3.9383e+00 -3.3795e-01 +3.2752e+00 -4.4739e-01 +2.9188e-02 +1.1617e+00 +1.7894e-01 -5.3382e+00 +1.8969e+00
122 +1.500790474e+01 +1.500790474e+01 +5.578790474e+01 +5.578790474e+01 +8.0565e-01 +4.1919e+00 +1.4827e-02 +4.3324e+00 -7.2377e-01 +2.3011e-01 +7.7712e-02 -1.0717e+00 -5.0020e+00 +2.0817e+00
1299 +8.462737456e+00 +8.462737456e+00 +4.924273746e+01 +4.924273746e+01 +3.6624e+00 +2.8547e+00 +4.2312e+00 +9.5557e-01 +4.1955e+00 +6.0745e-01 +1.5712e+00 +6.7878e-02 +1.6713e+00 +4.2705e+00
1310 +6.066872840e+00 +6.066872840e+00 +4.684687284e+01 +4.684687284e+01 +3.5437e+00 +2.7654e+00 +4.0230e+00 +5.0490e-01 +4.2147e+00 +6.0893e-01 +1.6154e+00 -1.6310e-01 +1.6218e+00 +4.4873e+00
1332 +2.988513242e+00 +2.988513242e+00 +4.376851324e+01 +4.376851324e+01 +3.2317e+00 +2.5305e+00 +3.4754e+00 -6.8072e-01 +4.2652e+00 +6.1284e-01 +1.7316e+00 -7.7077e-01 +1.4916e+00 +5.0576e+00
1365 +2.484504779e+00 +2.484504779e+00 +4.326450478e+01 +4.326450478e+01 +3.2271e+00 +2.4619e+00 +3.5110e+00 -4.6559e-01 +4.2271e+00 +6.2785e-01 +1.5727e+00 -7.3026e-01 +1.1933e+00 +4.9037e+00
16600 +1.579493314e+00 +1.579493314e+00 +4.235949331e+01 +4.235949331e+01 +4.0624e+00 -6.2815e-01 -3.4634e+00 +3.1510e+00 +1.2841e-01 -7.3476e-01 +4.3207e+00 -1.1248e+00 +4.4343e+00 +4.1229e+00
16655 +9.923917027e-01 +9.923917027e-01 +4.177239170e+01 +4.177239170e+01 +3.8037e+00 -9.9800e-01 -3.5080e+00 +2.8828e+00 +2.2757e-01 -8.8275e-01 +4.3032e+00 -1.3572e+00 +4.4384e+00 +3.9766e+00
27017 +6.208674797e-01 +6.208674797e-01 +4.140086748e+01 +4.140086748e+01 -3.6036e+00 -8.9486e-01 +3.7340e+00 -2.2569e+00 -2.0739e+00 +2.8567e-01 -1.3565e+00 -2.0449e+00 +2.8071e+00 -2.6385e+00
27072 +2.737730198e-01 +2.737730198e-01 +4.105377302e+01 +4.105377302e+01 -3.7358e+00 -1.1853e+00 +4.1140e+00 -2.2501e+00 -3.0869e+00 +7.0352e-01 -2.1840e+00 -1.8624e+00 +3.1454e+00 -3.3055e+00
27083 +2.332145602e-01 +2.332145602e-01 +4.101321456e+01 +4.101321456e+01 -3.7275e+00 -1.1482e+00 +4.0796e+00 -2.2451e+00 -2.9684e+00 +6.4349e-01 -2.0851e+00 -1.8752e+00 +3.1015e+00 -3.2168e+00
27105 +1.220592368e-01 +1.220592368e-01 +4.090205924e+01 +4.090205924e+01 -3.4899e+00 -1.2102e+00 +4.0326e+00 -2.3554e+00 -3.0365e+00 +7.4897e-01 -2.0973e+00 -1.8586e+00 +3.0500e+00 -3.1941e+00
27127 +5.865678632e-02 +5.865678632e-02 +4.083865679e+01 +4.083865679e+01 -3.0606e+00 -1.3049e+00 +3.9809e+00 -2.4997e+00 -3.0792e+00 +8.3054e-01 -2.0563e+00 -1.8027e+00 +2.8883e+00 -3.0607e+00
27160 +2.391105121e-02 +2.391105121e-02 +4.080391105e+01 +4.080391105e+01 -3.0252e+00 -1.4263e+00 +4.0687e+00 -2.4208e+00 -3.2651e+00 +8.6365e-01 -2.2560e+00 -1.8124e+00 +2.9177e+00 -3.2635e+00
27171 +1.312396871e-02 +1.312396871e-02 +4.079312397e+01 +4.079312397e+01 -2.8376e+00 -1.6186e+00 +4.1663e+00 -2.3379e+00 -3.4876e+00 +8.9628e-01 -2.4861e+00 -1.8218e+00 +2.8872e+00 -3.4763e+00
27193 +8.859833394e-03 +8.859833394e-03 +4.078885983e+01 +4.078885983e+01 -2.7812e+00 -1.5881e+00 +4.1169e+00 -2.3418e+00 -3.3473e+00 +8.2023e-01 -2.3580e+00 -1.8439e+00 +2.8199e+00 -3.3510e+00
27226 +6.242180237e-03 +6.242180237e-03 +4.078624218e+01 +4.078624218e+01 -2.7623e+00 -1.6420e+00 +4.1428e+00 -2.2957e+00 -3.4022e+00 +8.0522e-01 -2.4222e+00 -1.8727e+00 +2.8300e+00 -3.4214e+00
27259 +3.841990089e-03 +3.841990089e-03 +4.078384199e+01 +4.078384199e+01 -2.7559e+00 -1.6573e+00 +4.1181e+00 -2.2812e+00 -3.3976e+00 +7.6079e-01 -2.4032e+00 -1.9319e+00 +2.8544e+00 -3.3978e+00
27446 +2.175540872e-03 +2.175540872e-03 +4.078217554e+01 +4.078217554e+01 -2.6478e+00 -1.7559e+00 +4.1416e+00 -2.2400e+00 -3.5715e+00 +7.3714e-01 -2.5294e+00 -1.9428e+00 +2.8984e+00 -3.4024e+00
27468 +1.008929628e-03 +1.008929628e-03 +4.078100893e+01 +4.078100893e+01 -2.6148e+00 -1.7868e+00 +4.1363e+00 -2.2161e+00 -3.6418e+00 +7.1194e-01 -2.5782e+00 -1.9508e+00 +2.9365e+00 -3.3744e+00
27479 +9.558151337e-04 +9.558151337e-04 +4.078095582e+01 +4.078095582e+01 -2.6118e+00 -1.7892e+00 +4.1339e+00 -2.2128e+00 -3.6494e+00 +7.0801e-01 -2.5838e+00 -1.9515e+00 +2.9428e+00 -3.3681e+00
27556 +4.058407310e-04 +4.058407310e-04 +4.078040584e+01 +4.078040584e+01 -2.5875e+00 -1.7943e+00 +4.0667e+00 -2.1635e+00 -3.7023e+00 +6.5125e-01 -2.6356e+00 -1.9646e+00 +3.0328e+00 -3.2620e+00
27567 +2.512802727e-04 +2.512802727e-04 +4.078025128e+01 +4.078025128e+01 -2.5950e+00 -1.7741e+00 +4.0395e+00 -2.1645e+00 -3.6529e+00 +6.5429e-01 -2.6121e+00 -1.9700e+00 +3.0283e+00 -3.2549e+00
27578 +2.346376787e-04 +2.346376787e-04 +4.078023464e+01 +4.078023464e+01 -2.5941e+00 -1.7710e+00 +4.0324e+00 -2.1643e+00 -3.6428e+00 +6.5476e-01 -2.6078e+00 -1.9723e+00 +3.0276e+00 -3.2534e+00
27611 +1.504889637e-04 +1.504889637e-04 +4.078015049e+01 +4.078015049e+01 -2.5628e+00 -1.7637e+00 +3.9748e+00 -2.1587e+00 -3.5834e+00 +6.5559e-01 -2.5891e+00 -1.9992e+00 +3.0258e+00 -3.2434e+00
27688 +9.939644173e-05 +9.939644173e-05 +4.078009940e+01 +4.078009940e+01 -2.4778e+00 -1.8247e+00 +3.9629e+00 -2.1381e+00 -3.6492e+00 +6.3907e-01 -2.6498e+00 -2.0398e+00 +3.0408e+00 -3.2476e+00
27721 +4.604751170e-05 +4.604751170e-05 +4.078004605e+01 +4.078004605e+01 -2.4968e+00 -1.8263e+00 +3.9696e+00 -2.1083e+00 -3.6512e+00 +6.0498e-01 -2.7516e+00 -2.0888e+00 +3.0410e+00 -3.2192e+00
27732 +3.312181517e-05 +3.312181517e-05 +4.078003312e+01 +4.078003312e+01 -2.5014e+00 -1.8191e+00 +3.9701e+00 -2.1169e+00 -3.6443e+00 +6.1316e-01 -2.7354e+00 -2.0783e+00 +3.0376e+00 -3.2202e+00
27765 +2.497339739e-05 +2.497339739e-05 +4.078002497e+01 +4.078002497e+01 -2.5091e+00 -1.8066e+00 +3.9716e+00 -2.1301e+00 -3.6332e+00 +6.2324e-01 -2.7324e+00 -2.0710e+00 +3.0292e+00 -3.2126e+00
27787 +1.490979464e-05 +1.490979464e-05 +4.078001491e+01 +4.078001491e+01 -2.5189e+00 -1.7853e+00 +3.9734e+00 -2.1553e+00 -3.6148e+00 +6.4187e-01 -2.7329e+00 -2.0607e+00 +3.0130e+00 -3.1962e+00
27809 +8.578527506e-06 +8.578527506e-06 +4.078000858e+01 +4.078000858e+01 -2.4943e+00 -1.7930e+00 +3.9674e+00 -2.1640e+00 -3.6231e+00 +6.4461e-01 -2.7606e+00 -2.0769e+00 +3.0074e+00 -3.1818e+00
28095 +6.280103790e-06 +6.280103790e-06 +4.078000628e+01 +4.078000628e+01 -2.5042e+00 -1.7817e+00 +3.9544e+00 -2.1732e+00 -3.6336e+00 +6.3605e-01 -2.7834e+00 -2.0930e+00 +3.0083e+00 -3.1877e+00
28205 +3.756827681e-06 +3.756827681e-06 +4.078000376e+01 +4.078000376e+01 -2.4935e+00 -1.7844e+00 +3.9491e+00 -2.1732e+00 -3.6322e+00 +6.2197e-01 -2.7760e+00 -2.1011e+00 +2.9962e+00 -3.1957e+00
28326 +2.192733994e-06 +2.192733994e-06 +4.078000219e+01 +4.078000219e+01 -2.4992e+00 -1.7866e+00 +3.9459e+00 -2.1721e+00 -3.6484e+00 +6.1256e-01 -2.7892e+00 -2.1002e+00 +2.9979e+00 -3.1858e+00
28370 +1.430316125e-06 +1.430316125e-06 +4.078000143e+01 +4.078000143e+01 -2.5055e+00 -1.7932e+00 +3.9437e+00 -2.1743e+00 -3.6561e+00 +6.1292e-01 -2.7952e+00 -2.0969e+00 +2.9897e+00 -3.1866e+00
28381 +9.224427089e-07 +9.224427089e-07 +4.078000092e+01 +4.078000092e+01 -2.5234e+00 -1.8129e+00 +3.9289e+00 -2.1818e+00 -3.6741e+00 +6.1326e-01 -2.8125e+00 -2.0894e+00 +2.9614e+00 -3.1880e+00
28392 +5.171043966e-07 +5.171043966e-07 +4.078000052e+01 +4.078000052e+01 -2.5169e+00 -1.8057e+00 +3.9343e+00 -2.1791e+00 -3.6675e+00 +6.1314e-01 -2.8062e+00 -2.0921e+00 +2.9717e+00 -3.1875e+00
28414 +2.083824882e-07 +2.083824882e-07 +4.078000021e+01 +4.078000021e+01 -2.5130e+00 -1.8032e+00 +3.9227e+00 -2.1796e+00 -3.6590e+00 +6.1017e-01 -2.8049e+00 -2.0977e+00 +2.9693e+00 -3.1842e+00
28425 +1.344318221e-07 +1.344318221e-07 +4.078000013e+01 +4.078000013e+01 -2.5110e+00 -1.8018e+00 +3.9141e+00 -2.1803e+00 -3.6536e+00 +6.0786e-01 -2.8045e+00 -2.1014e+00 +2.9667e+00 -3.1817e+00
28436 +9.753226493e-08 +9.753226493e-08 +4.078000010e+01 +4.078000010e+01 -2.5089e+00 -1.8004e+00 +3.9040e+00 -2.1813e+00 -3.6481e+00 +6.0497e-01 -2.8047e+00 -2.1055e+00 +2.9633e+00 -3.1787e+00
28722 +6.266235175e-08 +6.266235175e-08 +4.078000006e+01 +4.078000006e+01 -2.5143e+00 -1.7950e+00 +3.9034e+00 -2.1859e+00 -3.6491e+00 +6.0823e-01 -2.8035e+00 -2.1039e+00 +2.9558e+00 -3.1775e+00
28997 +3.950943039e-08 +3.950943039e-08 +4.078000004e+01 +4.078000004e+01 -2.5171e+00 -1.7969e+00 +3.9039e+00 -2.1770e+00 -3.6642e+00 +6.0761e-01 -2.8148e+00 -2.1103e+00 +2.9555e+00 -3.1791e+00
29096 +1.832493979e-08 +1.832493979e-08 +4.078000002e+01 +4.078000002e+01 -2.5176e+00 -1.7922e+00 +3.9006e+00 -2.1748e+00 -3.6680e+00 +6.1032e-01 -2.8207e+00 -2.1144e+00 +2.9506e+00 -3.1777e+00
29107 +1.269049932e-08 +1.269049932e-08 +4.078000001e+01 +4.078000001e+01 -2.5192e+00 -1.7917e+00 +3.8999e+00 -2.1729e+00 -3.6702e+00 +6.1141e-01 -2.8193e+00 -2.1151e+00 +2.9487e+00 -3.1782e+00
29140 +9.352710606e-09 +9.352710606e-09 +4.078000001e+01 +4.078000001e+01 -2.5190e+00 -1.7905e+00 +3.8992e+00 -2.1722e+00 -3.6696e+00 +6.1234e-01 -2.8165e+00 -2.1152e+00 +2.9470e+00 -3.1773e+00
29151 +1.388023918e-09 +1.388023918e-09 +4.078000000e+01 +4.078000000e+01 -2.5156e+00 -1.7844e+00 +3.8947e+00 -2.1696e+00 -3.6611e+00 +6.1577e-01 -2.7969e+00 -2.1150e+00 +2.9376e+00 -3.1697e+00
% function evaluation | noise-free fitness - Fopt (-1.600000000000e+00) | best noise-free fitness - Fopt | measured fitness | best measured fitness | x1 | x2...
1 +8.607104396e+01 +8.607104396e+01 +8.447104396e+01 +8.447104396e+01 +4.7740e+00 +4.0774e+00 -2.7974e+00 +8.7047e-03 +4.0984e+00 -4.7260e+00 -3.8641e+00 +3.7284e+00 +9.5663e-01 -1.8853e+00
144 +6.065199910e+01 +6.065199910e+01 +5.905199910e+01 +5.905199910e+01 +3.0761e+00 +2.0825e+00 +1.1124e+00 +1.4168e+00 +1.4647e+00 -4.6000e+00 -2.2897e-01 +4.9054e-01 +2.9268e+00 -3.1604e-01
496 +2.602107717e+01 +2.602107717e+01 +2.442107717e+01 +2.442107717e+01 +3.8753e+00 -2.1067e+00 -3.1102e+00 -3.1456e+00 +2.9514e+00 +4.3938e+00 +2.7501e+00 +1.7595e+00 +3.6654e+00 -8.7446e-01
518 +2.260423767e+01 +2.260423767e+01 +2.100423767e+01 +2.100423767e+01 +4.2252e+00 -2.0467e+00 -2.8219e+00 -3.7788e+00 +2.9491e+00 +4.6728e+00 +2.3901e+00 +1.5110e+00 +3.4001e+00 -1.3156e+00
551 +6.086180539e+00 +6.086180539e+00 +4.486180539e+00 +4.486180539e+00 +4.4755e+00 -2.3378e+00 -3.5742e+00 -3.6995e+00 +2.7630e+00 +4.1743e+00 +1.0545e+00 +1.4264e+00 +1.4171e+00 -2.2446e+00
562 +2.228262677e+00 +2.228262677e+00 +6.282626773e-01 +6.282626773e-01 +4.7370e+00 -1.9273e+00 -3.3723e+00 -3.4392e+00 +2.3394e+00 +4.0037e+00 +1.1802e+00 +1.4891e+00 +9.0413e-01 -2.3985e+00
2377 +1.383858759e+00 +1.383858759e+00 -2.161412411e-01 -2.161412411e-01 +1.2498e+00 +2.8790e+00 -2.1537e+00 -1.5131e+00 -1.3923e+00 +3.8616e-01 +3.8525e+00 +7.0320e-01 +1.9425e+00 +2.7547e+00
13322 +9.684162174e-01 +9.684162174e-01 -6.315837826e-01 -6.315837826e-01 -2.6576e+00 -3.0966e+00 -3.7376e+00 -4.5602e+00 -4.2769e+00 +4.6302e+00 -4.7908e+00 +1.0126e+00 -4.3603e+00 +1.5316e+00
% function evaluation | noise-free fitness - Fopt (-3.708400000000e+02) | best noise-free fitness - Fopt | measured fitness | best measured fitness | x1 | x2...
1 +7.856093375e+01 +7.856093375e+01 -2.922790662e+02 -2.922790662e+02 +4.8881e+00 -2.3895e+00 -1.6859e+00 +3.9628e+00 +2.6159e+00 +3.5535e+00 +3.9014e+00 +4.7037e+00 -3.0962e+00 -4.3523e-01
34 +3.721721555e+01 +3.721721555e+01 -3.336227844e+02 -3.336227844e+02 +3.1507e+00 -3.1962e+00 -2.5807e+00 +7.0589e-01 +2.2850e+00 +4.2193e+00 +2.7938e-01 +2.4039e+00 -3.4082e+00 -1.3242e+00
45 +2.224604766e+01 +2.224604766e+01 -3.485939523e+02 -3.485939523e+02 +3.4969e+00 -3.0355e+00 -2.4024e+00 +1.3549e+00 +2.3509e+00 +4.0866e+00 +1.0011e+00 +2.8622e+00 -3.3460e+00 -1.1470e+00
56 +1.031669797e+01 +1.031669797e+01 -3.605233020e+02 -3.605233020e+02 +2.8362e+00 -2.6641e+00 -2.3781e+00 +1.5651e+00 +1.4798e+00 +3.7257e+00 +4.8483e-01 +2.9070e+00 -3.5568e+00 -7.3783e-01
67 +8.988342954e+00 +8.988342954e+00 -3.618516570e+02 -3.618516570e+02 +2.9856e+00 -8.8866e-01 -2.5735e+00 +2.5710e+00 +1.2932e+00 +2.5399e+00 +5.5716e-01 +3.2946e+00 -3.1172e+00 -2.7300e-01
89 +1.796114088e+00 +1.796114088e+00 -3.690438859e+02 -3.690438859e+02 +2.2993e+00 -3.0410e-01 -2.8776e+00 +1.9017e+00 +9.3415e-01 +2.1129e+00 -7.8633e-01 +2.5845e+00 -3.0520e+00 -3.0296e-01
100 +4.729041765e-01 +4.729041765e-01 -3.703670958e+02 -3.703670958e+02 +2.3590e+00 -6.4711e-01 -2.5283e+00 +1.8796e+00 +1.0166e+00 +2.1754e+00 -5.6636e-01 +2.4427e+00 -3.0756e+00 -3.4834e-01
111 +3.912870282e-01 +3.912870282e-01 -3.704487130e+02 -3.704487130e+02 +2.3643e+00 -6.7756e-01 -2.4660e+00 +1.8797e+00 +1.0198e+00 +2.1552e+00 -5.6873e-01 +2.3956e+00 -3.0683e+00 -3.4690e-01
122 +1.269392483e-01 +1.269392483e-01 -3.707130608e+02 -3.707130608e+02 +2.3884e+00 -8.1514e-01 -2.1842e+00 +1.8800e+00 +1.0344e+00 +2.0639e+00 -5.7942e-01 +2.1828e+00 -3.0354e+00 -3.4037e-01
155 +8.313985944e-02 +8.313985944e-02 -3.707568601e+02 -3.707568601e+02 +2.4206e+00 -9.1560e-01 -1.8228e+00 +1.8886e+00 +1.0348e+00 +1.8640e+00 -6.6033e-01 +1.8842e+00 -2.9942e+00 -3.1502e-01
166 +5.987067793e-02 +5.987067793e-02 -3.707801293e+02 -3.707801293e+02 +2.4203e+00 -8.5674e-01 -1.8670e+00 +1.8944e+00 +1.0233e+00 +1.8361e+00 -6.9213e-01 +1.9068e+00 -3.0007e+00 -3.0824e-01
177 +3.317886005e-02 +3.317886005e-02 -3.708068211e+02 -3.708068211e+02 +2.4398e+00 -7.6854e-01 -1.7987e+00 +1.9144e+00 +9.9618e-01 +1.6747e+00 -8.0463e-01 +1.8211e+00 -2.9982e+00 -2.8177e-01
188 +1.530220758e-02 +1.530220758e-02 -3.708246978e+02 -3.708246978e+02 +2.4727e+00 -6.5161e-01 -1.7376e+00 +1.9445e+00 +9.6069e-01 +1.4795e+00 -9.4280e-01 +1.7400e+00 -3.0018e+00 -2.5294e-01
265 +4.969802875e-03 +4.969802875e-03 -3.708350302e+02 -3.708350302e+02 +2.6717e+00 -4.9554e-01 -1.5896e+00 +2.0533e+00 +8.7922e-01 +1.0577e+00 -1.2122e+00 +1.6472e+00 -3.0612e+00 -2.4667e-01
276 +3.718358287e-03 +3.718358287e-03 -3.708362816e+02 -3.708362816e+02 +2.7035e+00 -5.3181e-01 -1.5843e+00 +2.0609e+00 +8.7951e-01 +1.0685e+00 -1.1969e+00 +1.6694e+00 -3.0746e+00 -2.6426e-01
331 +1.622276187e-03 +1.622276187e-03 -3.708383777e+02 -3.708383777e+02 +2.9267e+00 -7.6191e-01 -1.5338e+00 +2.1104e+00 +8.7090e-01 +1.1036e+00 -1.1232e+00 +1.8007e+00 -3.1692e+00 -3.8296e-01
342 +1.183470228e-03 +1.183470228e-03 -3.708388165e+02 -3.708388165e+02 +2.8696e+00 -7.0307e-01 -1.5467e+00 +2.0977e+00 +8.7312e-01 +1.0947e+00 -1.1420e+00 +1.7672e+00 -3.1450e+00 -3.5259e-01
364 +9.159029028e-04 +9.159029028e-04 -3.708390841e+02 -3.708390841e+02 +2.9037e+00 -7.1645e-01 -1.5270e+00 +2.0941e+00 +8.5663e-01 +1.0588e+00 -1.1686e+00 +1.7598e+00 -3.1617e+00 -3.7014e-01
408 +2.606237777e-04 +2.606237777e-04 -3.708397394e+02 -3.708397394e+02 +2.9972e+00 -7.2401e-01 -1.4622e+00 +2.0525e+00 +7.7927e-01 +8.9927e-01 -1.3060e+00 +1.6977e+00 -3.2153e+00 -4.2580e-01
419 +2.511585949e-04 +2.511585949e-04 -3.708397488e+02 -3.708397488e+02 +3.0009e+00 -7.2824e-01 -1.4631e+00 +2.0507e+00 +7.7746e-01 +9.0024e-01 -1.3061e+00 +1.7000e+00 -3.2176e+00 -4.2920e-01
452 +1.541852470e-04 +1.541852470e-04 -3.708398458e+02 -3.708398458e+02 +3.0074e+00 -7.7309e-01 -1.5147e+00 +2.0214e+00 +7.6793e-01 +9.6929e-01 -1.2713e+00 +1.7499e+00 -3.2301e+00 -4.5996e-01
540 +9.939877589e-05 +9.939877589e-05 -3.708399006e+02 -3.708399006e+02 +3.0339e+00 -7.4912e-01 -1.5415e+00 +2.0202e+00 +7.3950e-01 +9.4135e-01 -1.2952e+00 +1.7649e+00 -3.2304e+00 -4.6583e-01
584 +4.059718862e-05 +4.059718862e-05 -3.708399594e+02 -3.708399594e+02 +3.1124e+00 -7.7727e-01 -1.5001e+00 +2.0082e+00 +6.6096e-01 +8.8008e-01 -1.2949e+00 +1.7179e+00 -3.1760e+00 -4.6951e-01
595 +2.861513315e-05 +2.861513315e-05 -3.708399714e+02 -3.708399714e+02 +3.0950e+00 -7.7053e-01 -1.5154e+00 +2.0047e+00 +6.7092e-01 +8.9626e-01 -1.2931e+00 +1.7276e+00 -3.1823e+00 -4.6897e-01
628 +2.455077362e-05 +2.455077362e-05 -3.708399754e+02 -3.708399754e+02 +3.0811e+00 -7.6488e-01 -1.5390e+00 +1.9904e+00 +6.6516e-01 +9.1478e-01 -1.2870e+00 +1.7342e+00 -3.1766e+00 -4.6907e-01
716 +1.177798612e-05 +1.177798612e-05 -3.708399882e+02 -3.708399882e+02 +3.0993e+00 -7.6893e-01 -1.5491e+00 +1.9718e+00 +6.3593e-01 +9.0630e-01 -1.2762e+00 +1.7338e+00 -3.1629e+00 -4.7304e-01
727 +6.091964678e-06 +6.091964678e-06 -3.708399939e+02 -3.708399939e+02 +3.1207e+00 -7.7049e-01 -1.5636e+00 +1.9442e+00 +6.0014e-01 +8.9128e-01 -1.2579e+00 +1.7361e+00 -3.1501e+00 -4.7744e-01
749 +2.243566712e-06 +2.243566712e-06 -3.708399978e+02 -3.708399978e+02 +3.1203e+00 -7.6986e-01 -1.5577e+00 +1.9472e+00 +6.0762e-01 +8.8617e-01 -1.2550e+00 +1.7379e+00 -3.1574e+00 -4.7648e-01
782 +1.571523342e-06 +1.571523342e-06 -3.708399984e+02 -3.708399984e+02 +3.1233e+00 -7.6911e-01 -1.5566e+00 +1.9412e+00 +6.0404e-01 +8.7886e-01 -1.2462e+00 +1.7381e+00 -3.1578e+00 -4.7547e-01
958 +9.852578842e-07 +9.852578842e-07 -3.708399990e+02 -3.708399990e+02 +3.1171e+00 -7.7121e-01 -1.5571e+00 +1.9469e+00 +6.1292e-01 +8.7472e-01 -1.2422e+00 +1.7399e+00 -3.1515e+00 -4.6621e-01
980 +5.433322485e-07 +5.433322485e-07 -3.708399995e+02 -3.708399995e+02 +3.1085e+00 -7.7376e-01 -1.5672e+00 +1.9445e+00 +6.1851e-01 +8.7824e-01 -1.2382e+00 +1.7466e+00 -3.1490e+00 -4.6191e-01
1013 +3.732556024e-07 +3.732556024e-07 -3.708399996e+02 -3.708399996e+02 +3.0942e+00 -7.7585e-01 -1.5756e+00 +1.9387e+00 +6.2689e-01 +8.8252e-01 -1.2323e+00 +1.7507e+00 -3.1479e+00 -4.5666e-01
1057 +2.341394634e-07 +2.341394634e-07 -3.708399998e+02 -3.708399998e+02 +3.0996e+00 -7.8378e-01 -1.5808e+00 +1.9304e+00 +6.2057e-01 +8.7647e-01 -1.2339e+00 +1.7538e+00 -3.1482e+00 -4.6010e-01
1068 +1.513507186e-07 +1.513507186e-07 -3.708399998e+02 -3.708399998e+02 +3.1096e+00 -7.8832e-01 -1.5750e+00 +1.9327e+00 +6.1698e-01 +8.6775e-01 -1.2387e+00 +1.7524e+00 -3.1494e+00 -4.6279e-01
1090 +7.731733831e-08 +7.731733831e-08 -3.708399999e+02 -3.708399999e+02 +3.1156e+00 -7.9932e-01 -1.5730e+00 +1.9315e+00 +6.1718e-01 +8.5550e-01 -1.2422e+00 +1.7541e+00 -3.1500e+00 -4.6304e-01
