% function evaluation | noise-free fitness - Fopt (-5.465000000000e+02) | best noise-free fitness - Fopt | measured fitness | best measured fitness | x1 | x2...
1 +1.432642313e+05 +1.432642313e+05 +1.427177313e+05 +1.427177313e+05 -4.8585e+00 -3.8123e+00 +2.7185e+00 -4.9012e+00 -2.0275e-01 -3.1242e+00 +3.2215e+00 -6.7308e-02 -6.0946e-01 +6.8963e-01 -2.6727e+00 +3.5466e+00 -1.9866e+00 -1.9640e+00 -2.0659e+00 -5.0770e-01 +2.6606e+00 -2.8941e+00 +4.7346e+00 +4.7830e-01
22 +9.688008781e+04 +9.688008781e+04 +9.633358781e+04 +9.633358781e+04 -4.8163e+00 -3.7920e+00 +2.6995e+00 -4.8255e+00 -2.0414e-01 -3.1381e+00 +3.1380e+00 -4.4265e-02 -6.0944e-01 +7.3382e-01 -2.4968e+00 +3.5755e+00 -1.8573e+00 -2.0252e+00 -1.7970e+00 -6.0438e-01 +2.6286e+00 -2.9966e+00 +3.7346e+00 +8.5552e-01
43 +8.934864433e+03 +8.934864433e+03 +8.388364433e+03 +8.388364433e+03 -4.4861e+00 -3.6303e+00 +2.5560e+00 -4.2516e+00 -2.1785e-01 -3.2246e+00 +2.5348e+00 +1.0440e-01 -6.0928e-01 +1.0345e+00 -1.3292e+00 +3.6485e+00 -1.0250e+00 -2.3760e+00 -2.9648e-01 -1.0057e+00 +2.3128e+00 -2.6643e+00 -3.0463e-01 +1.5046e+00
64 +5.033331406e+03 +5.033331406e+03 +4.486831406e+03 +4.486831406e+03 -4.3002e+00 -3.5346e+00 +2.4818e+00 -3.9548e+00 -2.2929e-01 -3.2439e+00 +2.2634e+00 +1.4627e-01 -6.0916e-01 +1.1476e+00 -9.2143e-01 +3.5346e+00 -7.6278e-01 -2.4454e+00 -1.2661e-02 -1.0321e+00 +2.2058e+00 -2.3198e+00 -6.6338e-01 +1.5451e+00
85 +2.014881626e+03 +2.014881626e+03 +1.468381626e+03 +1.468381626e+03 -3.9357e+00 -3.3406e+00 +2.3451e+00 -3.4078e+00 -2.5535e-01 -3.2508e+00 +1.8081e+00 +1.8440e-01 -6.0896e-01 +1.3160e+00 -3.4450e-01 +3.2383e+00 -4.0787e-01 -2.5040e+00 +2.3148e-01 -1.0663e+00 +2.1174e+00 -2.0499e+00 -1.0334e+00 +1.6041e+00
106 +7.591938264e+02 +7.591938264e+02 +2.126938264e+02 +2.126938264e+02 -3.5526e+00 -3.1267e+00 +2.2149e+00 -2.8861e+00 -2.8698e-01 -3.2199e+00 +1.4201e+00 +2.1102e-01 -6.0871e-01 +1.4316e+00 +2.2838e-02 +2.9127e+00 -1.8936e-01 -2.5486e+00 +4.1626e-01 -1.0930e+00 +2.0535e+00 -1.8626e+00 -1.3292e+00 +1.6495e+00
127 +2.931227028e+02 +2.931227028e+02 -2.533772972e+02 -2.533772972e+02 -3.1966e+00 -2.9152e+00 +2.1105e+00 -2.4677e+00 -3.1940e-01 -3.1544e+00 +1.1569e+00 +2.3205e-01 -6.0847e-01 +1.5158e+00 +2.9137e-01 +2.6848e+00 -1.7953e-02 -2.5840e+00 +5.6134e-01 -1.1134e+00 +2.0027e+00 -1.7139e+00 -1.5596e+00 +1.6848e+00
148 +1.200060095e+02 +1.200060095e+02 -4.264939905e+02 -4.264939905e+02 -2.9157e+00 -2.7347e+00 +2.0452e+00 -2.2060e+00 -3.4612e-01 -3.0907e+00 +9.7790e-01 +2.4677e-01 -6.0821e-01 +1.5742e+00 +4.8251e-01 +2.5423e+00 +1.0144e-01 -2.6085e+00 +6.6152e-01 -1.1272e+00 +1.9673e+00 -1.6110e+00 -1.7194e+00 +1.7091e+00
169 +1.158229068e+01 +1.158229068e+01 -5.349177093e+02 -5.349177093e+02 -2.5169e+00 -2.4631e+00 +1.9537e+00 -1.8391e+00 -3.8366e-01 -3.0024e+00 +7.2267e-01 +2.6791e-01 -6.0779e-01 +1.6573e+00 +7.5426e-01 +2.3395e+00 +2.7158e-01 -2.6432e+00 +8.0436e-01 -1.1467e+00 +1.9170e+00 -1.4644e+00 -1.9465e+00 +1.7436e+00
190 +7.701291454e+00 +7.701291454e+00 -5.387987085e+02 -5.387987085e+02 -2.4611e+00 -2.4110e+00 +1.9396e+00 -1.7826e+00 -3.8914e-01 -2.9904e+00 +6.8326e-01 +2.7130e-01 -6.0770e-01 +1.6701e+00 +7.9604e-01 +2.3084e+00 +2.9772e-01 -2.6484e+00 +8.2628e-01 -1.1497e+00 +1.9093e+00 -1.4419e+00 -1.9812e+00 +1.7492e+00
211 +4.483831831e+00 +4.483831831e+00 -5.420161682e+02 -5.420161682e+02 -2.3863e+00 -2.3333e+00 +1.9201e+00 -1.7041e+00 -3.9697e-01 -2.9733e+00 +6.2842e-01 +2.7617e-01 -6.0755e-01 +1.6880e+00 +8.5396e-01 +2.2654e+00 +3.3393e-01 -2.6552e+00 +8.5653e-01 -1.1538e+00 +1.8988e+00 -1.4103e+00 -2.0291e+00 +1.7571e+00
316 +3.684510898e+00 +3.684510898e+00 -5.428154891e+02 -5.428154891e+02 -2.2742e+00 -2.2186e+00 +1.8980e+00 -1.6026e+00 -4.3153e-01 -2.9219e+00 +5.6050e-01 +3.0330e-01 -6.0460e-01 +1.7271e+00 +9.3225e-01 +2.2411e+00 +3.5535e-01 -2.6185e+00 +8.7221e-01 -1.1645e+00 +1.9061e+00 -1.3634e+00 -2.0646e+00 +1.7794e+00
799 +2.453368395e+00 +2.453368395e+00 -5.440466316e+02 -5.440466316e+02 -2.1279e+00 -2.2070e+00 +1.9072e+00 -1.4607e+00 -5.6933e-01 -2.7680e+00 +5.7738e-01 +3.9210e-01 -5.8560e-01 +1.8517e+00 +1.0044e+00 +2.3987e+00 +2.9741e-01 -2.5734e+00 +8.4290e-01 -1.2518e+00 +1.9082e+00 -1.3586e+00 -1.9023e+00 +1.7887e+00
14155 +1.569088729e+00 +1.569088729e+00 -5.449309113e+02 -5.449309113e+02 -2.0901e+00 -2.2287e+00 -6.9701e-02 +3.1145e-01 +5.5075e-01 +1.8925e-01 -1.6091e-01 +2.0847e-01 -2.5737e+00 -1.1378e-01 +1.4535e-01 +2.5875e+00 +2.3465e-01 -2.5643e+00 +8.2478e-01 -1.9939e+00 +1.7140e+00 -1.8214e+00 -1.8225e+00 +1.3258e+00
346060 +9.997535350e-01 +9.997535350e-01 -5.455002465e+02 -5.455002465e+02 -2.1154e+00 +4.3380e-01 -6.8864e-01 +1.0374e+00 +5.9628e-02 +5.4893e-02 -2.6393e+00 +1.9707e+00 -2.1294e+00 -7.9811e-03 +2.6332e+00 +1.9764e+00 +3.8862e-01 -4.3864e-01 +2.0531e+00 -6.6203e-01 +2.4641e+00 -2.0147e+00 -9.1534e-01 +1.2584e+00
% function evaluation | noise-free fitness - Fopt (1.000000000000e+03) | best noise-free fitness - Fopt | measured fitness | best measured fitness | x1 | x2...
1 +7.775095730e+04 +7.775095730e+04 +7.875095730e+04 +7.875095730e+04 +3.5980e+00 -1.4411e+00 +4.8800e+00 +2.0756e-01 -2.5404e-01 -4.2215e+00 -2.4274e+00 +4.4197e-03 +2.0377e+00 +1.9186e+00 -3.4805e+00 -2.9216e+00 +1.8093e+00 +1.0225e+00 -2.7969e+00 -5.5577e-01 +6.1592e-01 -3.4690e+00 -4.8956e+00 +1.5141e+00
22 +4.612498462e+04 +4.612498462e+04 +4.712498462e+04 +4.712498462e+04 +3.5499e+00 -1.3685e+00 +4.6952e+00 +1.9571e-01 -3.1250e-01 -3.9878e+00 -2.4274e+00 +4.9866e-02 +1.7891e+00 +1.6557e+00 -3.4268e+00 -2.8446e+00 +1.4787e+00 +6.5659e-01 -2.7970e+00 -6.4467e-01 +3.0009e-01 -3.0585e+00 -3.8956e+00 +1.5139e+00
43 +7.721605254e+03 +7.721605254e+03 +8.721605254e+03 +8.721605254e+03 +3.3130e+00 -1.0291e+00 +3.7866e+00 +1.6032e-01 -5.9121e-01 -2.8739e+00 -2.4273e+00 +2.3816e-01 +7.5708e-01 +5.6631e-01 -3.1502e+00 -2.4289e+00 +3.2980e-01 -5.7853e-01 -2.7966e+00 -9.2565e-01 -8.3243e-01 -2.5805e+00 -1.8484e+00 +1.5154e+00
64 +3.703720995e+03 +3.703720995e+03 +4.703720995e+03 +4.703720995e+03 +3.1751e+00 -8.6070e-01 +3.2558e+00 +1.5625e-01 -7.3899e-01 -2.2825e+00 -2.4274e+00 +3.0237e-01 +3.9862e-01 +1.8016e-01 -3.0015e+00 -2.2118e+00 +1.1467e-01 -7.2829e-01 -2.6987e+00 -9.5963e-01 -9.6559e-01 -2.5051e+00 -1.5997e+00 +1.5156e+00
85 +6.254919596e+02 +6.254919596e+02 +1.625491960e+03 +1.625491960e+03 +2.9206e+00 -5.9017e-01 +2.2826e+00 +1.5008e-01 -9.8492e-01 -1.2986e+00 -2.4274e+00 +3.7009e-01 +7.1927e-03 -2.6425e-01 -2.7858e+00 -1.9552e+00 -1.1848e-01 -9.2414e-01 -2.5515e+00 -1.0108e+00 -1.1700e+00 -2.4052e+00 -1.2185e+00 +1.5160e+00
106 +1.201587131e+02 +1.201587131e+02 +1.120158713e+03 +1.120158713e+03 +2.7671e+00 -4.4428e-01 +1.7523e+00 +1.4697e-01 -1.0918e+00 -8.7098e-01 -2.4272e+00 +3.9868e-01 -1.5624e-01 -4.4511e-01 -2.7043e+00 -1.8563e+00 -2.2953e-01 -1.0215e+00 -2.5026e+00 -1.0347e+00 -1.2652e+00 -2.3576e+00 -1.0399e+00 +1.5158e+00
127 +2.079680914e+01 +2.079680914e+01 +1.020796809e+03 +1.020796809e+03 +2.6684e+00 -3.6540e-01 +1.4644e+00 +1.4526e-01 -1.1389e+00 -6.8240e-01 -2.4271e+00 +4.1316e-01 -2.3915e-01 -5.3681e-01 -2.6638e+00 -1.8067e+00 -2.8562e-01 -1.0697e+00 -2.4773e+00 -1.0468e+00 -1.3132e+00 -2.3336e+00 -9.5058e-01 +1.5158e+00
148 +8.367431623e+00 +8.367431623e+00 +1.008367432e+03 +1.008367432e+03 +2.6101e+00 -3.3047e-01 +1.3377e+00 +1.4438e-01 -1.1604e+00 -5.9654e-01 -2.4272e+00 +4.1972e-01 -2.7677e-01 -5.7813e-01 -2.6452e+00 -1.7844e+00 -3.1128e-01 -1.0914e+00 -2.4656e+00 -1.0524e+00 -1.3350e+00 -2.3225e+00 -9.0981e-01 +1.5159e+00
169 +6.233229222e+00 +6.233229222e+00 +1.006233229e+03 +1.006233229e+03 +2.5825e+00 -3.2121e-01 +1.3049e+00 +1.4402e-01 -1.1666e+00 -5.7182e-01 -2.4273e+00 +4.2157e-01 -2.8745e-01 -5.8961e-01 -2.6397e+00 -1.7784e+00 -3.1881e-01 -1.0973e+00 -2.4619e+00 -1.0541e+00 -1.3411e+00 -2.3192e+00 -8.9803e-01 +1.5161e+00
190 +3.539383172e+00 +3.539383172e+00 +1.003539383e+03 +1.003539383e+03 +2.5008e+00 -2.9380e-01 +1.2081e+00 +1.4291e-01 -1.1852e+00 -4.9860e-01 -2.4277e+00 +4.2703e-01 -3.1891e-01 -6.2327e-01 -2.6232e+00 -1.7610e+00 -3.4127e-01 -1.1146e+00 -2.4508e+00 -1.0590e+00 -1.3590e+00 -2.3093e+00 -8.6314e-01 +1.5170e+00
421 +2.371388780e+00 +2.371388780e+00 +1.002371389e+03 +1.002371389e+03 +2.5019e+00 -2.6144e-01 +1.3610e+00 +9.1896e-02 -1.2427e+00 -4.1119e-01 -2.5206e+00 +4.1337e-01 -2.5066e-01 -4.3701e-01 -2.5035e+00 -1.9631e+00 -4.5148e-01 -1.0207e+00 -2.3063e+00 -1.0995e+00 -1.2858e+00 -2.2822e+00 -8.5335e-01 +1.6176e+00
1618 +1.584180307e+00 +1.584180307e+00 +1.001584180e+03 +1.001584180e+03 +2.5014e+00 -1.7621e-01 +1.4050e+00 +4.1791e-02 -1.2500e+00 -3.4231e-01 -2.7212e+00 +4.8465e-01 -2.9026e-01 -4.6108e-01 -2.5149e+00 -2.0051e+00 -3.7914e-01 -8.8539e-01 -2.4114e+00 -1.1294e+00 -1.3126e+00 -2.3023e+00 -8.4285e-01 +1.5604e+00
34231 +9.977385566e-01 +9.977385566e-01 +1.000997739e+03 +1.000997739e+03 -2.1393e+00 +2.0758e+00 -2.1036e+00 -1.2604e+00 -1.3380e+00 +2.3223e+00 +4.6429e-01 +2.7487e+00 -1.9452e+00 -1.4404e-02 -6.7640e-01 -6.2443e-01 -2.4889e+00 -2.0045e+00 -2.1107e+00 -2.1045e+00 -1.6797e+00 -1.2430e+00 -1.0892e+00 +1.9971e+00
% function evaluation | noise-free fitness - Fopt (2.083800000000e+02) | best noise-free fitness - Fopt | measured fitness | best measured fitness | x1 | x2...
1 +2.488737687e+05 +2.488737687e+05 +2.490821487e+05 +2.490821487e+05 -4.2959e+00 -2.5695e+00 +4.6143e+00 -3.2081e-01 +2.4447e+00 -8.6546e-01 +4.9215e+00 -2.2553e+00 +3.4582e+00 -3.4380e+00 +1.4288e+00 -2.4513e-01 -4.3325e+00 -2.1649e+00 +2.4155e+00 +3.4214e+00 +4.4094e+00 -1.2318e+00 -1.3729e+00 -4.3656e+00
43 +1.367450129e+04 +1.367450129e+04 +1.388288129e+04 +1.388288129e+04 -3.9940e+00 -2.6219e+00 +4.4055e+00 -3.2081e-01 +2.4450e+00 -1.0147e+00 +4.3757e+00 -1.6724e+00 +1.4966e+00 -1.5575e+00 +1.4607e+00 -3.3468e-01 -3.4044e+00 -1.8577e+00 +2.8321e+00 +7.7794e-01 +3.5539e+00 -1.0108e-01 +1.5211e+00 +9.9913e-01
64 +5.201072612e+03 +5.201072612e+03 +5.409452612e+03 +5.409452612e+03 -3.8375e+00 -2.6478e+00 +4.3025e+00 -3.2078e-01 +2.4452e+00 -1.0819e+00 +4.1205e+00 -1.4902e+00 +8.3003e-01 -9.2220e-01 +1.4834e+00 -3.0651e-01 -3.1508e+00 -1.7765e+00 +2.7266e+00 +2.3041e-01 +3.1616e+00 +9.9316e-02 +1.6645e+00 +1.2962e+00
85 +7.617588651e+02 +7.617588651e+02 +9.701388651e+02 +9.701388651e+02 -3.5390e+00 -2.6954e+00 +4.1133e+00 -3.2068e-01 +2.4455e+00 -1.1955e+00 +3.6807e+00 -1.2607e+00 -6.7694e-02 -7.1539e-02 +1.5254e+00 -2.1459e-01 -2.8404e+00 -1.6473e+00 +2.4518e+00 -3.1736e-01 +2.6441e+00 +3.4287e-01 +1.8555e+00 +1.6840e+00
106 +5.240824867e+02 +5.240824867e+02 +7.324624867e+02 +7.324624867e+02 -3.4181e+00 -2.7022e+00 +4.0418e+00 -3.2060e-01 +2.4457e+00 -1.2291e+00 +3.5482e+00 -1.2345e+00 -1.7000e-01 +1.9179e-02 +1.5379e+00 -1.7229e-01 -2.8073e+00 -1.6265e+00 +2.3971e+00 -3.8050e-01 +2.5917e+00 +3.6918e-01 +1.8810e+00 +1.7349e+00
127 +1.760982530e+02 +1.760982530e+02 +3.844782530e+02 +3.844782530e+02 -3.0706e+00 -2.7030e+00 +3.8415e+00 -3.2030e-01 +2.4461e+00 -1.3128e+00 +3.2185e+00 -1.1781e+00 -3.8871e-01 +2.2372e-01 +1.5651e+00 -8.2533e-02 -2.7295e+00 -1.5908e+00 +2.3221e+00 -5.2888e-01 +2.4683e+00 +4.3029e-01 +1.9399e+00 +1.8533e+00
148 +8.898988327e+01 +8.898988327e+01 +2.973698833e+02 +2.973698833e+02 -2.8582e+00 -2.6802e+00 +3.7252e+00 -3.2009e-01 +2.4464e+00 -1.3509e+00 +3.0697e+00 -1.1484e+00 -5.0477e-01 +3.3199e-01 +1.5776e+00 -4.2531e-02 -2.6883e+00 -1.5715e+00 +2.2814e+00 -6.0719e-01 +2.4035e+00 +4.6218e-01 +1.9707e+00 +1.9151e+00
169 +3.994874170e+01 +3.994874170e+01 +2.483287417e+02 +2.483287417e+02 -2.5798e+00 -2.6205e+00 +3.5798e+00 -3.1980e-01 +2.4469e+00 -1.4007e+00 +2.8756e+00 -1.1101e+00 -6.5533e-01 +4.7213e-01 +1.5939e+00 +9.5802e-03 -2.6350e+00 -1.5462e+00 +2.2282e+00 -7.0829e-01 +2.3201e+00 +5.0317e-01 +2.0103e+00 +1.9949e+00
190 +3.187116492e+01 +3.187116492e+01 +2.402511649e+02 +2.402511649e+02 -2.5248e+00 -2.5811e+00 +3.5506e+00 -3.1974e-01 +2.4479e+00 -1.4074e+00 +2.8374e+00 -1.1007e+00 -6.8461e-01 +4.9913e-01 +1.5971e+00 +2.0024e-02 -2.6246e+00 -1.5410e+00 +2.2175e+00 -7.2768e-01 +2.3041e+00 +5.1090e-01 +2.0180e+00 +2.0106e+00
211 +1.289303106e+01 +1.289303106e+01 +2.212730311e+02 +2.212730311e+02 -2.4340e+00 -2.4503e+00 +3.4968e+00 -3.1961e-01 +2.4526e+00 -1.4088e+00 +2.7733e+00 -1.0810e+00 -7.3263e-01 +5.4290e-01 +1.6022e+00 +3.7913e-02 -2.6076e+00 -1.5320e+00 +2.1990e+00 -7.5891e-01 +2.2787e+00 +5.2296e-01 +2.0308e+00 +2.0368e+00
232 +4.300078345e+00 +4.300078345e+00 +2.126800783e+02 +2.126800783e+02 -2.3546e+00 -2.3103e+00 +3.4479e+00 -3.1949e-01 +2.4585e+00 -1.4035e+00 +2.7176e+00 -1.0623e+00 -7.7387e-01 +5.8030e-01 +1.6065e+00 +5.3685e-02 -2.5929e+00 -1.5239e+00 +2.1827e+00 -7.8549e-01 +2.2571e+00 +5.3300e-01 +2.0420e+00 +2.0597e+00
295 +3.914192274e+00 +3.914192274e+00 +2.122941923e+02 +2.122941923e+02 -2.3529e+00 -2.2847e+00 +3.4458e+00 -3.1957e-01 +2.4635e+00 -1.3868e+00 +2.7194e+00 -1.0622e+00 -7.7099e-01 +5.7761e-01 +1.6057e+00 +5.3523e-02 -2.5939e+00 -1.5237e+00 +2.1837e+00 -7.8334e-01 +2.2593e+00 +5.3145e-01 +2.0426e+00 +2.0600e+00
862 +2.443143352e+00 +2.443143352e+00 +2.108231434e+02 +2.108231434e+02 -2.4136e+00 -2.3180e+00 +3.4334e+00 -3.3004e-01 +2.5568e+00 -1.2972e+00 +2.9114e+00 -1.1099e+00 -6.0608e-01 +3.9981e-01 +1.5458e+00 -2.5909e-02 -2.6419e+00 -1.5021e+00 +2.2593e+00 -6.3428e-01 +2.4214e+00 +3.8116e-01 +2.1119e+00 +2.0685e+00
1345 +1.584553865e+00 +1.584553865e+00 +2.099645539e+02 +2.099645539e+02 -2.1884e+00 -2.2426e+00 +3.2484e+00 -3.5039e-01 +2.6210e+00 -1.4076e+00 +2.8673e+00 -1.1015e+00 -6.7426e-01 +3.9759e-01 +1.5285e+00 -1.1617e-01 -2.6287e+00 -1.4640e+00 +2.2356e+00 -6.0469e-01 +2.4989e+00 +3.6190e-01 +2.1882e+00 +2.0617e+00
190723 +9.926617224e-01 +9.926617224e-01 +2.093726617e+02 +2.093726617e+02 -1.0308e+00 -1.0014e+00 +2.7546e+00 -9.7892e-01 -7.3805e-01 +2.7971e+00 +1.1786e+00 +2.3110e+00 -2.0660e+00 -5.5375e-01 +2.7715e+00 +8.9141e-02 -8.5178e-01 -2.4180e+00 +4.7413e-01 -1.0393e+00 +2.3393e+00 +7.5612e-01 +2.4243e+00 +2.0171e+00
% function evaluation | noise-free fitness - Fopt (-1.449600000000e+02) | best noise-free fitness - Fopt | measured fitness | best measured fitness | x1 | x2...
1 +1.829877055e+05 +1.829877055e+05 +1.828427455e+05 +1.828427455e+05 +2.2492e+00 -1.1150e+00 +8.8428e-02 +4.2708e+00 -5.8997e-01 +1.1361e+00 +1.0666e+00 -3.6617e+00 -4.7074e+00 +4.1000e+00 +9.5921e-01 -2.5761e+00 -1.8952e+00 +8.4221e-01 -1.4453e+00 +2.4726e+00 -4.0970e+00 +4.7818e+00 -9.9397e-03 +1.3337e+00
22 +1.204520291e+05 +1.204520291e+05 +1.203070691e+05 +1.203070691e+05 +2.2492e+00 -1.1150e+00 +6.2224e-02 +4.1660e+00 -5.9000e-01 +1.1387e+00 +1.0073e+00 -3.4803e+00 -4.6077e+00 +3.9301e+00 +1.0176e+00 -2.2683e+00 -1.5926e+00 +9.2250e-01 -1.2009e+00 +2.3932e+00 -3.9993e+00 +3.7818e+00 +6.1778e-01 +7.4033e-01
43 +1.124743452e+04 +1.124743452e+04 +1.110247452e+04 +1.110247452e+04 +2.2494e+00 -1.1150e+00 -1.1175e-01 +3.4699e+00 -5.9028e-01 +1.1465e+00 +6.6539e-01 -2.3253e+00 -3.9928e+00 +2.9126e+00 +1.3292e+00 -6.3028e-01 -5.6648e-02 +1.1049e+00 +4.3263e-02 +1.8953e+00 -2.9129e+00 -1.9726e-02 +1.7279e+00 -8.7862e-01
64 +4.581633335e+03 +4.581633335e+03 +4.436673335e+03 +4.436673335e+03 +2.2495e+00 -1.1149e+00 -2.0997e-01 +3.0767e+00 -5.9039e-01 +1.1471e+00 +5.0779e-01 -1.7500e+00 -3.7106e+00 +2.4966e+00 +1.4136e+00 -1.8711e-01 +3.6019e-01 +1.1665e+00 +3.5201e-01 +1.7395e+00 -2.4229e+00 -5.6585e-01 +1.8111e+00 -1.0203e+00
85 +1.625440937e+03 +1.625440937e+03 +1.480480937e+03 +1.480480937e+03 +2.2496e+00 -1.1149e+00 -3.3520e-01 +2.5758e+00 -5.9039e-01 +1.1478e+00 +3.2870e-01 -1.0954e+00 -3.4039e+00 +2.1090e+00 +1.4623e+00 +6.5497e-02 +5.8957e-01 +1.1930e+00 +4.9747e-01 +1.6596e+00 -2.1805e+00 -8.8585e-01 +1.8882e+00 -1.1368e+00
106 +2.749700716e+02 +2.749700716e+02 +1.300100716e+02 +1.300100716e+02 +2.2499e+00 -1.1149e+00 -4.8219e-01 +1.9880e+00 -5.9023e-01 +1.1485e+00 +1.4618e-01 -4.3320e-01 -3.0972e+00 +1.8152e+00 +1.5026e+00 +2.7532e-01 +7.8381e-01 +1.2179e+00 +6.3411e-01 +1.5915e+00 -1.9820e+00 -1.1942e+00 +1.9611e+00 -1.2468e+00
127 +7.151790964e+01 +7.151790964e+01 -7.344209036e+01 -7.344209036e+01 +2.2500e+00 -1.1148e+00 -5.5733e-01 +1.6876e+00 -5.9010e-01 +1.1487e+00 +7.8760e-02 -1.9525e-01 -2.9562e+00 +1.7004e+00 +1.5199e+00 +3.6460e-01 +8.6618e-01 +1.2284e+00 +6.9218e-01 +1.5625e+00 -1.8974e+00 -1.3238e+00 +1.9918e+00 -1.2932e+00
148 +8.937280394e+00 +8.937280394e+00 -1.360227196e+02 -1.360227196e+02 +2.2503e+00 -1.1148e+00 -6.1592e-01 +1.4531e+00 -5.9005e-01 +1.1489e+00 +3.2780e-02 -3.2594e-02 -2.8586e+00 +1.6169e+00 +1.5326e+00 +4.2948e-01 +9.2580e-01 +1.2360e+00 +7.3461e-01 +1.5413e+00 -1.8356e+00 -1.4181e+00 +2.0137e+00 -1.3266e+00
169 +4.348320313e+00 +4.348320313e+00 -1.406116797e+02 -1.406116797e+02 +2.2504e+00 -1.1148e+00 -6.3596e-01 +1.3730e+00 -5.9010e-01 +1.1490e+00 +1.7301e-02 +2.3206e-02 -2.8278e+00 +1.5886e+00 +1.5370e+00 +4.5127e-01 +9.4577e-01 +1.2384e+00 +7.4905e-01 +1.5342e+00 -1.8147e+00 -1.4500e+00 +2.0209e+00 -1.3378e+00
274 +3.619117985e+00 +3.619117985e+00 -1.413408820e+02 -1.413408820e+02 +2.2861e+00 -1.1107e+00 -6.7311e-01 +1.2651e+00 -6.1817e-01 +1.1451e+00 +4.4777e-02 +1.0830e-01 -2.7147e+00 +1.5892e+00 +1.5846e+00 +3.9596e-01 +8.8637e-01 +1.2016e+00 +7.9294e-01 +1.5556e+00 -1.8346e+00 -1.4264e+00 +1.9462e+00 -1.3125e+00
1261 +2.485132622e+00 +2.485132622e+00 -1.424748674e+02 -1.424748674e+02 +2.4990e+00 -1.1555e+00 -8.2525e-01 +7.6174e-01 -7.2954e-01 +1.1361e+00 +1.7896e-01 +3.2649e-01 -2.5774e+00 +1.3079e+00 +1.7083e+00 +3.6140e-01 +8.0145e-01 +1.1790e+00 +7.7515e-01 +1.5248e+00 -1.7987e+00 -1.3846e+00 +1.9335e+00 -1.2933e+00
9724 +1.579458011e+00 +1.579458011e+00 -1.433805420e+02 -1.433805420e+02 +2.4965e+00 +1.0828e+00 +1.1455e+00 -2.9300e+00 -1.1607e+00 +1.0336e+00 +2.1071e-01 +3.2477e-01 -2.8487e-01 -1.1043e-01 +2.6674e+00 +1.9645e+00 +3.8952e-01 +2.5390e+00 +2.0009e+00 +2.7452e-01 -2.1260e+00 -2.1046e+00 +9.3412e-01 -2.0568e+00
326278 +9.965997886e-01 +9.965997886e-01 -1.439634002e+02 -1.439634002e+02 -2.1103e+00 +2.2320e+00 -3.1838e+00 -1.8208e+00 -2.1979e+00 +2.0801e+00 +3.9647e-01 +2.7170e+00 +2.7034e-01 +6.0427e-01 +1.8827e+00 +7.6482e-01 +6.8684e-01 +2.4669e+00 +8.5474e-01 +9.7060e-01 -1.0199e+00 -2.3791e+00 +2.0326e+00 -1.7792e+00
% function evaluation | noise-free fitness - Fopt (-6.300000000000e+00) | best noise-free fitness - Fopt | measured fitness | best measured fitness | x1 | x2...
1 +7.120738531e+04 +7.120738531e+04 +7.120108531e+04 +7.120108531e+04 -4.5756e+00 +3.8965e+00 -5.0318e-01 +1.9454e-02 -3.8023e+00 +4.2833e+00 -4.6456e+00 -2.1672e+00 -3.1407e+00 +4.1325e+00 -4.8989e+00 -2.5143e+00 +4.9808e-01 +1.3881e+00 -3.0896e+00 +1.8043e+00 -2.1730e+00 -2.7865e+00 -1.8525e+00 -3.7554e+00
22 +4.118783159e+04 +4.118783159e+04 +4.118153159e+04 +4.118153159e+04 -4.3692e+00 +3.6390e+00 -5.0314e-01 -4.5389e-03 -3.7863e+00 +3.7800e+00 -3.9169e+00 -2.2751e+00 -2.7338e+00 +3.8561e+00 -4.2903e+00 -1.9985e+00 +4.9450e-02 +1.3288e+00 -2.8518e+00 +1.8044e+00 -2.0981e+00 -2.4868e+00 -1.6028e+00 -2.7554e+00
43 +5.094072571e+03 +5.094072571e+03 +5.087772571e+03 +5.087772571e+03 -3.6289e+00 +2.7093e+00 -5.0289e-01 -9.8521e-02 -3.6621e+00 +2.1739e+00 -1.5333e+00 -2.6207e+00 -1.4100e+00 +3.0826e+00 -2.4433e+00 -5.4136e-01 -9.8729e-01 +1.1978e+00 -2.3261e+00 +1.8055e+00 -1.9929e+00 -2.0625e+00 -1.4247e+00 -2.0412e+00
64 +1.215187447e+03 +1.215187447e+03 +1.208887447e+03 +1.208887447e+03 -3.2082e+00 +2.1703e+00 -5.0280e-01 -1.6352e-01 -3.4888e+00 +1.5806e+00 -5.4910e-01 -2.7487e+00 -9.0975e-01 +2.8780e+00 -1.9062e+00 -1.2872e-01 -1.1958e+00 +1.1711e+00 -2.2200e+00 +1.8057e+00 -1.9710e+00 -1.9733e+00 -1.3824e+00 -1.8718e+00
85 +4.456056747e+02 +4.456056747e+02 +4.393056747e+02 +4.393056747e+02 -2.9209e+00 +1.7922e+00 -5.0287e-01 -2.1386e-01 -3.3141e+00 +1.3731e+00 -1.4104e-01 -2.7882e+00 -7.5724e-01 +2.8048e+00 -1.7257e+00 +1.2275e-02 -1.2862e+00 +1.1595e+00 -2.1745e+00 +1.8056e+00 -1.9615e+00 -1.9343e+00 -1.3632e+00 -1.7947e+00
106 +7.484739774e+01 +7.484739774e+01 +6.854739774e+01 +6.854739774e+01 -2.6277e+00 +1.3933e+00 -5.0303e-01 -2.6717e-01 -3.1242e+00 +1.2154e+00 +1.3127e-01 -2.8202e+00 -6.3189e-01 +2.7437e+00 -1.5742e+00 +1.3099e-01 -1.3611e+00 +1.1498e+00 -2.1370e+00 +1.8053e+00 -1.9535e+00 -1.9017e+00 -1.3472e+00 -1.7293e+00
127 +6.164746271e+00 +6.164746271e+00 -1.352537286e-01 -1.352537286e-01 -2.4436e+00 +1.1282e+00 -5.0311e-01 -3.0129e-01 -3.0036e+00 +1.1125e+00 +3.0892e-01 -2.8409e+00 -5.4999e-01 +2.7039e+00 -1.4753e+00 +2.0855e-01 -1.4096e+00 +1.1434e+00 -2.1126e+00 +1.8048e+00 -1.9482e+00 -1.8801e+00 -1.3367e+00 -1.6868e+00
274 +3.436648488e+00 +3.436648488e+00 -2.863351512e+00 -2.863351512e+00 -2.3133e+00 +8.4511e-01 -4.8546e-01 -4.0019e-01 -2.8353e+00 +9.3090e-01 +4.6244e-01 -2.5160e+00 -3.7280e-01 +2.6865e+00 -1.3103e+00 +3.9153e-01 -1.4734e+00 +1.1072e+00 -2.0887e+00 +1.7175e+00 -1.9027e+00 -1.7534e+00 -1.3105e+00 -1.6688e+00
547 +2.426477505e+00 +2.426477505e+00 -3.873522495e+00 -3.873522495e+00 -2.4830e+00 +9.9206e-01 -4.4407e-01 -4.7683e-01 -2.8179e+00 +8.5358e-01 +3.5824e-01 -2.4992e+00 -2.5044e-01 +2.7403e+00 -1.3695e+00 +4.5416e-01 -1.4388e+00 +1.0191e+00 -2.0398e+00 +1.6154e+00 -1.7908e+00 -1.7766e+00 -1.2497e+00 -1.6653e+00
4789 +1.566957451e+00 +1.566957451e+00 -4.733042549e+00 -4.733042549e+00 -2.5005e+00 -3.2535e+00 +1.6962e+00 +4.4108e-04 -2.7214e+00 +1.1542e-01 +2.6652e+00 +1.0509e+00 +2.8988e+00 +8.7201e-01 -2.4304e+00 +1.1542e-01 -2.6074e+00 +2.9620e-01 -2.5635e+00 +5.2869e-01 -1.4454e+00 -9.8980e-01 -1.4632e+00 -2.2894e+00
% function evaluation | noise-free fitness - Fopt (-1.449600000000e+02) | best noise-free fitness - Fopt | measured fitness | best measured fitness | x1 | x2...
1 +9.750824952e+04 +9.750824952e+04 +9.736328952e+04 +9.736328952e+04 +4.7855e-01 +2.5293e+00 +2.0868e+00 -4.3620e+00 +4.2965e+00 -1.1601e+00 +2.5698e+00 -2.5124e+00 -2.1890e-01 +4.9639e+00 -3.2863e+00 +3.1441e+00 -2.1555e+00 -3.2338e+00 -1.1664e+00 +3.2293e+00 -2.7306e+00 +1.3931e+00 +1.7078e+00 -3.9054e-01
22 +5.878683700e+04 +5.878683700e+04 +5.864187700e+04 +5.864187700e+04 +4.6764e-01 +2.4690e+00 +2.0335e+00 -4.3471e+00 +4.1211e+00 -1.0017e+00 +2.3096e+00 -2.2416e+00 -1.7518e-01 +4.7751e+00 -2.9886e+00 +3.2219e+00 -1.6312e+00 -2.2338e+00 -5.8732e-01 +3.1383e+00 -2.6515e+00 +8.4719e-01 +1.7445e+00 -5.3686e-01
43 +4.078831987e+03 +4.078831987e+03 +3.933871987e+03 +3.933871987e+03 +4.0509e-01 +2.1203e+00 +1.7280e+00 -4.2117e+00 +3.1635e+00 -2.4284e-01 +1.0342e+00 -8.9087e-01 +6.7768e-02 +3.7352e+00 -1.4813e+00 +3.4185e+00 -1.9035e-01 +7.5633e-01 +7.1310e-01 +2.4505e+00 -1.9449e+00 -4.8536e-01 +1.7711e+00 -6.5175e-01
64 +1.523982679e+03 +1.523982679e+03 +1.379022679e+03 +1.379022679e+03 +3.7739e-01 +1.9611e+00 +1.5888e+00 -4.0867e+00 +2.7860e+00 -7.1057e-02 +7.0261e-01 -5.0405e-01 +1.5075e-01 +3.3444e+00 -1.0539e+00 +3.3003e+00 -1.0175e-01 +9.4277e-01 +7.8952e-01 +2.4029e+00 -1.9007e+00 -5.8408e-01 +1.8039e+00 -7.8391e-01
85 +3.470601108e+02 +3.470601108e+02 +2.021001108e+02 +2.021001108e+02 +3.4044e-01 +1.7411e+00 +1.3909e+00 -3.8483e+00 +2.3002e+00 +2.5688e-02 +4.3057e-01 -1.4362e-01 +2.2096e-01 +2.9156e+00 -6.2079e-01 +3.0709e+00 -4.9053e-03 +1.1439e+00 +8.7527e-01 +2.3554e+00 -1.8527e+00 -6.7468e-01 +1.8109e+00 -8.1351e-01
106 +1.476772525e+02 +1.476772525e+02 +2.717252521e+00 +2.717252521e+00 +3.2540e-01 +1.6418e+00 +1.2911e+00 -3.6783e+00 +2.0769e+00 +5.7315e-02 +3.5577e-01 -4.3138e-02 +2.1403e-01 +2.8121e+00 -5.1885e-01 +2.9658e+00 +2.6923e-02 +1.2087e+00 +9.0311e-01 +2.3406e+00 -1.8379e+00 -7.0525e-01 +1.8144e+00 -8.2730e-01
127 +2.226138238e+01 +2.226138238e+01 -1.226986176e+02 -1.226986176e+02 +3.0970e-01 +1.5221e+00 +1.1507e+00 -3.4030e+00 +1.7899e+00 +9.9623e-02 +2.5591e-01 +8.9224e-02 +2.1247e-01 +2.6720e+00 -3.7659e-01 +2.8774e+00 +6.9587e-02 +1.2951e+00 +9.3961e-01 +2.3212e+00 -1.8180e+00 -7.4622e-01 +1.8192e+00 -8.4529e-01
148 +6.147188712e+00 +6.147188712e+00 -1.388128113e+02 -1.388128113e+02 +3.0403e-01 +1.4769e+00 +1.0970e+00 -3.2792e+00 +1.6957e+00 +1.1581e-01 +2.1812e-01 +1.3862e-01 +2.1461e-01 +2.6195e+00 -3.2332e-01 +2.8432e+00 +8.5718e-02 +1.3273e+00 +9.5305e-01 +2.3144e+00 -1.8107e+00 -7.6191e-01 +1.8212e+00 -8.5222e-01
253 +3.744617651e+00 +3.744617651e+00 -1.412153823e+02 -1.412153823e+02 +2.9291e-01 +1.4089e+00 +1.0269e+00 -2.9506e+00 +1.4809e+00 +2.0991e-01 +6.8482e-02 +3.0213e-01 +2.7200e-01 +2.5190e+00 -1.8784e-01 +2.7034e+00 +1.7948e-01 +1.4250e+00 +9.9525e-01 +2.3532e+00 -1.7841e+00 -8.8783e-01 +1.8554e+00 -8.8146e-01
589 +2.451040462e+00 +2.451040462e+00 -1.425089595e+02 -1.425089595e+02 +2.9317e-01 +1.4808e+00 +1.0856e+00 -2.8139e+00 +1.4625e+00 +3.2829e-01 -4.6547e-02 +3.2113e-01 +2.8853e-01 +2.6515e+00 -4.8942e-02 +2.6330e+00 +2.4065e-01 +1.4298e+00 +1.1075e+00 +2.4003e+00 -1.6708e+00 -9.0681e-01 +1.8272e+00 -1.0485e+00
9157 +1.531550587e+00 +1.531550587e+00 -1.434284494e+02 -1.434284494e+02 -2.1579e+00 -2.0956e+00 +1.9820e+00 -2.2572e+00 +1.0759e+00 +1.5851e-01 -6.2594e-02 +1.9572e+00 -2.0870e+00 +2.1816e+00 +1.0945e-01 +1.1507e+00 +1.1514e-01 +2.5498e+00 +4.3334e-01 +2.5638e+00 -2.4251e-01 -2.5798e+00 +1.9704e+00 -2.1294e+00
189421 +9.967481446e-01 +9.967481446e-01 -1.439632519e+02 -1.439632519e+02 -2.1407e+00 -2.0524e+00 -2.1332e+00 +9.3869e-01 -2.8853e+00 +1.8942e+00 -2.1707e+00 +1.3591e+00 -1.6338e+00 +1.2534e-01 +1.1124e+00 +4.9174e-01 +1.1851e+00 +6.9073e-01 +1.9926e+00 +6.7553e-01 -2.4622e+00 -2.0183e+00 +2.1298e+00 -9.6225e-01
% function evaluation | noise-free fitness - Fopt (-6.300000000000e+00) | best noise-free fitness - Fopt | measured fitness | best measured fitness | x1 | x2...
1 +9.277684092e+04 +9.277684092e+04 +9.277054092e+04 +9.277054092e+04 -4.1661e+00 +2.2003e+00 +1.7586e-01 -5.4378e-01 +3.2661e+00 -2.9591e+00 -3.7633e+00 +3.4078e+00 +4.3160e+00 +2.8390e+00 +4.9102e+00 +1.3803e+00 -3.0615e+00 +2.0771e+00 +1.5774e+00 +4.3352e-01 +7.9572e-01 -3.8793e+00 -4.2566e+00 -2.1939e+00
22 +5.448198735e+04 +5.448198735e+04 +5.447568735e+04 +5.447568735e+04 -4.0752e+00 +2.1250e+00 +1.7580e-01 -5.0115e-01 +3.0958e+00 -3.0141e+00 -3.4429e+00 +3.0231e+00 +4.2145e+00 +2.8597e+00 +4.2764e+00 +1.3718e+00 -2.9513e+00 +2.1719e+00 +1.1220e+00 +7.4850e-01 +3.9904e-01 -3.3341e+00 -3.2566e+00 -1.9760e+00
43 +1.028943411e+04 +1.028943411e+04 +1.028313411e+04 +1.028313411e+04 -3.7004e+00 +1.8183e+00 +1.7556e-01 -3.3015e-01 +2.4126e+00 -3.2142e+00 -2.2665e+00 +1.5910e+00 +3.7659e+00 +2.8140e+00 +2.0422e+00 +1.2513e+00 -2.5656e+00 +2.3368e+00 -4.5787e-02 +1.2389e+00 -7.2835e-01 -2.4892e+00 -1.7627e+00 -2.2420e+00
64 +2.744037581e+03 +2.744037581e+03 +2.737737581e+03 +2.737737581e+03 -3.4271e+00 +1.6009e+00 +1.7546e-01 -2.1420e-01 +1.9490e+00 -3.3167e+00 -1.6419e+00 +7.8991e-01 +3.4159e+00 +2.6180e+00 +9.2971e-01 +1.2187e+00 -2.4255e+00 +2.2739e+00 -3.1956e-01 +1.3493e+00 -9.7127e-01 -2.2979e+00 -1.4234e+00 -2.2878e+00
85 +5.489455596e+02 +5.489455596e+02 +5.426455596e+02 +5.426455596e+02 -3.1361e+00 +1.3775e+00 +1.7545e-01 -1.0124e-01 +1.4967e+00 -3.3822e+00 -1.2105e+00 +1.7447e-01 +3.0637e+00 +2.3237e+00 +2.1455e-01 +1.1985e+00 -2.3371e+00 +2.2240e+00 -5.1451e-01 +1.4336e+00 -1.1531e+00 -2.1534e+00 -1.1659e+00 -2.3197e+00
106 +2.099481544e+02 +2.099481544e+02 +2.036481544e+02 +2.036481544e+02 -2.9681e+00 +1.2569e+00 +1.7553e-01 -4.5457e-02 +1.2781e+00 -3.3810e+00 -1.0800e+00 -8.2670e-03 +2.9085e+00 +2.1769e+00 +3.0851e-04 +1.1917e+00 -2.3083e+00 +2.2157e+00 -5.8251e-01 +1.4630e+00 -1.2165e+00 -2.1027e+00 -1.0754e+00 -2.3302e+00
127 +6.732155331e+01 +6.732155331e+01 +6.102155331e+01 +6.102155331e+01 -2.7867e+00 +1.1354e+00 +1.7569e-01 +7.0230e-03 +1.0799e+00 -3.3472e+00 -9.7412e-01 -1.4860e-01 +2.7960e+00 +2.0805e+00 -1.8028e-01 +1.1861e+00 -2.2842e+00 +2.2081e+00 -6.3888e-01 +1.4874e+00 -1.2694e+00 -2.0603e+00 -1.0002e+00 -2.3392e+00
148 +2.505715937e+01 +2.505715937e+01 +1.875715937e+01 +1.875715937e+01 -2.6478e+00 +1.0517e+00 +1.7591e-01 +4.0467e-02 +9.6121e-01 -3.2946e+00 -9.0509e-01 -2.4148e-01 +2.7286e+00 +2.0231e+00 -2.9689e-01 +1.1824e+00 -2.2688e+00 +2.2027e+00 -6.7492e-01 +1.5031e+00 -1.3031e+00 -2.0326e+00 -9.5139e-01 -2.3454e+00
169 +1.202448846e+01 +1.202448846e+01 +5.724488463e+00 +5.724488463e+00 -2.5715e+00 +1.0153e+00 +1.7612e-01 +5.4978e-02 +9.1642e-01 -3.2447e+00 -8.7364e-01 -2.8369e-01 +2.6964e+00 +1.9952e+00 -3.4914e-01 +1.1808e+00 -2.2619e+00 +2.1998e+00 -6.9079e-01 +1.5102e+00 -1.3179e+00 -2.0199e+00 -9.2951e-01 -2.3484e+00
190 +4.569398497e+00 +4.569398497e+00 -1.730601503e+00 -1.730601503e+00 -2.4804e+00 +9.7298e-01 +1.7648e-01 +7.2304e-02 +8.6596e-01 -3.1730e+00 -8.3677e-01 -3.3302e-01 +2.6581e+00 +1.9620e+00 -4.0970e-01 +1.1788e+00 -2.2542e+00 +2.1960e+00 -7.0905e-01 +1.5185e+00 -1.3349e+00 -2.0049e+00 -9.0420e-01 -2.3523e+00
211 +3.883509498e+00 +3.883509498e+00 -2.416490502e+00 -2.416490502e+00 -2.4606e+00 +9.6352e-01 +1.7667e-01 +7.6156e-02 +8.5631e-01 -3.1508e+00 -8.2877e-01 -3.4357e-01 +2.6495e+00 +1.9547e+00 -4.2232e-01 +1.1783e+00 -2.2527e+00 +2.1948e+00 -7.1275e-01 +1.5204e+00 -1.3384e+00 -2.0014e+00 -8.9905e-01 -2.3534e+00
442 +2.506912112e+00 +2.506912112e+00 -3.793087888e+00 -3.793087888e+00 -2.5042e+00 +1.0428e+00 +2.2107e-01 +5.8147e-02 +9.8900e-01 -2.9671e+00 -7.6281e-01 -3.6355e-01 +2.6018e+00 +1.9805e+00 -3.6068e-01 +1.1542e+00 -2.3122e+00 +2.0570e+00 -6.6891e-01 +1.5722e+00 -1.3226e+00 -1.8871e+00 -9.7199e-01 -2.4675e+00
1723 +1.564412463e+00 +1.564412463e+00 -4.735587537e+00 -4.735587537e+00 -2.5023e+00 +1.0778e+00 +3.4761e-01 -1.1955e-01 +9.5422e-01 -2.8461e+00 -5.7573e-01 -4.2793e-01 +2.5081e+00 +2.0125e+00 -1.5703e-01 +1.2240e+00 -2.3079e+00 +2.0292e+00 -5.7535e-01 +1.5852e+00 -1.3892e+00 -1.8861e+00 -9.3055e-01 -2.3942e+00
212584 +9.907731488e-01 +9.907731488e-01 -5.309226851e+00 -5.309226851e+00 +2.0898e+00 +2.2266e+00 +8.9276e-01 +2.8733e+00 -1.8850e+00 -2.1900e+00 -1.1187e+00 -2.9041e+00 -3.3536e-01 +6.2520e-01 -4.9114e-01 +2.5232e+00 -2.0254e+00 +2.1214e+00 -5.5227e-01 +1.4046e+00 -9.1253e-01 -2.4051e+00 -1.6639e+00 -1.0713e+00
