% f evaluations | g evaluations | best noise-free fitness - Fopt | noise-free fitness - Fopt (1.000000000000e+003) | measured fitness | best measured fitness | x1 | x2...
1 0 +4.865638077e+002 +4.865638077e+002 +1.486563808e+003 +1.486563808e+003 +4.5998e-001 -4.8040e-002 -1.8330e+000 -1.6421e-001 +6.1555e-001
3 0 +3.262332711e+002 +3.262332711e+002 +1.326233271e+003 +1.326233271e+003 +4.7689e-001 -3.2911e-001 +4.4828e-001 +2.8446e-001 +1.2007e+000
5 0 +2.365992519e+002 +2.365992519e+002 +1.236599252e+003 +1.236599252e+003 -1.3380e+000 +1.0670e+000 -5.8127e-001 +1.6007e+000 -2.1766e-001
26 0 +1.978953367e+002 +1.978953367e+002 +1.197895337e+003 +1.197895337e+003 -3.2440e-001 +6.9216e-001 +5.4139e-001 +1.3127e+000 +1.5143e+000
35 0 +1.931198204e+002 +1.931198204e+002 +1.193119820e+003 +1.193119820e+003 -1.2458e-001 +1.7953e-001 +1.4919e+000 +1.8335e+000 +4.2568e-001
39 0 +1.764349838e+002 +1.764349838e+002 +1.176434984e+003 +1.176434984e+003 -2.5185e+000 +1.2225e+000 +1.0522e+000 +2.3370e+000 -2.3621e-001
126 0 +1.244473951e+002 +1.244473951e+002 +1.124447395e+003 +1.124447395e+003 -9.4221e-001 +2.8571e+000 +3.2297e+000 +1.3930e+000 +6.7122e-001
178 0 +1.020397521e+002 +1.020397521e+002 +1.102039752e+003 +1.102039752e+003 -1.6888e+000 +1.5362e+000 +3.0313e+000 +2.0462e+000 +1.6812e+000
205 0 +3.957317438e+001 +3.957317438e+001 +1.039573174e+003 +1.039573174e+003 +1.0671e-002 +3.7764e+000 +2.5297e+000 +4.8145e+000 +2.8194e+000
1112 0 +2.711783715e+001 +2.711783715e+001 +1.027117837e+003 +1.027117837e+003 -2.7447e+000 +3.2440e+000 +4.3582e+000 +3.2219e+000 +2.7345e+000
1830 0 +2.343942862e+001 +2.343942862e+001 +1.023439429e+003 +1.023439429e+003 -4.6015e+000 +2.7638e+000 +2.1491e+000 +3.0175e+000 +3.2652e+000
2106 0 +1.714870478e+001 +1.714870478e+001 +1.017148705e+003 +1.017148705e+003 -2.0573e+000 +2.8056e+000 +2.8931e+000 +4.0841e+000 +2.8463e+000
2306 0 +1.643856736e+001 +1.643856736e+001 +1.016438567e+003 +1.016438567e+003 -2.0208e+000 +1.2121e+000 +2.8113e+000 +3.4174e+000 +3.0900e+000
3101 0 +1.393982428e+001 +1.393982428e+001 +1.013939824e+003 +1.013939824e+003 -3.3185e+000 +2.1962e+000 +3.3647e+000 +3.1599e+000 +3.0830e+000
3484 0 +1.192383873e+001 +1.192383873e+001 +1.011923839e+003 +1.011923839e+003 -4.1877e+000 +3.0489e+000 +3.8216e+000 +3.3111e+000 +2.6809e+000
4180 0 +9.968242807e+000 +9.968242807e+000 +1.009968243e+003 +1.009968243e+003 -3.1385e+000 +2.5985e+000 +4.0423e+000 +3.2924e+000 +3.5739e+000
5283 0 +7.040841504e+000 +7.040841504e+000 +1.007040842e+003 +1.007040842e+003 -3.4441e+000 +3.0121e+000 +3.7337e+000 +3.2065e+000 +3.4855e+000
7431 0 +6.179925418e+000 +6.179925418e+000 +1.006179925e+003 +1.006179925e+003 -3.4541e+000 +3.5238e+000 +3.2333e+000 +3.7825e+000 +2.7438e+000
7447 0 +4.247513340e+000 +4.247513340e+000 +1.004247513e+003 +1.004247513e+003 -3.3761e+000 +3.3860e+000 +3.2553e+000 +3.4598e+000 +2.8348e+000
8835 0 +3.275551667e+000 +3.275551667e+000 +1.003275552e+003 +1.003275552e+003 -3.4337e+000 +3.3855e+000 +3.3130e+000 +3.3969e+000 +2.7825e+000
9179 0 +2.844572068e+000 +2.844572068e+000 +1.002844572e+003 +1.002844572e+003 -3.3974e+000 +3.4100e+000 +3.2920e+000 +3.3977e+000 +2.7890e+000
9197 0 +2.286463628e+000 +2.286463628e+000 +1.002286464e+003 +1.002286464e+003 -3.4007e+000 +3.4420e+000 +3.2938e+000 +3.4435e+000 +2.7977e+000
9618 0 +1.544760115e+000 +1.544760115e+000 +1.001544760e+003 +1.001544760e+003 -3.4575e+000 +3.4387e+000 +3.2665e+000 +3.4041e+000 +2.7910e+000
10110 0 +1.402780038e+000 +1.402780038e+000 +1.001402780e+003 +1.001402780e+003 -3.4141e+000 +3.4221e+000 +3.2697e+000 +3.4310e+000 +2.8192e+000
10394 0 +1.188446853e+000 +1.188446853e+000 +1.001188447e+003 +1.001188447e+003 -3.4397e+000 +3.4403e+000 +3.2611e+000 +3.3955e+000 +2.8105e+000
10559 0 +1.166372453e+000 +1.166372453e+000 +1.001166372e+003 +1.001166372e+003 -3.4191e+000 +3.4487e+000 +3.2619e+000 +3.4046e+000 +2.8099e+000
10803 0 +1.103653683e+000 +1.103653683e+000 +1.001103654e+003 +1.001103654e+003 -3.4296e+000 +3.4287e+000 +3.2744e+000 +3.4092e+000 +2.8194e+000
11108 0 +1.088112005e+000 +1.088112005e+000 +1.001088112e+003 +1.001088112e+003 -3.4195e+000 +3.4432e+000 +3.2557e+000 +3.4113e+000 +2.8081e+000
11798 0 +1.019684788e+000 +1.019684788e+000 +1.001019685e+003 +1.001019685e+003 -3.4261e+000 +3.4387e+000 +3.2638e+000 +3.4081e+000 +2.8116e+000
13591 0 +9.994618959e-001 +9.994618959e-001 +1.000999462e+003 +1.000999462e+003 -3.4315e+000 +3.4388e+000 +3.2620e+000 +3.4108e+000 +2.8124e+000
% f evaluations | g evaluations | best noise-free fitness - Fopt | noise-free fitness - Fopt (7.003000000000e+001) | measured fitness | best measured fitness | x1 | x2...
1 0 +2.658546220e+002 +2.658546220e+002 +3.358846220e+002 +3.358846220e+002 +4.9032e-001 -4.9124e-001 -4.7054e-002 +8.2955e-001 +1.9362e+000
3 0 +2.167624454e+002 +2.167624454e+002 +2.867924454e+002 +2.867924454e+002 +5.8403e-001 +4.4444e-002 +6.5493e-001 -1.3573e-001 +3.8873e-001
4 0 +1.477917306e+002 +1.477917306e+002 +2.178217306e+002 +2.178217306e+002 -4.5932e-001 +1.3915e+000 -1.1150e+000 -6.2990e-001 +3.6357e-001
6 0 +1.413545097e+002 +1.413545097e+002 +2.113845097e+002 +2.113845097e+002 +7.8782e-001 +5.5067e-001 -1.5484e+000 -7.3078e-001 +5.6563e-001
16 0 +1.006769411e+002 +1.006769411e+002 +1.707069411e+002 +1.707069411e+002 -6.7166e-001 -1.9286e+000 +8.2977e-001 -1.6723e+000 -1.9543e+000
46 0 +8.526260176e+001 +8.526260176e+001 +1.552926018e+002 +1.552926018e+002 -5.6485e-001 -1.7462e+000 -7.4033e-001 -9.2381e-001 -4.5892e-001
103 0 +7.040077968e+001 +7.040077968e+001 +1.404307797e+002 +1.404307797e+002 -2.6220e-001 -3.4808e+000 -2.4395e+000 -1.8307e+000 +7.4861e-001
160 0 +6.591019774e+001 +6.591019774e+001 +1.359401977e+002 +1.359401977e+002 -4.7924e-001 +1.1903e-002 -2.7820e+000 -1.2171e+000 -1.4310e+000
195 0 +5.413241077e+001 +5.413241077e+001 +1.241624108e+002 +1.241624108e+002 -2.2180e+000 -9.3162e-001 -2.2247e+000 -1.9513e+000 -3.5534e-001
512 0 +4.709487299e+001 +4.709487299e+001 +1.171248730e+002 +1.171248730e+002 +3.2747e-001 -1.5603e+000 -2.1040e+000 -4.2411e+000 +5.0908e-001
540 0 +4.450887202e+001 +4.450887202e+001 +1.145388720e+002 +1.145388720e+002 -4.6653e-001 -2.7878e+000 -3.5729e+000 -9.1620e-001 -3.2613e-001
600 0 +4.342360674e+001 +4.342360674e+001 +1.134536067e+002 +1.134536067e+002 -2.9335e-001 -1.5968e+000 -3.9721e+000 -1.3041e+000 -8.7418e-001
721 0 +3.400478116e+001 +3.400478116e+001 +1.040347812e+002 +1.040347812e+002 -1.5914e+000 -3.2778e+000 -4.8005e+000 -4.7245e-001 +3.5811e-001
933 0 +2.059181787e+001 +2.059181787e+001 +9.062181787e+001 +9.062181787e+001 -2.0548e-001 -1.8631e+000 -4.5977e+000 -1.6530e+000 +3.6791e-001
1005 0 +2.038281631e+001 +2.038281631e+001 +9.041281631e+001 +9.041281631e+001 -8.6307e-001 -2.7634e+000 -2.7210e+000 -3.2167e+000 -1.3609e+000
1330 0 +1.426104611e+001 +1.426104611e+001 +8.429104611e+001 +8.429104611e+001 -1.3153e+000 -2.9902e+000 -5.9900e+000 -1.1196e+000 +1.3237e+000
2268 0 +1.092705263e+001 +1.092705263e+001 +8.095705263e+001 +8.095705263e+001 +6.5327e-001 -1.7300e+000 -4.7363e+000 -2.7371e+000 +4.8878e-001
4863 0 +9.527137371e+000 +9.527137371e+000 +7.955713737e+001 +7.955713737e+001 -7.6217e-001 -2.0253e+000 -3.9815e+000 -2.7247e+000 +1.7118e-002
6320 0 +7.192939745e+000 +7.192939745e+000 +7.722293974e+001 +7.722293974e+001 -1.0848e+000 -2.3899e+000 -4.5888e+000 -1.4952e+000 -3.7462e-001
7161 0 +6.467722667e+000 +6.467722667e+000 +7.649772267e+001 +7.649772267e+001 -5.0332e-001 -2.5791e+000 -3.9183e+000 -2.5406e+000 +8.2482e-002
16296 0 +5.763058870e+000 +5.763058870e+000 +7.579305887e+001 +7.579305887e+001 -8.9638e-001 -2.2215e+000 -4.2884e+000 -1.4095e+000 +2.1716e-001
19941 0 +4.459970043e+000 +4.459970043e+000 +7.448997004e+001 +7.448997004e+001 -8.3821e-001 -2.4664e+000 -4.0157e+000 -2.0140e+000 -1.3683e-001
22498 0 +1.937749338e+000 +1.937749338e+000 +7.196774934e+001 +7.196774934e+001 -1.1853e+000 -2.4866e+000 -4.1426e+000 -1.4218e+000 -3.6392e-001
23658 0 +1.544621104e+000 +1.544621104e+000 +7.157462110e+001 +7.157462110e+001 -1.1818e+000 -2.4556e+000 -4.1721e+000 -1.4060e+000 -3.1214e-001
24097 0 +1.322887288e+000 +1.322887288e+000 +7.135288729e+001 +7.135288729e+001 -1.1842e+000 -2.4452e+000 -4.1389e+000 -1.4167e+000 -3.3484e-001
24286 0 +1.277474793e+000 +1.277474793e+000 +7.130747479e+001 +7.130747479e+001 -1.1752e+000 -2.4568e+000 -4.1620e+000 -1.4066e+000 -3.3033e-001
24659 0 +1.247843212e+000 +1.247843212e+000 +7.127784321e+001 +7.127784321e+001 -1.1681e+000 -2.4527e+000 -4.1668e+000 -1.4211e+000 -3.3603e-001
24667 0 +1.227410029e+000 +1.227410029e+000 +7.125741003e+001 +7.125741003e+001 -1.1849e+000 -2.4528e+000 -4.1371e+000 -1.4233e+000 -3.3343e-001
24873 0 +1.170189825e+000 +1.170189825e+000 +7.120018982e+001 +7.120018982e+001 -1.1825e+000 -2.4509e+000 -4.1431e+000 -1.4258e+000 -3.2866e-001
25047 0 +1.081325066e+000 +1.081325066e+000 +7.111132507e+001 +7.111132507e+001 -1.1695e+000 -2.4589e+000 -4.1576e+000 -1.4234e+000 -3.4203e-001
25074 0 +1.059953335e+000 +1.059953335e+000 +7.108995334e+001 +7.108995334e+001 -1.1787e+000 -2.4497e+000 -4.1494e+000 -1.4228e+000 -3.4023e-001
25439 0 +1.029911930e+000 +1.029911930e+000 +7.105991193e+001 +7.105991193e+001 -1.1752e+000 -2.4555e+000 -4.1531e+000 -1.4251e+000 -3.3595e-001
27042 0 +1.009918852e+000 +1.009918852e+000 +7.103991885e+001 +7.103991885e+001 -1.1743e+000 -2.4588e+000 -4.1488e+000 -1.4248e+000 -3.4197e-001
28384 0 +9.999858493e-001 +9.999858493e-001 +7.102998585e+001 +7.102998585e+001 -1.1754e+000 -2.4558e+000 -4.1485e+000 -1.4257e+000 -3.4100e-001
% f evaluations | g evaluations | best noise-free fitness - Fopt | noise-free fitness - Fopt (-4.822000000000e+001) | measured fitness | best measured fitness | x1 | x2...
1 0 +2.465480566e+002 +2.465480566e+002 +1.983280566e+002 +1.983280566e+002 +1.9156e+000 -1.9941e-001 +8.1127e-001 -1.7827e+000 +1.7298e+000
2 0 +1.326350888e+002 +1.326350888e+002 +8.441508877e+001 +8.441508877e+001 -8.6586e-001 -6.4858e-001 -9.8853e-001 -4.0084e-001 +5.3620e-001
5 0 +1.090312736e+002 +1.090312736e+002 +6.081127361e+001 +6.081127361e+001 +3.3559e-001 +7.0185e-001 -7.9056e-001 +3.0674e-001 -4.0487e-001
8 0 +8.440481299e+001 +8.440481299e+001 +3.618481299e+001 +3.618481299e+001 +7.9266e-001 -7.3570e-002 -1.4046e+000 -1.3076e-001 -5.8740e-001
26 0 +6.027731872e+001 +6.027731872e+001 +1.205731872e+001 +1.205731872e+001 -2.7606e-001 -5.1466e-001 -1.0520e+000 -6.6559e-001 -1.5529e+000
165 0 +2.651068772e+001 +2.651068772e+001 -2.170931228e+001 -2.170931228e+001 -8.8950e-001 -4.2366e-001 -1.1715e+000 +7.7871e-002 -3.1473e+000
656 0 +2.445665736e+001 +2.445665736e+001 -2.376334264e+001 -2.376334264e+001 -1.0961e+000 -1.9101e+000 -2.5481e+000 -7.0043e-001 -3.1370e+000
975 0 +2.159048985e+001 +2.159048985e+001 -2.662951015e+001 -2.662951015e+001 -1.6204e+000 -1.7648e+000 -1.8372e+000 +1.6697e-001 -3.1576e+000
1403 0 +1.964393775e+001 +1.964393775e+001 -2.857606225e+001 -2.857606225e+001 -1.0817e+000 -6.8374e-001 -1.7384e+000 -1.4324e+000 -2.7543e+000
1886 0 +1.605955696e+001 +1.605955696e+001 -3.216044304e+001 -3.216044304e+001 -3.2917e+000 -1.3326e+000 -1.5951e+000 +6.6591e-001 -3.4084e+000
2078 0 +1.555100298e+001 +1.555100298e+001 -3.266899702e+001 -3.266899702e+001 -1.2893e+000 -8.7674e-001 -2.7021e+000 +8.4972e-001 -3.4127e+000
3318 0 +1.432198709e+001 +1.432198709e+001 -3.389801291e+001 -3.389801291e+001 -8.8368e-001 -4.9939e-001 -2.8148e+000 -7.2536e-001 -3.0004e+000
3866 0 +1.352456947e+001 +1.352456947e+001 -3.469543053e+001 -3.469543053e+001 -1.8979e+000 -1.4604e+000 -2.1662e+000 +1.6974e-001 -3.5106e+000
3920 0 +7.558874728e+000 +7.558874728e+000 -4.066112527e+001 -4.066112527e+001 -2.1283e+000 -8.7682e-001 -1.6130e+000 +8.4546e-002 -3.7936e+000
5974 0 +5.784281711e+000 +5.784281711e+000 -4.243571829e+001 -4.243571829e+001 -1.2501e+000 -7.8476e-001 -2.2016e+000 +7.4025e-002 -3.6473e+000
7800 0 +5.471110111e+000 +5.471110111e+000 -4.274888989e+001 -4.274888989e+001 -1.2264e+000 -7.0987e-001 -2.2048e+000 +8.0367e-002 -3.6821e+000
7982 0 +3.726655131e+000 +3.726655131e+000 -4.449334487e+001 -4.449334487e+001 -1.1424e+000 -7.3131e-001 -2.1274e+000 +9.1052e-002 -3.6912e+000
8491 0 +3.070417986e+000 +3.070417986e+000 -4.514958201e+001 -4.514958201e+001 -1.1601e+000 -7.1527e-001 -2.1286e+000 +1.1730e-001 -3.6996e+000
9477 0 +2.886604293e+000 +2.886604293e+000 -4.533339571e+001 -4.533339571e+001 -1.1531e+000 -7.4972e-001 -2.1567e+000 +8.2849e-002 -3.7038e+000
9533 0 +2.868222411e+000 +2.868222411e+000 -4.535177759e+001 -4.535177759e+001 -1.1558e+000 -7.3305e-001 -2.2147e+000 +7.2534e-002 -3.6412e+000
9604 0 +2.801801085e+000 +2.801801085e+000 -4.541819892e+001 -4.541819892e+001 -1.1936e+000 -7.1495e-001 -2.1924e+000 +1.3601e-001 -3.7279e+000
9609 0 +1.688595276e+000 +1.688595276e+000 -4.653140472e+001 -4.653140472e+001 -1.1531e+000 -7.1660e-001 -2.2000e+000 +8.1098e-002 -3.6787e+000
9810 0 +1.429887059e+000 +1.429887059e+000 -4.679011294e+001 -4.679011294e+001 -1.1708e+000 -7.2968e-001 -2.1474e+000 +9.1794e-002 -3.7228e+000
9900 0 +1.048846435e+000 +1.048846435e+000 -4.717115356e+001 -4.717115356e+001 -1.1852e+000 -7.2836e-001 -2.1619e+000 +9.5221e-002 -3.6998e+000
11023 0 +1.021506804e+000 +1.021506804e+000 -4.719849320e+001 -4.719849320e+001 -1.1751e+000 -7.3026e-001 -2.1710e+000 +9.6320e-002 -3.7058e+000
11524 0 +9.990305295e-001 +9.990305295e-001 -4.722096947e+001 -4.722096947e+001 -1.1821e+000 -7.3145e-001 -2.1700e+000 +9.6512e-002 -3.7029e+000
% f evaluations | g evaluations | best noise-free fitness - Fopt | noise-free fitness - Fopt (2.547000000000e+001) | measured fitness | best measured fitness | x1 | x2...
1 0 +9.256324682e+001 +9.256324682e+001 +1.180332468e+002 +1.180332468e+002 -5.9225e-001 -1.7316e+000 -1.0608e-001 +3.5427e-001 -1.3829e+000
5 0 +7.155670411e+001 +7.155670411e+001 +9.702670411e+001 +9.702670411e+001 -8.7581e-001 -2.1397e+000 -2.9370e-001 -1.8639e+000 -3.5285e-001
52 0 +6.520228014e+001 +6.520228014e+001 +9.067228014e+001 +9.067228014e+001 -1.3853e+000 -8.0214e-001 -4.0128e-001 -1.2582e+000 +4.5373e-001
158 0 +6.387555264e+001 +6.387555264e+001 +8.934555264e+001 +8.934555264e+001 -9.9040e-001 -5.7716e-001 +4.9992e-002 -2.2311e+000 +7.3465e-001
178 0 +5.587173228e+001 +5.587173228e+001 +8.134173228e+001 +8.134173228e+001 -3.2165e-001 -2.1677e+000 -4.1968e-001 -1.8821e+000 +3.4383e-001
229 0 +4.365004663e+001 +4.365004663e+001 +6.912004663e+001 +6.912004663e+001 -2.2805e+000 -9.5040e-001 -2.0862e+000 -1.5660e+000 -2.4420e+000
954 0 +4.121338669e+001 +4.121338669e+001 +6.668338669e+001 +6.668338669e+001 -5.4471e+000 -2.6014e+000 -1.1190e+000 -4.0400e+000 -4.6058e-001
1299 0 +3.882225840e+001 +3.882225840e+001 +6.429225840e+001 +6.429225840e+001 -4.4157e+000 -2.9381e+000 -7.9804e-001 -3.1196e+000 -2.0562e+000
1300 0 +2.435548119e+001 +2.435548119e+001 +4.982548119e+001 +4.982548119e+001 -3.7562e+000 -1.7009e+000 -1.6280e+000 -1.4296e+000 -2.2077e+000
1837 0 +1.687987297e+001 +1.687987297e+001 +4.234987297e+001 +4.234987297e+001 -4.1728e+000 -2.2873e+000 -4.7940e-001 -1.5124e+000 -1.0839e+000
2121 0 +1.330525052e+001 +1.330525052e+001 +3.877525052e+001 +3.877525052e+001 -4.4839e+000 -2.4611e+000 -1.6459e+000 -3.1616e+000 -1.2996e+000
3488 0 +8.860780454e+000 +8.860780454e+000 +3.433078045e+001 +3.433078045e+001 -3.9162e+000 -1.5164e+000 -8.4434e-001 -2.2507e+000 -7.7801e-001
3631 0 +3.992464439e+000 +3.992464439e+000 +2.946246444e+001 +2.946246444e+001 -3.8932e+000 -1.9474e+000 -1.0839e+000 -2.2701e+000 -1.6654e+000
4579 0 +3.534351275e+000 +3.534351275e+000 +2.900435127e+001 +2.900435127e+001 -3.8686e+000 -1.9705e+000 -1.0977e+000 -2.2716e+000 -1.7233e+000
5608 0 +2.677688296e+000 +2.677688296e+000 +2.814768830e+001 +2.814768830e+001 -3.7819e+000 -1.9357e+000 -1.1924e+000 -2.3178e+000 -1.6427e+000
8035 0 +1.626305261e+000 +1.626305261e+000 +2.709630526e+001 +2.709630526e+001 -3.3500e+000 -1.7892e+000 -1.3086e+000 -1.9520e+000 -1.9505e+000
9431 0 +1.474432888e+000 +1.474432888e+000 +2.694443289e+001 +2.694443289e+001 -3.3420e+000 -1.7727e+000 -1.3099e+000 -1.9320e+000 -1.9762e+000
10014 0 +1.370757265e+000 +1.370757265e+000 +2.684075727e+001 +2.684075727e+001 -3.3475e+000 -1.7706e+000 -1.3003e+000 -1.9335e+000 -1.9727e+000
10026 0 +1.319219926e+000 +1.319219926e+000 +2.678921993e+001 +2.678921993e+001 -3.3210e+000 -1.7687e+000 -1.3080e+000 -1.9267e+000 -1.9462e+000
10061 0 +1.264354748e+000 +1.264354748e+000 +2.673435475e+001 +2.673435475e+001 -3.3526e+000 -1.7724e+000 -1.2945e+000 -1.9289e+000 -1.9495e+000
10226 0 +1.155898611e+000 +1.155898611e+000 +2.662589861e+001 +2.662589861e+001 -3.3216e+000 -1.7671e+000 -1.3043e+000 -1.9341e+000 -1.9486e+000
10257 0 +1.025016923e+000 +1.025016923e+000 +2.649501692e+001 +2.649501692e+001 -3.3367e+000 -1.7744e+000 -1.3149e+000 -1.9372e+000 -1.9500e+000
11239 0 +1.006374032e+000 +1.006374032e+000 +2.647637403e+001 +2.647637403e+001 -3.3259e+000 -1.7693e+000 -1.3247e+000 -1.9427e+000 -1.9414e+000
12944 0 +9.997395646e-001 +9.997395646e-001 +2.646973956e+001 +2.646973956e+001 -3.3300e+000 -1.7726e+000 -1.3200e+000 -1.9397e+000 -1.9466e+000
% f evaluations | g evaluations | best noise-free fitness - Fopt | noise-free fitness - Fopt (-1.008100000000e+002) | measured fitness | best measured fitness | x1 | x2...
1 0 +1.067782304e+002 +1.067782304e+002 +5.968230393e+000 +5.968230393e+000 -5.6587e-001 -7.7781e-001 -1.3098e+000 -5.2055e-001 -6.3075e-001
2 0 +8.062734435e+001 +8.062734435e+001 -2.018265565e+001 -2.018265565e+001 -1.9536e-001 -3.0410e-001 +1.1545e+000 -3.3791e-001 +3.1630e-001
7 0 +6.084147991e+001 +6.084147991e+001 -3.996852009e+001 -3.996852009e+001 +4.2759e-002 +1.2669e+000 +1.4313e+000 +1.1144e+000 +3.0237e+000
49 0 +5.657079819e+001 +5.657079819e+001 -4.423920181e+001 -4.423920181e+001 -2.4952e-001 -1.2029e+000 -4.9762e-001 +8.4842e-001 +3.8408e-001
54 0 +4.430759570e+001 +4.430759570e+001 -5.650240430e+001 -5.650240430e+001 -3.6956e-002 -9.0439e-001 +5.7985e-001 +4.8571e-001 +6.5265e-001
139 0 +2.198207272e+001 +2.198207272e+001 -7.882792728e+001 -7.882792728e+001 +1.1558e+000 -7.1074e-001 +1.3882e+000 -1.7565e-001 +1.6110e+000
439 0 +1.447398634e+001 +1.447398634e+001 -8.633601366e+001 -8.633601366e+001 +1.1239e+000 -6.2715e-001 +1.3325e-001 +1.1427e+000 +6.0389e-001
1583 0 +1.354099714e+001 +1.354099714e+001 -8.726900286e+001 -8.726900286e+001 +7.5479e-001 -2.5785e-001 +1.2173e+000 +1.2027e-001 +1.7811e+000
1604 0 +1.055630576e+001 +1.055630576e+001 -9.025369424e+001 -9.025369424e+001 +6.6234e-001 +3.3431e-001 +6.5870e-001 +2.3742e-001 +2.2353e+000
3496 0 +6.613413595e+000 +6.613413595e+000 -9.419658641e+001 -9.419658641e+001 +7.5768e-001 -1.4612e-001 +1.3699e+000 +8.0770e-001 +2.8152e+000
8263 0 +5.018255635e+000 +5.018255635e+000 -9.579174437e+001 -9.579174437e+001 +1.6857e+000 +4.3197e-001 +1.3903e+000 +6.6884e-001 +3.1494e+000
11051 0 +4.637984551e+000 +4.637984551e+000 -9.617201545e+001 -9.617201545e+001 +9.0574e-001 +6.1133e-001 +1.6608e+000 +4.4652e-001 +3.5547e+000
11387 0 +2.691961652e+000 +2.691961652e+000 -9.811803835e+001 -9.811803835e+001 +9.8901e-001 +4.2517e-001 +1.3161e+000 +2.8932e-001 +2.7999e+000
13348 0 +2.473853643e+000 +2.473853643e+000 -9.833614636e+001 -9.833614636e+001 +9.5348e-001 +4.7483e-001 +1.3731e+000 +2.4821e-001 +2.9721e+000
13748 0 +1.974493157e+000 +1.974493157e+000 -9.883550684e+001 -9.883550684e+001 +9.7215e-001 +5.3095e-001 +1.3767e+000 +2.2540e-001 +2.9034e+000
13902 0 +1.638803503e+000 +1.638803503e+000 -9.917119650e+001 -9.917119650e+001 +9.5821e-001 +4.8295e-001 +1.3428e+000 +2.6016e-001 +2.8355e+000
14110 0 +1.267918079e+000 +1.267918079e+000 -9.954208192e+001 -9.954208192e+001 +9.6620e-001 +4.4543e-001 +1.3118e+000 +2.8236e-001 +2.8615e+000
14263 0 +1.014826000e+000 +1.014826000e+000 -9.979517400e+001 -9.979517400e+001 +1.0066e+000 +4.8212e-001 +1.3308e+000 +2.9217e-001 +2.9034e+000
14406 0 +9.001391601e-001 +9.001391601e-001 -9.990986084e+001 -9.990986084e+001 +9.5146e-001 +4.5744e-001 +1.3480e+000 +2.6254e-001 +2.8932e+000
14666 0 +2.885673718e-001 +2.885673718e-001 -1.005214326e+002 -1.005214326e+002 +9.7648e-001 +4.7159e-001 +1.3434e+000 +2.6569e-001 +2.8732e+000
15205 0 +2.643455870e-001 +2.643455870e-001 -1.005456544e+002 -1.005456544e+002 +9.9224e-001 +4.7464e-001 +1.3397e+000 +2.6295e-001 +2.8711e+000
15696 0 +2.588387278e-001 +2.588387278e-001 -1.005511613e+002 -1.005511613e+002 +9.8694e-001 +4.9155e-001 +1.3513e+000 +2.6343e-001 +2.8942e+000
15897 0 +2.411753148e-001 +2.411753148e-001 -1.005688247e+002 -1.005688247e+002 +9.8822e-001 +5.0102e-001 +1.3338e+000 +2.7548e-001 +2.8664e+000
16022 0 +2.335571641e-001 +2.335571641e-001 -1.005764428e+002 -1.005764428e+002 +9.9777e-001 +4.9765e-001 +1.3268e+000 +2.6731e-001 +2.8901e+000
16023 0 +2.172660323e-001 +2.172660323e-001 -1.005927340e+002 -1.005927340e+002 +9.8680e-001 +4.7958e-001 +1.3479e+000 +2.6445e-001 +2.8915e+000
16029 0 +1.900682163e-001 +1.900682163e-001 -1.006199318e+002 -1.006199318e+002 +9.8693e-001 +4.8643e-001 +1.3243e+000 +2.7952e-001 +2.8618e+000
16191 0 +1.048901280e-001 +1.048901280e-001 -1.007051099e+002 -1.007051099e+002 +9.9326e-001 +4.9017e-001 +1.3431e+000 +2.6825e-001 +2.8836e+000
16334 0 +7.441606774e-002 +7.441606774e-002 -1.007355839e+002 -1.007355839e+002 +9.9044e-001 +4.9974e-001 +1.3331e+000 +2.6709e-001 +2.8809e+000
16535 0 +6.866086122e-002 +6.866086122e-002 -1.007413391e+002 -1.007413391e+002 +9.8193e-001 +4.8864e-001 +1.3399e+000 +2.6408e-001 +2.8797e+000
16539 0 +5.211730384e-002 +5.211730384e-002 -1.007578827e+002 -1.007578827e+002 +9.9838e-001 +4.8380e-001 +1.3345e+000 +2.7199e-001 +2.8794e+000
16705 0 +4.229839595e-002 +4.229839595e-002 -1.007677016e+002 -1.007677016e+002 +9.9535e-001 +4.8539e-001 +1.3336e+000 +2.6653e-001 +2.8736e+000
16808 0 +4.124655675e-002 +4.124655675e-002 -1.007687534e+002 -1.007687534e+002 +9.9629e-001 +4.8889e-001 +1.3359e+000 +2.7152e-001 +2.8761e+000
16860 0 +3.370148027e-002 +3.370148027e-002 -1.007762985e+002 -1.007762985e+002 +9.9870e-001 +4.9074e-001 +1.3330e+000 +2.6893e-001 +2.8836e+000
17194 0 +2.346349825e-002 +2.346349825e-002 -1.007865365e+002 -1.007865365e+002 +9.8817e-001 +4.8718e-001 +1.3359e+000 +2.7163e-001 +2.8811e+000
17196 0 +1.858373538e-002 +1.858373538e-002 -1.007914163e+002 -1.007914163e+002 +9.9542e-001 +4.9013e-001 +1.3299e+000 +2.7215e-001 +2.8752e+000
17239 0 +7.953721799e-003 +7.953721799e-003 -1.008020463e+002 -1.008020463e+002 +9.9263e-001 +4.8692e-001 +1.3338e+000 +2.6751e-001 +2.8821e+000
17856 0 +6.326161246e-003 +6.326161246e-003 -1.008036738e+002 -1.008036738e+002 +9.9304e-001 +4.8998e-001 +1.3356e+000 +2.6739e-001 +2.8800e+000
17870 0 +3.309295931e-003 +3.309295931e-003 -1.008066907e+002 -1.008066907e+002 +9.9093e-001 +4.8852e-001 +1.3349e+000 +2.6838e-001 +2.8826e+000
18095 0 +2.950226710e-003 +2.950226710e-003 -1.008070498e+002 -1.008070498e+002 +9.9303e-001 +4.8988e-001 +1.3344e+000 +2.6927e-001 +2.8814e+000
18387 0 +9.133762798e-004 +9.133762798e-004 -1.008090866e+002 -1.008090866e+002 +9.9286e-001 +4.8771e-001 +1.3328e+000 +2.7031e-001 +2.8792e+000
19184 0 +8.691456535e-004 +8.691456535e-004 -1.008091309e+002 -1.008091309e+002 +9.9223e-001 +4.8885e-001 +1.3345e+000 +2.6876e-001 +2.8801e+000
19237 0 +6.367133056e-004 +6.367133056e-004 -1.008093633e+002 -1.008093633e+002 +9.9138e-001 +4.8686e-001 +1.3334e+000 +2.6974e-001 +2.8792e+000
19417 0 +3.514775794e-004 +3.514775794e-004 -1.008096485e+002 -1.008096485e+002 +9.9194e-001 +4.8824e-001 +1.3333e+000 +2.6934e-001 +2.8791e+000
19968 0 +2.686839656e-004 +2.686839656e-004 -1.008097313e+002 -1.008097313e+002 +9.9202e-001 +4.8801e-001 +1.3338e+000 +2.6903e-001 +2.8793e+000
20108 0 +1.075725736e-004 +1.075725736e-004 -1.008098924e+002 -1.008098924e+002 +9.9188e-001 +4.8824e-001 +1.3335e+000 +2.6974e-001 +2.8790e+000
20323 0 +1.025365744e-005 +1.025365744e-005 -1.008099897e+002 -1.008099897e+002 +9.9203e-001 +4.8791e-001 +1.3335e+000 +2.6959e-001 +2.8791e+000
23594 0 +8.035049817e-006 +8.035049817e-006 -1.008099920e+002 -1.008099920e+002 +9.9203e-001 +4.8793e-001 +1.3336e+000 +2.6956e-001 +2.8792e+000
23905 0 +4.918964777e-006 +4.918964777e-006 -1.008099951e+002 -1.008099951e+002 +9.9202e-001 +4.8805e-001 +1.3336e+000 +2.6954e-001 +2.8792e+000
24795 0 +3.806549003e-006 +3.806549003e-006 -1.008099962e+002 -1.008099962e+002 +9.9203e-001 +4.8806e-001 +1.3336e+000 +2.6963e-001 +2.8792e+000
24804 0 +2.157709318e-006 +2.157709318e-006 -1.008099978e+002 -1.008099978e+002 +9.9196e-001 +4.8802e-001 +1.3336e+000 +2.6956e-001 +2.8792e+000
25001 0 +9.716602563e-007 +9.716602563e-007 -1.008099990e+002 -1.008099990e+002 +9.9201e-001 +4.8800e-001 +1.3336e+000 +2.6960e-001 +2.8791e+000
25674 0 +9.054982542e-007 +9.054982542e-007 -1.008099991e+002 -1.008099991e+002 +9.9199e-001 +4.8803e-001 +1.3336e+000 +2.6960e-001 +2.8792e+000
25720 0 +5.874969276e-007 +5.874969276e-007 -1.008099994e+002 -1.008099994e+002 +9.9202e-001 +4.8800e-001 +1.3336e+000 +2.6959e-001 +2.8792e+000
25751 0 +4.345760800e-007 +4.345760800e-007 -1.008099996e+002 -1.008099996e+002 +9.9201e-001 +4.8799e-001 +1.3336e+000 +2.6960e-001 +2.8792e+000
26127 0 +2.977494233e-007 +2.977494233e-007 -1.008099997e+002 -1.008099997e+002 +9.9199e-001 +4.8800e-001 +1.3336e+000 +2.6961e-001 +2.8792e+000
26395 0 +2.156596395e-007 +2.156596395e-007 -1.008099998e+002 -1.008099998e+002 +9.9201e-001 +4.8799e-001 +1.3336e+000 +2.6961e-001 +2.8792e+000
26396 0 +1.793227113e-007 +1.793227113e-007 -1.008099998e+002 -1.008099998e+002 +9.9199e-001 +4.8801e-001 +1.3336e+000 +2.6959e-001 +2.8792e+000
26452 0 +8.985031741e-008 +8.985031741e-008 -1.008099999e+002 -1.008099999e+002 +9.9201e-001 +4.8800e-001 +1.3336e+000 +2.6960e-001 +2.8792e+000
26513 0 +2.754438810e-008 +2.754438810e-008 -1.008100000e+002 -1.008100000e+002 +9.9199e-001 +4.8800e-001 +1.3336e+000 +2.6960e-001 +2.8792e+000
27176 0 +1.958417783e-008 +1.958417783e-008 -1.008100000e+002 -1.008100000e+002 +9.9200e-001 +4.8799e-001 +1.3336e+000 +2.6960e-001 +2.8792e+000
28111 0 +1.312336906e-008 +1.312336906e-008 -1.008100000e+002 -1.008100000e+002 +9.9200e-001 +4.8800e-001 +1.3336e+000 +2.6960e-001 +2.8792e+000
28458 0 +8.049255484e-009 +8.049255484e-009 -1.008100000e+002 -1.008100000e+002 +9.9200e-001 +4.8800e-001 +1.3336e+000 +2.6960e-001 +2.8792e+000
37774 0 +0.000000000e+000 +0.000000000e+000 -1.008100000e+002 -1.008100000e+002 +9.9200e-001 +4.8800e-001 +1.3336e+000 +2.6960e-001 +2.8792e+000
% f evaluations | g evaluations | best noise-free fitness - Fopt | noise-free fitness - Fopt (-3.531300000000e+002) | measured fitness | best measured fitness | x1 | x2...
1 0 +3.129370197e+002 +3.129370197e+002 -4.019298031e+001 -4.019298031e+001 +3.7800e-001 -8.7564e-001 +8.8337e-001 +1.4649e+000 +1.0277e+000
2 0 +2.818729423e+002 +2.818729423e+002 -7.125705774e+001 -7.125705774e+001 +3.9350e-002 -1.8834e+000 -1.1067e-001 +6.3067e-001 +7.9414e-001
3 0 +1.884025324e+002 +1.884025324e+002 -1.647274676e+002 -1.647274676e+002 +3.2846e-001 -5.2649e-001 +1.1970e+000 -1.4970e+000 -8.9322e-001
5 0 +1.694041667e+002 +1.694041667e+002 -1.837258333e+002 -1.837258333e+002 +6.4240e-001 +1.3223e+000 -6.7375e-001 +6.3910e-001 -1.4487e+000
9 0 +1.228169249e+002 +1.228169249e+002 -2.303130751e+002 -2.303130751e+002 +5.1947e-001 +1.6371e-001 -9.7093e-001 -1.2186e+000 -6.0490e-001
14 0 +8.903493458e+001 +8.903493458e+001 -2.640950654e+002 -2.640950654e+002 -2.3078e-001 +4.7556e-001 -2.5966e-001 -3.2620e+000 -1.5678e+000
41 0 +6.759505372e+001 +6.759505372e+001 -2.855349463e+002 -2.855349463e+002 -4.3106e-001 +1.7251e+000 -1.5782e+000 -2.0605e+000 -6.8996e-001
167 0 +5.696630856e+001 +5.696630856e+001 -2.961636914e+002 -2.961636914e+002 -2.7469e+000 +1.8935e+000 -1.7089e+000 -2.3290e+000 +1.6988e+000
335 0 +4.235777585e+001 +4.235777585e+001 -3.107722242e+002 -3.107722242e+002 -3.4488e+000 +6.5236e-001 -2.4429e+000 -3.5645e+000 -8.9336e-001
472 0 +4.115902420e+001 +4.115902420e+001 -3.119709758e+002 -3.119709758e+002 -9.2949e-001 +9.7508e-001 -8.2720e-001 -3.4082e+000 -2.6087e-001
534 0 +1.111988502e+001 +1.111988502e+001 -3.420101150e+002 -3.420101150e+002 -1.8234e+000 +6.7565e-001 -1.8625e+000 -4.2232e+000 -1.5536e+000
1875 0 +1.082160904e+001 +1.082160904e+001 -3.423083910e+002 -3.423083910e+002 -2.9069e+000 +5.2965e-001 -1.8486e+000 -3.7429e+000 -4.7031e-002
1961 0 +1.026884969e+001 +1.026884969e+001 -3.428611503e+002 -3.428611503e+002 -1.7029e+000 -2.8930e-001 -2.6403e+000 -4.0388e+000 -3.0935e-001
2565 0 +9.373004392e+000 +9.373004392e+000 -3.437569956e+002 -3.437569956e+002 -1.7963e+000 +5.7001e-001 -2.1600e+000 -4.3418e+000 -4.5362e-001
2690 0 +8.845671326e+000 +8.845671326e+000 -3.442843287e+002 -3.442843287e+002 -1.6731e+000 +2.7987e-001 -2.5508e+000 -3.5923e+000 +2.5400e-001
3458 0 +8.227492655e+000 +8.227492655e+000 -3.449025073e+002 -3.449025073e+002 -2.1761e+000 +5.8029e-001 -1.4665e+000 -3.6498e+000 -7.0959e-001
4599 0 +6.313699049e+000 +6.313699049e+000 -3.468163010e+002 -3.468163010e+002 -1.9714e+000 +5.8126e-001 -2.4603e+000 -3.4021e+000 +4.8961e-001
5215 0 +5.506723602e+000 +5.506723602e+000 -3.476232764e+002 -3.476232764e+002 -1.9440e+000 +1.0593e-001 -2.6298e+000 -3.9068e+000 +1.0841e-002
8601 0 +5.008306694e+000 +5.008306694e+000 -3.481216933e+002 -3.481216933e+002 -2.1508e+000 +4.4045e-001 -1.9094e+000 -3.7328e+000 +1.4598e-001
9216 0 +2.739309765e+000 +2.739309765e+000 -3.503906902e+002 -3.503906902e+002 -2.2119e+000 +3.8644e-001 -1.9707e+000 -3.7108e+000 +1.1491e-001
9567 0 +2.426579794e+000 +2.426579794e+000 -3.507034202e+002 -3.507034202e+002 -2.1784e+000 +4.1535e-001 -1.9211e+000 -3.6915e+000 +6.0720e-002
9738 0 +1.892713052e+000 +1.892713052e+000 -3.512372869e+002 -3.512372869e+002 -2.2121e+000 +4.0238e-001 -1.9493e+000 -3.6682e+000 +5.2639e-002
10425 0 +1.494426557e+000 +1.494426557e+000 -3.516355734e+002 -3.516355734e+002 -2.2084e+000 +4.1711e-001 -1.9972e+000 -3.6670e+000 +1.1809e-001
10573 0 +1.352376651e+000 +1.352376651e+000 -3.517776233e+002 -3.517776233e+002 -2.1876e+000 +4.1562e-001 -1.9487e+000 -3.6931e+000 +1.2831e-001
10686 0 +1.294965741e+000 +1.294965741e+000 -3.518350343e+002 -3.518350343e+002 -2.2036e+000 +3.9656e-001 -1.9641e+000 -3.6621e+000 +1.0396e-001
10909 0 +1.192646582e+000 +1.192646582e+000 -3.519373534e+002 -3.519373534e+002 -2.1914e+000 +4.0443e-001 -1.9537e+000 -3.6633e+000 +1.0779e-001
10919 0 +1.151870957e+000 +1.151870957e+000 -3.519781290e+002 -3.519781290e+002 -2.1899e+000 +4.1979e-001 -1.9723e+000 -3.6618e+000 +1.1230e-001
11149 0 +1.077496735e+000 +1.077496735e+000 -3.520525033e+002 -3.520525033e+002 -2.2000e+000 +4.0857e-001 -1.9663e+000 -3.6630e+000 +1.1852e-001
11213 0 +1.060179519e+000 +1.060179519e+000 -3.520698205e+002 -3.520698205e+002 -2.2065e+000 +4.0788e-001 -1.9607e+000 -3.6778e+000 +1.0600e-001
11514 0 +1.002974173e+000 +1.002974173e+000 -3.521270258e+002 -3.521270258e+002 -2.2002e+000 +4.1092e-001 -1.9604e+000 -3.6719e+000 +1.0231e-001
12933 0 +9.989470175e-001 +9.989470175e-001 -3.521310530e+002 -3.521310530e+002 -2.1981e+000 +4.1005e-001 -1.9637e+000 -3.6701e+000 +1.0614e-001
% f evaluations | g evaluations | best noise-free fitness - Fopt | noise-free fitness - Fopt (8.716000000000e+001) | measured fitness | best measured fitness | x1 | x2...
1 0 +4.078386527e+002 +4.078386527e+002 +4.949986527e+002 +4.949986527e+002 -1.2171e+000 -1.6148e+000 -6.2204e-001 -1.0647e+000 -2.4781e+000
2 0 +3.022450517e+002 +3.022450517e+002 +3.894050517e+002 +3.894050517e+002 -9.9557e-002 -2.1843e-002 +2.1403e+000 +5.6564e-001 +5.2416e-001
3 0 +2.506339664e+002 +2.506339664e+002 +3.377939664e+002 +3.377939664e+002 -8.3514e-001 -5.4781e-001 +2.5859e-001 +7.0302e-001 -1.5616e+000
6 0 +1.553863791e+002 +1.553863791e+002 +2.425463791e+002 +2.425463791e+002 -3.1590e-001 +1.8362e-001 -8.8772e-001 -1.3472e-001 -3.9247e-001
7 0 +1.250145764e+002 +1.250145764e+002 +2.121745764e+002 +2.121745764e+002 -1.1011e-001 -1.6939e-001 -2.5501e-001 +1.0883e+000 +6.9774e-001
8 0 +8.494357705e+001 +8.494357705e+001 +1.721035770e+002 +1.721035770e+002 -1.2434e+000 +2.0876e+000 -8.9691e-001 +7.6295e-001 +3.5715e-001
107 0 +7.845282538e+001 +7.845282538e+001 +1.656128254e+002 +1.656128254e+002 +2.6827e-001 +2.9067e+000 -1.6054e+000 +2.2908e+000 -4.6398e-001
118 0 +7.370791647e+001 +7.370791647e+001 +1.608679165e+002 +1.608679165e+002 +7.3930e-001 +2.4681e+000 -1.8190e+000 +9.1242e-001 +2.4462e-001
119 0 +5.826108279e+001 +5.826108279e+001 +1.454210828e+002 +1.454210828e+002 -8.9346e-001 +1.8366e+000 -3.1804e+000 +2.9917e+000 +2.1947e+000
141 0 +4.845007471e+001 +4.845007471e+001 +1.356100747e+002 +1.356100747e+002 +1.6291e+000 +7.7071e-002 -2.3482e+000 +1.9884e+000 +6.7599e-001
195 0 +4.679227848e+001 +4.679227848e+001 +1.339522785e+002 +1.339522785e+002 +6.8433e-001 +1.8364e+000 -3.1582e+000 +1.9211e+000 -5.9829e-001
349 0 +3.501180325e+001 +3.501180325e+001 +1.221718033e+002 +1.221718033e+002 +2.2609e+000 +1.1380e+000 -3.5941e+000 +3.6964e+000 -3.9992e-001
806 0 +3.419940040e+001 +3.419940040e+001 +1.213594004e+002 +1.213594004e+002 +2.4905e+000 +2.1792e+000 -1.1446e+000 +3.9355e+000 +5.1677e-001
1497 0 +2.709417408e+001 +2.709417408e+001 +1.142541741e+002 +1.142541741e+002 +2.2106e+000 +1.2509e+000 -2.5451e+000 +3.0567e+000 +1.3751e+000
2102 0 +2.303746849e+001 +2.303746849e+001 +1.101974685e+002 +1.101974685e+002 +4.3830e+000 +4.9288e-001 -2.9461e+000 +3.6162e+000 -1.0385e+000
2396 0 +1.146149089e+001 +1.146149089e+001 +9.862149089e+001 +9.862149089e+001 +2.4546e+000 -8.1115e-002 -2.7001e+000 +4.9292e+000 +7.0503e-001
3381 0 +1.104708321e+001 +1.104708321e+001 +9.820708321e+001 +9.820708321e+001 +2.0958e+000 +1.4293e+000 -2.7096e+000 +4.3895e+000 +6.9350e-001
3806 0 +9.112008010e+000 +9.112008010e+000 +9.627200801e+001 +9.627200801e+001 +1.5148e+000 +1.1996e+000 -2.0850e+000 +3.9913e+000 +1.5492e+000
4641 0 +7.228876316e+000 +7.228876316e+000 +9.438887632e+001 +9.438887632e+001 +1.9833e+000 +9.4471e-001 -3.1785e+000 +3.7090e+000 +6.0337e-001
6685 0 +6.096834708e+000 +6.096834708e+000 +9.325683471e+001 +9.325683471e+001 +1.8877e+000 +9.3483e-001 -2.7580e+000 +4.0097e+000 +8.2656e-001
6726 0 +6.016832622e+000 +6.016832622e+000 +9.317683262e+001 +9.317683262e+001 +1.6751e+000 +1.2258e+000 -2.6174e+000 +3.7260e+000 +1.1582e+000
9036 0 +3.402741436e+000 +3.402741436e+000 +9.056274144e+001 +9.056274144e+001 +1.9519e+000 +9.4074e-001 -2.7284e+000 +4.0133e+000 +7.8565e-001
9343 0 +3.223480958e+000 +3.223480958e+000 +9.038348096e+001 +9.038348096e+001 +2.0353e+000 +1.0471e+000 -2.6963e+000 +3.9775e+000 +7.1173e-001
9352 0 +3.093961843e+000 +3.093961843e+000 +9.025396184e+001 +9.025396184e+001 +1.9979e+000 +9.6123e-001 -2.6546e+000 +3.9459e+000 +8.1345e-001
9906 0 +2.159742422e+000 +2.159742422e+000 +8.931974242e+001 +8.931974242e+001 +2.0052e+000 +1.0003e+000 -2.6704e+000 +3.9397e+000 +7.6845e-001
10214 0 +5.488534536e-001 +5.488534536e-001 +8.770885345e+001 +8.770885345e+001 +1.9567e+000 +9.6438e-001 -2.6867e+000 +4.0032e+000 +8.4023e-001
11367 0 +5.713866478e-002 +5.713866478e-002 +8.721713866e+001 +8.721713866e+001 +1.9757e+000 +9.9014e-001 -2.6914e+000 +3.9918e+000 +8.0652e-001
12928 0 +5.047246173e-002 +5.047246173e-002 +8.721047246e+001 +8.721047246e+001 +1.9636e+000 +9.8340e-001 -2.6885e+000 +3.9817e+000 +8.1245e-001
13141 0 +3.599714803e-002 +3.599714803e-002 +8.719599715e+001 +8.719599715e+001 +1.9601e+000 +9.9351e-001 -2.6876e+000 +3.9784e+000 +8.1078e-001
13250 0 +1.582139256e-002 +1.582139256e-002 +8.717582139e+001 +8.717582139e+001 +1.9693e+000 +9.9332e-001 -2.6898e+000 +3.9852e+000 +8.0737e-001
13433 0 +1.407740640e-002 +1.407740640e-002 +8.717407741e+001 +8.717407741e+001 +1.9681e+000 +9.8612e-001 -2.6914e+000 +3.9873e+000 +8.1555e-001
13516 0 +1.311812676e-002 +1.311812676e-002 +8.717311813e+001 +8.717311813e+001 +1.9656e+000 +9.8779e-001 -2.6872e+000 +3.9822e+000 +8.1613e-001
13725 0 +1.208870043e-002 +1.208870043e-002 +8.717208870e+001 +8.717208870e+001 +1.9677e+000 +9.8928e-001 -2.6920e+000 +3.9877e+000 +8.1461e-001
13790 0 +1.151062331e-002 +1.151062331e-002 +8.717151062e+001 +8.717151062e+001 +1.9684e+000 +9.9215e-001 -2.6898e+000 +3.9820e+000 +8.1090e-001
13946 0 +4.888205920e-003 +4.888205920e-003 +8.716488821e+001 +8.716488821e+001 +1.9631e+000 +9.8911e-001 -2.6890e+000 +3.9844e+000 +8.1383e-001
14322 0 +4.537464812e-003 +4.537464812e-003 +8.716453746e+001 +8.716453746e+001 +1.9642e+000 +9.8977e-001 -2.6902e+000 +3.9837e+000 +8.1114e-001
14403 0 +2.477015129e-003 +2.477015129e-003 +8.716247702e+001 +8.716247702e+001 +1.9675e+000 +9.8910e-001 -2.6909e+000 +3.9857e+000 +8.1199e-001
15086 0 +2.164758277e-003 +2.164758277e-003 +8.716216476e+001 +8.716216476e+001 +1.9668e+000 +9.9080e-001 -2.6896e+000 +3.9834e+000 +8.1211e-001
15413 0 +1.858255100e-003 +1.858255100e-003 +8.716185826e+001 +8.716185826e+001 +1.9684e+000 +9.8954e-001 -2.6888e+000 +3.9856e+000 +8.1226e-001
15549 0 +1.784214241e-003 +1.784214241e-003 +8.716178421e+001 +8.716178421e+001 +1.9647e+000 +9.8936e-001 -2.6893e+000 +3.9848e+000 +8.1473e-001
15629 0 +6.408364260e-004 +6.408364260e-004 +8.716064084e+001 +8.716064084e+001 +1.9663e+000 +9.9054e-001 -2.6899e+000 +3.9847e+000 +8.1195e-001
16131 0 +2.837630932e-004 +2.837630932e-004 +8.716028376e+001 +8.716028376e+001 +1.9662e+000 +9.8918e-001 -2.6895e+000 +3.9854e+000 +8.1325e-001
17298 0 +1.163804520e-004 +1.163804520e-004 +8.716011638e+001 +8.716011638e+001 +1.9662e+000 +9.8966e-001 -2.6894e+000 +3.9850e+000 +8.1294e-001
17453 0 +6.714281875e-005 +6.714281875e-005 +8.716006714e+001 +8.716006714e+001 +1.9663e+000 +9.8949e-001 -2.6896e+000 +3.9847e+000 +8.1258e-001
17531 0 +5.180976240e-005 +5.180976240e-005 +8.716005181e+001 +8.716005181e+001 +1.9667e+000 +9.8949e-001 -2.6895e+000 +3.9848e+000 +8.1259e-001
17920 0 +2.809226464e-005 +2.809226464e-005 +8.716002809e+001 +8.716002809e+001 +1.9663e+000 +9.8978e-001 -2.6897e+000 +3.9847e+000 +8.1258e-001
18302 0 +1.760080698e-005 +1.760080698e-005 +8.716001760e+001 +8.716001760e+001 +1.9665e+000 +9.8974e-001 -2.6896e+000 +3.9848e+000 +8.1262e-001
18306 0 +7.186189293e-006 +7.186189293e-006 +8.716000719e+001 +8.716000719e+001 +1.9664e+000 +9.8956e-001 -2.6897e+000 +3.9849e+000 +8.1288e-001
18902 0 +5.446644508e-006 +5.446644508e-006 +8.716000545e+001 +8.716000545e+001 +1.9665e+000 +9.8960e-001 -2.6897e+000 +3.9848e+000 +8.1279e-001
19336 0 +3.457005718e-006 +3.457005718e-006 +8.716000346e+001 +8.716000346e+001 +1.9664e+000 +9.8966e-001 -2.6896e+000 +3.9848e+000 +8.1276e-001
19389 0 +2.759851895e-006 +2.759851895e-006 +8.716000276e+001 +8.716000276e+001 +1.9664e+000 +9.8957e-001 -2.6896e+000 +3.9848e+000 +8.1282e-001
19666 0 +2.749199609e-006 +2.749199609e-006 +8.716000275e+001 +8.716000275e+001 +1.9664e+000 +9.8959e-001 -2.6896e+000 +3.9848e+000 +8.1283e-001
19667 0 +1.985482555e-006 +1.985482555e-006 +8.716000199e+001 +8.716000199e+001 +1.9664e+000 +9.8962e-001 -2.6896e+000 +3.9848e+000 +8.1275e-001
19843 0 +1.451489112e-006 +1.451489112e-006 +8.716000145e+001 +8.716000145e+001 +1.9664e+000 +9.8963e-001 -2.6896e+000 +3.9848e+000 +8.1274e-001
19855 0 +8.101201985e-007 +8.101201985e-007 +8.716000081e+001 +8.716000081e+001 +1.9664e+000 +9.8961e-001 -2.6896e+000 +3.9848e+000 +8.1278e-001
20206 0 +5.010804074e-007 +5.010804074e-007 +8.716000050e+001 +8.716000050e+001 +1.9664e+000 +9.8961e-001 -2.6896e+000 +3.9848e+000 +8.1278e-001
20556 0 +4.530944011e-007 +4.530944011e-007 +8.716000045e+001 +8.716000045e+001 +1.9664e+000 +9.8961e-001 -2.6896e+000 +3.9848e+000 +8.1279e-001
20706 0 +4.241518496e-007 +4.241518496e-007 +8.716000042e+001 +8.716000042e+001 +1.9664e+000 +9.8958e-001 -2.6896e+000 +3.9848e+000 +8.1280e-001
20732 0 +3.723595512e-007 +3.723595512e-007 +8.716000037e+001 +8.716000037e+001 +1.9664e+000 +9.8960e-001 -2.6896e+000 +3.9848e+000 +8.1279e-001
21083 0 +3.155767274e-007 +3.155767274e-007 +8.716000032e+001 +8.716000032e+001 +1.9664e+000 +9.8959e-001 -2.6896e+000 +3.9848e+000 +8.1281e-001
21166 0 +2.085740931e-007 +2.085740931e-007 +8.716000021e+001 +8.716000021e+001 +1.9664e+000 +9.8959e-001 -2.6896e+000 +3.9848e+000 +8.1283e-001
21205 0 +1.987441038e-007 +1.987441038e-007 +8.716000020e+001 +8.716000020e+001 +1.9664e+000 +9.8960e-001 -2.6896e+000 +3.9848e+000 +8.1280e-001
21294 0 +1.526642848e-007 +1.526642848e-007 +8.716000015e+001 +8.716000015e+001 +1.9664e+000 +9.8960e-001 -2.6896e+000 +3.9848e+000 +8.1282e-001
21427 0 +1.372656726e-007 +1.372656726e-007 +8.716000014e+001 +8.716000014e+001 +1.9664e+000 +9.8960e-001 -2.6896e+000 +3.9848e+000 +8.1281e-001
21428 0 +1.004156616e-007 +1.004156616e-007 +8.716000010e+001 +8.716000010e+001 +1.9664e+000 +9.8959e-001 -2.6896e+000 +3.9848e+000 +8.1279e-001
21524 0 +8.602663115e-008 +8.602663115e-008 +8.716000009e+001 +8.716000009e+001 +1.9664e+000 +9.8960e-001 -2.6896e+000 +3.9848e+000 +8.1281e-001
21620 0 +7.244969424e-008 +7.244969424e-008 +8.716000007e+001 +8.716000007e+001 +1.9664e+000 +9.8959e-001 -2.6896e+000 +3.9848e+000 +8.1281e-001
22096 0 +7.210104513e-008 +7.210104513e-008 +8.716000007e+001 +8.716000007e+001 +1.9664e+000 +9.8960e-001 -2.6896e+000 +3.9848e+000 +8.1281e-001
22101 0 +7.059222185e-008 +7.059222185e-008 +8.716000007e+001 +8.716000007e+001 +1.9664e+000 +9.8960e-001 -2.6896e+000 +3.9848e+000 +8.1279e-001
22153 0 +3.736093390e-008 +3.736093390e-008 +8.716000004e+001 +8.716000004e+001 +1.9664e+000 +9.8960e-001 -2.6896e+000 +3.9848e+000 +8.1280e-001
22175 0 +9.420986657e-009 +9.420986657e-009 +8.716000001e+001 +8.716000001e+001 +1.9664e+000 +9.8960e-001 -2.6896e+000 +3.9848e+000 +8.1280e-001
31319 0 +0.000000000e+000 +0.000000000e+000 +8.716000000e+001 +8.716000000e+001 +1.9664e+000 +9.8960e-001 -2.6896e+000 +3.9848e+000 +8.1280e-001
% f evaluations | g evaluations | best noise-free fitness - Fopt | noise-free fitness - Fopt (-3.475000000000e+001) | measured fitness | best measured fitness | x1 | x2...
1 0 +1.281633179e+002 +1.281633179e+002 +9.341331791e+001 +9.341331791e+001 -1.9588e+000 -2.2211e-001 -2.5726e+000 -1.0851e+000 -1.3572e+000
8 0 +1.124579713e+002 +1.124579713e+002 +7.770797125e+001 +7.770797125e+001 +1.6308e-001 -8.3264e-001 -2.1215e+000 +9.9112e-001 -9.2758e-001
9 0 +7.455773436e+001 +7.455773436e+001 +3.980773436e+001 +3.980773436e+001 +5.0368e-001 -8.5696e-001 -7.3665e-002 +1.9151e+000 -9.8734e-001
39 0 +4.939329263e+001 +4.939329263e+001 +1.464329263e+001 +1.464329263e+001 -4.8451e-001 +8.5001e-001 -1.0263e+000 +1.4246e+000 -5.2139e-001
330 0 +3.973198057e+001 +3.973198057e+001 +4.981980566e+000 +4.981980566e+000 +3.1474e-001 +1.4414e+000 -3.1299e+000 +1.6590e+000 -2.6309e+000
390 0 +3.532092209e+001 +3.532092209e+001 +5.709220874e-001 +5.709220874e-001 +1.1803e+000 +2.5071e+000 -1.9020e+000 +1.5256e+000 -3.4341e+000
905 0 +3.189378360e+001 +3.189378360e+001 -2.856216397e+000 -2.856216397e+000 +1.8666e+000 +2.9883e+000 -1.2036e+000 +2.1686e+000 -9.2346e-001
940 0 +3.104370105e+001 +3.104370105e+001 -3.706298954e+000 -3.706298954e+000 +2.4914e+000 +2.8397e+000 +3.3741e-002 +3.6133e+000 -1.8721e+000
1067 0 +2.936467379e+001 +2.936467379e+001 -5.385326210e+000 -5.385326210e+000 +1.7220e+000 +1.5730e+000 -9.6684e-001 +2.0161e+000 -1.2246e+000
1107 0 +2.038541404e+001 +2.038541404e+001 -1.436458596e+001 -1.436458596e+001 +2.0502e+000 +2.2614e+000 -2.4809e+000 +2.9163e+000 -1.0594e+000
2148 0 +9.653442094e+000 +9.653442094e+000 -2.509655791e+001 -2.509655791e+001 +2.3014e+000 +1.9771e+000 +2.9972e-001 +3.1026e+000 -1.7858e+000
2724 0 +5.920842655e+000 +5.920842655e+000 -2.882915735e+001 -2.882915735e+001 +2.8605e+000 +1.7628e+000 -4.7269e-001 +3.6205e+000 -1.4008e+000
6571 0 +5.742473886e+000 +5.742473886e+000 -2.900752611e+001 -2.900752611e+001 +2.5598e+000 +1.8692e+000 -1.3129e-001 +3.4343e+000 -1.6174e+000
8824 0 +1.745132850e+000 +1.745132850e+000 -3.300486715e+001 -3.300486715e+001 +2.8128e+000 +2.1630e+000 -2.6632e-001 +3.4343e+000 -1.9990e+000
10963 0 +1.702547104e+000 +1.702547104e+000 -3.304745290e+001 -3.304745290e+001 +2.8272e+000 +2.2020e+000 -2.7611e-001 +3.4137e+000 -2.0047e+000
12393 0 +1.457957849e+000 +1.457957849e+000 -3.329204215e+001 -3.329204215e+001 +2.8482e+000 +2.2177e+000 -2.6056e-001 +3.4350e+000 -2.0029e+000
13041 0 +1.435144248e+000 +1.435144248e+000 -3.331485575e+001 -3.331485575e+001 +2.8353e+000 +2.1781e+000 -2.4654e-001 +3.4510e+000 -1.9813e+000
13093 0 +1.229598146e+000 +1.229598146e+000 -3.352040185e+001 -3.352040185e+001 +2.8445e+000 +2.1934e+000 -2.7267e-001 +3.4360e+000 -1.9914e+000
13145 0 +1.173419562e+000 +1.173419562e+000 -3.357658044e+001 -3.357658044e+001 +2.8363e+000 +2.1839e+000 -2.5395e-001 +3.4359e+000 -1.9972e+000
13244 0 +1.133323427e+000 +1.133323427e+000 -3.361667657e+001 -3.361667657e+001 +2.8322e+000 +2.1912e+000 -2.4262e-001 +3.4478e+000 -1.9839e+000
13312 0 +1.096830773e+000 +1.096830773e+000 -3.365316923e+001 -3.365316923e+001 +2.8226e+000 +2.1857e+000 -2.4784e-001 +3.4465e+000 -1.9858e+000
13330 0 +1.063370287e+000 +1.063370287e+000 -3.368662971e+001 -3.368662971e+001 +2.8270e+000 +2.1791e+000 -2.6426e-001 +3.4362e+000 -1.9923e+000
13437 0 +1.045396504e+000 +1.045396504e+000 -3.370460350e+001 -3.370460350e+001 +2.8279e+000 +2.1965e+000 -2.4474e-001 +3.4391e+000 -1.9936e+000
13523 0 +1.021103446e+000 +1.021103446e+000 -3.372889655e+001 -3.372889655e+001 +2.8296e+000 +2.1914e+000 -2.6004e-001 +3.4415e+000 -1.9913e+000
14952 0 +9.986361249e-001 +9.986361249e-001 -3.375136388e+001 -3.375136388e+001 +2.8304e+000 +2.1890e+000 -2.5959e-001 +3.4391e+000 -1.9904e+000
% f evaluations | g evaluations | best noise-free fitness - Fopt | noise-free fitness - Fopt (-1.000000000000e+003) | measured fitness | best measured fitness | x1 | x2...
1 0 +2.005523816e+002 +2.005523816e+002 -7.994476184e+002 -7.994476184e+002 +3.9356e-001 -2.2578e-001 -4.0309e-002 +1.9346e+000 +3.2343e-001
2 0 +1.944317562e+002 +1.944317562e+002 -8.055682438e+002 -8.055682438e+002 +2.3417e-001 +1.5206e+000 -4.0534e-001 +8.1302e-001 +2.0420e-001
4 0 +1.212169692e+002 +1.212169692e+002 -8.787830308e+002 -8.787830308e+002 -6.7976e-001 +6.7454e-001 -9.0906e-001 -1.0023e+000 +2.2040e-001
11 0 +8.531295559e+001 +8.531295559e+001 -9.146870444e+002 -9.146870444e+002 -1.1568e+000 -3.2678e-001 -7.0384e-002 -5.3479e-001 +8.1244e-001
76 0 +5.791829043e+001 +5.791829043e+001 -9.420817096e+002 -9.420817096e+002 -2.1788e+000 -1.1372e+000 -4.2615e-001 -1.3466e+000 -1.1048e+000
207 0 +4.708791891e+001 +4.708791891e+001 -9.529120811e+002 -9.529120811e+002 -4.5513e+000 -2.3723e+000 -6.5490e-001 -4.2928e+000 -1.8403e+000
292 0 +4.101870399e+001 +4.101870399e+001 -9.589812960e+002 -9.589812960e+002 -4.1295e+000 -1.5706e+000 -1.2429e+000 -2.4824e+000 -8.0915e-001
669 0 +3.678890460e+001 +3.678890460e+001 -9.632110954e+002 -9.632110954e+002 -4.1257e+000 -3.9123e+000 -1.7257e+000 -2.7612e+000 +4.8256e-001
1530 0 +3.435906845e+001 +3.435906845e+001 -9.656409315e+002 -9.656409315e+002 -2.7730e+000 -3.2308e+000 -3.2356e-001 -1.7979e+000 +2.9842e-001
1667 0 +2.266546918e+001 +2.266546918e+001 -9.773345308e+002 -9.773345308e+002 -4.5405e+000 -2.7389e+000 +8.8892e-001 -1.8209e+000 -7.6159e-002
2815 0 +1.400390728e+001 +1.400390728e+001 -9.859960927e+002 -9.859960927e+002 -3.8637e+000 -2.6196e+000 -1.0583e-001 -3.0556e+000 -7.1564e-001
3186 0 +9.250232011e+000 +9.250232011e+000 -9.907497680e+002 -9.907497680e+002 -4.5279e+000 -4.4300e+000 +6.5483e-001 -2.4594e+000 -6.5558e-001
6581 0 +4.708809097e+000 +4.708809097e+000 -9.952911909e+002 -9.952911909e+002 -3.7927e+000 -3.1335e+000 -2.8266e-001 -2.2068e+000 +1.4377e-001
9763 0 +4.116522826e+000 +4.116522826e+000 -9.958834772e+002 -9.958834772e+002 -3.9758e+000 -3.5380e+000 +4.4286e-001 -2.3143e+000 -7.5009e-001
10793 0 +3.763758256e+000 +3.763758256e+000 -9.962362417e+002 -9.962362417e+002 -4.0371e+000 -3.5672e+000 +3.5979e-001 -2.3471e+000 -6.9927e-001
11235 0 +3.078082594e+000 +3.078082594e+000 -9.969219174e+002 -9.969219174e+002 -4.0093e+000 -3.5812e+000 +4.4587e-001 -2.2910e+000 -8.2927e-001
11494 0 +2.898186348e+000 +2.898186348e+000 -9.971018137e+002 -9.971018137e+002 -3.9869e+000 -3.5800e+000 +4.3098e-001 -2.2864e+000 -7.8682e-001
11855 0 +2.208973845e+000 +2.208973845e+000 -9.977910262e+002 -9.977910262e+002 -4.0138e+000 -3.5850e+000 +3.9354e-001 -2.3568e+000 -7.5826e-001
11913 0 +1.534564965e+000 +1.534564965e+000 -9.984654350e+002 -9.984654350e+002 -3.9927e+000 -3.5654e+000 +3.8762e-001 -2.3384e+000 -7.6823e-001
12861 0 +1.293325796e+000 +1.293325796e+000 -9.987066742e+002 -9.987066742e+002 -3.9833e+000 -3.5589e+000 +4.0114e-001 -2.3280e+000 -7.6610e-001
13000 0 +1.025988768e+000 +1.025988768e+000 -9.989740112e+002 -9.989740112e+002 -3.9954e+000 -3.5470e+000 +3.8904e-001 -2.3392e+000 -7.5425e-001
14565 0 +1.009853035e+000 +1.009853035e+000 -9.989901470e+002 -9.989901470e+002 -3.9955e+000 -3.5514e+000 +3.9403e-001 -2.3436e+000 -7.5850e-001
15227 0 +9.983782718e-001 +9.983782718e-001 -9.990016217e+002 -9.990016217e+002 -3.9942e+000 -3.5523e+000 +3.9407e-001 -2.3381e+000 -7.5567e-001
% f evaluations | g evaluations | best noise-free fitness - Fopt | noise-free fitness - Fopt (-9.247000000000e+001) | measured fitness | best measured fitness | x1 | x2...
1 0 +9.296108164e+001 +9.296108164e+001 +4.910816368e-001 +4.910816368e-001 +7.5121e-001 -3.9373e-001 +9.7299e-001 -1.0113e+000 -1.3090e+000
9 0 +7.853182644e+001 +7.853182644e+001 -1.393817356e+001 -1.393817356e+001 +2.8741e-002 -2.3541e+000 +8.6762e-001 -6.5539e-001 +2.9292e-001
90 0 +6.809307130e+001 +6.809307130e+001 -2.437692870e+001 -2.437692870e+001 +3.3254e-001 -2.0809e+000 +1.4553e+000 -1.4566e+000 -8.3500e-001
166 0 +4.877776949e+001 +4.877776949e+001 -4.369223051e+001 -4.369223051e+001 +1.9986e+000 -2.7017e+000 +1.1551e-001 -8.9303e-001 -1.1857e+000
665 0 +2.428584021e+001 +2.428584021e+001 -6.818415979e+001 -6.818415979e+001 +2.4757e+000 -7.9403e-001 +2.6812e+000 -9.5513e-001 -1.0353e+000
1801 0 +1.619217608e+001 +1.619217608e+001 -7.627782392e+001 -7.627782392e+001 +3.0838e+000 -6.3048e-001 +2.1614e+000 -7.2116e-001 -2.0578e-001
2194 0 +1.489540716e+001 +1.489540716e+001 -7.757459284e+001 -7.757459284e+001 +2.8741e+000 +5.2720e-002 +3.7592e+000 -2.2002e-002 -7.4777e-001
2262 0 +1.206881973e+001 +1.206881973e+001 -8.040118027e+001 -8.040118027e+001 +2.3338e+000 -9.0901e-001 +2.5581e+000 +9.9567e-002 +5.4000e-001
4125 0 +1.162503179e+001 +1.162503179e+001 -8.084496821e+001 -8.084496821e+001 +4.0516e+000 -7.2606e-001 +2.6210e+000 +1.4982e-001 +3.6836e-001
4169 0 +1.098363069e+001 +1.098363069e+001 -8.148636931e+001 -8.148636931e+001 +2.8582e+000 +3.6050e-002 +3.6913e+000 -3.5297e-002 -5.9222e-001
4254 0 +6.151940110e+000 +6.151940110e+000 -8.631805989e+001 -8.631805989e+001 +3.2305e+000 -9.2271e-001 +2.7281e+000 -3.5302e-001 -7.7406e-001
7329 0 +2.241850935e+000 +2.241850935e+000 -9.022814906e+001 -9.022814906e+001 +2.9860e+000 -4.7517e-001 +2.8283e+000 +2.8549e-001 -1.4890e-001
13149 0 +1.291257013e+000 +1.291257013e+000 -9.117874299e+001 -9.117874299e+001 +3.0275e+000 -4.7941e-001 +2.7971e+000 +3.2705e-001 -1.3263e-001
13282 0 +1.286434104e+000 +1.286434104e+000 -9.118356590e+001 -9.118356590e+001 +3.0352e+000 -4.6144e-001 +2.8340e+000 +3.4724e-001 -1.4704e-001
13559 0 +1.090585098e+000 +1.090585098e+000 -9.137941490e+001 -9.137941490e+001 +3.0215e+000 -4.7285e-001 +2.8149e+000 +3.3705e-001 -1.4313e-001
14247 0 +1.062185632e+000 +1.062185632e+000 -9.140781437e+001 -9.140781437e+001 +3.0346e+000 -4.6650e-001 +2.8088e+000 +3.3671e-001 -1.4314e-001
14251 0 +1.027151786e+000 +1.027151786e+000 -9.144284821e+001 -9.144284821e+001 +3.0395e+000 -4.8810e-001 +2.8088e+000 +3.5144e-001 -1.5189e-001
14776 0 +1.019933136e+000 +1.019933136e+000 -9.145006686e+001 -9.145006686e+001 +3.0430e+000 -4.8011e-001 +2.8118e+000 +3.5395e-001 -1.4699e-001
15955 0 +9.970196545e-001 +9.970196545e-001 -9.147298035e+001 -9.147298035e+001 +3.0355e+000 -4.8077e-001 +2.8081e+000 +3.4590e-001 -1.4627e-001
% f evaluations | g evaluations | best noise-free fitness - Fopt | noise-free fitness - Fopt (-2.153000000000e+002) | measured fitness | best measured fitness | x1 | x2...
1 0 +2.758182614e+002 +2.758182614e+002 +6.051826141e+001 +6.051826141e+001 -2.5826e-001 +9.8524e-001 -6.5621e-001 +9.1455e-001 +1.4148e+000
5 0 +1.361402600e+002 +1.361402600e+002 -7.915973999e+001 -7.915973999e+001 -9.9364e-001 +4.7989e-003 -1.5007e+000 -1.4734e+000 -1.2350e+000
45 0 +1.338613032e+002 +1.338613032e+002 -8.143869681e+001 -8.143869681e+001 -1.4244e+000 +6.2790e-001 -1.5500e+000 -5.9534e-001 +8.5970e-001
93 0 +1.160092767e+002 +1.160092767e+002 -9.929072329e+001 -9.929072329e+001 -1.7439e+000 -5.9262e-002 -2.5944e-001 -6.0100e-001 +1.9313e-001
102 0 +1.011153973e+002 +1.011153973e+002 -1.141846027e+002 -1.141846027e+002 -3.6684e+000 -1.4412e+000 +8.2306e-001 -2.0955e+000 -2.7719e-001
139 0 +6.050761124e+001 +6.050761124e+001 -1.547923888e+002 -1.547923888e+002 -2.0018e+000 +1.5499e+000 -9.5596e-001 -2.6469e+000 +1.3894e+000
174 0 +5.202605979e+001 +5.202605979e+001 -1.632739402e+002 -1.632739402e+002 -3.3580e+000 +1.3225e+000 -1.1233e+000 +1.6227e-001 +4.5243e-001
206 0 +4.079104668e+001 +4.079104668e+001 -1.745089533e+002 -1.745089533e+002 -3.0372e+000 +4.6296e-001 -8.0766e-001 -1.8273e+000 +1.8873e+000
844 0 +3.966967901e+001 +3.966967901e+001 -1.756303210e+002 -1.756303210e+002 -4.3251e+000 +2.8691e+000 -7.2714e-001 -9.2819e-001 +3.3464e+000
1690 0 +3.112924391e+001 +3.112924391e+001 -1.841707561e+002 -1.841707561e+002 -2.8107e+000 +4.2351e+000 -1.4889e+000 +7.6457e-001 -1.0980e-001
2145 0 +3.056390549e+001 +3.056390549e+001 -1.847360945e+002 -1.847360945e+002 -3.0485e+000 +4.0310e+000 -6.1030e-001 -6.5437e-001 +2.1279e+000
2146 0 +2.567002329e+001 +2.567002329e+001 -1.896299767e+002 -1.896299767e+002 -3.1227e+000 +3.7469e+000 -9.9475e-001 -3.6761e-001 +2.2823e+000
2395 0 +2.423938757e+001 +2.423938757e+001 -1.910606124e+002 -1.910606124e+002 -2.1495e+000 +4.9328e+000 -1.3615e+000 -2.9616e-001 +1.5969e+000
2626 0 +1.590592642e+001 +1.590592642e+001 -1.993940736e+002 -1.993940736e+002 -3.1285e+000 +2.9615e+000 -9.3659e-001 -9.9095e-001 +2.2130e+000
2778 0 +1.524742224e+001 +1.524742224e+001 -2.000525778e+002 -2.000525778e+002 -3.5750e+000 +4.2740e+000 -1.2262e+000 -9.0136e-001 +2.4487e+000
2875 0 +1.139440580e+001 +1.139440580e+001 -2.039055942e+002 -2.039055942e+002 -2.6318e+000 +3.4131e+000 -1.5777e+000 -7.5985e-001 +1.8560e+000
4717 0 +1.109333113e+001 +1.109333113e+001 -2.042066689e+002 -2.042066689e+002 -2.6355e+000 +3.0159e+000 -1.6008e+000 -1.8788e+000 +2.2865e+000
4983 0 +4.815707986e+000 +4.815707986e+000 -2.104842920e+002 -2.104842920e+002 -3.0374e+000 +2.9905e+000 -8.4683e-001 -1.0933e+000 +2.2635e+000
10137 0 +4.779301385e+000 +4.779301385e+000 -2.105206986e+002 -2.105206986e+002 -2.6748e+000 +3.3044e+000 -1.7256e+000 -1.6432e+000 +1.6635e+000
12732 0 +4.160357461e+000 +4.160357461e+000 -2.111396425e+002 -2.111396425e+002 -2.7027e+000 +3.3603e+000 -1.6919e+000 -1.5579e+000 +1.6494e+000
12905 0 +3.856506714e+000 +3.856506714e+000 -2.114434933e+002 -2.114434933e+002 -2.6966e+000 +3.3188e+000 -1.6629e+000 -1.5853e+000 +1.6553e+000
13237 0 +3.523404875e+000 +3.523404875e+000 -2.117765951e+002 -2.117765951e+002 -2.7144e+000 +3.2749e+000 -1.6762e+000 -1.6126e+000 +1.6291e+000
13560 0 +3.157964193e+000 +3.157964193e+000 -2.121420358e+002 -2.121420358e+002 -2.7017e+000 +3.3124e+000 -1.6799e+000 -1.6013e+000 +1.6397e+000
14964 0 +3.050843040e+000 +3.050843040e+000 -2.122491570e+002 -2.122491570e+002 -2.7042e+000 +3.2931e+000 -1.6888e+000 -1.6099e+000 +1.6529e+000
15117 0 +2.998487828e+000 +2.998487828e+000 -2.123015122e+002 -2.123015122e+002 -2.7048e+000 +3.2808e+000 -1.6816e+000 -1.6173e+000 +1.6595e+000
% f evaluations | g evaluations | best noise-free fitness - Fopt | noise-free fitness - Fopt (-5.449000000000e+001) | measured fitness | best measured fitness | x1 | x2...
1 0 +1.665188714e+002 +1.665188714e+002 +1.120288714e+002 +1.120288714e+002 +1.9508e-001 +2.3322e+000 -8.3088e-001 +4.2304e-001 +3.6541e-001
3 0 +7.658387410e+001 +7.658387410e+001 +2.209387410e+001 +2.209387410e+001 +1.4097e+000 -4.0525e-001 +4.7213e-001 -1.4165e+000 +4.1320e-001
31 0 +7.012629226e+001 +7.012629226e+001 +1.563629226e+001 +1.563629226e+001 +1.3522e+000 -4.1300e-002 +1.0827e+000 -9.9128e-001 +8.4522e-001
119 0 +5.988110487e+001 +5.988110487e+001 +5.391104866e+000 +5.391104866e+000 +4.6365e+000 -2.5292e+000 +1.2675e+000 -2.6265e+000 +2.3499e-001
211 0 +3.725673294e+001 +3.725673294e+001 -1.723326706e+001 -1.723326706e+001 +3.2636e+000 -1.7111e+000 +1.2932e+000 -4.5320e+000 -1.0318e+000
295 0 +2.431735163e+001 +2.431735163e+001 -3.017264837e+001 -3.017264837e+001 +2.3241e+000 -6.0803e-001 +1.3618e+000 -1.5146e+000 -1.8163e+000
1553 0 +2.306586746e+001 +2.306586746e+001 -3.142413254e+001 -3.142413254e+001 +2.2809e+000 +7.2877e-001 +1.5399e+000 -3.6240e+000 -8.1770e-001
1915 0 +2.206614130e+001 +2.206614130e+001 -3.242385870e+001 -3.242385870e+001 +3.7083e+000 -8.7651e-003 +1.7858e+000 -2.8291e+000 -7.4144e-001
2373 0 +1.544762090e+001 +1.544762090e+001 -3.904237910e+001 -3.904237910e+001 +2.1543e+000 -1.0843e+000 +1.8537e+000 -2.1084e+000 -1.3052e+000
3844 0 +9.202305189e+000 +9.202305189e+000 -4.528769481e+001 -4.528769481e+001 +3.0659e+000 -9.9202e-001 +2.0221e+000 -1.8606e+000 -1.1574e+000
4312 0 +9.107933260e+000 +9.107933260e+000 -4.538206674e+001 -4.538206674e+001 +2.6284e+000 -1.4807e+000 +1.9497e+000 -2.6613e+000 -8.1952e-001
4575 0 +8.691008588e+000 +8.691008588e+000 -4.579899141e+001 -4.579899141e+001 +3.5447e+000 -1.3654e+000 +1.8631e+000 -3.6256e+000 -9.8095e-001
7288 0 +7.143700112e+000 +7.143700112e+000 -4.734629989e+001 -4.734629989e+001 +3.7609e+000 -1.2050e+000 +2.1554e+000 -2.8728e+000 -1.1545e+000
7310 0 +6.188845198e+000 +6.188845198e+000 -4.830115480e+001 -4.830115480e+001 +3.7500e+000 -1.2085e+000 +2.2230e+000 -2.9157e+000 -1.2343e+000
7445 0 +5.140188217e+000 +5.140188217e+000 -4.934981178e+001 -4.934981178e+001 +3.6929e+000 -1.2075e+000 +2.1703e+000 -2.9314e+000 -1.1218e+000
8219 0 +3.937277934e+000 +3.937277934e+000 -5.055272207e+001 -5.055272207e+001 +3.7689e+000 -1.2333e+000 +2.1866e+000 -2.9602e+000 -1.1914e+000
8464 0 +3.618734051e+000 +3.618734051e+000 -5.087126595e+001 -5.087126595e+001 +3.7495e+000 -1.2454e+000 +2.2203e+000 -2.9374e+000 -1.1562e+000
8547 0 +2.774706307e+000 +2.774706307e+000 -5.171529369e+001 -5.171529369e+001 +3.7058e+000 -1.2388e+000 +2.2133e+000 -2.8900e+000 -1.2461e+000
9528 0 +2.561714038e+000 +2.561714038e+000 -5.192828596e+001 -5.192828596e+001 +3.7382e+000 -1.2348e+000 +2.1934e+000 -2.9129e+000 -1.1717e+000
9691 0 +2.336196970e+000 +2.336196970e+000 -5.215380303e+001 -5.215380303e+001 +3.6974e+000 -1.2141e+000 +2.2002e+000 -2.9176e+000 -1.1881e+000
9811 0 +2.204715004e+000 +2.204715004e+000 -5.228528500e+001 -5.228528500e+001 +3.7065e+000 -1.2317e+000 +2.1960e+000 -2.9128e+000 -1.1858e+000
9838 0 +2.187601392e+000 +2.187601392e+000 -5.230239861e+001 -5.230239861e+001 +3.7101e+000 -1.2262e+000 +2.1976e+000 -2.8957e+000 -1.1876e+000
10167 0 +2.136573453e+000 +2.136573453e+000 -5.235342655e+001 -5.235342655e+001 +3.7108e+000 -1.2253e+000 +2.2038e+000 -2.9249e+000 -1.2005e+000
10544 0 +2.050824056e+000 +2.050824056e+000 -5.243917594e+001 -5.243917594e+001 +3.7273e+000 -1.2308e+000 +2.1984e+000 -2.9190e+000 -1.1974e+000
10583 0 +2.023782952e+000 +2.023782952e+000 -5.246621705e+001 -5.246621705e+001 +3.7118e+000 -1.2296e+000 +2.2016e+000 -2.9075e+000 -1.1982e+000
11615 0 +1.992809581e+000 +1.992809581e+000 -5.249719042e+001 -5.249719042e+001 +3.7158e+000 -1.2294e+000 +2.1982e+000 -2.9135e+000 -1.1956e+000
% f evaluations | g evaluations | best noise-free fitness - Fopt | noise-free fitness - Fopt (5.049000000000e+001) | measured fitness | best measured fitness | x1 | x2...
1 0 +2.719358940e+002 +2.719358940e+002 +3.224258940e+002 +3.224258940e+002 -8.4052e-002 +8.3839e-001 -2.4762e-001 -7.8317e-002 +8.7883e-001
2 0 +2.607976683e+002 +2.607976683e+002 +3.112876683e+002 +3.112876683e+002 +5.0897e-001 +1.1418e+000 -4.5010e-001 +2.3727e-001 +1.1871e+000
4 0 +1.066361002e+002 +1.066361002e+002 +1.571261002e+002 +1.571261002e+002 +1.7394e+000 -1.0647e+000 +7.9722e-001 -6.0088e-001 +3.7243e-002
14 0 +6.929326212e+001 +6.929326212e+001 +1.197832621e+002 +1.197832621e+002 +5.6043e-001 -5.1442e-002 +2.2037e+000 -9.5461e-001 +2.1105e+000
247 0 +6.855277077e+001 +6.855277077e+001 +1.190427708e+002 +1.190427708e+002 +2.3867e+000 -4.7504e-001 +1.6422e+000 -1.0078e+000 +1.0875e+000
309 0 +4.430590668e+001 +4.430590668e+001 +9.479590668e+001 +9.479590668e+001 +2.3007e+000 -2.4505e-001 +2.9727e+000 -1.0818e+000 +1.0128e+000
558 0 +4.054819121e+001 +4.054819121e+001 +9.103819121e+001 +9.103819121e+001 +3.8512e+000 -3.8961e-001 +2.1527e+000 -7.1099e-001 +4.7376e+000
985 0 +3.976125573e+001 +3.976125573e+001 +9.025125573e+001 +9.025125573e+001 +3.3573e+000 -4.6206e-001 +2.5932e+000 -5.5141e-001 +3.6133e+000
1041 0 +3.716134467e+001 +3.716134467e+001 +8.765134467e+001 +8.765134467e+001 +3.0734e+000 +1.0763e+000 +3.3942e+000 -7.0841e-001 +3.6454e+000
1664 0 +2.674470994e+001 +2.674470994e+001 +7.723470994e+001 +7.723470994e+001 +4.5972e+000 +8.7278e-002 +1.4650e+000 -1.2461e+000 +4.3049e+000
2272 0 +2.397531867e+001 +2.397531867e+001 +7.446531867e+001 +7.446531867e+001 +4.6944e+000 +8.0519e-001 +2.2225e+000 -1.3597e+000 +3.7924e+000
2549 0 +2.191813078e+001 +2.191813078e+001 +7.240813078e+001 +7.240813078e+001 +2.5234e+000 -3.4129e-001 +4.0934e+000 -4.8969e-001 +4.0421e+000
2597 0 +1.427240566e+001 +1.427240566e+001 +6.476240566e+001 +6.476240566e+001 +2.8948e+000 +5.6139e-001 +2.1966e+000 -1.4552e-001 +5.3151e+000
2748 0 +1.313147323e+001 +1.313147323e+001 +6.362147323e+001 +6.362147323e+001 +3.6752e+000 -9.8268e-001 +2.4324e+000 -2.6685e-001 +2.7065e+000
2927 0 +9.304896026e+000 +9.304896026e+000 +5.979489603e+001 +5.979489603e+001 +3.1649e+000 +5.1285e-001 +3.6722e+000 -2.5725e-001 +3.7709e+000
3179 0 +5.190873016e+000 +5.190873016e+000 +5.568087302e+001 +5.568087302e+001 +4.1999e+000 -7.3138e-001 +2.9221e+000 +2.6327e-001 +4.2760e+000
4735 0 +4.982391007e+000 +4.982391007e+000 +5.547239101e+001 +5.547239101e+001 +3.0594e+000 +1.3431e-002 +3.2252e+000 -1.0329e+000 +3.9794e+000
7546 0 +4.806438171e+000 +4.806438171e+000 +5.529643817e+001 +5.529643817e+001 +3.1326e+000 -2.5740e-001 +2.6880e+000 -6.2061e-001 +3.7983e+000
8613 0 +2.105827726e+000 +2.105827726e+000 +5.259582773e+001 +5.259582773e+001 +3.0958e+000 -2.8512e-001 +2.7828e+000 -6.0497e-001 +3.7687e+000
9201 0 +1.943688404e+000 +1.943688404e+000 +5.243368840e+001 +5.243368840e+001 +3.1117e+000 -2.4572e-001 +2.7585e+000 -6.2778e-001 +3.7947e+000
9464 0 +1.866754888e+000 +1.866754888e+000 +5.235675489e+001 +5.235675489e+001 +3.0967e+000 -2.6216e-001 +2.7462e+000 -6.0217e-001 +3.7724e+000
9493 0 +1.164833985e+000 +1.164833985e+000 +5.165483399e+001 +5.165483399e+001 +3.0899e+000 -2.4713e-001 +2.7617e+000 -6.2158e-001 +3.8084e+000
10959 0 +1.100575540e+000 +1.100575540e+000 +5.159057554e+001 +5.159057554e+001 +3.0895e+000 -2.5651e-001 +2.7704e+000 -6.1057e-001 +3.8016e+000
11383 0 +1.093059088e+000 +1.093059088e+000 +5.158305909e+001 +5.158305909e+001 +3.0925e+000 -2.5813e-001 +2.7680e+000 -6.1108e-001 +3.8101e+000
11690 0 +1.068391511e+000 +1.068391511e+000 +5.155839151e+001 +5.155839151e+001 +3.0969e+000 -2.5835e-001 +2.7630e+000 -6.0935e-001 +3.8030e+000
12008 0 +1.042096583e+000 +1.042096583e+000 +5.153209658e+001 +5.153209658e+001 +3.0792e+000 -2.5048e-001 +2.7642e+000 -6.1806e-001 +3.8102e+000
12132 0 +1.017833604e+000 +1.017833604e+000 +5.150783360e+001 +5.150783360e+001 +3.0848e+000 -2.5563e-001 +2.7591e+000 -6.0952e-001 +3.8065e+000
13233 0 +9.993519355e-001 +9.993519355e-001 +5.148935194e+001 +5.148935194e+001 +3.0868e+000 -2.5449e-001 +2.7615e+000 -6.1091e-001 +3.8065e+000
% f evaluations | g evaluations | best noise-free fitness - Fopt | noise-free fitness - Fopt (-3.641300000000e+002) | measured fitness | best measured fitness | x1 | x2...
1 0 +1.021080385e+002 +1.021080385e+002 -2.620219615e+002 -2.620219615e+002 +7.5216e-001 +1.1252e+000 +3.8957e-001 -1.1379e+000 +9.8605e-001
4 0 +9.506571396e+001 +9.506571396e+001 -2.690642860e+002 -2.690642860e+002 +8.6674e-001 -1.5154e+000 +1.3046e-001 -5.0316e-001 -3.7498e-001
7 0 +6.131935320e+001 +6.131935320e+001 -3.028106468e+002 -3.028106468e+002 -8.9095e-001 -2.6515e-001 +8.1583e-001 -4.4782e-001 +3.6790e-001
65 0 +5.495740481e+001 +5.495740481e+001 -3.091725952e+002 -3.091725952e+002 +4.6920e-002 -4.5508e-001 +8.0612e-001 -4.2830e-001 +1.7943e+000
110 0 +5.265337914e+001 +5.265337914e+001 -3.114766209e+002 -3.114766209e+002 -1.9327e+000 -5.5483e-001 +4.0309e-001 +1.8429e-001 +1.0939e-001
143 0 +4.237428725e+001 +4.237428725e+001 -3.217557128e+002 -3.217557128e+002 -3.4460e+000 -1.2312e-001 -7.1971e-001 -1.0720e+000 +3.3592e-001
427 0 +2.994694099e+001 +2.994694099e+001 -3.341830590e+002 -3.341830590e+002 -3.8903e+000 -1.2175e+000 +1.0967e+000 -1.3356e+000 +1.8111e+000
516 0 +1.620472189e+001 +1.620472189e+001 -3.479252781e+002 -3.479252781e+002 -4.9113e+000 +3.1640e-001 +3.9385e-001 -1.0697e+000 +1.6313e+000
1503 0 +1.584565910e+001 +1.584565910e+001 -3.482843409e+002 -3.482843409e+002 -2.2075e+000 -1.2821e-001 +2.1459e+000 -1.2291e+000 +2.2491e+000
2066 0 +1.373061971e+001 +1.373061971e+001 -3.503993803e+002 -3.503993803e+002 -3.3402e+000 -7.1722e-001 +7.3665e-001 -1.3737e+000 +2.4322e+000
2472 0 +1.125544206e+001 +1.125544206e+001 -3.528745579e+002 -3.528745579e+002 -2.7790e+000 -2.5316e-001 +1.1389e+000 -6.4283e-001 +2.2556e+000
4618 0 +1.070262053e+001 +1.070262053e+001 -3.534273795e+002 -3.534273795e+002 -3.5580e+000 -8.9548e-001 +1.7722e+000 -1.1703e+000 +2.1269e+000
5340 0 +9.378952124e+000 +9.378952124e+000 -3.547510479e+002 -3.547510479e+002 -4.1268e+000 -8.4086e-001 +1.2541e+000 -1.4906e+000 +2.5299e+000
5537 0 +7.665230768e+000 +7.665230768e+000 -3.564647692e+002 -3.564647692e+002 -4.1848e+000 -3.0313e-001 +1.5546e+000 -4.2973e-001 +2.1202e+000
5790 0 +1.183669708e+000 +1.183669708e+000 -3.629463303e+002 -3.629463303e+002 -3.7933e+000 -5.9230e-001 +1.1915e+000 -1.0171e+000 +1.8880e+000
10030 0 +1.059280860e+000 +1.059280860e+000 -3.630707191e+002 -3.630707191e+002 -3.7387e+000 -5.8931e-001 +1.1116e+000 -1.0525e+000 +1.8688e+000
10228 0 +6.279996632e-001 +6.279996632e-001 -3.635020003e+002 -3.635020003e+002 -3.7750e+000 -6.1765e-001 +1.1541e+000 -1.0204e+000 +1.8557e+000
10418 0 +5.872070746e-001 +5.872070746e-001 -3.635427929e+002 -3.635427929e+002 -3.7372e+000 -5.9537e-001 +1.1462e+000 -1.0330e+000 +1.8763e+000
10465 0 +2.982698162e-001 +2.982698162e-001 -3.638317302e+002 -3.638317302e+002 -3.7524e+000 -6.0711e-001 +1.1345e+000 -1.0450e+000 +1.8395e+000
10602 0 +1.372090311e-001 +1.372090311e-001 -3.639927910e+002 -3.639927910e+002 -3.7597e+000 -5.9437e-001 +1.1280e+000 -1.0441e+000 +1.8446e+000
11183 0 +1.050026401e-001 +1.050026401e-001 -3.640249974e+002 -3.640249974e+002 -3.7665e+000 -6.0604e-001 +1.1364e+000 -1.0322e+000 +1.8521e+000
11299 0 +7.371199552e-002 +7.371199552e-002 -3.640562880e+002 -3.640562880e+002 -3.7562e+000 -5.9732e-001 +1.1531e+000 -1.0392e+000 +1.8654e+000
11609 0 +4.378342356e-002 +4.378342356e-002 -3.640862166e+002 -3.640862166e+002 -3.7671e+000 -5.9597e-001 +1.1536e+000 -1.0381e+000 +1.8633e+000
11974 0 +1.855997975e-002 +1.855997975e-002 -3.641114400e+002 -3.641114400e+002 -3.7607e+000 -5.9933e-001 +1.1394e+000 -1.0409e+000 +1.8555e+000
12113 0 +6.636635711e-003 +6.636635711e-003 -3.641233634e+002 -3.641233634e+002 -3.7591e+000 -5.9952e-001 +1.1435e+000 -1.0391e+000 +1.8524e+000
12306 0 +6.490173553e-003 +6.490173553e-003 -3.641235098e+002 -3.641235098e+002 -3.7599e+000 -5.9708e-001 +1.1476e+000 -1.0389e+000 +1.8580e+000
12614 0 +5.242564479e-003 +5.242564479e-003 -3.641247574e+002 -3.641247574e+002 -3.7580e+000 -5.9709e-001 +1.1443e+000 -1.0402e+000 +1.8538e+000
13012 0 +4.378553420e-003 +4.378553420e-003 -3.641256214e+002 -3.641256214e+002 -3.7593e+000 -5.9715e-001 +1.1446e+000 -1.0399e+000 +1.8542e+000
13032 0 +4.293850315e-003 +4.293850315e-003 -3.641257061e+002 -3.641257061e+002 -3.7615e+000 -5.9922e-001 +1.1456e+000 -1.0366e+000 +1.8564e+000
13252 0 +3.557288616e-003 +3.557288616e-003 -3.641264427e+002 -3.641264427e+002 -3.7590e+000 -5.9968e-001 +1.1444e+000 -1.0376e+000 +1.8545e+000
13447 0 +1.509932562e-003 +1.509932562e-003 -3.641284901e+002 -3.641284901e+002 -3.7601e+000 -5.9802e-001 +1.1449e+000 -1.0377e+000 +1.8554e+000
13678 0 +1.373104340e-003 +1.373104340e-003 -3.641286269e+002 -3.641286269e+002 -3.7611e+000 -5.9896e-001 +1.1428e+000 -1.0382e+000 +1.8546e+000
13689 0 +1.285929482e-003 +1.285929482e-003 -3.641287141e+002 -3.641287141e+002 -3.7618e+000 -5.9766e-001 +1.1456e+000 -1.0391e+000 +1.8555e+000
13910 0 +1.171407912e-003 +1.171407912e-003 -3.641288286e+002 -3.641288286e+002 -3.7601e+000 -5.9921e-001 +1.1435e+000 -1.0382e+000 +1.8543e+000
13915 0 +1.003236782e-003 +1.003236782e-003 -3.641289968e+002 -3.641289968e+002 -3.7597e+000 -5.9884e-001 +1.1444e+000 -1.0381e+000 +1.8545e+000
13959 0 +6.784871551e-004 +6.784871551e-004 -3.641293215e+002 -3.641293215e+002 -3.7611e+000 -5.9885e-001 +1.1442e+000 -1.0388e+000 +1.8549e+000
14236 0 +4.987123023e-004 +4.987123023e-004 -3.641295013e+002 -3.641295013e+002 -3.7606e+000 -5.9844e-001 +1.1450e+000 -1.0380e+000 +1.8558e+000
14332 0 +2.585846612e-004 +2.585846612e-004 -3.641297414e+002 -3.641297414e+002 -3.7609e+000 -5.9823e-001 +1.1453e+000 -1.0386e+000 +1.8554e+000
14611 0 +1.972139553e-004 +1.972139553e-004 -3.641298028e+002 -3.641298028e+002 -3.7614e+000 -5.9850e-001 +1.1449e+000 -1.0382e+000 +1.8550e+000
14767 0 +1.944507181e-004 +1.944507181e-004 -3.641298055e+002 -3.641298055e+002 -3.7605e+000 -5.9805e-001 +1.1448e+000 -1.0386e+000 +1.8554e+000
14832 0 +1.601590310e-004 +1.601590310e-004 -3.641298398e+002 -3.641298398e+002 -3.7613e+000 -5.9847e-001 +1.1450e+000 -1.0381e+000 +1.8554e+000
15101 0 +1.065038278e-004 +1.065038278e-004 -3.641298935e+002 -3.641298935e+002 -3.7608e+000 -5.9819e-001 +1.1450e+000 -1.0385e+000 +1.8555e+000
15112 0 +7.559637066e-005 +7.559637066e-005 -3.641299244e+002 -3.641299244e+002 -3.7604e+000 -5.9824e-001 +1.1447e+000 -1.0384e+000 +1.8551e+000
15357 0 +7.097339119e-005 +7.097339119e-005 -3.641299290e+002 -3.641299290e+002 -3.7604e+000 -5.9850e-001 +1.1446e+000 -1.0385e+000 +1.8551e+000
15362 0 +6.641913302e-005 +6.641913302e-005 -3.641299336e+002 -3.641299336e+002 -3.7608e+000 -5.9854e-001 +1.1447e+000 -1.0385e+000 +1.8555e+000
15740 0 +6.331305644e-005 +6.331305644e-005 -3.641299367e+002 -3.641299367e+002 -3.7606e+000 -5.9824e-001 +1.1449e+000 -1.0384e+000 +1.8554e+000
15788 0 +5.865753468e-005 +5.865753468e-005 -3.641299413e+002 -3.641299413e+002 -3.7607e+000 -5.9825e-001 +1.1446e+000 -1.0384e+000 +1.8551e+000
15886 0 +5.493484650e-005 +5.493484650e-005 -3.641299451e+002 -3.641299451e+002 -3.7606e+000 -5.9823e-001 +1.1448e+000 -1.0384e+000 +1.8553e+000
15978 0 +4.385630729e-005 +4.385630729e-005 -3.641299561e+002 -3.641299561e+002 -3.7607e+000 -5.9849e-001 +1.1449e+000 -1.0384e+000 +1.8554e+000
16103 0 +3.631249677e-005 +3.631249677e-005 -3.641299637e+002 -3.641299637e+002 -3.7607e+000 -5.9844e-001 +1.1445e+000 -1.0384e+000 +1.8550e+000
16192 0 +2.783380262e-005 +2.783380262e-005 -3.641299722e+002 -3.641299722e+002 -3.7608e+000 -5.9847e-001 +1.1447e+000 -1.0384e+000 +1.8550e+000
16371 0 +2.458934313e-005 +2.458934313e-005 -3.641299754e+002 -3.641299754e+002 -3.7609e+000 -5.9829e-001 +1.1448e+000 -1.0385e+000 +1.8552e+000
16464 0 +7.486626885e-006 +7.486626885e-006 -3.641299925e+002 -3.641299925e+002 -3.7607e+000 -5.9841e-001 +1.1448e+000 -1.0384e+000 +1.8553e+000
16539 0 +5.214681778e-006 +5.214681778e-006 -3.641299948e+002 -3.641299948e+002 -3.7609e+000 -5.9844e-001 +1.1448e+000 -1.0384e+000 +1.8553e+000
17117 0 +3.047084647e-006 +3.047084647e-006 -3.641299970e+002 -3.641299970e+002 -3.7609e+000 -5.9842e-001 +1.1448e+000 -1.0384e+000 +1.8552e+000
17253 0 +2.155564857e-006 +2.155564857e-006 -3.641299978e+002 -3.641299978e+002 -3.7607e+000 -5.9840e-001 +1.1447e+000 -1.0384e+000 +1.8552e+000
17260 0 +1.000755447e-006 +1.000755447e-006 -3.641299990e+002 -3.641299990e+002 -3.7608e+000 -5.9838e-001 +1.1448e+000 -1.0384e+000 +1.8552e+000
17869 0 +4.933270361e-007 +4.933270361e-007 -3.641299995e+002 -3.641299995e+002 -3.7608e+000 -5.9840e-001 +1.1448e+000 -1.0384e+000 +1.8552e+000
17948 0 +4.156995033e-007 +4.156995033e-007 -3.641299996e+002 -3.641299996e+002 -3.7608e+000 -5.9839e-001 +1.1448e+000 -1.0384e+000 +1.8552e+000
18039 0 +7.696712601e-008 +7.696712601e-008 -3.641299999e+002 -3.641299999e+002 -3.7608e+000 -5.9841e-001 +1.1448e+000 -1.0384e+000 +1.8552e+000
18869 0 +2.894148565e-008 +2.894148565e-008 -3.641300000e+002 -3.641300000e+002 -3.7608e+000 -5.9840e-001 +1.1448e+000 -1.0384e+000 +1.8552e+000
19887 0 +2.505839802e-008 +2.505839802e-008 -3.641300000e+002 -3.641300000e+002 -3.7608e+000 -5.9840e-001 +1.1448e+000 -1.0384e+000 +1.8552e+000
19888 0 +4.890637229e-009 +4.890637229e-009 -3.641300000e+002 -3.641300000e+002 -3.7608e+000 -5.9840e-001 +1.1448e+000 -1.0384e+000 +1.8552e+000
29254 0 +0.000000000e+000 +0.000000000e+000 -3.641300000e+002 -3.641300000e+002 -3.7608e+000 -5.9840e-001 +1.1448e+000 -1.0384e+000 +1.8552e+000
% f evaluations | g evaluations | best noise-free fitness - Fopt | noise-free fitness - Fopt (1.592700000000e+002) | measured fitness | best measured fitness | x1 | x2...
1 0 +1.840276691e+002 +1.840276691e+002 +3.432976691e+002 +3.432976691e+002 +8.3190e-003 +1.3342e+000 -2.1801e-001 -3.4736e-001 +2.3888e-001
2 0 +1.549289341e+002 +1.549289341e+002 +3.141989341e+002 +3.141989341e+002 -1.4950e-001 -2.3604e+000 -5.3093e-002 -1.6007e-002 -9.4490e-002
4 0 +1.447950043e+002 +1.447950043e+002 +3.040650043e+002 +3.040650043e+002 +2.0855e-001 -1.6431e+000 -1.2201e-001 -4.3865e-001 -8.8172e-001
5 0 +1.255658969e+002 +1.255658969e+002 +2.848358969e+002 +2.848358969e+002 -8.8503e-002 +6.8201e-001 +1.1411e+000 +1.1314e-001 +4.9160e-001
8 0 +1.124051607e+002 +1.124051607e+002 +2.716751607e+002 +2.716751607e+002 -6.0553e-001 +9.9290e-001 +4.9737e-001 -5.5886e-001 -1.3469e+000
14 0 +1.081054239e+002 +1.081054239e+002 +2.673754239e+002 +2.673754239e+002 +3.7828e-001 +1.0020e-001 +7.5614e-001 -1.7550e-001 -1.3439e+000
18 0 +8.051587260e+001 +8.051587260e+001 +2.397858726e+002 +2.397858726e+002 -9.3754e-001 -5.3232e-001 +6.2761e-001 -8.7240e-001 -9.6387e-001
32 0 +6.674589298e+001 +6.674589298e+001 +2.260158930e+002 +2.260158930e+002 -1.2369e+000 +9.9131e-001 +2.1472e+000 -4.0900e-001 -4.2295e-002
112 0 +6.148882272e+001 +6.148882272e+001 +2.207588227e+002 +2.207588227e+002 -2.2062e+000 -1.0874e+000 +1.9844e+000 -1.3666e+000 -3.2464e-001
194 0 +5.925899515e+001 +5.925899515e+001 +2.185289951e+002 +2.185289951e+002 +6.1302e-002 +1.2751e-001 +2.6745e+000 -1.5701e+000 -2.2097e+000
219 0 +4.970643612e+001 +4.970643612e+001 +2.089764361e+002 +2.089764361e+002 -2.6320e+000 -2.1858e+000 +3.2078e+000 -1.9444e+000 -1.8886e+000
616 0 +4.593838049e+001 +4.593838049e+001 +2.052083805e+002 +2.052083805e+002 -1.5071e+000 +4.9989e-001 +1.5095e+000 -3.1291e+000 -2.6693e+000
714 0 +4.509675037e+001 +4.509675037e+001 +2.043667504e+002 +2.043667504e+002 -2.7320e+000 +1.3268e-001 +2.7259e+000 -2.2750e+000 -1.7096e+000
805 0 +4.308253906e+001 +4.308253906e+001 +2.023525391e+002 +2.023525391e+002 -1.4921e+000 -1.7782e+000 +5.7319e+000 -1.8670e-001 -1.8522e+000
879 0 +2.205637147e+001 +2.205637147e+001 +1.813263715e+002 +1.813263715e+002 -1.0264e+000 -2.5069e+000 +4.3382e+000 -1.4276e+000 -3.6770e+000
2470 0 +1.515790507e+001 +1.515790507e+001 +1.744279051e+002 +1.744279051e+002 -1.2073e+000 -1.5342e+000 +3.6172e+000 -1.9756e+000 -2.7936e+000
3842 0 +1.234752372e+001 +1.234752372e+001 +1.716175237e+002 +1.716175237e+002 -1.7029e+000 -2.2148e+000 +4.4286e+000 -1.0058e+000 -2.7631e+000
4002 0 +9.236947028e+000 +9.236947028e+000 +1.685069470e+002 +1.685069470e+002 -1.8760e+000 -1.4795e+000 +4.9112e+000 -1.8868e+000 -2.4099e+000
4615 0 +6.585868010e+000 +6.585868010e+000 +1.658558680e+002 +1.658558680e+002 -1.6239e+000 -1.9156e+000 +4.3882e+000 -1.4946e+000 -3.2003e+000
7061 0 +6.393350371e+000 +6.393350371e+000 +1.656633504e+002 +1.656633504e+002 -1.6768e+000 -1.6722e+000 +4.3552e+000 -1.8610e+000 -2.6447e+000
8739 0 +4.801176919e+000 +4.801176919e+000 +1.640711769e+002 +1.640711769e+002 -1.7245e+000 -1.6272e+000 +4.4645e+000 -1.9159e+000 -2.5877e+000
8784 0 +3.872140900e+000 +3.872140900e+000 +1.631421409e+002 +1.631421409e+002 -1.8145e+000 -1.6270e+000 +4.4021e+000 -1.9727e+000 -2.5560e+000
8861 0 +3.711260323e+000 +3.711260323e+000 +1.629812603e+002 +1.629812603e+002 -1.7460e+000 -1.6542e+000 +4.3604e+000 -1.8992e+000 -2.5919e+000
9210 0 +2.638338962e+000 +2.638338962e+000 +1.619083390e+002 +1.619083390e+002 -1.7438e+000 -1.6251e+000 +4.3588e+000 -1.9534e+000 -2.5783e+000
9677 0 +2.449820035e+000 +2.449820035e+000 +1.617198200e+002 +1.617198200e+002 -1.7614e+000 -1.6409e+000 +4.3788e+000 -1.9401e+000 -2.5737e+000
10276 0 +2.383891076e+000 +2.383891076e+000 +1.616538911e+002 +1.616538911e+002 -1.7408e+000 -1.6587e+000 +4.3842e+000 -1.9609e+000 -2.5954e+000
10366 0 +2.272849276e+000 +2.272849276e+000 +1.615428493e+002 +1.615428493e+002 -1.7599e+000 -1.6397e+000 +4.3839e+000 -1.9797e+000 -2.5764e+000
10458 0 +2.224130443e+000 +2.224130443e+000 +1.614941304e+002 +1.614941304e+002 -1.7572e+000 -1.6440e+000 +4.4053e+000 -1.9589e+000 -2.5747e+000
10874 0 +2.162161867e+000 +2.162161867e+000 +1.614321619e+002 +1.614321619e+002 -1.7650e+000 -1.6323e+000 +4.3841e+000 -1.9614e+000 -2.5892e+000
11051 0 +2.104839748e+000 +2.104839748e+000 +1.613748397e+002 +1.613748397e+002 -1.7507e+000 -1.6330e+000 +4.3978e+000 -1.9583e+000 -2.5856e+000
11584 0 +2.025994851e+000 +2.025994851e+000 +1.612959949e+002 +1.612959949e+002 -1.7445e+000 -1.6462e+000 +4.3894e+000 -1.9516e+000 -2.5960e+000
13287 0 +1.994059941e+000 +1.994059941e+000 +1.612640599e+002 +1.612640599e+002 -1.7504e+000 -1.6397e+000 +4.3892e+000 -1.9614e+000 -2.5872e+000
