% f evaluations | g evaluations | best noise-free fitness - Fopt | noise-free fitness - Fopt (1.000000000000e+003) | measured fitness | best measured fitness | x1 | x2...
1 0 +3.817710030e+001 +3.817710030e+001 +1.038177100e+003 +1.038177100e+003 -7.4555e-001 +7.8837e-001
6 0 +3.477348355e+001 +3.477348355e+001 +1.034773484e+003 +1.034773484e+003 +6.1405e-001 +1.4085e+000
13 0 +1.820079926e+001 +1.820079926e+001 +1.018200799e+003 +1.018200799e+003 -1.4493e+000 +9.4824e-001
49 0 +1.818538412e+001 +1.818538412e+001 +1.018185384e+003 +1.018185384e+003 -1.5321e+000 +1.2678e+000
107 0 +1.676390286e+001 +1.676390286e+001 +1.016763903e+003 +1.016763903e+003 +1.1363e-001 +1.4233e+000
202 0 +9.924244819e+000 +9.924244819e+000 +1.009924245e+003 +1.009924245e+003 -2.4097e+000 +2.1879e+000
230 0 +9.205329083e+000 +9.205329083e+000 +1.009205329e+003 +1.009205329e+003 -3.7242e+000 +3.4692e+000
274 0 +3.952767633e+000 +3.952767633e+000 +1.003952768e+003 +1.003952768e+003 -3.4264e+000 +2.8006e+000
1023 0 +3.757055507e+000 +3.757055507e+000 +1.003757056e+003 +1.003757056e+003 -3.0550e+000 +3.0499e+000
1420 0 +2.505414504e+000 +2.505414504e+000 +1.002505415e+003 +1.002505415e+003 -4.1676e+000 +3.4618e+000
1550 0 +1.033974731e+000 +1.033974731e+000 +1.001033975e+003 +1.001033975e+003 -2.2567e+000 +2.3400e+000
2022 0 +3.625135354e-001 +3.625135354e-001 +1.000362514e+003 +1.000362514e+003 -3.0663e+000 +3.0219e+000
3653 0 +1.480025922e-001 +1.480025922e-001 +1.000148003e+003 +1.000148003e+003 -3.0638e+000 +2.9954e+000
4380 0 +7.149448830e-003 +7.149448830e-003 +1.000007149e+003 +1.000007149e+003 -3.0527e+000 +2.9979e+000
10018 0 +6.925150798e-003 +6.925150798e-003 +1.000006925e+003 +1.000006925e+003 -3.0522e+000 +2.9997e+000
11048 0 +3.428085822e-003 +3.428085822e-003 +1.000003428e+003 +1.000003428e+003 -3.0601e+000 +3.0033e+000
11250 0 +3.025225570e-003 +3.025225570e-003 +1.000003025e+003 +1.000003025e+003 -3.0561e+000 +3.0026e+000
11269 0 +2.245264576e-003 +2.245264576e-003 +1.000002245e+003 +1.000002245e+003 -3.0573e+000 +3.0007e+000
11589 0 +1.793222929e-003 +1.793222929e-003 +1.000001793e+003 +1.000001793e+003 -3.0578e+000 +3.0011e+000
11755 0 +3.912186937e-004 +3.912186937e-004 +1.000000391e+003 +1.000000391e+003 -3.0575e+000 +3.0016e+000
12506 0 +3.901081686e-005 +3.901081686e-005 +1.000000039e+003 +1.000000039e+003 -3.0570e+000 +3.0019e+000
12673 0 +8.577173958e-006 +8.577173958e-006 +1.000000009e+003 +1.000000009e+003 -3.0567e+000 +3.0016e+000
13309 0 +8.147053109e-006 +8.147053109e-006 +1.000000008e+003 +1.000000008e+003 -3.0569e+000 +3.0016e+000
13514 0 +7.653173498e-006 +7.653173498e-006 +1.000000008e+003 +1.000000008e+003 -3.0569e+000 +3.0017e+000
13532 0 +2.128270353e-006 +2.128270353e-006 +1.000000002e+003 +1.000000002e+003 -3.0567e+000 +3.0015e+000
14232 0 +4.187722880e-007 +4.187722880e-007 +1.000000000e+003 +1.000000000e+003 -3.0568e+000 +3.0016e+000
15884 0 +3.699234412e-007 +3.699234412e-007 +1.000000000e+003 +1.000000000e+003 -3.0568e+000 +3.0016e+000
15987 0 +1.103485374e-007 +1.103485374e-007 +1.000000000e+003 +1.000000000e+003 -3.0568e+000 +3.0016e+000
16407 0 +2.835963642e-008 +2.835963642e-008 +1.000000000e+003 +1.000000000e+003 -3.0568e+000 +3.0016e+000
16914 0 +9.906102605e-009 +9.906102605e-009 +1.000000000e+003 +1.000000000e+003 -3.0568e+000 +3.0016e+000
23124 0 +0.000000000e+000 +0.000000000e+000 +1.000000000e+003 +1.000000000e+003 -3.0568e+000 +3.0016e+000
% f evaluations | g evaluations | best noise-free fitness - Fopt | noise-free fitness - Fopt (7.003000000000e+001) | measured fitness | best measured fitness | x1 | x2...
1 0 +2.018280996e+002 +2.018280996e+002 +2.718580996e+002 +2.718580996e+002 +1.5546e+000 +1.6585e-001
2 0 +5.527634478e+001 +5.527634478e+001 +1.253063448e+002 +1.253063448e+002 +6.1614e-001 -1.0507e+000
10 0 +4.974178890e+001 +4.974178890e+001 +1.197717889e+002 +1.197717889e+002 +9.1525e-001 -1.9225e+000
47 0 +4.442924775e+001 +4.442924775e+001 +1.144592478e+002 +1.144592478e+002 -4.6131e-001 -6.8106e-001
57 0 +4.244286724e+001 +4.244286724e+001 +1.124728672e+002 +1.124728672e+002 -3.3001e-001 -6.4595e-001
58 0 +2.249262184e+001 +2.249262184e+001 +9.252262184e+001 +9.252262184e+001 +4.6103e-001 -1.5502e+000
114 0 +1.861847137e+001 +1.861847137e+001 +8.864847137e+001 +8.864847137e+001 -1.8328e+000 -2.3130e+000
117 0 +1.569041581e+001 +1.569041581e+001 +8.572041581e+001 +8.572041581e+001 -1.8465e+000 -1.7444e+000
124 0 +4.773786465e+000 +4.773786465e+000 +7.480378647e+001 +7.480378647e+001 -1.7500e+000 -2.2726e+000
665 0 +3.755835587e+000 +3.755835587e+000 +7.378583559e+001 +7.378583559e+001 -1.7710e+000 -2.5233e+000
718 0 +3.200668562e+000 +3.200668562e+000 +7.323066856e+001 +7.323066856e+001 -1.0456e+000 -2.1049e+000
785 0 +1.653628652e+000 +1.653628652e+000 +7.168362865e+001 +7.168362865e+001 -8.0245e-001 -2.8605e+000
1250 0 +1.504084150e+000 +1.504084150e+000 +7.153408415e+001 +7.153408415e+001 -9.1426e-001 -2.1553e+000
1447 0 +2.374396506e-002 +2.374396506e-002 +7.005374397e+001 +7.005374397e+001 -8.5557e-001 -2.4970e+000
7056 0 +1.557939574e-002 +1.557939574e-002 +7.004557940e+001 +7.004557940e+001 -8.5178e-001 -2.4984e+000
7402 0 +5.926763946e-003 +5.926763946e-003 +7.003592676e+001 +7.003592676e+001 -8.4716e-001 -2.4954e+000
7422 0 +6.177916005e-004 +6.177916005e-004 +7.003061779e+001 +7.003061779e+001 -8.5177e-001 -2.4958e+000
8369 0 +5.095341972e-004 +5.095341972e-004 +7.003050953e+001 +7.003050953e+001 -8.5173e-001 -2.4958e+000
8463 0 +3.142858054e-005 +3.142858054e-005 +7.003003143e+001 +7.003003143e+001 -8.5008e-001 -2.4960e+000
9830 0 +2.902036593e-005 +2.902036593e-005 +7.003002902e+001 +7.003002902e+001 -8.5055e-001 -2.4958e+000
10329 0 +1.410395257e-005 +1.410395257e-005 +7.003001410e+001 +7.003001410e+001 -8.5019e-001 -2.4961e+000
10575 0 +8.437834524e-006 +8.437834524e-006 +7.003000844e+001 +7.003000844e+001 -8.5033e-001 -2.4961e+000
10686 0 +7.378092704e-006 +7.378092704e-006 +7.003000738e+001 +7.003000738e+001 -8.5034e-001 -2.4960e+000
10842 0 +5.414353112e-006 +5.414353112e-006 +7.003000541e+001 +7.003000541e+001 -8.5028e-001 -2.4961e+000
11306 0 +4.340252701e-006 +4.340252701e-006 +7.003000434e+001 +7.003000434e+001 -8.5025e-001 -2.4960e+000
11465 0 +1.227617332e-006 +1.227617332e-006 +7.003000123e+001 +7.003000123e+001 -8.5034e-001 -2.4960e+000
11843 0 +5.201840310e-007 +5.201840310e-007 +7.003000052e+001 +7.003000052e+001 -8.5036e-001 -2.4960e+000
12344 0 +2.493050033e-007 +2.493050033e-007 +7.003000025e+001 +7.003000025e+001 -8.5042e-001 -2.4960e+000
12714 0 +7.258904589e-011 +7.258904589e-011 +7.003000000e+001 +7.003000000e+001 -8.5040e-001 -2.4960e+000
19779 0 +0.000000000e+000 +0.000000000e+000 +7.003000000e+001 +7.003000000e+001 -8.5040e-001 -2.4960e+000
% f evaluations | g evaluations | best noise-free fitness - Fopt | noise-free fitness - Fopt (-4.822000000000e+001) | measured fitness | best measured fitness | x1 | x2...
1 0 +5.929735961e+001 +5.929735961e+001 +1.107735961e+001 +1.107735961e+001 -6.0419e-001 +5.7981e-001
3 0 +3.509532238e+001 +3.509532238e+001 -1.312467762e+001 -1.312467762e+001 -2.1617e-001 -1.1178e-001
17 0 +1.445255653e+001 +1.445255653e+001 -3.376744347e+001 -3.376744347e+001 -2.3975e+000 -1.8941e-002
31 0 +7.941309263e+000 +7.941309263e+000 -4.027869074e+001 -4.027869074e+001 -1.9219e+000 -8.9186e-001
36 0 +4.870534692e+000 +4.870534692e+000 -4.334946531e+001 -4.334946531e+001 -1.3991e+000 -1.5291e+000
508 0 +1.734330507e+000 +1.734330507e+000 -4.648566949e+001 -4.648566949e+001 -1.8093e+000 -2.3572e-001
1220 0 +1.204076440e+000 +1.204076440e+000 -4.701592356e+001 -4.701592356e+001 -1.8655e+000 -1.0183e+000
1962 0 +1.183899230e+000 +1.183899230e+000 -4.703610077e+001 -4.703610077e+001 -2.1505e+000 -4.4382e-001
2368 0 +9.523712649e-001 +9.523712649e-001 -4.726762874e+001 -4.726762874e+001 -1.8426e+000 -1.0651e+000
2752 0 +6.070584947e-001 +6.070584947e-001 -4.761294151e+001 -4.761294151e+001 -1.8615e+000 -9.9941e-001
3034 0 +3.640940191e-001 +3.640940191e-001 -4.785590598e+001 -4.785590598e+001 -1.8553e+000 -9.7794e-001
4046 0 +1.476180210e-001 +1.476180210e-001 -4.807238198e+001 -4.807238198e+001 -1.8509e+000 -1.0102e+000
4730 0 +2.560519092e-002 +2.560519092e-002 -4.819439481e+001 -4.819439481e+001 -1.8450e+000 -1.0104e+000
5530 0 +1.204043608e-002 +1.204043608e-002 -4.820795956e+001 -4.820795956e+001 -1.8417e+000 -1.0143e+000
5560 0 +9.081388563e-003 +9.081388563e-003 -4.821091861e+001 -4.821091861e+001 -1.8400e+000 -1.0089e+000
6276 0 +7.595950867e-003 +7.595950867e-003 -4.821240405e+001 -4.821240405e+001 -1.8446e+000 -1.0058e+000
6914 0 +6.585913219e-003 +6.585913219e-003 -4.821341409e+001 -4.821341409e+001 -1.8441e+000 -1.0028e+000
6922 0 +5.726599186e-003 +5.726599186e-003 -4.821427340e+001 -4.821427340e+001 -1.8405e+000 -1.0080e+000
6957 0 +2.486976159e-003 +2.486976159e-003 -4.821751302e+001 -4.821751302e+001 -1.8426e+000 -1.0035e+000
7106 0 +5.690695015e-004 +5.690695015e-004 -4.821943093e+001 -4.821943093e+001 -1.8420e+000 -1.0064e+000
7908 0 +4.345181379e-004 +4.345181379e-004 -4.821956548e+001 -4.821956548e+001 -1.8420e+000 -1.0086e+000
8092 0 +2.463525536e-004 +2.463525536e-004 -4.821975365e+001 -4.821975365e+001 -1.8424e+000 -1.0062e+000
8271 0 +3.974827189e-005 +3.974827189e-005 -4.821996025e+001 -4.821996025e+001 -1.8424e+000 -1.0068e+000
9077 0 +1.340238219e-005 +1.340238219e-005 -4.821998660e+001 -4.821998660e+001 -1.8423e+000 -1.0072e+000
9138 0 +4.602668575e-006 +4.602668575e-006 -4.821999540e+001 -4.821999540e+001 -1.8424e+000 -1.0071e+000
9226 0 +2.274550397e-007 +2.274550397e-007 -4.821999977e+001 -4.821999977e+001 -1.8424e+000 -1.0072e+000
11656 0 +2.195038107e-007 +2.195038107e-007 -4.821999978e+001 -4.821999978e+001 -1.8424e+000 -1.0072e+000
12067 0 +1.232005218e-007 +1.232005218e-007 -4.821999988e+001 -4.821999988e+001 -1.8424e+000 -1.0072e+000
12340 0 +9.685523850e-008 +9.685523850e-008 -4.821999990e+001 -4.821999990e+001 -1.8424e+000 -1.0072e+000
12747 0 +5.940742653e-008 +5.940742653e-008 -4.821999994e+001 -4.821999994e+001 -1.8424e+000 -1.0072e+000
12752 0 +9.450147331e-009 +9.450147331e-009 -4.821999999e+001 -4.821999999e+001 -1.8424e+000 -1.0072e+000
19033 0 +0.000000000e+000 +0.000000000e+000 -4.822000000e+001 -4.822000000e+001 -1.8424e+000 -1.0072e+000
% f evaluations | g evaluations | best noise-free fitness - Fopt | noise-free fitness - Fopt (2.547000000000e+001) | measured fitness | best measured fitness | x1 | x2...
1 0 +1.935839757e+002 +1.935839757e+002 +2.190539757e+002 +2.190539757e+002 +4.1761e-001 -2.7462e-001
2 0 +1.840300577e+002 +1.840300577e+002 +2.095000577e+002 +2.095000577e+002 -5.8596e-002 +1.7155e-002
3 0 +1.244506109e+002 +1.244506109e+002 +1.499206109e+002 +1.499206109e+002 +3.4064e-001 -1.9596e+000
4 0 +1.001317221e+002 +1.001317221e+002 +1.256017221e+002 +1.256017221e+002 -3.5414e-001 -1.3000e+000
14 0 +4.177993207e+001 +4.177993207e+001 +6.724993207e+001 +6.724993207e+001 -2.5654e+000 -1.3694e+000
91 0 +3.329865704e+001 +3.329865704e+001 +5.876865704e+001 +5.876865704e+001 -2.9493e+000 -1.0143e+000
103 0 +3.145544953e+001 +3.145544953e+001 +5.692544953e+001 +5.692544953e+001 -4.1120e+000 -8.6457e-001
105 0 +2.822219232e+001 +2.822219232e+001 +5.369219232e+001 +5.369219232e+001 -4.7176e+000 -7.1833e-002
123 0 +1.546300859e+001 +1.546300859e+001 +4.093300859e+001 +4.093300859e+001 -3.4930e+000 -8.2391e-001
177 0 +8.803160419e+000 +8.803160419e+000 +3.427316042e+001 +3.427316042e+001 -3.5905e+000 -3.1008e+000
261 0 +4.468037280e+000 +4.468037280e+000 +2.993803728e+001 +2.993803728e+001 -3.1396e+000 -3.1076e+000
281 0 +4.028252457e+000 +4.028252457e+000 +2.949825246e+001 +2.949825246e+001 -3.6907e+000 -2.0114e+000
859 0 +3.515822669e+000 +3.515822669e+000 +2.898582267e+001 +2.898582267e+001 -4.4708e+000 -1.3495e+000
1084 0 +2.069474011e+000 +2.069474011e+000 +2.753947401e+001 +2.753947401e+001 -3.6835e+000 -2.4985e+000
1753 0 +1.573052595e+000 +1.573052595e+000 +2.704305260e+001 +2.704305260e+001 -3.8523e+000 -1.8430e+000
2797 0 +1.345265057e+000 +1.345265057e+000 +2.681526506e+001 +2.681526506e+001 -3.7744e+000 -1.8853e+000
3141 0 +1.104202086e+000 +1.104202086e+000 +2.657420209e+001 +2.657420209e+001 -3.8392e+000 -1.8428e+000
3245 0 +1.065866284e+000 +1.065866284e+000 +2.653586628e+001 +2.653586628e+001 -3.8407e+000 -1.8453e+000
3354 0 +8.477077132e-001 +8.477077132e-001 +2.631770771e+001 +2.631770771e+001 -3.7372e+000 -1.9618e+000
3516 0 +1.751921794e-001 +1.751921794e-001 +2.564519218e+001 +2.564519218e+001 -3.7703e+000 -1.9166e+000
3870 0 +1.084750677e-001 +1.084750677e-001 +2.557847507e+001 +2.557847507e+001 -3.7817e+000 -1.9261e+000
4205 0 +4.719712672e-002 +4.719712672e-002 +2.551719713e+001 +2.551719713e+001 -3.7860e+000 -1.9036e+000
6320 0 +3.468102046e-002 +3.468102046e-002 +2.550468102e+001 +2.550468102e+001 -3.7782e+000 -1.9137e+000
6336 0 +2.570490322e-002 +2.570490322e-002 +2.549570490e+001 +2.549570490e+001 -3.7909e+000 -1.9101e+000
6540 0 +1.433646600e-002 +1.433646600e-002 +2.548433647e+001 +2.548433647e+001 -3.7889e+000 -1.9109e+000
7288 0 +8.349340099e-003 +8.349340099e-003 +2.547834934e+001 +2.547834934e+001 -3.7806e+000 -1.9169e+000
7434 0 +7.492009624e-003 +7.492009624e-003 +2.547749201e+001 +2.547749201e+001 -3.7883e+000 -1.9103e+000
7451 0 +7.123050354e-003 +7.123050354e-003 +2.547712305e+001 +2.547712305e+001 -3.7814e+000 -1.9166e+000
7455 0 +4.314600666e-004 +4.314600666e-004 +2.547043146e+001 +2.547043146e+001 -3.7839e+000 -1.9127e+000
7959 0 +2.505548327e-004 +2.505548327e-004 +2.547025055e+001 +2.547025055e+001 -3.7855e+000 -1.9115e+000
9251 0 +1.485726111e-004 +1.485726111e-004 +2.547014857e+001 +2.547014857e+001 -3.7845e+000 -1.9126e+000
9315 0 +1.176182384e-004 +1.176182384e-004 +2.547011762e+001 +2.547011762e+001 -3.7843e+000 -1.9125e+000
9805 0 +7.693092961e-005 +7.693092961e-005 +2.547007693e+001 +2.547007693e+001 -3.7852e+000 -1.9115e+000
9837 0 +2.406361923e-005 +2.406361923e-005 +2.547002406e+001 +2.547002406e+001 -3.7850e+000 -1.9119e+000
10547 0 +9.498097313e-007 +9.498097313e-007 +2.547000095e+001 +2.547000095e+001 -3.7848e+000 -1.9121e+000
11639 0 +4.406441683e-007 +4.406441683e-007 +2.547000044e+001 +2.547000044e+001 -3.7848e+000 -1.9120e+000
12326 0 +3.816866574e-007 +3.816866574e-007 +2.547000038e+001 +2.547000038e+001 -3.7848e+000 -1.9120e+000
12513 0 +2.743383476e-008 +2.743383476e-008 +2.547000003e+001 +2.547000003e+001 -3.7848e+000 -1.9120e+000
13558 0 +2.301132440e-008 +2.301132440e-008 +2.547000002e+001 +2.547000002e+001 -3.7848e+000 -1.9120e+000
13697 0 +2.257061027e-008 +2.257061027e-008 +2.547000002e+001 +2.547000002e+001 -3.7848e+000 -1.9120e+000
14031 0 +7.065644070e-009 +7.065644070e-009 +2.547000001e+001 +2.547000001e+001 -3.7848e+000 -1.9120e+000
21823 0 +0.000000000e+000 +0.000000000e+000 +2.547000000e+001 +2.547000000e+001 -3.7848e+000 -1.9120e+000
% f evaluations | g evaluations | best noise-free fitness - Fopt | noise-free fitness - Fopt (-1.008100000000e+002) | measured fitness | best measured fitness | x1 | x2...
1 0 +1.136889893e+001 +1.136889893e+001 -8.944110107e+001 -8.944110107e+001 +1.3332e-001 -8.0274e-001
5 0 +5.065592349e+000 +5.065592349e+000 -9.574440765e+001 -9.574440765e+001 +4.3605e-001 -2.7768e-001
145 0 +1.998232718e+000 +1.998232718e+000 -9.881176728e+001 -9.881176728e+001 +1.7682e-001 -1.4209e-003
303 0 +1.753145454e+000 +1.753145454e+000 -9.905685455e+001 -9.905685455e+001 +9.2044e-001 +4.3740e-001
471 0 +7.100575643e-002 +7.100575643e-002 -1.007389942e+002 -1.007389942e+002 +9.7955e-001 +4.8687e-001
3058 0 +1.319005834e-002 +1.319005834e-002 -1.007968099e+002 -1.007968099e+002 +9.9879e-001 +4.9269e-001
5045 0 +2.446815859e-003 +2.446815859e-003 -1.008075532e+002 -1.008075532e+002 +9.9407e-001 +4.8998e-001
5634 0 +3.896558142e-004 +3.896558142e-004 -1.008096103e+002 -1.008096103e+002 +9.9322e-001 +4.8868e-001
5671 0 +1.899599964e-004 +1.899599964e-004 -1.008098100e+002 -1.008098100e+002 +9.9168e-001 +4.8820e-001
6748 0 +1.529120700e-004 +1.529120700e-004 -1.008098471e+002 -1.008098471e+002 +9.9278e-001 +4.8824e-001
6961 0 +3.230043080e-005 +3.230043080e-005 -1.008099677e+002 -1.008099677e+002 +9.9165e-001 +4.8782e-001
7142 0 +1.065763365e-005 +1.065763365e-005 -1.008099893e+002 -1.008099893e+002 +9.9187e-001 +4.8801e-001
7775 0 +3.989215003e-007 +3.989215003e-007 -1.008099996e+002 -1.008099996e+002 +9.9204e-001 +4.8801e-001
8986 0 +1.249674995e-007 +1.249674995e-007 -1.008099999e+002 -1.008099999e+002 +9.9201e-001 +4.8801e-001
10427 0 +1.172541886e-008 +1.172541886e-008 -1.008100000e+002 -1.008100000e+002 +9.9200e-001 +4.8800e-001
10830 0 +2.039641345e-009 +2.039641345e-009 -1.008100000e+002 -1.008100000e+002 +9.9200e-001 +4.8800e-001
16794 0 +0.000000000e+000 +0.000000000e+000 -1.008100000e+002 -1.008100000e+002 +9.9200e-001 +4.8800e-001
% f evaluations | g evaluations | best noise-free fitness - Fopt | noise-free fitness - Fopt (-3.531300000000e+002) | measured fitness | best measured fitness | x1 | x2...
1 0 +1.101655778e+001 +1.101655778e+001 -3.421134422e+002 -3.421134422e+002 -1.3700e+000 +5.4530e-001
5 0 +9.893815466e+000 +9.893815466e+000 -3.432361845e+002 -3.432361845e+002 -1.1426e+000 +6.3262e-001
38 0 +7.098464264e+000 +7.098464264e+000 -3.460315357e+002 -3.460315357e+002 -1.3366e+000 +1.2035e-001
252 0 +5.212974069e+000 +5.212974069e+000 -3.479170259e+002 -3.479170259e+002 -1.2885e+000 +1.0395e+000
419 0 +5.082870571e+000 +5.082870571e+000 -3.480471294e+002 -3.480471294e+002 -2.3611e+000 +6.2182e-002
423 0 +3.080159615e+000 +3.080159615e+000 -3.500498404e+002 -3.500498404e+002 -2.0941e+000 +9.4657e-001
527 0 +1.525111059e+000 +1.525111059e+000 -3.516048889e+002 -3.516048889e+002 -2.8204e+000 +7.4439e-001
876 0 +1.000147627e+000 +1.000147627e+000 -3.521298524e+002 -3.521298524e+002 -2.2433e+000 +5.0715e-001
1111 0 +5.309292644e-001 +5.309292644e-001 -3.525990707e+002 -3.525990707e+002 -2.1469e+000 +5.0608e-001
3290 0 +2.234663265e-002 +2.234663265e-002 -3.531076534e+002 -3.531076534e+002 -2.1844e+000 +4.9477e-001
8548 0 +7.830866496e-003 +7.830866496e-003 -3.531221691e+002 -3.531221691e+002 -2.1792e+000 +4.9549e-001
8869 0 +3.609876925e-004 +3.609876925e-004 -3.531296390e+002 -3.531296390e+002 -2.1787e+000 +4.9765e-001
11320 0 +5.351594183e-005 +5.351594183e-005 -3.531299465e+002 -3.531299465e+002 -2.1796e+000 +4.9749e-001
12793 0 +5.911381777e-006 +5.911381777e-006 -3.531299941e+002 -3.531299941e+002 -2.1801e+000 +4.9766e-001
13273 0 +2.851221439e-006 +2.851221439e-006 -3.531299971e+002 -3.531299971e+002 -2.1799e+000 +4.9757e-001
13504 0 +5.277407809e-007 +5.277407809e-007 -3.531299995e+002 -3.531299995e+002 -2.1800e+000 +4.9759e-001
13855 0 +1.251968911e-007 +1.251968911e-007 -3.531299999e+002 -3.531299999e+002 -2.1800e+000 +4.9759e-001
14583 0 +2.629849405e-008 +2.629849405e-008 -3.531300000e+002 -3.531300000e+002 -2.1800e+000 +4.9760e-001
15764 0 +1.650624881e-008 +1.650624881e-008 -3.531300000e+002 -3.531300000e+002 -2.1800e+000 +4.9760e-001
15789 0 +4.812363841e-009 +4.812363841e-009 -3.531300000e+002 -3.531300000e+002 -2.1800e+000 +4.9760e-001
21614 0 +0.000000000e+000 +0.000000000e+000 -3.531300000e+002 -3.531300000e+002 -2.1800e+000 +4.9760e-001
% f evaluations | g evaluations | best noise-free fitness - Fopt | noise-free fitness - Fopt (8.716000000000e+001) | measured fitness | best measured fitness | x1 | x2...
1 0 +1.009119631e+002 +1.009119631e+002 +1.880719631e+002 +1.880719631e+002 +2.8841e-001 -1.1030e+000
2 0 +3.928945897e+001 +3.928945897e+001 +1.264494590e+002 +1.264494590e+002 +7.1048e-001 +1.4037e+000
5 0 +2.893652026e+001 +2.893652026e+001 +1.160965203e+002 +1.160965203e+002 +1.4663e+000 +6.7236e-001
11 0 +2.322961130e+001 +2.322961130e+001 +1.103896113e+002 +1.103896113e+002 -3.4390e-001 +1.3536e+000
46 0 +1.923457460e+001 +1.923457460e+001 +1.063945746e+002 +1.063945746e+002 +1.4133e+000 +2.1849e-001
47 0 +1.589398039e+001 +1.589398039e+001 +1.030539804e+002 +1.030539804e+002 -6.8577e-002 +1.2769e+000
70 0 +1.165721290e+001 +1.165721290e+001 +9.881721290e+001 +9.881721290e+001 +1.2182e+000 +1.4088e+000
72 0 +1.008894005e+001 +1.008894005e+001 +9.724894005e+001 +9.724894005e+001 +7.2047e-001 +7.7610e-001
113 0 +2.138325184e+000 +2.138325184e+000 +8.929832518e+001 +8.929832518e+001 +2.8755e+000 +3.6849e-001
388 0 +1.647083926e+000 +1.647083926e+000 +8.880708393e+001 +8.880708393e+001 +2.8852e+000 +3.8548e-001
1418 0 +1.371645549e+000 +1.371645549e+000 +8.853164555e+001 +8.853164555e+001 +1.9363e+000 +1.0348e+000
1437 0 +1.029402985e+000 +1.029402985e+000 +8.818940298e+001 +8.818940298e+001 +2.1373e+000 +1.2589e+000
2035 0 +8.067724086e-001 +8.067724086e-001 +8.796677241e+001 +8.796677241e+001 +1.9953e+000 +9.9151e-001
2254 0 +6.605590047e-001 +6.605590047e-001 +8.782055900e+001 +8.782055900e+001 +1.9692e+000 +9.6465e-001
2681 0 +1.019873909e-001 +1.019873909e-001 +8.726198739e+001 +8.726198739e+001 +1.9510e+000 +9.9419e-001
5906 0 +6.435557915e-002 +6.435557915e-002 +8.722435558e+001 +8.722435558e+001 +1.9764e+000 +9.8827e-001
6411 0 +1.001547361e-002 +1.001547361e-002 +8.717001547e+001 +8.717001547e+001 +1.9625e+000 +9.9371e-001
7518 0 +3.851862794e-003 +3.851862794e-003 +8.716385186e+001 +8.716385186e+001 +1.9677e+000 +9.8717e-001
8015 0 +3.140478065e-003 +3.140478065e-003 +8.716314048e+001 +8.716314048e+001 +1.9696e+000 +9.8855e-001
8510 0 +1.836762586e-003 +1.836762586e-003 +8.716183676e+001 +8.716183676e+001 +1.9687e+000 +9.8806e-001
8538 0 +1.031505961e-003 +1.031505961e-003 +8.716103151e+001 +8.716103151e+001 +1.9670e+000 +9.8837e-001
9262 0 +1.214314911e-004 +1.214314911e-004 +8.716012143e+001 +8.716012143e+001 +1.9669e+000 +9.8908e-001
9988 0 +9.095085093e-005 +9.095085093e-005 +8.716009095e+001 +8.716009095e+001 +1.9669e+000 +9.8915e-001
10098 0 +2.384114060e-005 +2.384114060e-005 +8.716002384e+001 +8.716002384e+001 +1.9663e+000 +9.8953e-001
11303 0 +1.162325266e-005 +1.162325266e-005 +8.716001162e+001 +8.716001162e+001 +1.9664e+000 +9.8969e-001
11526 0 +3.676776444e-006 +3.676776444e-006 +8.716000368e+001 +8.716000368e+001 +1.9665e+000 +9.8952e-001
12428 0 +3.799025734e-007 +3.799025734e-007 +8.716000038e+001 +8.716000038e+001 +1.9664e+000 +9.8958e-001
12789 0 +2.182561190e-007 +2.182561190e-007 +8.716000022e+001 +8.716000022e+001 +1.9664e+000 +9.8961e-001
12843 0 +1.362839583e-007 +1.362839583e-007 +8.716000014e+001 +8.716000014e+001 +1.9664e+000 +9.8960e-001
13402 0 +1.161560164e-007 +1.161560164e-007 +8.716000012e+001 +8.716000012e+001 +1.9664e+000 +9.8961e-001
13922 0 +6.506864736e-008 +6.506864736e-008 +8.716000007e+001 +8.716000007e+001 +1.9664e+000 +9.8961e-001
14411 0 +2.884043226e-008 +2.884043226e-008 +8.716000003e+001 +8.716000003e+001 +1.9664e+000 +9.8960e-001
14488 0 +2.585036896e-008 +2.585036896e-008 +8.716000003e+001 +8.716000003e+001 +1.9664e+000 +9.8960e-001
14852 0 +1.108439562e-008 +1.108439562e-008 +8.716000001e+001 +8.716000001e+001 +1.9664e+000 +9.8959e-001
15949 0 +6.426077448e-009 +6.426077448e-009 +8.716000001e+001 +8.716000001e+001 +1.9664e+000 +9.8960e-001
22435 0 +0.000000000e+000 +0.000000000e+000 +8.716000000e+001 +8.716000000e+001 +1.9664e+000 +9.8960e-001
% f evaluations | g evaluations | best noise-free fitness - Fopt | noise-free fitness - Fopt (-3.475000000000e+001) | measured fitness | best measured fitness | x1 | x2...
1 0 +6.112638999e+001 +6.112638999e+001 +2.637638999e+001 +2.637638999e+001 +2.6547e-001 -2.0218e-001
2 0 +4.596548081e+001 +4.596548081e+001 +1.121548081e+001 +1.121548081e+001 +1.2887e+000 +2.6943e-001
3 0 +3.638522138e+001 +3.638522138e+001 +1.635221379e+000 +1.635221379e+000 +1.2064e+000 +2.5240e+000
7 0 +3.332797808e+001 +3.332797808e+001 -1.422021915e+000 -1.422021915e+000 +2.3617e-001 +1.7981e+000
11 0 +2.541096966e+001 +2.541096966e+001 -9.339030340e+000 -9.339030340e+000 +7.7469e-001 +7.2191e-001
42 0 +1.439610791e+001 +1.439610791e+001 -2.035389209e+001 -2.035389209e+001 +4.3962e-001 +1.0984e+000
161 0 +1.348354597e+001 +1.348354597e+001 -2.126645403e+001 -2.126645403e+001 +2.1556e+000 +2.3510e+000
305 0 +1.101286799e+001 +1.101286799e+001 -2.373713201e+001 -2.373713201e+001 +3.4929e+000 +2.0328e+000
323 0 +7.697484274e+000 +7.697484274e+000 -2.705251573e+001 -2.705251573e+001 +3.7262e+000 +2.6304e+000
361 0 +4.630912896e+000 +4.630912896e+000 -3.011908710e+001 -3.011908710e+001 +2.5105e+000 +2.7735e+000
463 0 +3.253116332e+000 +3.253116332e+000 -3.149688367e+001 -3.149688367e+001 +1.7511e+000 +2.4722e+000
914 0 +3.004852809e+000 +3.004852809e+000 -3.174514719e+001 -3.174514719e+001 +3.1668e+000 +2.7031e+000
921 0 +1.753833760e+000 +1.753833760e+000 -3.299616624e+001 -3.299616624e+001 +2.2722e+000 +2.3036e+000
1801 0 +1.532753127e+000 +1.532753127e+000 -3.321724687e+001 -3.321724687e+001 +2.3517e+000 +2.4069e+000
1841 0 +1.319988456e+000 +1.319988456e+000 -3.343001154e+001 -3.343001154e+001 +2.0831e+000 +1.8715e+000
2129 0 +6.416676499e-002 +6.416676499e-002 -3.468583324e+001 -3.468583324e+001 +2.3271e+000 +2.3548e+000
4247 0 +3.316319273e-003 +3.316319273e-003 -3.474668368e+001 -3.474668368e+001 +2.3344e+000 +2.3659e+000
% f evaluations | g evaluations | best noise-free fitness - Fopt | noise-free fitness - Fopt (-1.000000000000e+003) | measured fitness | best measured fitness | x1 | x2...
1 0 +2.957110551e+002 +2.957110551e+002 -7.042889449e+002 -7.042889449e+002 +4.8106e-003 +8.2506e-001
2 0 +2.734259759e+002 +2.734259759e+002 -7.265740241e+002 -7.265740241e+002 -1.7766e+000 +1.8440e+000
3 0 +2.483835358e+002 +2.483835358e+002 -7.516164642e+002 -7.516164642e+002 -1.2529e+000 +1.1732e+000
8 0 +2.197926424e+002 +2.197926424e+002 -7.802073576e+002 -7.802073576e+002 +2.2458e-002 -6.8359e-001
9 0 +1.908907371e+002 +1.908907371e+002 -8.091092629e+002 -8.091092629e+002 -5.8186e-001 -9.4229e-001
23 0 +1.196738799e+002 +1.196738799e+002 -8.803261201e+002 -8.803261201e+002 -3.3717e-001 -2.3818e+000
69 0 +1.048587931e+002 +1.048587931e+002 -8.951412069e+002 -8.951412069e+002 -6.0276e-001 -2.2744e+000
94 0 +5.499506385e+001 +5.499506385e+001 -9.450049362e+002 -9.450049362e+002 -1.5904e+000 -2.0749e+000
101 0 +2.223162511e+001 +2.223162511e+001 -9.777683749e+002 -9.777683749e+002 -5.0292e+000 -2.5656e+000
104 0 +1.917699566e+001 +1.917699566e+001 -9.808230043e+002 -9.808230043e+002 -3.4002e+000 -2.1887e+000
149 0 +1.644552303e+001 +1.644552303e+001 -9.835544770e+002 -9.835544770e+002 -1.9129e+000 -3.8988e+000
184 0 +1.542057863e+001 +1.542057863e+001 -9.845794214e+002 -9.845794214e+002 -3.8767e+000 -3.0109e+000
240 0 +8.682450238e+000 +8.682450238e+000 -9.913175498e+002 -9.913175498e+002 -2.5216e+000 -3.6577e+000
374 0 +5.097856979e+000 +5.097856979e+000 -9.949021430e+002 -9.949021430e+002 -3.6517e+000 -3.7136e+000
882 0 +3.291500559e+000 +3.291500559e+000 -9.967084994e+002 -9.967084994e+002 -3.1429e+000 -3.6624e+000
920 0 +2.123674359e-001 +2.123674359e-001 -9.997876326e+002 -9.997876326e+002 -3.7609e+000 -3.2443e+000
1268 0 +1.493122367e-001 +1.493122367e-001 -9.998506878e+002 -9.998506878e+002 -3.7686e+000 -3.2118e+000
3551 0 +8.751964764e-002 +8.751964764e-002 -9.999124804e+002 -9.999124804e+002 -3.7674e+000 -3.2332e+000
3730 0 +6.567079718e-003 +6.567079718e-003 -9.999934329e+002 -9.999934329e+002 -3.7587e+000 -3.2293e+000
5589 0 +4.179781625e-003 +4.179781625e-003 -9.999958202e+002 -9.999958202e+002 -3.7583e+000 -3.2310e+000
6115 0 +2.920665813e-003 +2.920665813e-003 -9.999970793e+002 -9.999970793e+002 -3.7645e+000 -3.2270e+000
7028 0 +1.429560059e-003 +1.429560059e-003 -9.999985704e+002 -9.999985704e+002 -3.7596e+000 -3.2307e+000
7381 0 +2.875518259e-004 +2.875518259e-004 -9.999997124e+002 -9.999997124e+002 -3.7613e+000 -3.2286e+000
7655 0 +2.212012697e-004 +2.212012697e-004 -9.999997788e+002 -9.999997788e+002 -3.7623e+000 -3.2280e+000
8097 0 +7.884185254e-005 +7.884185254e-005 -9.999999212e+002 -9.999999212e+002 -3.7611e+000 -3.2291e+000
8289 0 +1.344371299e-006 +1.344371299e-006 -9.999999987e+002 -9.999999987e+002 -3.7615e+000 -3.2289e+000
9609 0 +9.443037925e-007 +9.443037925e-007 -9.999999991e+002 -9.999999991e+002 -3.7616e+000 -3.2288e+000
10495 0 +9.339112239e-008 +9.339112239e-008 -9.999999999e+002 -9.999999999e+002 -3.7616e+000 -3.2288e+000
11266 0 +1.031673946e-008 +1.031673946e-008 -1.000000000e+003 -1.000000000e+003 -3.7616e+000 -3.2288e+000
12730 0 +2.812953426e-009 +2.812953426e-009 -1.000000000e+003 -1.000000000e+003 -3.7616e+000 -3.2288e+000
18319 0 +0.000000000e+000 +0.000000000e+000 -1.000000000e+003 -1.000000000e+003 -3.7616e+000 -3.2288e+000
% f evaluations | g evaluations | best noise-free fitness - Fopt | noise-free fitness - Fopt (-9.247000000000e+001) | measured fitness | best measured fitness | x1 | x2...
1 0 +5.831190126e+001 +5.831190126e+001 -3.415809874e+001 -3.415809874e+001 -5.4326e-002 +1.1875e+000
2 0 +4.463346061e+001 +4.463346061e+001 -4.783653939e+001 -4.783653939e+001 -8.8958e-002 -9.4337e-001
5 0 +3.491861012e+001 +3.491861012e+001 -5.755138988e+001 -5.755138988e+001 +1.9132e-001 -4.8961e-001
8 0 +3.157742555e+001 +3.157742555e+001 -6.089257445e+001 -6.089257445e+001 +2.0875e-001 -5.8874e-001
14 0 +2.470864338e+001 +2.470864338e+001 -6.776135662e+001 -6.776135662e+001 +2.7005e-001 -1.7069e-001
17 0 +1.127270247e+001 +1.127270247e+001 -8.119729753e+001 -8.119729753e+001 +9.3618e-001 +6.0976e-001
79 0 +1.067324955e+001 +1.067324955e+001 -8.179675045e+001 -8.179675045e+001 -1.6041e-001 -6.0168e-001
109 0 +4.046722535e+000 +4.046722535e+000 -8.842327747e+001 -8.842327747e+001 +1.4187e+000 -1.4151e-001
483 0 +2.674847821e+000 +2.674847821e+000 -8.979515218e+001 -8.979515218e+001 +2.1376e+000 -4.6194e-001
1238 0 +4.194180474e-001 +4.194180474e-001 -9.205058195e+001 -9.205058195e+001 +2.9060e+000 -1.9350e-001
2800 0 +3.382006744e-001 +3.382006744e-001 -9.213179933e+001 -9.213179933e+001 +2.9015e+000 -1.9483e-001
2833 0 +1.114921018e-002 +1.114921018e-002 -9.245885079e+001 -9.245885079e+001 +2.8861e+000 -2.0971e-001
% f evaluations | g evaluations | best noise-free fitness - Fopt | noise-free fitness - Fopt (-2.153000000000e+002) | measured fitness | best measured fitness | x1 | x2...
1 0 +7.193054301e+001 +7.193054301e+001 -1.433694570e+002 -1.433694570e+002 -1.2224e-001 +2.5560e-001
4 0 +3.961044545e+001 +3.961044545e+001 -1.756895545e+002 -1.756895545e+002 -1.4792e+000 -1.9159e+000
19 0 +3.138180803e+001 +3.138180803e+001 -1.839181920e+002 -1.839181920e+002 -1.3487e+000 +1.8551e-002
113 0 +2.011374615e+001 +2.011374615e+001 -1.951862539e+002 -1.951862539e+002 -2.6904e+000 +2.4337e+000
174 0 +1.120790799e+001 +1.120790799e+001 -2.040920920e+002 -2.040920920e+002 -2.7298e+000 +1.3537e+000
204 0 +9.705416354e+000 +9.705416354e+000 -2.055945836e+002 -2.055945836e+002 -2.9007e+000 +3.5115e+000
251 0 +7.907261365e+000 +7.907261365e+000 -2.073927386e+002 -2.073927386e+002 -2.1761e+000 +2.2963e+000
296 0 +7.076836699e+000 +7.076836699e+000 -2.082231633e+002 -2.082231633e+002 -2.9614e+000 +3.2923e+000
562 0 +5.021229009e+000 +5.021229009e+000 -2.102787710e+002 -2.102787710e+002 -2.6016e+000 +3.3187e+000
848 0 +3.989185792e+000 +3.989185792e+000 -2.113108142e+002 -2.113108142e+002 -2.7757e+000 +4.2756e+000
1005 0 +3.143962078e+000 +3.143962078e+000 -2.121560379e+002 -2.121560379e+002 -2.7481e+000 +4.3942e+000
1358 0 +1.379481282e+000 +1.379481282e+000 -2.139205187e+002 -2.139205187e+002 -3.3064e+000 +3.6368e+000
1977 0 +4.662333778e-001 +4.662333778e-001 -2.148337666e+002 -2.148337666e+002 -2.9756e+000 +3.5226e+000
3729 0 +3.694613092e-001 +3.694613092e-001 -2.149305387e+002 -2.149305387e+002 -2.9716e+000 +3.4433e+000
3941 0 +1.127057714e-001 +1.127057714e-001 -2.151872942e+002 -2.151872942e+002 -2.9717e+000 +3.4712e+000
4692 0 +2.330952182e-002 +2.330952182e-002 -2.152766905e+002 -2.152766905e+002 -2.9842e+000 +3.4866e+000
6915 0 +1.668883312e-003 +1.668883312e-003 -2.152983311e+002 -2.152983311e+002 -2.9810e+000 +3.4833e+000
8035 0 +2.613221162e-004 +2.613221162e-004 -2.152997387e+002 -2.152997387e+002 -2.9799e+000 +3.4813e+000
9067 0 +1.397965092e-004 +1.397965092e-004 -2.152998602e+002 -2.152998602e+002 -2.9797e+000 +3.4818e+000
9216 0 +1.218018712e-004 +1.218018712e-004 -2.152998782e+002 -2.152998782e+002 -2.9803e+000 +3.4825e+000
9358 0 +5.499550582e-005 +5.499550582e-005 -2.152999450e+002 -2.152999450e+002 -2.9799e+000 +3.4819e+000
9509 0 +1.208230381e-005 +1.208230381e-005 -2.152999879e+002 -2.152999879e+002 -2.9801e+000 +3.4826e+000
10523 0 +1.786148971e-007 +1.786148971e-007 -2.152999998e+002 -2.152999998e+002 -2.9800e+000 +3.4824e+000
12202 0 +6.321786827e-008 +6.321786827e-008 -2.152999999e+002 -2.152999999e+002 -2.9800e+000 +3.4824e+000
12761 0 +5.324093877e-008 +5.324093877e-008 -2.152999999e+002 -2.152999999e+002 -2.9800e+000 +3.4824e+000
13117 0 +3.829828188e-008 +3.829828188e-008 -2.153000000e+002 -2.153000000e+002 -2.9800e+000 +3.4824e+000
13275 0 +4.666446785e-009 +4.666446785e-009 -2.153000000e+002 -2.153000000e+002 -2.9800e+000 +3.4824e+000
19368 0 +0.000000000e+000 +0.000000000e+000 -2.153000000e+002 -2.153000000e+002 -2.9800e+000 +3.4824e+000
% f evaluations | g evaluations | best noise-free fitness - Fopt | noise-free fitness - Fopt (-5.449000000000e+001) | measured fitness | best measured fitness | x1 | x2...
1 0 +3.488437607e+001 +3.488437607e+001 -1.960562393e+001 -1.960562393e+001 +1.2892e+000 -1.0886e+000
4 0 +2.694709774e+001 +2.694709774e+001 -2.754290226e+001 -2.754290226e+001 +7.4740e-001 +3.3828e-001
12 0 +2.446622319e+001 +2.446622319e+001 -3.002377681e+001 -3.002377681e+001 +1.1819e+000 +5.5418e-001
13 0 +2.174173244e+001 +2.174173244e+001 -3.274826756e+001 -3.274826756e+001 +6.4942e-001 -8.0477e-001
14 0 +2.107673586e+001 +2.107673586e+001 -3.341326414e+001 -3.341326414e+001 +5.5998e-001 +4.3907e-001
17 0 +1.252574416e+001 +1.252574416e+001 -4.196425584e+001 -4.196425584e+001 +4.5686e-001 -4.5323e-002
123 0 +1.142566033e+001 +1.142566033e+001 -4.306433967e+001 -4.306433967e+001 +1.4781e+000 -6.6195e-001
130 0 +8.872334170e+000 +8.872334170e+000 -4.561766583e+001 -4.561766583e+001 +2.0994e+000 -5.4692e-001
209 0 +4.345612522e+000 +4.345612522e+000 -5.014438748e+001 -5.014438748e+001 +2.0345e+000 -4.8406e-001
231 0 +1.457167033e+000 +1.457167033e+000 -5.303283297e+001 -5.303283297e+001 +2.6638e+000 -7.5754e-001
507 0 +1.102353810e+000 +1.102353810e+000 -5.338764619e+001 -5.338764619e+001 +2.7104e+000 -1.2581e+000
1752 0 +1.064829013e+000 +1.064829013e+000 -5.342517099e+001 -5.342517099e+001 +3.3187e+000 -1.1533e+000
2786 0 +1.629631808e-001 +1.629631808e-001 -5.432703682e+001 -5.432703682e+001 +3.3606e+000 -1.1753e+000
2909 0 +1.035096025e-001 +1.035096025e-001 -5.438649040e+001 -5.438649040e+001 +3.3809e+000 -1.1742e+000
4247 0 +7.758783114e-003 +7.758783114e-003 -5.448224122e+001 -5.448224122e+001 +3.3905e+000 -1.1821e+000
4394 0 +2.872314155e-003 +2.872314155e-003 -5.448712769e+001 -5.448712769e+001 +3.3859e+000 -1.1816e+000
6957 0 +2.023820932e-003 +2.023820932e-003 -5.448797618e+001 -5.448797618e+001 +3.3854e+000 -1.1832e+000
8082 0 +9.455103153e-004 +9.455103153e-004 -5.448905449e+001 -5.448905449e+001 +3.3863e+000 -1.1823e+000
8157 0 +4.115205793e-004 +4.115205793e-004 -5.448958848e+001 -5.448958848e+001 +3.3879e+000 -1.1827e+000
8380 0 +1.432510119e-004 +1.432510119e-004 -5.448985675e+001 -5.448985675e+001 +3.3872e+000 -1.1831e+000
9156 0 +1.171986557e-004 +1.171986557e-004 -5.448988280e+001 -5.448988280e+001 +3.3875e+000 -1.1829e+000
9952 0 +1.222023302e-005 +1.222023302e-005 -5.448998778e+001 -5.448998778e+001 +3.3881e+000 -1.1832e+000
10206 0 +1.020156053e-005 +1.020156053e-005 -5.448998980e+001 -5.448998980e+001 +3.3878e+000 -1.1831e+000
10316 0 +3.157293008e-006 +3.157293008e-006 -5.448999684e+001 -5.448999684e+001 +3.3880e+000 -1.1832e+000
10973 0 +2.601583923e-006 +2.601583923e-006 -5.448999740e+001 -5.448999740e+001 +3.3881e+000 -1.1832e+000
11187 0 +1.750225280e-006 +1.750225280e-006 -5.448999825e+001 -5.448999825e+001 +3.3880e+000 -1.1832e+000
11207 0 +1.300961102e-006 +1.300961102e-006 -5.448999870e+001 -5.448999870e+001 +3.3881e+000 -1.1832e+000
11232 0 +1.118306898e-006 +1.118306898e-006 -5.448999888e+001 -5.448999888e+001 +3.3880e+000 -1.1832e+000
11416 0 +9.624899988e-007 +9.624899988e-007 -5.448999904e+001 -5.448999904e+001 +3.3879e+000 -1.1832e+000
11674 0 +7.276865759e-007 +7.276865759e-007 -5.448999927e+001 -5.448999927e+001 +3.3880e+000 -1.1832e+000
11801 0 +5.345771541e-007 +5.345771541e-007 -5.448999947e+001 -5.448999947e+001 +3.3880e+000 -1.1832e+000
11838 0 +2.369719425e-007 +2.369719425e-007 -5.448999976e+001 -5.448999976e+001 +3.3880e+000 -1.1832e+000
11890 0 +6.106299111e-008 +6.106299111e-008 -5.448999994e+001 -5.448999994e+001 +3.3880e+000 -1.1832e+000
12385 0 +4.255705477e-008 +4.255705477e-008 -5.448999996e+001 -5.448999996e+001 +3.3880e+000 -1.1832e+000
12994 0 +3.564710482e-008 +3.564710482e-008 -5.448999996e+001 -5.448999996e+001 +3.3880e+000 -1.1832e+000
13157 0 +5.213927068e-009 +5.213927068e-009 -5.448999999e+001 -5.448999999e+001 +3.3880e+000 -1.1832e+000
20686 0 +0.000000000e+000 +0.000000000e+000 -5.449000000e+001 -5.449000000e+001 +3.3880e+000 -1.1832e+000
% f evaluations | g evaluations | best noise-free fitness - Fopt | noise-free fitness - Fopt (5.049000000000e+001) | measured fitness | best measured fitness | x1 | x2...
1 0 +8.679796765e+001 +8.679796765e+001 +1.372879677e+002 +1.372879677e+002 -7.0150e-001 -2.0224e+000
3 0 +7.091676506e+001 +7.091676506e+001 +1.214067651e+002 +1.214067651e+002 -3.2174e-001 -5.7433e-001
5 0 +5.328555044e+001 +5.328555044e+001 +1.037755504e+002 +1.037755504e+002 +8.9922e-001 +5.6180e-001
6 0 +4.961261043e+001 +4.961261043e+001 +1.001026104e+002 +1.001026104e+002 +9.9819e-001 +1.7944e-001
11 0 +1.684745095e+001 +1.684745095e+001 +6.733745095e+001 +6.733745095e+001 +1.3009e+000 -4.5874e-001
128 0 +6.928406726e+000 +6.928406726e+000 +5.741840673e+001 +5.741840673e+001 +3.7308e+000 -3.8666e-001
173 0 +6.569518534e+000 +6.569518534e+000 +5.705951853e+001 +5.705951853e+001 +1.9090e+000 -9.4442e-001
407 0 +6.185376884e+000 +6.185376884e+000 +5.667537688e+001 +5.667537688e+001 +2.6690e+000 -3.5272e-001
696 0 +2.334139287e+000 +2.334139287e+000 +5.282413929e+001 +5.282413929e+001 +2.7998e+000 -7.3829e-001
854 0 +1.572431591e+000 +1.572431591e+000 +5.206243159e+001 +5.206243159e+001 +3.8042e+000 -4.2477e-001
932 0 +1.010393258e+000 +1.010393258e+000 +5.150039326e+001 +5.150039326e+001 +3.5493e+000 -1.4966e-001
1423 0 +8.348517975e-001 +8.348517975e-001 +5.132485180e+001 +5.132485180e+001 +3.5136e+000 -1.8605e-001
2317 0 +5.697196975e-002 +5.697196975e-002 +5.054697197e+001 +5.054697197e+001 +3.5651e+000 -1.6695e-001
3380 0 +2.526227816e-002 +2.526227816e-002 +5.051526228e+001 +5.051526228e+001 +3.5913e+000 -1.6723e-001
5178 0 +1.008562217e-002 +1.008562217e-002 +5.050008562e+001 +5.050008562e+001 +3.5749e+000 -1.6745e-001
6305 0 +6.668207171e-003 +6.668207171e-003 +5.049666821e+001 +5.049666821e+001 +3.5809e+000 -1.6860e-001
7105 0 +4.199107414e-004 +4.199107414e-004 +5.049041991e+001 +5.049041991e+001 +3.5824e+000 -1.6592e-001
8630 0 +2.526673272e-004 +2.526673272e-004 +5.049025267e+001 +5.049025267e+001 +3.5835e+000 -1.6634e-001
8815 0 +4.805870407e-005 +4.805870407e-005 +5.049004806e+001 +5.049004806e+001 +3.5820e+000 -1.6641e-001
9176 0 +4.776405734e-005 +4.776405734e-005 +5.049004776e+001 +5.049004776e+001 +3.5825e+000 -1.6654e-001
9755 0 +7.807691574e-006 +7.807691574e-006 +5.049000781e+001 +5.049000781e+001 +3.5824e+000 -1.6633e-001
10894 0 +5.372627619e-006 +5.372627619e-006 +5.049000537e+001 +5.049000537e+001 +3.5824e+000 -1.6646e-001
11030 0 +2.592567029e-006 +2.592567029e-006 +5.049000259e+001 +5.049000259e+001 +3.5823e+000 -1.6644e-001
11051 0 +1.481824903e-006 +1.481824903e-006 +5.049000148e+001 +5.049000148e+001 +3.5823e+000 -1.6643e-001
11513 0 +1.322606209e-006 +1.322606209e-006 +5.049000132e+001 +5.049000132e+001 +3.5825e+000 -1.6639e-001
11813 0 +9.129069269e-007 +9.129069269e-007 +5.049000091e+001 +5.049000091e+001 +3.5825e+000 -1.6639e-001
12093 0 +6.697476422e-007 +6.697476422e-007 +5.049000067e+001 +5.049000067e+001 +3.5824e+000 -1.6642e-001
12181 0 +4.435898404e-007 +4.435898404e-007 +5.049000044e+001 +5.049000044e+001 +3.5824e+000 -1.6639e-001
12195 0 +3.869905925e-007 +3.869905925e-007 +5.049000039e+001 +5.049000039e+001 +3.5824e+000 -1.6639e-001
12377 0 +1.136087704e-007 +1.136087704e-007 +5.049000011e+001 +5.049000011e+001 +3.5824e+000 -1.6641e-001
12409 0 +1.009120041e-007 +1.009120041e-007 +5.049000010e+001 +5.049000010e+001 +3.5824e+000 -1.6641e-001
12603 0 +2.075032057e-008 +2.075032057e-008 +5.049000002e+001 +5.049000002e+001 +3.5824e+000 -1.6640e-001
13166 0 +9.071349893e-009 +9.071349893e-009 +5.049000001e+001 +5.049000001e+001 +3.5824e+000 -1.6640e-001
21700 0 +0.000000000e+000 +0.000000000e+000 +5.049000000e+001 +5.049000000e+001 +3.5824e+000 -1.6640e-001
% f evaluations | g evaluations | best noise-free fitness - Fopt | noise-free fitness - Fopt (-3.641300000000e+002) | measured fitness | best measured fitness | x1 | x2...
1 0 +4.664652522e+001 +4.664652522e+001 -3.174834748e+002 -3.174834748e+002 +4.6052e-001 -1.0002e+000
2 0 +3.483153449e+001 +3.483153449e+001 -3.292984655e+002 -3.292984655e+002 -3.7320e-001 +6.2020e-002
8 0 +2.138743054e+001 +2.138743054e+001 -3.427425695e+002 -3.427425695e+002 -8.1234e-001 -1.8973e-001
23 0 +1.517738793e+001 +1.517738793e+001 -3.489526121e+002 -3.489526121e+002 -3.4187e-001 -5.9718e-001
61 0 +1.287658066e+001 +1.287658066e+001 -3.512534193e+002 -3.512534193e+002 -1.4091e+000 -6.4947e-001
64 0 +9.569776573e+000 +9.569776573e+000 -3.545602234e+002 -3.545602234e+002 -1.3440e+000 -5.6268e-001
68 0 +8.322784558e+000 +8.322784558e+000 -3.558072154e+002 -3.558072154e+002 -2.0019e+000 -2.5366e-001
126 0 +4.495753970e+000 +4.495753970e+000 -3.596342460e+002 -3.596342460e+002 -2.4459e+000 -7.5775e-001
341 0 +4.089158505e+000 +4.089158505e+000 -3.600408415e+002 -3.600408415e+002 -3.0801e+000 -1.2173e+000
534 0 +1.480396895e+000 +1.480396895e+000 -3.626496031e+002 -3.626496031e+002 -4.1511e+000 -2.9625e-001
958 0 +1.415691529e+000 +1.415691529e+000 -3.627143085e+002 -3.627143085e+002 -3.8043e+000 -6.2518e-001
1692 0 +1.221496031e+000 +1.221496031e+000 -3.629085040e+002 -3.629085040e+002 -3.7960e+000 -5.7689e-001
1759 0 +3.361870636e-001 +3.361870636e-001 -3.637938129e+002 -3.637938129e+002 -3.7359e+000 -5.8646e-001
5812 0 +2.678109267e-001 +2.678109267e-001 -3.638621891e+002 -3.638621891e+002 -3.7584e+000 -6.1007e-001
6750 0 +1.841927568e-001 +1.841927568e-001 -3.639458072e+002 -3.639458072e+002 -3.7314e+000 -5.9506e-001
6813 0 +1.577282453e-001 +1.577282453e-001 -3.639722718e+002 -3.639722718e+002 -3.7348e+000 -6.0084e-001
7167 0 +1.487096589e-001 +1.487096589e-001 -3.639812903e+002 -3.639812903e+002 -3.7903e+000 -6.0016e-001
7508 0 +9.743739375e-002 +9.743739375e-002 -3.640325626e+002 -3.640325626e+002 -3.7388e+000 -5.9874e-001
7647 0 +4.998645524e-002 +4.998645524e-002 -3.640800135e+002 -3.640800135e+002 -3.7655e+000 -5.9360e-001
8017 0 +1.978984802e-002 +1.978984802e-002 -3.641102102e+002 -3.641102102e+002 -3.7619e+000 -6.0164e-001
8067 0 +1.670866622e-003 +1.670866622e-003 -3.641283291e+002 -3.641283291e+002 -3.7606e+000 -5.9935e-001
8300 0 +2.354765276e-004 +2.354765276e-004 -3.641297645e+002 -3.641297645e+002 -3.7604e+000 -5.9867e-001
9785 0 +5.603024556e-005 +5.603024556e-005 -3.641299440e+002 -3.641299440e+002 -3.7611e+000 -5.9829e-001
11411 0 +3.712680916e-005 +3.712680916e-005 -3.641299629e+002 -3.641299629e+002 -3.7611e+000 -5.9850e-001
11610 0 +3.251181550e-005 +3.251181550e-005 -3.641299675e+002 -3.641299675e+002 -3.7612e+000 -5.9842e-001
11788 0 +1.756570464e-005 +1.756570464e-005 -3.641299824e+002 -3.641299824e+002 -3.7610e+000 -5.9834e-001
11834 0 +1.390813634e-005 +1.390813634e-005 -3.641299861e+002 -3.641299861e+002 -3.7609e+000 -5.9835e-001
11894 0 +1.064559598e-005 +1.064559598e-005 -3.641299894e+002 -3.641299894e+002 -3.7610e+000 -5.9845e-001
12143 0 +1.040465622e-005 +1.040465622e-005 -3.641299896e+002 -3.641299896e+002 -3.7606e+000 -5.9841e-001
12524 0 +9.189889056e-006 +9.189889056e-006 -3.641299908e+002 -3.641299908e+002 -3.7609e+000 -5.9836e-001
12671 0 +4.756520525e-006 +4.756520525e-006 -3.641299952e+002 -3.641299952e+002 -3.7607e+000 -5.9840e-001
12897 0 +2.289156043e-006 +2.289156043e-006 -3.641299977e+002 -3.641299977e+002 -3.7608e+000 -5.9844e-001
13310 0 +1.961691794e-006 +1.961691794e-006 -3.641299980e+002 -3.641299980e+002 -3.7608e+000 -5.9843e-001
13433 0 +3.541435944e-008 +3.541435944e-008 -3.641300000e+002 -3.641300000e+002 -3.7608e+000 -5.9840e-001
15229 0 +9.571408555e-009 +9.571408555e-009 -3.641300000e+002 -3.641300000e+002 -3.7608e+000 -5.9840e-001
20505 0 +0.000000000e+000 +0.000000000e+000 -3.641300000e+002 -3.641300000e+002 -3.7608e+000 -5.9840e-001
% f evaluations | g evaluations | best noise-free fitness - Fopt | noise-free fitness - Fopt (1.592700000000e+002) | measured fitness | best measured fitness | x1 | x2...
1 0 +2.409265460e+001 +2.409265460e+001 +1.833626546e+002 +1.833626546e+002 +1.6170e-001 -7.4276e-001
6 0 +1.432580167e+001 +1.432580167e+001 +1.735958017e+002 +1.735958017e+002 -5.9706e-001 -1.0547e-001
56 0 +1.333866910e+001 +1.333866910e+001 +1.726086691e+002 +1.726086691e+002 -6.7539e-001 -7.7865e-001
63 0 +3.468067826e+000 +3.468067826e+000 +1.627380678e+002 +1.627380678e+002 -7.5127e-001 -8.1990e-001
288 0 +2.193586273e+000 +2.193586273e+000 +1.614635863e+002 +1.614635863e+002 -8.7322e-001 -8.8872e-001
855 0 +1.903121003e+000 +1.903121003e+000 +1.611731210e+002 +1.611731210e+002 -1.5348e+000 -9.2780e-001
1452 0 +1.425107587e+000 +1.425107587e+000 +1.606951076e+002 +1.606951076e+002 -1.6286e+000 -1.3823e+000
2263 0 +6.970172955e-001 +6.970172955e-001 +1.599670173e+002 +1.599670173e+002 -1.6710e+000 -1.4271e+000
2401 0 +6.288249142e-002 +6.288249142e-002 +1.593328825e+002 +1.593328825e+002 -1.6559e+000 -1.4474e+000
6336 0 +3.998426940e-003 +3.998426940e-003 +1.592739984e+002 +1.592739984e+002 -1.6625e+000 -1.4434e+000
8572 0 +4.327225599e-004 +4.327225599e-004 +1.592704327e+002 +1.592704327e+002 -1.6629e+000 -1.4453e+000
8681 0 +2.870345941e-004 +2.870345941e-004 +1.592702870e+002 +1.592702870e+002 -1.6632e+000 -1.4461e+000
9632 0 +2.364004724e-004 +2.364004724e-004 +1.592702364e+002 +1.592702364e+002 -1.6633e+000 -1.4461e+000
10037 0 +1.915632523e-004 +1.915632523e-004 +1.592701916e+002 +1.592701916e+002 -1.6648e+000 -1.4470e+000
10212 0 +1.467678317e-004 +1.467678317e-004 +1.592701468e+002 +1.592701468e+002 -1.6636e+000 -1.4458e+000
10587 0 +1.113677636e-004 +1.113677636e-004 +1.592701114e+002 +1.592701114e+002 -1.6641e+000 -1.4462e+000
10878 0 +3.354917220e-005 +3.354917220e-005 +1.592700335e+002 +1.592700335e+002 -1.6641e+000 -1.4467e+000
10950 0 +2.747185746e-005 +2.747185746e-005 +1.592700275e+002 +1.592700275e+002 -1.6637e+000 -1.4462e+000
11242 0 +2.588928356e-005 +2.588928356e-005 +1.592700259e+002 +1.592700259e+002 -1.6640e+000 -1.4466e+000
11329 0 +9.391583291e-006 +9.391583291e-006 +1.592700094e+002 +1.592700094e+002 -1.6642e+000 -1.4465e+000
11614 0 +4.854322469e-006 +4.854322469e-006 +1.592700049e+002 +1.592700049e+002 -1.6641e+000 -1.4465e+000
12028 0 +4.096936038e-006 +4.096936038e-006 +1.592700041e+002 +1.592700041e+002 -1.6640e+000 -1.4464e+000
12049 0 +1.316546530e-006 +1.316546530e-006 +1.592700013e+002 +1.592700013e+002 -1.6641e+000 -1.4464e+000
12375 0 +4.222662255e-007 +4.222662255e-007 +1.592700004e+002 +1.592700004e+002 -1.6640e+000 -1.4464e+000
12619 0 +2.471608695e-007 +2.471608695e-007 +1.592700002e+002 +1.592700002e+002 -1.6640e+000 -1.4464e+000
12647 0 +2.172220093e-007 +2.172220093e-007 +1.592700002e+002 +1.592700002e+002 -1.6640e+000 -1.4464e+000
12972 0 +1.553526374e-007 +1.553526374e-007 +1.592700002e+002 +1.592700002e+002 -1.6640e+000 -1.4464e+000
13295 0 +4.025832823e-008 +4.025832823e-008 +1.592700000e+002 +1.592700000e+002 -1.6640e+000 -1.4464e+000
13797 0 +4.813415444e-009 +4.813415444e-009 +1.592700000e+002 +1.592700000e+002 -1.6640e+000 -1.4464e+000
21588 0 +0.000000000e+000 +0.000000000e+000 +1.592700000e+002 +1.592700000e+002 -1.6640e+000 -1.4464e+000
