% function evaluation | noise-free fitness - Fopt (-6.211100000000e+02) | best noise-free fitness - Fopt | measured fitness | best measured fitness | x1 | x2...
1 +5.380411033e+07 +5.380411033e+07 +5.380348922e+07 +5.380348922e+07 -2.0283e+00 -3.3959e+00 +2.8309e+00
5 +3.619395220e+07 +3.619395220e+07 +3.619333109e+07 +3.619333109e+07 -1.4123e+00 -2.3959e+00 +2.2186e+00
9 +4.692010195e+05 +4.692010195e+05 +4.685799095e+05 +4.685799095e+05 +1.3815e+00 +2.4691e+00 +8.9772e-02
13 +3.283486060e+03 +3.283486060e+03 +2.662376060e+03 +2.662376060e+03 +1.1108e+00 +2.3812e+00 -4.9861e-01
17 +4.127542645e+02 +4.127542645e+02 -2.083557355e+02 -2.083557355e+02 +1.1177e+00 +2.3717e+00 -4.3763e-01
21 +7.285802940e+00 +7.285802940e+00 -6.138241971e+02 -6.138241971e+02 +1.1126e+00 +2.3693e+00 -4.5244e-01
77 +6.104387034e+00 +6.104387034e+00 -6.150056130e+02 -6.150056130e+02 +9.3142e-01 +2.5086e+00 -4.1486e-01
129 +3.923626709e+00 +3.923626709e+00 -6.171863733e+02 -6.171863733e+02 +5.6659e-01 +2.7938e+00 -3.2999e-01
165 +2.463896856e+00 +2.463896856e+00 -6.186461031e+02 -6.186461031e+02 +2.8198e-01 +3.0193e+00 -2.5436e-01
197 +1.579429753e+00 +1.579429753e+00 -6.195305702e+02 -6.195305702e+02 +4.5525e-02 +3.2092e+00 -1.8465e-01
233 +9.462336537e-01 +9.462336537e-01 -6.201637663e+02 -6.201637663e+02 -1.7806e-01 +3.3911e+00 -1.1185e-01
265 +6.020721887e-01 +6.020721887e-01 -6.205079278e+02 -6.205079278e+02 -3.1370e-01 +3.5031e+00 -6.4019e-02
289 +3.453240742e-01 +3.453240742e-01 -6.207646759e+02 -6.207646759e+02 -4.5099e-01 +3.6174e+00 -1.2430e-02
309 +2.493537289e-01 +2.493537289e-01 -6.208606463e+02 -6.208606463e+02 -5.1811e-01 +3.6737e+00 +1.3915e-02
337 +1.445269355e-01 +1.445269355e-01 -6.209654731e+02 -6.209654731e+02 -6.1017e-01 +3.7514e+00 +5.1311e-02
349 +8.477764575e-02 +8.477764575e-02 -6.210252224e+02 -6.210252224e+02 -6.7625e-01 +3.8075e+00 +7.9087e-02
365 +4.767441703e-02 +4.767441703e-02 -6.210623256e+02 -6.210623256e+02 -7.3714e-01 +3.8594e+00 +1.0519e-01
369 +3.137748549e-02 +3.137748549e-02 -6.210786225e+02 -6.210786225e+02 -7.6019e-01 +3.8791e+00 +1.1530e-01
373 +8.763533873e-03 +8.763533873e-03 -6.211012365e+02 -6.211012365e+02 -8.3423e-01 +3.9423e+00 +1.4739e-01
389 +3.545824511e-03 +3.545824511e-03 -6.211064542e+02 -6.211064542e+02 -8.5116e-01 +3.9568e+00 +1.5473e-01
417 +1.968100080e-03 +1.968100080e-03 -6.211080319e+02 -6.211080319e+02 -8.6322e-01 +3.9670e+00 +1.5981e-01
429 +1.392033989e-03 +1.392033989e-03 -6.211086080e+02 -6.211086080e+02 -8.6592e-01 +3.9693e+00 +1.6092e-01
445 +9.119401162e-04 +9.119401162e-04 -6.211090881e+02 -6.211090881e+02 -8.7039e-01 +3.9731e+00 +1.6277e-01
457 +5.743502472e-04 +5.743502472e-04 -6.211094256e+02 -6.211094256e+02 -8.7542e-01 +3.9773e+00 +1.6482e-01
737 +3.792528447e-04 +3.792528447e-04 -6.211096207e+02 -6.211096207e+02 -9.0568e-01 +4.0028e+00 +1.7553e-01
757 +2.316305323e-04 +2.316305323e-04 -6.211097684e+02 -6.211097684e+02 -9.0156e-01 +3.9992e+00 +1.7423e-01
761 +1.399466349e-04 +1.399466349e-04 -6.211098601e+02 -6.211098601e+02 -8.9912e-01 +3.9972e+00 +1.7347e-01
765 +8.795498263e-05 +8.795498263e-05 -6.211099120e+02 -6.211099120e+02 -8.9810e-01 +3.9963e+00 +1.7314e-01
785 +6.231448197e-05 +6.231448197e-05 -6.211099377e+02 -6.211099377e+02 -8.9594e-01 +3.9945e+00 +1.7246e-01
793 +3.726691307e-05 +3.726691307e-05 -6.211099627e+02 -6.211099627e+02 -8.9413e-01 +3.9930e+00 +1.7188e-01
797 +1.569377537e-05 +1.569377537e-05 -6.211099843e+02 -6.211099843e+02 -8.9310e-01 +3.9921e+00 +1.7155e-01
3063 +9.959655131e-06 +9.959655131e-06 -6.211099900e+02 -6.211099900e+02 -8.9357e-01 +3.9925e+00 +1.7170e-01
4665 +1.066900950e-06 +1.066900950e-06 -6.211099989e+02 -6.211099989e+02 -8.9235e-01 +3.9915e+00 +1.7131e-01
4667 +9.926316125e-07 +9.926316125e-07 -6.211099990e+02 -6.211099990e+02 -8.9235e-01 +3.9915e+00 +1.7131e-01
20721 +3.584484602e-07 +3.584484602e-07 -6.211099996e+02 -6.211099996e+02 -8.9188e-01 +3.9911e+00 +1.7116e-01
27401 +1.480951823e-07 +1.480951823e-07 -6.211099999e+02 -6.211099999e+02 -8.9208e-01 +3.9913e+00 +1.7123e-01
50907 +8.165102372e-08 +8.165102372e-08 -6.211099999e+02 -6.211099999e+02 -8.9192e-01 +3.9911e+00 +1.7117e-01
% function evaluation | noise-free fitness - Fopt (-2.548200000000e+02) | best noise-free fitness - Fopt | measured fitness | best measured fitness | x1 | x2...
1 +9.268140979e+09 +9.268140979e+09 +9.268140724e+09 +9.268140724e+09 -1.9908e+00 +2.1704e+00 +4.2688e+00
5 +2.361680943e+09 +2.361680943e+09 +2.361680688e+09 +2.361680688e+09 -1.2349e+00 +2.4099e+00 +3.2688e+00
9 +1.338870593e+09 +1.338870593e+09 +1.338870338e+09 +1.338870338e+09 -9.4186e-01 +2.5006e+00 +2.8805e+00
13 +5.621251771e+08 +5.621251771e+08 +5.621249223e+08 +5.621249223e+08 -5.1773e-01 +2.6304e+00 +2.3185e+00
17 +2.630434102e+08 +2.630434102e+08 +2.630431554e+08 +2.630431554e+08 -1.7054e-01 +2.7354e+00 +1.8586e+00
21 +1.168110927e+08 +1.168110927e+08 +1.168108379e+08 +1.168108379e+08 +1.7616e-01 +2.8394e+00 +1.3999e+00
25 +5.266315826e+07 +5.266315826e+07 +5.266290344e+07 +5.266290344e+07 +4.9332e-01 +2.9338e+00 +9.8081e-01
29 +2.386343996e+07 +2.386343996e+07 +2.386318514e+07 +2.386318514e+07 +7.8992e-01 +3.0215e+00 +5.8964e-01
33 +1.135432628e+07 +1.135432628e+07 +1.135407146e+07 +1.135407146e+07 +1.0608e+00 +3.1010e+00 +2.3316e-01
37 +6.024248490e+06 +6.024248490e+06 +6.023993670e+06 +6.023993670e+06 +1.3055e+00 +3.1724e+00 -8.8081e-02
41 +3.834600554e+06 +3.834600554e+06 +3.834345734e+06 +3.834345734e+06 +1.5215e+00 +3.2350e+00 -3.7078e-01
73 +2.503408471e+06 +2.503408471e+06 +2.503153651e+06 +2.503153651e+06 +2.2271e+00 +3.4255e+00 -1.2627e+00
89 +5.887886676e+05 +5.887886676e+05 +5.885338476e+05 +5.885338476e+05 +2.5496e+00 +2.9317e+00 -3.2256e-01
93 +1.067862960e+05 +1.067862960e+05 +1.065314760e+05 +1.065314760e+05 +2.9696e+00 +2.7682e+00 -2.1111e-01
97 +5.223143332e+03 +5.223143332e+03 +4.968323332e+03 +4.968323332e+03 +3.2413e+00 +2.7111e+00 -2.5190e-01
101 +5.422574843e+02 +5.422574843e+02 +2.874374843e+02 +2.874374843e+02 +3.2823e+00 +2.7180e+00 -2.9410e-01
105 +8.488696731e+00 +8.488696731e+00 -2.463313033e+02 -2.463313033e+02 +3.2960e+00 +2.7233e+00 -3.1515e-01
109 +1.279019908e+00 +1.279019908e+00 -2.535409801e+02 -2.535409801e+02 +3.2978e+00 +2.7240e+00 -3.1784e-01
217 +8.623806596e-01 +8.623806596e-01 -2.539576193e+02 -2.539576193e+02 +3.3816e+00 +2.9254e+00 -2.7477e-01
237 +5.499756706e-01 +5.499756706e-01 -2.542700243e+02 -2.542700243e+02 +3.4595e+00 +3.1101e+00 -2.3739e-01
261 +3.558197858e-01 +3.558197858e-01 -2.544641802e+02 -2.544641802e+02 +3.5089e+00 +3.2253e+00 -2.1522e-01
269 +2.343465604e-01 +2.343465604e-01 -2.545856534e+02 -2.545856534e+02 +3.5501e+00 +3.3205e+00 -1.9765e-01
289 +1.491384591e-01 +1.491384591e-01 -2.546708615e+02 -2.546708615e+02 +3.5944e+00 +3.4226e+00 -1.7877e-01
297 +7.798619434e-02 +7.798619434e-02 -2.547420138e+02 -2.547420138e+02 +3.6486e+00 +3.5465e+00 -1.5655e-01
301 +3.115675947e-02 +3.115675947e-02 -2.547888432e+02 -2.547888432e+02 +3.6935e+00 +3.6489e+00 -1.3845e-01
317 +2.309845894e-02 +2.309845894e-02 -2.547969015e+02 -2.547969015e+02 +3.6909e+00 +3.6430e+00 -1.3947e-01
325 +1.501189681e-02 +1.501189681e-02 -2.548049881e+02 -2.548049881e+02 +3.6948e+00 +3.6522e+00 -1.3778e-01
333 +9.400495574e-03 +9.400495574e-03 -2.548105995e+02 -2.548105995e+02 +3.7071e+00 +3.6806e+00 -1.3250e-01
337 +6.106099462e-03 +6.106099462e-03 -2.548138939e+02 -2.548138939e+02 +3.7116e+00 +3.6911e+00 -1.3044e-01
357 +2.991169145e-03 +2.991169145e-03 -2.548170088e+02 -2.548170088e+02 +3.7207e+00 +3.7125e+00 -1.2633e-01
369 +2.263235264e-03 +2.263235264e-03 -2.548177368e+02 -2.548177368e+02 +3.7231e+00 +3.7181e+00 -1.2520e-01
377 +1.501152402e-03 +1.501152402e-03 -2.548184988e+02 -2.548184988e+02 +3.7264e+00 +3.7259e+00 -1.2362e-01
393 +8.540124188e-04 +8.540124188e-04 -2.548191460e+02 -2.548191460e+02 +3.7306e+00 +3.7358e+00 -1.2160e-01
409 +5.232483531e-04 +5.232483531e-04 -2.548194768e+02 -2.548194768e+02 +3.7327e+00 +3.7410e+00 -1.2049e-01
421 +3.519088972e-04 +3.519088972e-04 -2.548196481e+02 -2.548196481e+02 +3.7349e+00 +3.7463e+00 -1.1936e-01
3193 +2.181184099e-04 +2.181184099e-04 -2.548197819e+02 -2.548197819e+02 +3.7356e+00 +3.7479e+00 -1.1900e-01
6205 +1.270097969e-04 +1.270097969e-04 -2.548198730e+02 -2.548198730e+02 +3.7454e+00 +3.7716e+00 -1.1263e-01
6225 +9.773849615e-05 +9.773849615e-05 -2.548199023e+02 -2.548199023e+02 +3.7446e+00 +3.7698e+00 -1.1322e-01
6257 +2.964847494e-05 +2.964847494e-05 -2.548199704e+02 -2.548199704e+02 +3.7429e+00 +3.7659e+00 -1.1446e-01
6289 +2.322692251e-05 +2.322692251e-05 -2.548199768e+02 -2.548199768e+02 +3.7424e+00 +3.7646e+00 -1.1487e-01
6309 +1.552286091e-05 +1.552286091e-05 -2.548199845e+02 -2.548199845e+02 +3.7416e+00 +3.7628e+00 -1.1541e-01
6313 +5.908354126e-06 +5.908354126e-06 -2.548199941e+02 -2.548199941e+02 +3.7415e+00 +3.7624e+00 -1.1553e-01
6325 +1.970598760e-06 +1.970598760e-06 -2.548199980e+02 -2.548199980e+02 +3.7413e+00 +3.7621e+00 -1.1564e-01
38909 +1.549358331e-06 +1.549358331e-06 -2.548199985e+02 -2.548199985e+02 +3.7409e+00 +3.7610e+00 -1.1594e-01
% function evaluation | noise-free fitness - Fopt (5.661000000000e+01) | best noise-free fitness - Fopt | measured fitness | best measured fitness | x1 | x2...
1 +5.007702250e+09 +5.007702250e+09 +5.007702307e+09 +5.007702307e+09 +1.7784e+00 +4.1334e+00 -1.5087e-02
5 +1.588927832e+09 +1.588927832e+09 +1.588927889e+09 +1.588927889e+09 +1.6764e+00 +3.1334e+00 -9.7910e-01
9 +9.839559172e+08 +9.839559172e+08 +9.839559738e+08 +9.839559738e+08 +1.5176e+00 +2.6904e+00 -1.3624e+00
13 +4.773342243e+08 +4.773342243e+08 +4.773342809e+08 +4.773342809e+08 +1.2058e+00 +2.0037e+00 -1.9299e+00
17 +2.555121520e+08 +2.555121520e+08 +2.555122086e+08 +2.555122086e+08 +8.8746e-01 +1.3953e+00 -2.4143e+00
21 +1.321672040e+08 +1.321672040e+08 +1.321672606e+08 +1.321672606e+08 +5.1807e-01 +7.3846e-01 -2.9250e+00
25 +6.945633300e+07 +6.945633300e+07 +6.945638961e+07 +6.945638961e+07 +1.3318e-01 +8.1983e-02 -3.4270e+00
29 +3.619807852e+07 +3.619807852e+07 +3.619813513e+07 +3.619813513e+07 -2.7443e-01 -5.9760e-01 -3.9410e+00
33 +1.849163545e+07 +1.849163545e+07 +1.849169206e+07 +1.849169206e+07 -6.9931e-01 -1.2975e+00 -4.4666e+00
37 +4.740691321e+06 +4.740691321e+06 +4.740747931e+06 +4.740747931e+06 -1.3104e+00 -2.3041e+00 -5.2212e+00
41 +1.581898432e+06 +1.581898432e+06 +1.581955042e+06 +1.581955042e+06 -1.6948e+00 -2.9387e+00 -5.6957e+00
69 +8.740447374e+05 +8.740447374e+05 +8.741013474e+05 +8.741013474e+05 -2.0451e+00 -3.6475e+00 -5.8994e+00
73 +5.657082054e+05 +5.657082054e+05 +5.657648154e+05 +5.657648154e+05 -2.0750e+00 -3.8462e+00 -5.6730e+00
77 +2.405702710e+05 +2.405702710e+05 +2.406268810e+05 +2.406268810e+05 -2.0368e+00 -3.9589e+00 -5.3159e+00
81 +5.025579619e+04 +5.025579619e+04 +5.031240619e+04 +5.031240619e+04 -1.9418e+00 -3.8978e+00 -5.0289e+00
85 +2.614408011e+03 +2.614408011e+03 +2.671018011e+03 +2.671018011e+03 -1.8730e+00 -3.7811e+00 -4.9495e+00
89 +6.913716258e+01 +6.913716258e+01 +1.257471626e+02 +1.257471626e+02 -1.8637e+00 -3.7484e+00 -4.9682e+00
93 +8.612666428e+00 +8.612666428e+00 +6.522266643e+01 +6.522266643e+01 -1.8643e+00 -3.7459e+00 -4.9753e+00
221 +6.068934315e+00 +6.068934315e+00 +6.267893431e+01 +6.267893431e+01 -2.1203e+00 -3.4889e+00 -4.8029e+00
281 +3.873751491e+00 +3.873751491e+00 +6.048375149e+01 +6.048375149e+01 -2.3970e+00 -3.2342e+00 -4.6264e+00
329 +2.441095105e+00 +2.441095105e+00 +5.905109511e+01 +5.905109511e+01 -2.6399e+00 -3.0303e+00 -4.4800e+00
389 +1.479206789e+00 +1.479206789e+00 +5.808920679e+01 +5.808920679e+01 -2.8737e+00 -2.8512e+00 -4.3466e+00
429 +9.760240384e-01 +9.760240384e-01 +5.758602404e+01 +5.758602404e+01 -3.0413e+00 -2.7333e+00 -4.2556e+00
469 +6.180881439e-01 +6.180881439e-01 +5.722808814e+01 +5.722808814e+01 -3.1909e+00 -2.6357e+00 -4.1777e+00
513 +3.848377558e-01 +3.848377558e-01 +5.699483776e+01 +5.699483776e+01 -3.3147e+00 -2.5602e+00 -4.1156e+00
549 +2.413515364e-01 +2.413515364e-01 +5.685135154e+01 +5.685135154e+01 -3.4246e+00 -2.4970e+00 -4.0622e+00
585 +1.545167101e-01 +1.545167101e-01 +5.676451671e+01 +5.676451671e+01 -3.5056e+00 -2.4527e+00 -4.0237e+00
617 +9.069859295e-02 +9.069859295e-02 +5.670069859e+01 +5.670069859e+01 -3.5793e+00 -2.4142e+00 -3.9895e+00
625 +6.241874752e-02 +6.241874752e-02 +5.667241875e+01 +5.667241875e+01 -3.6235e+00 -2.3917e+00 -3.9693e+00
653 +3.555438590e-02 +3.555438590e-02 +5.664555439e+01 +5.664555439e+01 -3.6840e+00 -2.3618e+00 -3.9419e+00
665 +2.388109517e-02 +2.388109517e-02 +5.663388110e+01 +5.663388110e+01 -3.7143e+00 -2.3471e+00 -3.9284e+00
673 +1.461459591e-02 +1.461459591e-02 +5.662461460e+01 +5.662461460e+01 -3.7425e+00 -2.3336e+00 -3.9159e+00
681 +4.119298887e-03 +4.119298887e-03 +5.661411930e+01 +5.661411930e+01 -3.7932e+00 -2.3095e+00 -3.8934e+00
693 +3.164088859e-03 +3.164088859e-03 +5.661316409e+01 +5.661316409e+01 -3.8060e+00 -2.3034e+00 -3.8877e+00
697 +2.510266467e-03 +2.510266467e-03 +5.661251027e+01 +5.661251027e+01 -3.8086e+00 -2.3021e+00 -3.8865e+00
709 +1.201209911e-03 +1.201209911e-03 +5.661120121e+01 +5.661120121e+01 -3.8214e+00 -2.2959e+00 -3.8808e+00
721 +8.623955342e-04 +8.623955342e-04 +5.661086240e+01 +5.661086240e+01 -3.8254e+00 -2.2940e+00 -3.8790e+00
737 +5.204580292e-04 +5.204580292e-04 +5.661052046e+01 +5.661052046e+01 -3.8324e+00 -2.2906e+00 -3.8759e+00
741 +3.785311393e-04 +3.785311393e-04 +5.661037853e+01 +5.661037853e+01 -3.8342e+00 -2.2896e+00 -3.8751e+00
769 +1.704773719e-04 +1.704773719e-04 +5.661017048e+01 +5.661017048e+01 -3.8401e+00 -2.2867e+00 -3.8724e+00
777 +1.529006744e-04 +1.529006744e-04 +5.661015290e+01 +5.661015290e+01 -3.8412e+00 -2.2861e+00 -3.8719e+00
789 +8.919700032e-05 +8.919700032e-05 +5.661008920e+01 +5.661008920e+01 -3.8436e+00 -2.2849e+00 -3.8708e+00
797 +3.441826357e-05 +3.441826357e-05 +5.661003442e+01 +5.661003442e+01 -3.8467e+00 -2.2833e+00 -3.8693e+00
821 +2.413805471e-05 +2.413805471e-05 +5.661002414e+01 +5.661002414e+01 -3.8474e+00 -2.2829e+00 -3.8690e+00
861 +1.577917065e-05 +1.577917065e-05 +5.661001578e+01 +5.661001578e+01 -3.8490e+00 -2.2820e+00 -3.8683e+00
889 +8.884295234e-06 +8.884295234e-06 +5.661000888e+01 +5.661000888e+01 -3.8497e+00 -2.2817e+00 -3.8679e+00
893 +4.957206571e-06 +4.957206571e-06 +5.661000496e+01 +5.661000496e+01 -3.8498e+00 -2.2816e+00 -3.8679e+00
2137 +3.737805635e-06 +3.737805635e-06 +5.661000374e+01 +5.661000374e+01 -3.8501e+00 -2.2814e+00 -3.8677e+00
2181 +1.909302526e-06 +1.909302526e-06 +5.661000191e+01 +5.661000191e+01 -3.8507e+00 -2.2811e+00 -3.8674e+00
2701 +8.853729128e-07 +8.853729128e-07 +5.661000089e+01 +5.661000089e+01 -3.8507e+00 -2.2811e+00 -3.8674e+00
2705 +5.552781630e-07 +5.552781630e-07 +5.661000056e+01 +5.661000056e+01 -3.8508e+00 -2.2811e+00 -3.8674e+00
5453 +3.966823883e-07 +3.966823883e-07 +5.661000040e+01 +5.661000040e+01 -3.8511e+00 -2.2808e+00 -3.8672e+00
10005 +2.209318879e-07 +2.209318879e-07 +5.661000022e+01 +5.661000022e+01 -3.8511e+00 -2.2809e+00 -3.8673e+00
10028 +1.577809456e-07 +1.577809456e-07 +5.661000016e+01 +5.661000016e+01 -3.8511e+00 -2.2808e+00 -3.8672e+00
52201 +1.260310967e-09 +1.260310967e-09 +5.661000000e+01 +5.661000000e+01 -3.8512e+00 -2.2808e+00 -3.8672e+00
% function evaluation | noise-free fitness - Fopt (-1.810000000000e+01) | best noise-free fitness - Fopt | measured fitness | best measured fitness | x1 | x2...
1 +2.075213884e+09 +2.075213884e+09 +2.075213866e+09 +2.075213866e+09 +3.4829e+00 -1.2208e+00 -4.8450e+00
5 +7.168091715e+08 +7.168091715e+08 +7.168091534e+08 +7.168091534e+08 +3.0128e+00 -2.2081e-01 -4.3606e+00
9 +4.885860992e+08 +4.885860992e+08 +4.885860811e+08 +4.885860811e+08 +2.8643e+00 +9.7196e-02 -4.0021e+00
13 +2.456968874e+08 +2.456968874e+08 +2.456968693e+08 +2.456968693e+08 +2.6248e+00 +6.1547e-01 -3.2404e+00
17 +1.295893288e+08 +1.295893288e+08 +1.295893107e+08 +1.295893107e+08 +2.4289e+00 +1.0468e+00 -2.4831e+00
21 +6.071958873e+07 +6.071958873e+07 +6.071957063e+07 +6.071957063e+07 +2.2237e+00 +1.5060e+00 -1.6064e+00
25 +2.662045739e+07 +2.662045739e+07 +2.662043929e+07 +2.662043929e+07 +2.0301e+00 +1.9450e+00 -7.3448e-01
29 +1.036929086e+07 +1.036929086e+07 +1.036927276e+07 +1.036927276e+07 +1.8457e+00 +2.3672e+00 +1.1677e-01
33 +3.663973581e+06 +3.663973581e+06 +3.663955481e+06 +3.663955481e+06 +1.6819e+00 +2.7445e+00 +8.8137e-01
37 +1.914698155e+06 +1.914698155e+06 +1.914680055e+06 +1.914680055e+06 +1.5698e+00 +3.0038e+00 +1.4099e+00
57 +1.525648770e+06 +1.525648770e+06 +1.525630670e+06 +1.525630670e+06 +1.5134e+00 +3.1620e+00 +1.8936e+00
65 +8.988193610e+05 +8.988193610e+05 +8.988012610e+05 +8.988012610e+05 +1.6884e+00 +2.8979e+00 +2.1874e+00
69 +4.366653379e+05 +4.366653379e+05 +4.366472379e+05 +4.366472379e+05 +1.8997e+00 +2.5427e+00 +2.2561e+00
73 +1.754736951e+05 +1.754736951e+05 +1.754555951e+05 +1.754555951e+05 +2.0652e+00 +2.2455e+00 +2.1630e+00
77 +4.594401969e+04 +4.594401969e+04 +4.592591969e+04 +4.592591969e+04 +2.1360e+00 +2.0996e+00 +1.9762e+00
81 +7.743302935e+01 +7.743302935e+01 +5.933302935e+01 +5.933302935e+01 +2.1538e+00 +2.0462e+00 +1.7975e+00
85 +2.210455670e+01 +2.210455670e+01 +4.004556704e+00 +4.004556704e+00 +2.1514e+00 +2.0500e+00 +1.7955e+00
89 +1.083145880e+01 +1.083145880e+01 -7.268541199e+00 -7.268541199e+00 +2.1494e+00 +2.0535e+00 +1.7959e+00
169 +9.180287065e+00 +9.180287065e+00 -8.919712935e+00 -8.919712935e+00 +1.9020e+00 +1.9403e+00 +1.8692e+00
213 +6.122919268e+00 +6.122919268e+00 -1.197708073e+01 -1.197708073e+01 +1.4290e+00 +1.7207e+00 +2.0195e+00
265 +3.928834598e+00 +3.928834598e+00 -1.417116540e+01 -1.417116540e+01 +1.0450e+00 +1.5408e+00 +2.1531e+00
309 +2.358194667e+00 +2.358194667e+00 -1.574180533e+01 -1.574180533e+01 +6.6751e-01 +1.3619e+00 +2.2956e+00
349 +1.497322847e+00 +1.497322847e+00 -1.660267715e+01 -1.660267715e+01 +4.0391e-01 +1.2350e+00 +2.4032e+00
385 +9.991765077e-01 +9.991765077e-01 -1.710082349e+01 -1.710082349e+01 +1.9561e-01 +1.1336e+00 +2.4935e+00
417 +6.306685049e-01 +6.306685049e-01 -1.746933150e+01 -1.746933150e+01 +3.3630e-02 +1.0536e+00 +2.5677e+00
449 +3.857621289e-01 +3.857621289e-01 -1.771423787e+01 -1.771423787e+01 -1.0767e-01 +9.8277e-01 +2.6353e+00
469 +2.453763936e-01 +2.453763936e-01 -1.785462361e+01 -1.785462361e+01 -2.0418e-01 +9.3376e-01 +2.6831e+00
493 +1.362667932e-01 +1.362667932e-01 -1.796373321e+01 -1.796373321e+01 -3.0944e-01 +8.7982e-01 +2.7367e+00
509 +9.190189818e-02 +9.190189818e-02 -1.800809810e+01 -1.800809810e+01 -3.7475e-01 +8.4589e-01 +2.7707e+00
521 +5.718106037e-02 +5.718106037e-02 -1.804281894e+01 -1.804281894e+01 -4.2724e-01 +8.1854e-01 +2.7984e+00
529 +3.283702311e-02 +3.283702311e-02 -1.806716298e+01 -1.806716298e+01 -4.6758e-01 +7.9732e-01 +2.8200e+00
537 +2.351185989e-02 +2.351185989e-02 -1.807648814e+01 -1.807648814e+01 -5.0317e-01 +7.7858e-01 +2.8390e+00
541 +1.575365950e-02 +1.575365950e-02 -1.808424634e+01 -1.808424634e+01 -5.1730e-01 +7.7104e-01 +2.8465e+00
545 +9.423339609e-03 +9.423339609e-03 -1.809057666e+01 -1.809057666e+01 -5.4423e-01 +7.5669e-01 +2.8609e+00
557 +6.047493581e-03 +6.047493581e-03 -1.809395251e+01 -1.809395251e+01 -5.5335e-01 +7.5178e-01 +2.8657e+00
561 +3.948736596e-03 +3.948736596e-03 -1.809605126e+01 -1.809605126e+01 -5.6558e-01 +7.4527e-01 +2.8722e+00
573 +2.129823417e-03 +2.129823417e-03 -1.809787018e+01 -1.809787018e+01 -5.7699e-01 +7.3917e-01 +2.8781e+00
589 +1.227472003e-03 +1.227472003e-03 -1.809877253e+01 -1.809877253e+01 -5.8639e-01 +7.3413e-01 +2.8830e+00
593 +8.766314817e-04 +8.766314817e-04 -1.809912337e+01 -1.809912337e+01 -5.9001e-01 +7.3221e-01 +2.8848e+00
613 +4.902062401e-04 +4.902062401e-04 -1.809950979e+01 -1.809950979e+01 -5.9616e-01 +7.2892e-01 +2.8879e+00
625 +3.406343151e-04 +3.406343151e-04 -1.809965937e+01 -1.809965937e+01 -5.9920e-01 +7.2729e-01 +2.8895e+00
637 +2.259372545e-04 +2.259372545e-04 -1.809977406e+01 -1.809977406e+01 -6.0199e-01 +7.2580e-01 +2.8909e+00
645 +1.573401363e-04 +1.573401363e-04 -1.809984266e+01 -1.809984266e+01 -6.0400e-01 +7.2473e-01 +2.8919e+00
661 +9.714795684e-05 +9.714795684e-05 -1.809990285e+01 -1.809990285e+01 -6.0627e-01 +7.2352e-01 +2.8930e+00
669 +6.154147292e-05 +6.154147292e-05 -1.809993846e+01 -1.809993846e+01 -6.0802e-01 +7.2259e-01 +2.8938e+00
873 +3.472591590e-06 +3.472591590e-06 -1.809999653e+01 -1.809999653e+01 -6.1479e-01 +7.1899e-01 +2.8970e+00
877 +2.190537494e-07 +2.190537494e-07 -1.809999978e+01 -1.809999978e+01 -6.1478e-01 +7.1900e-01 +2.8970e+00
5125 +1.087054038e-07 +1.087054038e-07 -1.809999989e+01 -1.809999989e+01 -6.1433e-01 +7.1924e-01 +2.8968e+00
6061 +3.625823908e-08 +3.625823908e-08 -1.809999996e+01 -1.809999996e+01 -6.1440e-01 +7.1920e-01 +2.8968e+00
6064 +2.401732502e-08 +2.401732502e-08 -1.809999998e+01 -1.809999998e+01 -6.1440e-01 +7.1920e-01 +2.8968e+00
6065 +1.875122280e-10 +1.875122280e-10 -1.810000000e+01 -1.810000000e+01 -6.1440e-01 +7.1920e-01 +2.8968e+00
6066 +1.452171716e-10 +1.452171716e-10 -1.810000000e+01 -1.810000000e+01 -6.1440e-01 +7.1920e-01 +2.8968e+00
6067 +2.355449169e-11 +2.355449169e-11 -1.810000000e+01 -1.810000000e+01 -6.1440e-01 +7.1920e-01 +2.8968e+00
% function evaluation | noise-free fitness - Fopt (3.777000000000e+01) | best noise-free fitness - Fopt | measured fitness | best measured fitness | x1 | x2...
1 +6.091456821e+07 +6.091456821e+07 +6.091460598e+07 +6.091460598e+07 +4.5400e+00 -4.5356e-01 +7.0706e-02
5 +2.507848660e+07 +2.507848660e+07 +2.507852437e+07 +2.507852437e+07 +4.0376e+00 +5.4644e-01 -3.6969e-01
9 +1.233679365e+07 +1.233679365e+07 +1.233683142e+07 +1.233683142e+07 +3.5607e+00 +1.3151e+00 -5.6266e-01
13 +5.451283579e+06 +5.451283579e+06 +5.451321349e+06 +5.451321349e+06 +2.9934e+00 +2.1390e+00 -6.6010e-01
17 +2.065879786e+06 +2.065879786e+06 +2.065917556e+06 +2.065917556e+06 +2.4310e+00 +2.9003e+00 -6.7911e-01
21 +1.290925289e+04 +1.290925289e+04 +1.294702289e+04 +1.294702289e+04 +1.5278e+00 +4.1261e+00 -7.0606e-01
25 +4.474851661e+03 +4.474851661e+03 +4.512621661e+03 +4.512621661e+03 +1.5811e+00 +4.0579e+00 -6.9829e-01
29 +3.635645799e+03 +3.635645799e+03 +3.673415799e+03 +3.673415799e+03 +1.5857e+00 +4.0557e+00 -6.9187e-01
33 +1.888429896e+02 +1.888429896e+02 +2.266129896e+02 +2.266129896e+02 +1.6041e+00 +4.0625e+00 -6.4271e-01
37 +2.276416510e+01 +2.276416510e+01 +6.053416510e+01 +6.053416510e+01 +1.6015e+00 +4.0704e+00 -6.3621e-01
41 +1.197412518e+01 +1.197412518e+01 +4.974412518e+01 +4.974412518e+01 +1.5998e+00 +4.0730e+00 -6.3577e-01
101 +9.887849308e+00 +9.887849308e+00 +4.765784931e+01 +4.765784931e+01 +1.1748e+00 +3.7408e+00 -4.5400e-01
109 +3.563432063e+00 +3.563432063e+00 +4.133343206e+01 +4.133343206e+01 -3.5476e-01 +2.5462e+00 +2.0458e-01
117 +1.699326462e+00 +1.699326462e+00 +3.946932646e+01 +3.946932646e+01 -7.0199e-01 +2.2752e+00 +3.5459e-01
125 +5.087618746e-01 +5.087618746e-01 +3.827876187e+01 +3.827876187e+01 -8.9503e-01 +2.1247e+00 +4.3828e-01
133 +1.339568786e-01 +1.339568786e-01 +3.790395688e+01 +3.790395688e+01 -9.5783e-01 +2.0758e+00 +4.6565e-01
141 +3.405759260e-02 +3.405759260e-02 +3.780405759e+01 +3.780405759e+01 -9.7507e-01 +2.0624e+00 +4.7325e-01
149 +8.221446568e-03 +8.221446568e-03 +3.777822145e+01 +3.777822145e+01 -9.7935e-01 +2.0590e+00 +4.7518e-01
185 +3.895099966e-03 +3.895099966e-03 +3.777389510e+01 +3.777389510e+01 -9.8043e-01 +2.0582e+00 +4.7566e-01
189 +7.557866378e-04 +7.557866378e-04 +3.777075579e+01 +3.777075579e+01 -9.8106e-01 +2.0578e+00 +4.7592e-01
193 +4.662497273e-04 +4.662497273e-04 +3.777046625e+01 +3.777046625e+01 -9.8066e-01 +2.0581e+00 +4.7575e-01
197 +4.306610201e-06 +4.306610201e-06 +3.777000431e+01 +3.777000431e+01 -9.8090e-01 +2.0579e+00 +4.7585e-01
201 +3.903035520e-06 +3.903035520e-06 +3.777000390e+01 +3.777000390e+01 -9.8091e-01 +2.0579e+00 +4.7586e-01
513 +2.822237448e-07 +2.822237448e-07 +3.777000028e+01 +3.777000028e+01 -9.7927e-01 +2.0591e+00 +4.7523e-01
517 +8.031271648e-09 +8.031271648e-09 +3.777000001e+01 +3.777000001e+01 -9.7927e-01 +2.0591e+00 +4.7523e-01
% function evaluation | noise-free fitness - Fopt (-1.810000000000e+01) | best noise-free fitness - Fopt | measured fitness | best measured fitness | x1 | x2...
1 +5.978218129e+07 +5.978218129e+07 +5.978216319e+07 +5.978216319e+07 +3.3741e-02 +4.2375e+00 -5.4236e-01
5 +2.058808489e+07 +2.058808489e+07 +2.058806679e+07 +2.058806679e+07 +2.3774e-01 +3.9095e+00 +4.5764e-01
9 +8.776467701e+06 +8.776467701e+06 +8.776449601e+06 +8.776449601e+06 +4.6359e-01 +3.6029e+00 +1.0944e+00
13 +3.420410411e+06 +3.420410411e+06 +3.420392311e+06 +3.420392311e+06 +7.3308e-01 +3.2366e+00 +1.6543e+00
17 +1.460515217e+06 +1.460515217e+06 +1.460497117e+06 +1.460497117e+06 +9.7850e-01 +2.8842e+00 +2.0554e+00
21 +7.450482952e+05 +7.450482952e+05 +7.450301952e+05 +7.450301952e+05 +1.1841e+00 +2.5626e+00 +2.3274e+00
25 +5.040151585e+05 +5.040151585e+05 +5.039970585e+05 +5.039970585e+05 +1.3238e+00 +2.3143e+00 +2.4683e+00
29 +3.883403879e+05 +3.883403879e+05 +3.883222879e+05 +3.883222879e+05 +1.4073e+00 +2.1313e+00 +2.5112e+00
37 +1.170989589e+05 +1.170989589e+05 +1.170808589e+05 +1.170808589e+05 +1.4868e+00 +1.7576e+00 +2.3214e+00
41 +7.608069221e+03 +7.608069221e+03 +7.589969221e+03 +7.589969221e+03 +1.4438e+00 +1.6662e+00 +2.0812e+00
45 +1.036087593e+03 +1.036087593e+03 +1.017987593e+03 +1.017987593e+03 +1.4208e+00 +1.6721e+00 +2.0155e+00
49 +2.434206221e+02 +2.434206221e+02 +2.253206221e+02 +2.253206221e+02 +1.4152e+00 +1.6924e+00 +2.0218e+00
53 +6.497199916e+00 +6.497199916e+00 -1.160280008e+01 -1.160280008e+01 +1.4097e+00 +1.7107e+00 +2.0261e+00
57 +5.810138792e+00 +5.810138792e+00 -1.228986121e+01 -1.228986121e+01 +1.4095e+00 +1.7117e+00 +2.0264e+00
145 +3.869775502e+00 +3.869775502e+00 -1.423022450e+01 -1.423022450e+01 +1.0332e+00 +1.5353e+00 +2.1573e+00
189 +2.281760466e+00 +2.281760466e+00 -1.581823953e+01 -1.581823953e+01 +6.4296e-01 +1.3502e+00 +2.3052e+00
213 +1.476581234e+00 +1.476581234e+00 -1.662341877e+01 -1.662341877e+01 +4.0193e-01 +1.2341e+00 +2.4041e+00
249 +9.693989460e-01 +9.693989460e-01 -1.713060105e+01 -1.713060105e+01 +1.9587e-01 +1.1337e+00 +2.4935e+00
277 +5.694623323e-01 +5.694623323e-01 -1.753053767e+01 -1.753053767e+01 +1.4615e-02 +1.0440e+00 +2.5768e+00
297 +3.844646995e-01 +3.844646995e-01 -1.771553530e+01 -1.771553530e+01 -1.0307e-01 +9.8494e-01 +2.6331e+00
317 +2.347154459e-01 +2.347154459e-01 -1.786528455e+01 -1.786528455e+01 -2.1676e-01 +9.2739e-01 +2.6894e+00
337 +1.503927205e-01 +1.503927205e-01 -1.794960728e+01 -1.794960728e+01 -3.0888e-01 +8.8003e-01 +2.7363e+00
349 +9.531397038e-02 +9.531397038e-02 -1.800468603e+01 -1.800468603e+01 -3.6294e-01 +8.5214e-01 +2.7646e+00
365 +4.794031656e-02 +4.794031656e-02 -1.805205968e+01 -1.805205968e+01 -4.9102e-01 +7.8506e-01 +2.8323e+00
369 +3.533811766e-02 +3.533811766e-02 -1.806466188e+01 -1.806466188e+01 -4.8361e-01 +7.8873e-01 +2.8287e+00
373 +1.809349575e-02 +1.809349575e-02 -1.808190650e+01 -1.808190650e+01 -5.0460e-01 +7.7774e-01 +2.8398e+00
377 +1.459159689e-02 +1.459159689e-02 -1.808540840e+01 -1.808540840e+01 -5.2250e-01 +7.6828e-01 +2.8493e+00
381 +9.981112902e-03 +9.981112902e-03 -1.809001889e+01 -1.809001889e+01 -5.4046e-01 +7.5872e-01 +2.8589e+00
385 +5.487144972e-03 +5.487144972e-03 -1.809451286e+01 -1.809451286e+01 -5.5564e-01 +7.5054e-01 +2.8669e+00
393 +2.499822918e-03 +2.499822918e-03 -1.809750018e+01 -1.809750018e+01 -5.7465e-01 +7.4043e-01 +2.8769e+00
409 +1.508029603e-03 +1.508029603e-03 -1.809849197e+01 -1.809849197e+01 -5.8310e-01 +7.3589e-01 +2.8813e+00
413 +9.749698063e-04 +9.749698063e-04 -1.809902503e+01 -1.809902503e+01 -5.8928e-01 +7.3260e-01 +2.8844e+00
429 +5.969758870e-04 +5.969758870e-04 -1.809940302e+01 -1.809940302e+01 -5.9451e-01 +7.2980e-01 +2.8871e+00
449 +3.124862403e-04 +3.124862403e-04 -1.809968751e+01 -1.809968751e+01 -6.0108e-01 +7.2629e-01 +2.8904e+00
457 +2.146305708e-04 +2.146305708e-04 -1.809978537e+01 -1.809978537e+01 -6.0245e-01 +7.2556e-01 +2.8911e+00
469 +1.558162888e-04 +1.558162888e-04 -1.809984418e+01 -1.809984418e+01 -6.0409e-01 +7.2468e-01 +2.8919e+00
485 +9.655529115e-05 +9.655529115e-05 -1.809990344e+01 -1.809990344e+01 -6.0627e-01 +7.2352e-01 +2.8930e+00
733 +5.752706522e-05 +5.752706522e-05 -1.809994247e+01 -1.809994247e+01 -6.0819e-01 +7.2250e-01 +2.8939e+00
745 +3.702439184e-05 +3.702439184e-05 -1.809996298e+01 -1.809996298e+01 -6.0939e-01 +7.2186e-01 +2.8945e+00
2277 +4.189206436e-06 +4.189206436e-06 -1.809999581e+01 -1.809999581e+01 -6.1453e-01 +7.1913e-01 +2.8969e+00
2281 +4.844334711e-08 +4.844334711e-08 -1.809999995e+01 -1.809999995e+01 -6.1452e-01 +7.1914e-01 +2.8969e+00
2284 +3.742463406e-08 +3.742463406e-08 -1.809999996e+01 -1.809999996e+01 -6.1452e-01 +7.1914e-01 +2.8969e+00
6645 +1.374229441e-08 +1.374229441e-08 -1.809999999e+01 -1.809999999e+01 -6.1441e-01 +7.1920e-01 +2.8968e+00
6649 +4.172910906e-10 +4.172910906e-10 -1.810000000e+01 -1.810000000e+01 -6.1441e-01 +7.1920e-01 +2.8968e+00
6650 +3.517612868e-10 +3.517612868e-10 -1.810000000e+01 -1.810000000e+01 -6.1441e-01 +7.1920e-01 +2.8968e+00
6651 +1.448050568e-10 +1.448050568e-10 -1.810000000e+01 -1.810000000e+01 -6.1441e-01 +7.1920e-01 +2.8968e+00
% function evaluation | noise-free fitness - Fopt (3.777000000000e+01) | best noise-free fitness - Fopt | measured fitness | best measured fitness | x1 | x2...
1 +2.166368956e+07 +2.166368956e+07 +2.166372733e+07 +2.166372733e+07 +3.4669e-01 +3.4334e+00 +4.7290e+00
5 +1.291750202e+07 +1.291750202e+07 +1.291753979e+07 +1.291753979e+07 +9.5624e-02 +3.2739e+00 +3.7290e+00
9 +4.605156693e+05 +4.605156693e+05 +4.605534393e+05 +4.605534393e+05 -3.0363e-01 +1.6660e+00 +4.4180e-01
13 +6.168518963e+04 +6.168518963e+04 +6.172295963e+04 +6.172295963e+04 -5.9977e-01 +2.0369e+00 +4.7446e-01
17 +2.617463704e+03 +2.617463704e+03 +2.655233704e+03 +2.655233704e+03 -7.6582e-01 +2.1671e+00 +4.1851e-01
21 +2.604857202e+02 +2.604857202e+02 +2.982557202e+02 +2.982557202e+02 -8.1471e-01 +2.2069e+00 +3.9454e-01
25 +5.834432616e-02 +5.834432616e-02 +3.782834433e+01 +3.782834433e+01 -8.0302e-01 +2.1968e+00 +3.9934e-01
73 +3.211714277e-02 +3.211714277e-02 +3.780211714e+01 +3.780211714e+01 -8.7713e-01 +2.1389e+00 +4.3112e-01
77 +1.520642716e-02 +1.520642716e-02 +3.778520643e+01 +3.778520643e+01 -9.3780e-01 +2.0915e+00 +4.5726e-01
85 +7.668032551e-03 +7.668032551e-03 +3.777766803e+01 +3.777766803e+01 -9.6047e-01 +2.0738e+00 +4.6706e-01
93 +2.355144851e-03 +2.355144851e-03 +3.777235514e+01 +3.777235514e+01 -9.7427e-01 +2.0630e+00 +4.7303e-01
101 +6.294972928e-04 +6.294972928e-04 +3.777062950e+01 +3.777062950e+01 -9.7871e-01 +2.0596e+00 +4.7497e-01
109 +2.201715859e-04 +2.201715859e-04 +3.777022017e+01 +3.777022017e+01 -9.7946e-01 +2.0590e+00 +4.7530e-01
141 +1.488568337e-06 +1.488568337e-06 +3.777000149e+01 +3.777000149e+01 -9.7970e-01 +2.0588e+00 +4.7540e-01
145 +3.453167778e-07 +3.453167778e-07 +3.777000035e+01 +3.777000035e+01 -9.7968e-01 +2.0588e+00 +4.7539e-01
1641 +1.301999504e-07 +1.301999504e-07 +3.777000013e+01 +3.777000013e+01 -9.7919e-01 +2.0592e+00 +4.7520e-01
1653 +6.779626460e-08 +6.779626460e-08 +3.777000007e+01 +3.777000007e+01 -9.7922e-01 +2.0592e+00 +4.7521e-01
1655 +5.954053961e-08 +5.954053961e-08 +3.777000006e+01 +3.777000006e+01 -9.7922e-01 +2.0592e+00 +4.7521e-01
2233 +5.215682108e-09 +5.215682108e-09 +3.777000001e+01 +3.777000001e+01 -9.7920e-01 +2.0592e+00 +4.7520e-01
2236 +3.553282113e-09 +3.553282113e-09 +3.777000000e+01 +3.777000000e+01 -9.7920e-01 +2.0592e+00 +4.7520e-01
