% function evaluation | noise-free fitness - Fopt (7.627000000000e+01) | best noise-free fitness - Fopt | measured fitness | best measured fitness | x1 | x2...
1 +6.633671289e+05 +6.633671289e+05 +6.634433989e+05 +6.634433989e+05 +2.5144e+00 -3.6675e+00 +3.1566e+00 -4.8112e+00 +3.4981e+00 +2.2157e+00 -1.9835e+00 +7.6819e-01 +2.5579e+00 -4.2324e+00 +1.2946e+00 -3.7446e+00 +3.2289e+00 -3.8676e+00 -4.1551e+00 -4.0927e+00 -1.1838e+00 +1.6409e+00 -1.7423e+00 +3.9660e+00
43 +4.975018828e+02 +4.975018828e+02 +5.737718828e+02 +5.737718828e+02 +2.5684e+00 -3.8875e+00 +2.6566e+00 -4.9729e+00 +3.5096e+00 +2.3233e+00 -1.9874e+00 +7.5235e-01 +2.7158e+00 -4.2518e+00 +1.4294e+00 -3.3236e+00 +3.4822e+00 -3.5858e+00 -4.2652e+00 -4.1378e+00 -1.1127e+00 +1.5728e+00 -1.5943e+00 +4.0942e+00
64 +3.280498940e+02 +3.280498940e+02 +4.043198940e+02 +4.043198940e+02 +2.5676e+00 -3.8845e+00 +2.6634e+00 -4.9707e+00 +3.5094e+00 +2.3218e+00 -1.9874e+00 +7.5256e-01 +2.7137e+00 -4.2515e+00 +1.4275e+00 -3.3293e+00 +3.4788e+00 -3.5896e+00 -4.2637e+00 -4.1372e+00 -1.1136e+00 +1.5737e+00 -1.5963e+00 +4.0925e+00
295 +1.499077906e+02 +1.499077906e+02 +2.261777906e+02 +2.261777906e+02 +1.5604e+00 -3.5169e+00 +1.0199e+00 -2.4740e+00 +1.4239e+00 +8.9994e-01 -1.9224e+00 +1.1548e+00 +1.5286e+00 -2.0058e+00 +1.7935e+00 -2.8889e+00 +9.9562e-01 -1.6376e+00 -3.3714e+00 -3.1747e+00 +1.6094e-02 +1.3931e-01 -3.4463e-01 +2.1827e+00
316 +8.086078060e+01 +8.086078060e+01 +1.571307806e+02 +1.571307806e+02 -1.4279e+00 -2.4253e+00 -3.8527e+00 +4.9332e+00 -4.7628e+00 -3.3187e+00 -1.7296e+00 +2.3480e+00 -1.9879e+00 +4.6563e+00 +2.8781e+00 -1.5852e+00 -6.3721e+00 +4.1513e+00 -7.2363e-01 -3.1912e-01 +3.3669e+00 -4.1155e+00 +3.3675e+00 -3.4833e+00
337 +1.378999524e+01 +1.378999524e+01 +9.005999524e+01 +9.005999524e+01 -2.3597e-01 -2.8607e+00 -1.9092e+00 +1.9787e+00 -2.2951e+00 -1.6360e+00 -1.8065e+00 +1.8720e+00 -5.8532e-01 +1.9990e+00 +2.4455e+00 -2.1052e+00 -3.4334e+00 +1.8422e+00 -1.7797e+00 -1.4581e+00 +2.0304e+00 -2.4184e+00 +1.8868e+00 -1.2233e+00
841 +7.053347322e+00 +7.053347322e+00 +8.332334732e+01 +8.332334732e+01 -5.0445e-01 -3.0900e+00 -1.8375e+00 +1.9634e+00 -2.3776e+00 -1.9936e+00 -1.2744e+00 +1.7802e+00 -1.0774e+00 +2.5355e+00 +2.6072e+00 -2.1914e+00 -3.4731e+00 +2.6423e+00 -1.5709e+00 -1.5853e+00 +1.8596e+00 -2.8653e+00 +1.6511e+00 -1.5451e+00
862 +5.491034808e+00 +5.491034808e+00 +8.176103481e+01 +8.176103481e+01 -4.8634e-01 -3.1513e+00 -1.7228e+00 +1.8048e+00 -2.2611e+00 -1.9645e+00 -1.1896e+00 +1.7397e+00 -1.0855e+00 +2.4847e+00 +2.6113e+00 -2.2334e+00 -3.3245e+00 +2.6539e+00 -1.5918e+00 -1.6667e+00 +1.7604e+00 -2.8503e+00 +1.5335e+00 -1.4794e+00
883 +3.768349368e+00 +3.768349368e+00 +8.003834937e+01 +8.003834937e+01 -5.4377e-01 -3.3426e+00 -1.4859e+00 +1.5055e+00 -2.0730e+00 -2.0317e+00 -8.5201e-01 +1.6335e+00 -1.2674e+00 +2.5724e+00 +2.6737e+00 -2.3404e+00 -3.0626e+00 +2.9467e+00 -1.5597e+00 -1.8607e+00 +1.5187e+00 -2.9739e+00 +1.2356e+00 -1.4669e+00
904 +2.199875464e+00 +2.199875464e+00 +7.846987546e+01 +7.846987546e+01 -6.1053e-01 -3.5423e+00 -1.2459e+00 +1.2049e+00 -1.8871e+00 -2.1113e+00 -4.9527e-01 +1.5238e+00 -1.4665e+00 +2.6788e+00 +2.7419e+00 -2.4507e+00 -2.8012e+00 +3.2676e+00 -1.5204e+00 -2.0596e+00 +1.2705e+00 -3.1132e+00 +9.2879e-01 -1.4652e+00
1471 +9.072806312e-01 +9.072806312e-01 +7.717728063e+01 +7.717728063e+01 -8.8046e-01 -3.3531e+00 -1.3298e+00 +9.9681e-01 -1.9877e+00 -2.3514e+00 -5.3501e-01 +1.4001e+00 -1.3180e+00 +2.9573e+00 +2.6062e+00 -2.4245e+00 -2.8595e+00 +3.4644e+00 -1.7917e+00 -1.8071e+00 +1.2428e+00 -3.2742e+00 +7.5801e-01 -1.8396e+00
1492 +5.637433374e-01 +5.637433374e-01 +7.683374334e+01 +7.683374334e+01 -1.0740e+00 -3.1895e+00 -1.3693e+00 +7.6880e-01 -2.0244e+00 -2.5066e+00 -5.9626e-01 +1.2916e+00 -1.1430e+00 +3.1186e+00 +2.4759e+00 -2.4075e+00 -2.8542e+00 +3.5497e+00 -2.0503e+00 -1.6078e+00 +1.2038e+00 -3.3577e+00 +5.9877e-01 -2.0997e+00
1534 +2.422191683e-01 +2.422191683e-01 +7.651221917e+01 +7.651221917e+01 -9.4761e-01 -3.2915e+00 -1.1550e+00 +5.0776e-01 -1.7751e+00 -2.3478e+00 -5.3021e-01 +1.2525e+00 -1.0902e+00 +2.8800e+00 +2.4750e+00 -2.4740e+00 -2.5596e+00 +3.3919e+00 -2.0854e+00 -1.7763e+00 +1.0545e+00 -3.2212e+00 +4.4958e-01 -1.8580e+00
1597 +1.449948991e-01 +1.449948991e-01 +7.641499490e+01 +7.641499490e+01 -1.0083e+00 -3.1284e+00 -1.2888e+00 +5.5592e-01 -1.8859e+00 -2.3882e+00 -7.1615e-01 +1.2561e+00 -9.3101e-01 +2.9157e+00 +2.3893e+00 -2.4148e+00 -2.6879e+00 +3.2967e+00 -2.2114e+00 -1.5946e+00 +1.1546e+00 -3.2036e+00 +5.2377e-01 -1.9835e+00
4306 +8.230710087e-02 +8.230710087e-02 +7.635230710e+01 +7.635230710e+01 -8.7200e-01 -3.1125e+00 -1.2815e+00 +6.1604e-01 -1.7272e+00 -2.2212e+00 -6.4997e-01 +1.3802e+00 -1.0098e+00 +2.7475e+00 +2.3598e+00 -2.2746e+00 -2.7238e+00 +3.2082e+00 -2.0569e+00 -1.6410e+00 +1.2872e+00 -3.1815e+00 +4.5517e-01 -2.0048e+00
4327 +4.813318471e-02 +4.813318471e-02 +7.631813318e+01 +7.631813318e+01 -8.7580e-01 -3.0994e+00 -1.2567e+00 +6.0216e-01 -1.7206e+00 -2.1982e+00 -6.2392e-01 +1.3644e+00 -1.0071e+00 +2.7553e+00 +2.3216e+00 -2.2761e+00 -2.7118e+00 +3.2397e+00 -2.0461e+00 -1.6281e+00 +1.3149e+00 -3.2009e+00 +4.5230e-01 -1.9815e+00
4348 +3.062231973e-02 +3.062231973e-02 +7.630062232e+01 +7.630062232e+01 -9.0212e-01 -3.1157e+00 -1.2419e+00 +5.8908e-01 -1.7246e+00 -2.1957e+00 -6.2552e-01 +1.3593e+00 -9.9781e-01 +2.7355e+00 +2.3154e+00 -2.2989e+00 -2.7024e+00 +3.2828e+00 -2.0529e+00 -1.6338e+00 +1.3340e+00 -3.1889e+00 +4.3185e-01 -1.9949e+00
4369 +2.039025961e-02 +2.039025961e-02 +7.629039026e+01 +7.629039026e+01 -9.3289e-01 -3.1461e+00 -1.2136e+00 +5.5016e-01 -1.7376e+00 -2.2104e+00 -6.2415e-01 +1.3360e+00 -9.7856e-01 +2.7302e+00 +2.2924e+00 -2.3398e+00 -2.6872e+00 +3.3417e+00 -2.0688e+00 -1.6543e+00 +1.3482e+00 -3.1981e+00 +4.1066e-01 -1.9967e+00
4432 +1.543653723e-02 +1.543653723e-02 +7.628543654e+01 +7.628543654e+01 -9.2054e-01 -3.1545e+00 -1.2367e+00 +5.6029e-01 -1.7439e+00 -2.2353e+00 -6.4478e-01 +1.3465e+00 -9.8187e-01 +2.7352e+00 +2.3228e+00 -2.3344e+00 -2.6995e+00 +3.3023e+00 -2.0777e+00 -1.6668e+00 +1.3159e+00 -3.1919e+00 +4.2088e-01 -2.0081e+00
10585 +8.808045036e-03 +8.808045036e-03 +7.627880805e+01 +7.627880805e+01 -9.2008e-01 -3.1582e+00 -1.2393e+00 +5.2315e-01 -1.7812e+00 -2.2447e+00 -6.5090e-01 +1.2675e+00 -9.9074e-01 +2.7539e+00 +2.3632e+00 -2.3648e+00 -2.6467e+00 +3.3050e+00 -2.0416e+00 -1.6316e+00 +1.2673e+00 -3.1866e+00 +4.3215e-01 -2.0496e+00
10606 +5.283077968e-03 +5.283077968e-03 +7.627528308e+01 +7.627528308e+01 -9.2770e-01 -3.1557e+00 -1.2471e+00 +5.3069e-01 -1.7779e+00 -2.2485e+00 -6.4870e-01 +1.2684e+00 -9.9359e-01 +2.7509e+00 +2.3599e+00 -2.3651e+00 -2.6533e+00 +3.3034e+00 -2.0503e+00 -1.6290e+00 +1.2594e+00 -3.1958e+00 +4.3547e-01 -2.0466e+00
10669 +3.877469492e-03 +3.877469492e-03 +7.627387747e+01 +7.627387747e+01 -9.3407e-01 -3.1553e+00 -1.2463e+00 +5.4173e-01 -1.7713e+00 -2.2426e+00 -6.5305e-01 +1.2681e+00 -9.9276e-01 +2.7527e+00 +2.3590e+00 -2.3612e+00 -2.6632e+00 +3.3052e+00 -2.0658e+00 -1.6283e+00 +1.2471e+00 -3.2012e+00 +4.4477e-01 -2.0486e+00
36772 +2.492618390e-03 +2.492618390e-03 +7.627249262e+01 +7.627249262e+01 -9.3422e-01 -3.1730e+00 -1.2343e+00 +5.4225e-01 -1.7509e+00 -2.2295e+00 -6.6371e-01 +1.2974e+00 -9.9593e-01 +2.7648e+00 +2.3507e+00 -2.3557e+00 -2.6595e+00 +3.3067e+00 -2.0740e+00 -1.6153e+00 +1.2680e+00 -3.2184e+00 +4.1453e-01 -2.0434e+00
36982 +1.583999552e-03 +1.583999552e-03 +7.627158400e+01 +7.627158400e+01 -9.3990e-01 -3.1668e+00 -1.2450e+00 +5.4514e-01 -1.7441e+00 -2.2313e+00 -6.5130e-01 +1.2860e+00 -9.9926e-01 +2.7612e+00 +2.3430e+00 -2.3602e+00 -2.6625e+00 +3.3127e+00 -2.0786e+00 -1.6310e+00 +1.2745e+00 -3.2050e+00 +4.0722e-01 -2.0474e+00
% function evaluation | noise-free fitness - Fopt (-2.255000000000e+01) | best noise-free fitness - Fopt | measured fitness | best measured fitness | x1 | x2...
1 +4.128598765e+06 +4.128598765e+06 +4.128576215e+06 +4.128576215e+06 +3.8727e+00 -3.6601e+00 +4.6268e+00 +4.8759e+00 -1.5868e+00 -3.8971e+00 -1.0892e+00 -2.4651e+00 -2.0893e+00 +2.3771e+00 -3.9726e+00 +6.6663e-01 +3.7613e+00 -3.1323e-01 -4.8927e+00 +2.4107e+00 +4.9010e-02 +4.8845e+00 -2.1342e+00 -2.7598e+00
22 +4.119265174e+05 +4.119265174e+05 +4.119039674e+05 +4.119039674e+05 +4.4963e+00 -4.0994e+00 +3.9741e+00 +5.8331e+00 -7.3182e-01 -3.0624e+00 -8.8081e-01 -3.2610e+00 -2.0622e+00 +2.2146e+00 -3.3923e+00 +2.1582e-01 +3.7399e+00 +6.8677e-01 -4.6391e+00 +2.7125e+00 -2.1711e-01 +4.7952e+00 -1.1702e+00 -2.5979e+00
43 +8.344420871e+04 +8.344420871e+04 +8.342165871e+04 +8.342165871e+04 +4.2864e+00 -3.9515e+00 +4.1938e+00 +5.5109e+00 -1.0196e+00 -3.3434e+00 -9.5097e-01 -2.9931e+00 -2.0713e+00 +2.2693e+00 -3.5877e+00 +3.6758e-01 +3.7471e+00 +3.5012e-01 -4.7245e+00 +2.6109e+00 -1.2751e-01 +4.8252e+00 -1.4947e+00 -2.6524e+00
64 +7.338281663e+02 +7.338281663e+02 +7.112781663e+02 +7.112781663e+02 +4.3501e+00 -3.9964e+00 +4.1271e+00 +5.6088e+00 -9.3219e-01 -3.2580e+00 -9.2965e-01 -3.0745e+00 -2.0685e+00 +2.2527e+00 -3.5283e+00 +3.2148e-01 +3.7449e+00 +4.5239e-01 -4.6986e+00 +2.6417e+00 -1.5473e-01 +4.8161e+00 -1.3961e+00 -2.6358e+00
85 +3.464498554e+02 +3.464498554e+02 +3.238998554e+02 +3.238998554e+02 +4.3540e+00 -3.9991e+00 +4.1231e+00 +5.6146e+00 -9.2693e-01 -3.2529e+00 -9.2837e-01 -3.0794e+00 -2.0683e+00 +2.2517e+00 -3.5248e+00 +3.1871e-01 +3.7448e+00 +4.5853e-01 -4.6970e+00 +2.6436e+00 -1.5636e-01 +4.8155e+00 -1.3902e+00 -2.6348e+00
442 +1.234090103e+02 +1.234090103e+02 +1.008590103e+02 +1.008590103e+02 +3.3631e+00 -1.7946e+00 +3.3716e+00 +2.3105e+00 +3.9416e-01 -2.3130e+00 -2.2428e-02 -3.5318e+00 -4.0895e-01 +1.8580e+00 -2.1976e+00 +6.2063e-01 +3.5171e+00 -1.1156e-01 -2.4893e+00 +1.2937e+00 +1.2799e+00 +1.7515e+00 -9.1463e-02 -6.2706e-01
463 +4.460844724e+01 +4.460844724e+01 +2.205844724e+01 +2.205844724e+01 +2.6576e+00 -2.2467e-01 +2.8361e+00 -4.2420e-02 +1.3354e+00 -1.6432e+00 +6.2288e-01 -3.8544e+00 +7.7292e-01 +1.5775e+00 -1.2521e+00 +8.3549e-01 +3.3550e+00 -5.1720e-01 -9.1675e-01 +3.3235e-01 +2.3027e+00 -4.3075e-01 +8.3391e-01 +8.0299e-01
484 +3.729023597e+01 +3.729023597e+01 +1.474023597e+01 +1.474023597e+01 +1.3147e+00 +2.7629e+00 +1.8177e+00 -4.5202e+00 +3.1258e+00 -3.6931e-01 +1.8506e+00 -4.4677e+00 +3.0218e+00 +1.0440e+00 +5.4661e-01 +1.2446e+00 +3.0465e+00 -1.2897e+00 +2.0753e+00 -1.4971e+00 +4.2491e+00 -4.5832e+00 +2.5941e+00 +3.5240e+00
505 +1.707270524e+01 +1.707270524e+01 -5.477294761e+00 -5.477294761e+00 +1.8773e+00 +1.5112e+00 +2.2443e+00 -2.6442e+00 +2.3758e+00 -9.0294e-01 +1.3363e+00 -4.2108e+00 +2.0796e+00 +1.2675e+00 -2.0691e-01 +1.0732e+00 +3.1757e+00 -9.6601e-01 +8.2179e-01 -7.3061e-01 +3.4336e+00 -2.8435e+00 +1.8567e+00 +2.3840e+00
547 +1.558599070e+01 +1.558599070e+01 -6.964009302e+00 -6.964009302e+00 +1.9664e+00 +1.3133e+00 +2.3117e+00 -2.3474e+00 +2.2573e+00 -9.8723e-01 +1.2550e+00 -4.1703e+00 +1.9307e+00 +1.3028e+00 -3.2599e-01 +1.0460e+00 +3.1961e+00 -9.1470e-01 +6.2359e-01 -6.0936e-01 +3.3046e+00 -2.5685e+00 +1.7402e+00 +2.2038e+00
904 +9.026627427e+00 +9.026627427e+00 -1.352337257e+01 -1.352337257e+01 +2.1135e+00 +1.8442e+00 +2.4552e+00 -2.2261e+00 +2.0345e+00 -1.1447e+00 +1.2266e+00 -4.2442e+00 +2.0032e+00 +6.7315e-01 -2.4374e-02 +9.3397e-01 +3.1918e+00 -6.9900e-01 +2.2370e-01 -2.0459e-01 +3.4157e+00 -2.8276e+00 +1.5700e+00 +2.1527e+00
967 +4.899287074e+00 +4.899287074e+00 -1.765071293e+01 -1.765071293e+01 +2.2670e+00 +2.5208e+00 +2.6090e+00 -2.1527e+00 +1.7988e+00 -1.3112e+00 +1.2125e+00 -4.3418e+00 +2.1247e+00 -8.2123e-02 +3.6191e-01 +8.0739e-01 +3.1817e+00 -4.5505e-01 -2.0332e-01 +2.4672e-01 +3.5781e+00 -3.2005e+00 +1.3962e+00 +2.1351e+00
1009 +3.875559812e+00 +3.875559812e+00 -1.867444019e+01 -1.867444019e+01 +2.3505e+00 +2.9350e+00 +2.6946e+00 -2.1324e+00 +1.6688e+00 -1.4030e+00 +1.2103e+00 -4.4022e+00 +2.2077e+00 -5.3002e-01 +5.9866e-01 +7.3496e-01 +3.1742e+00 -3.1538e-01 -4.3984e-01 +5.0337e-01 +3.6838e+00 -3.4415e+00 +1.3026e+00 +2.1386e+00
1408 +2.051870526e+00 +2.051870526e+00 -2.049812947e+01 -2.049812947e+01 +2.4658e+00 +2.9092e+00 +2.6434e+00 -2.1518e+00 +1.6084e+00 -1.3846e+00 +9.7793e-01 -4.2654e+00 +2.1681e+00 -5.8650e-01 +7.7389e-01 +6.5544e-01 +3.1530e+00 -2.6975e-01 -7.4360e-01 +8.3954e-01 +3.4881e+00 -3.4651e+00 +1.1593e+00 +1.9200e+00
1429 +1.482808481e+00 +1.482808481e+00 -2.106719152e+01 -2.106719152e+01 +2.4499e+00 +2.6662e+00 +2.5725e+00 -2.1860e+00 +1.6710e+00 -1.3201e+00 +9.0626e-01 -4.1862e+00 +2.1136e+00 -3.4229e-01 +6.9812e-01 +6.7340e-01 +3.1494e+00 -3.4010e-01 -6.9435e-01 +7.9298e-01 +3.3675e+00 -3.3447e+00 +1.1730e+00 +1.8548e+00
1492 +3.527608287e-01 +3.527608287e-01 -2.219723917e+01 -2.219723917e+01 +2.4823e+00 +2.5759e+00 +2.3491e+00 -2.5827e+00 +1.7969e+00 -1.1277e+00 +6.1274e-01 -3.9628e+00 +2.1666e+00 -1.7573e-01 +9.7294e-01 +6.2081e-01 +3.0947e+00 -4.1856e-01 -8.1140e-01 +1.0416e+00 +3.1190e+00 -3.5457e+00 +1.1327e+00 +1.6974e+00
1555 +2.052067673e-01 +2.052067673e-01 -2.234479323e+01 -2.234479323e+01 +2.4948e+00 +2.5620e+00 +2.2728e+00 -2.7259e+00 +1.8385e+00 -1.0622e+00 +5.1149e-01 -3.8874e+00 +2.1905e+00 -1.3339e-01 +1.0791e+00 +6.0046e-01 +3.0750e+00 -4.4219e-01 -8.5689e-01 +1.1351e+00 +3.0381e+00 -3.6290e+00 +1.1174e+00 +1.6457e+00
1597 +1.506841604e-01 +1.506841604e-01 -2.239931584e+01 -2.239931584e+01 +2.5019e+00 +2.6211e+00 +2.2718e+00 -2.7537e+00 +1.8330e+00 -1.0622e+00 +5.0440e-01 -3.8887e+00 +2.2107e+00 -1.8549e-01 +1.1255e+00 +5.9077e-01 +3.0709e+00 -4.3021e-01 -8.8091e-01 +1.1705e+00 +3.0488e+00 -3.6812e+00 +1.1101e+00 +1.6496e+00
7183 +5.128144906e-02 +5.128144906e-02 -2.249871855e+01 -2.249871855e+01 +2.5500e+00 +2.5108e+00 +2.5150e+00 -2.8521e+00 +1.8223e+00 -9.8411e-01 +4.8962e-01 -3.9485e+00 +2.3270e+00 -1.5416e-02 +1.2493e+00 +5.9404e-01 +3.0758e+00 -4.2726e-01 -1.0192e+00 +1.2227e+00 +3.0794e+00 -3.6028e+00 +1.1829e+00 +1.5837e+00
7204 +3.364543298e-02 +3.364543298e-02 -2.251635457e+01 -2.251635457e+01 +2.5352e+00 +2.5064e+00 +2.4979e+00 -2.8078e+00 +1.8595e+00 -1.0023e+00 +4.9310e-01 -3.9139e+00 +2.3520e+00 -3.8837e-02 +1.1914e+00 +5.9204e-01 +3.0566e+00 -4.0568e-01 -1.0299e+00 +1.1918e+00 +3.1188e+00 -3.5812e+00 +1.1837e+00 +1.5463e+00
14638 +1.417603748e-02 +1.417603748e-02 -2.253582396e+01 -2.253582396e+01 +2.5447e+00 +2.5814e+00 +2.5006e+00 -2.7141e+00 +1.8822e+00 -1.0367e+00 +4.9858e-01 -3.9539e+00 +2.3592e+00 -4.3986e-02 +1.1566e+00 +6.5706e-01 +2.9467e+00 -4.4173e-01 -1.0391e+00 +1.1295e+00 +3.1648e+00 -3.6586e+00 +1.1945e+00 +1.6315e+00
14869 +9.894509124e-03 +9.894509124e-03 -2.254010549e+01 -2.254010549e+01 +2.5415e+00 +2.5785e+00 +2.4956e+00 -2.7133e+00 +1.8605e+00 -1.0269e+00 +5.0348e-01 -3.9494e+00 +2.3606e+00 -4.4915e-02 +1.1620e+00 +6.6429e-01 +2.9341e+00 -4.3660e-01 -1.0276e+00 +1.1193e+00 +3.1530e+00 -3.6543e+00 +1.1982e+00 +1.6178e+00
148996 +5.334624026e-03 +5.334624026e-03 -2.254466538e+01 -2.254466538e+01 +2.5809e+00 +2.5762e+00 +2.5015e+00 -2.7308e+00 +1.8716e+00 -1.0318e+00 +5.0335e-01 -3.9369e+00 +2.3361e+00 -3.8166e-02 +1.1743e+00 +6.2143e-01 +2.9860e+00 -4.4348e-01 -1.0126e+00 +1.1327e+00 +3.1298e+00 -3.7104e+00 +1.1706e+00 +1.5595e+00
% function evaluation | noise-free fitness - Fopt (1.366000000000e+01) | best noise-free fitness - Fopt | measured fitness | best measured fitness | x1 | x2...
1 +5.913955321e+04 +5.913955321e+04 +5.915321321e+04 +5.915321321e+04 -9.2062e-01 +2.6702e+00 +4.8579e+00 -4.3644e+00 +7.3811e-01 +9.9105e-03 +1.4763e+00 +4.2182e+00 -1.0664e-01 +3.4447e+00 -3.6456e+00 -1.9338e+00 +4.6111e+00 -2.8938e+00 +3.3266e+00 +4.1874e+00 +4.0324e+00 +3.2299e-01 -4.8996e+00 -1.9650e+00
43 +3.483078950e+03 +3.483078950e+03 +3.496738950e+03 +3.496738950e+03 -9.2235e-01 +2.6319e+00 +4.9020e+00 -4.3531e+00 +7.0447e-01 +6.2128e-02 +1.4653e+00 +4.2699e+00 -1.2006e-01 +3.4036e+00 -3.6787e+00 -1.8899e+00 +4.6723e+00 -2.9152e+00 +3.2266e+00 +4.2233e+00 +4.0091e+00 +3.2725e-01 -4.8479e+00 -1.9106e+00
64 +3.569679240e+02 +3.569679240e+02 +3.706279240e+02 +3.706279240e+02 -9.2286e-01 +2.6207e+00 +4.9150e+00 -4.3498e+00 +6.9458e-01 +7.7478e-02 +1.4621e+00 +4.2851e+00 -1.2400e-01 +3.3915e+00 -3.6884e+00 -1.8770e+00 +4.6903e+00 -2.9215e+00 +3.1972e+00 +4.2339e+00 +4.0023e+00 +3.2850e-01 -4.8328e+00 -1.8946e+00
421 +1.853961355e+02 +1.853961355e+02 +1.990561355e+02 +1.990561355e+02 -7.0701e-01 +1.6868e+00 +4.0722e+00 -3.0959e+00 -2.1203e-01 -2.4504e-01 +2.1762e+00 +2.5745e+00 -2.6044e-01 +1.7585e+00 -3.2539e+00 -4.7112e-01 +2.4084e+00 -2.4129e+00 +3.0794e+00 +3.6306e+00 +2.0586e+00 -7.3435e-01 -3.0814e+00 -2.2169e+00
442 +4.234523676e+01 +4.234523676e+01 +5.600523676e+01 +5.600523676e+01 -2.9766e-01 -8.6768e-02 +2.4759e+00 -7.1663e-01 -1.9336e+00 -8.5402e-01 +3.5303e+00 -6.6758e-01 -5.1997e-01 -1.3416e+00 -2.4314e+00 +2.1981e+00 -1.9170e+00 -1.4493e+00 +2.8505e+00 +2.4880e+00 -1.6298e+00 -2.7503e+00 +2.4361e-01 -2.8252e+00
463 +3.727696109e+01 +3.727696109e+01 +5.093696109e+01 +5.093696109e+01 -2.0116e-01 -5.0476e-01 +2.0995e+00 -1.5583e-01 -2.3394e+00 -9.9764e-01 +3.8495e+00 -1.4319e+00 -5.8113e-01 -2.0722e+00 -2.2375e+00 +2.8272e+00 -2.9366e+00 -1.2221e+00 +2.7967e+00 +2.2187e+00 -2.4991e+00 -3.2255e+00 +1.0273e+00 -2.9687e+00
862 +2.291777061e+01 +2.291777061e+01 +3.657777061e+01 +3.657777061e+01 +5.4355e-02 +3.8630e-02 +1.9908e+00 +5.4893e-01 -2.3355e+00 -1.0640e+00 +4.2240e+00 -3.0722e+00 -5.9497e-02 -3.7259e+00 -2.1752e+00 +3.6650e+00 -3.9546e+00 -7.8224e-01 +2.2969e+00 +1.5045e+00 -4.2178e+00 -4.0501e+00 +1.0875e+00 -2.5577e+00
883 +1.371200674e+01 +1.371200674e+01 +2.737200674e+01 +2.737200674e+01 +6.0592e-03 +6.0655e-01 +2.3725e+00 +9.8641e-02 -1.8980e+00 -9.2355e-01 +3.9618e+00 -2.6061e+00 +1.1972e-01 -3.2993e+00 -2.3706e+00 +3.1703e+00 -3.0782e+00 -9.3122e-01 +2.2455e+00 +1.6393e+00 -3.6560e+00 -3.7179e+00 +2.5735e-01 -2.3135e+00
904 +4.302379194e+00 +4.302379194e+00 +1.796237919e+01 +1.796237919e+01 +4.6452e-02 +1.5541e+00 +2.8193e+00 -1.9735e-01 -1.3344e+00 -7.6971e-01 +3.7750e+00 -2.6648e+00 +5.5912e-01 -3.4143e+00 -2.5967e+00 +2.8706e+00 -2.3603e+00 -9.4629e-01 +1.9792e+00 +1.5262e+00 -3.6232e+00 -3.6217e+00 -7.8511e-01 -1.8350e+00
925 +3.661113924e+00 +3.661113924e+00 +1.732111392e+01 +1.732111392e+01 +1.9845e-01 +2.8508e+00 +3.2789e+00 -2.3836e-01 -6.9612e-01 -6.2349e-01 +3.7199e+00 -3.4140e+00 +1.2727e+00 -4.2326e+00 -2.8261e+00 +2.8808e+00 -1.9729e+00 -7.8022e-01 +1.4702e+00 +1.1011e+00 -4.3016e+00 -3.8563e+00 -1.9377e+00 -1.1232e+00
946 +1.844569631e+00 +1.844569631e+00 +1.550456963e+01 +1.550456963e+01 +1.5426e-01 +2.2670e+00 +3.0339e+00 -1.2866e-01 -1.0168e+00 -7.0545e-01 +3.7949e+00 -3.2444e+00 +9.7954e-01 -4.0299e+00 -2.7028e+00 +2.9815e+00 -2.2965e+00 -8.0820e-01 +1.6631e+00 +1.2247e+00 -4.1774e+00 -3.8425e+00 -1.3501e+00 -1.4294e+00
1387 +1.513832566e+00 +1.513832566e+00 +1.517383257e+01 +1.517383257e+01 +1.6196e-01 +2.1961e+00 +2.9944e+00 -1.2683e-01 -1.0784e+00 -6.9463e-01 +3.7677e+00 -3.1509e+00 +9.3334e-01 -3.9113e+00 -2.6788e+00 +2.9499e+00 -2.2721e+00 -8.0936e-01 +1.6709e+00 +1.2917e+00 -4.0254e+00 -3.7983e+00 -1.3477e+00 -1.4718e+00
1618 +5.906154667e-01 +5.906154667e-01 +1.425061547e+01 +1.425061547e+01 +3.0602e-01 +2.0765e+00 +2.7661e+00 +1.2698e-01 -1.3813e+00 -6.4462e-01 +3.7391e+00 -3.2459e+00 +9.0441e-01 -3.8749e+00 -2.5380e+00 +3.0643e+00 -2.4597e+00 -6.5063e-01 +1.5018e+00 +1.3926e+00 -3.8111e+00 -3.8518e+00 -1.3959e+00 -1.5169e+00
1639 +3.283650326e-01 +3.283650326e-01 +1.398836503e+01 +1.398836503e+01 +3.9142e-01 +2.0867e+00 +2.6703e+00 +2.6180e-01 -1.5061e+00 -6.1065e-01 +3.7229e+00 -3.3445e+00 +9.3052e-01 -3.9080e+00 -2.4760e+00 +3.1291e+00 -2.5423e+00 -5.5585e-01 +1.3827e+00 +1.4192e+00 -3.7431e+00 -3.8967e+00 -1.4839e+00 -1.5000e+00
1681 +2.328312834e-01 +2.328312834e-01 +1.389283128e+01 +1.389283128e+01 +4.8384e-01 +2.1292e+00 +2.5831e+00 +3.9549e-01 -1.6204e+00 -5.6920e-01 +3.6991e+00 -3.4511e+00 +9.7292e-01 -3.9465e+00 -2.4174e+00 +3.1878e+00 -2.6060e+00 -4.5537e-01 +1.2468e+00 +1.4442e+00 -3.6688e+00 -3.9410e+00 -1.6128e+00 -1.4660e+00
1702 +1.496721396e-01 +1.496721396e-01 +1.380967214e+01 +1.380967214e+01 +4.7488e-01 +2.1703e+00 +2.6161e+00 +3.5991e-01 -1.5799e+00 -5.6400e-01 +3.6871e+00 -3.4269e+00 +9.8699e-01 -3.9313e+00 -2.4354e+00 +3.1573e+00 -2.5507e+00 -4.7001e-01 +1.2502e+00 +1.4436e+00 -3.6551e+00 -3.9229e+00 -1.6577e+00 -1.4479e+00
1744 +7.603623315e-02 +7.603623315e-02 +1.373603623e+01 +1.373603623e+01 +4.6909e-01 +2.3237e+00 +2.7055e+00 +2.7823e-01 -1.4707e+00 -5.3709e-01 +3.6446e+00 -3.3852e+00 +1.0492e+00 -3.9038e+00 -2.4818e+00 +3.0762e+00 -2.3888e+00 -4.9143e-01 +1.2248e+00 +1.4412e+00 -3.6065e+00 -3.8798e+00 -1.8393e+00 -1.3750e+00
8317 +5.201847040e-02 +5.201847040e-02 +1.371201847e+01 +1.371201847e+01 +4.5408e-01 +2.1568e+00 +2.7040e+00 +3.6163e-01 -1.5106e+00 -5.0005e-01 +3.6095e+00 -3.5054e+00 +1.1493e+00 -3.9468e+00 -2.5058e+00 +3.0937e+00 -2.4601e+00 -2.9978e-01 +1.2550e+00 +1.5640e+00 -3.6490e+00 -3.8236e+00 -1.7671e+00 -1.4599e+00
13252 +2.952734597e-02 +2.952734597e-02 +1.368952735e+01 +1.368952735e+01 +4.8786e-01 +2.2543e+00 +2.6311e+00 +3.9741e-01 -1.4389e+00 -5.8002e-01 +3.6244e+00 -3.4535e+00 +1.0552e+00 -4.0285e+00 -2.5753e+00 +3.0685e+00 -2.3538e+00 -3.5265e-01 +1.2610e+00 +1.4231e+00 -3.5522e+00 -3.7791e+00 -1.7938e+00 -1.3435e+00
13273 +1.190121162e-02 +1.190121162e-02 +1.367190121e+01 +1.367190121e+01 +4.5064e-01 +2.2549e+00 +2.6427e+00 +3.6164e-01 -1.4568e+00 -5.8173e-01 +3.6521e+00 -3.4525e+00 +1.0818e+00 -4.0099e+00 -2.5596e+00 +3.0708e+00 -2.3741e+00 -3.5353e-01 +1.2367e+00 +1.4434e+00 -3.5974e+00 -3.8064e+00 -1.8103e+00 -1.3600e+00
13294 +9.236192693e-03 +9.236192693e-03 +1.366923619e+01 +1.366923619e+01 +4.4126e-01 +2.2517e+00 +2.6500e+00 +3.6068e-01 -1.4664e+00 -5.7911e-01 +3.6635e+00 -3.4463e+00 +1.0781e+00 -3.9879e+00 -2.5475e+00 +3.0721e+00 -2.3808e+00 -3.5093e-01 +1.2373e+00 +1.4516e+00 -3.6036e+00 -3.8074e+00 -1.8088e+00 -1.3578e+00
58465 +4.943421331e-03 +4.943421331e-03 +1.366494342e+01 +1.366494342e+01 +4.5902e-01 +2.2458e+00 +2.6733e+00 +3.5493e-01 -1.4910e+00 -5.3454e-01 +3.6611e+00 -3.4300e+00 +1.0853e+00 -3.9860e+00 -2.5815e+00 +3.0567e+00 -2.3704e+00 -3.2024e-01 +1.2931e+00 +1.5006e+00 -3.6267e+00 -3.8103e+00 -1.8179e+00 -1.3885e+00
58486 +3.933526919e-03 +3.933526919e-03 +1.366393353e+01 +1.366393353e+01 +4.5350e-01 +2.2358e+00 +2.6652e+00 +3.4526e-01 -1.4781e+00 -5.2962e-01 +3.6466e+00 -3.4276e+00 +1.0704e+00 -3.9807e+00 -2.5768e+00 +3.0585e+00 -2.3780e+00 -3.3153e-01 +1.2937e+00 +1.4954e+00 -3.6262e+00 -3.8076e+00 -1.8126e+00 -1.3839e+00
% function evaluation | noise-free fitness - Fopt (9.378400000000e+02) | best noise-free fitness - Fopt | measured fitness | best measured fitness | x1 | x2...
1 +1.325581265e+07 +1.325581265e+07 +1.325675049e+07 +1.325675049e+07 -2.6441e-01 -1.0089e+00 -8.3826e-01 +2.8141e+00 -1.9467e+00 +1.6770e+00 -2.8451e+00 -2.4763e+00 +4.6115e+00 -4.1398e+00 +2.6816e+00 -3.6466e+00 +3.7138e+00 +1.0511e+00 +1.4851e+00 -3.2414e+00 -9.5584e-01 +4.7758e+00 -3.8628e+00 +3.3261e+00
22 +3.746754404e+06 +3.746754404e+06 +3.747692244e+06 +3.747692244e+06 -1.2644e+00 -2.5886e-01 -5.4745e-01 +2.6580e+00 -1.3936e+00 +1.5874e+00 -2.9163e+00 -2.4968e+00 +4.5558e+00 -4.5686e+00 +2.1182e+00 -3.4529e+00 +3.6037e+00 +1.3788e+00 +1.9642e+00 -2.8653e+00 -1.0904e+00 +4.6979e+00 -3.6634e+00 +3.5055e+00
43 +8.298476884e+05 +8.298476884e+05 +8.307855284e+05 +8.307855284e+05 -1.7983e+00 +1.4158e-01 -3.9218e-01 +2.5746e+00 -1.0982e+00 +1.5396e+00 -2.9543e+00 -2.5077e+00 +4.5260e+00 -4.7976e+00 +1.8174e+00 -3.3495e+00 +3.5448e+00 +1.5537e+00 +2.2199e+00 -2.6646e+00 -1.1622e+00 +4.6563e+00 -3.5569e+00 +3.6013e+00
64 +3.953968915e+02 +3.953968915e+02 +1.333236891e+03 +1.333236891e+03 -2.3321e+00 +5.4201e-01 -2.3692e-01 +2.4913e+00 -8.0292e-01 +1.4917e+00 -2.9923e+00 -2.5186e+00 +4.4963e+00 -5.0265e+00 +1.5166e+00 -3.2461e+00 +3.4860e+00 +1.7286e+00 +2.4756e+00 -2.4638e+00 -1.2341e+00 +4.6146e+00 -3.4504e+00 +3.6971e+00
400 +2.368207374e+02 +2.368207374e+02 +1.174660737e+03 +1.174660737e+03 -1.7978e+00 +1.1654e+00 +6.2524e-01 +1.4813e+00 -8.1043e-01 +1.9686e+00 -2.6121e+00 -1.9231e+00 +4.1870e+00 -3.8015e+00 +1.3211e+00 -2.9495e+00 +2.4982e+00 +1.7269e+00 +1.9170e+00 -1.8995e+00 -7.3795e-01 +3.3250e+00 -3.1239e+00 +3.2439e+00
421 +7.690513103e+01 +7.690513103e+01 +1.014745131e+03 +1.014745131e+03 -4.4790e-01 +2.7656e+00 +2.8284e+00 -1.0970e+00 -8.2220e-01 +3.1838e+00 -1.6430e+00 -4.0449e-01 +3.3974e+00 -6.8217e-01 +8.1475e-01 -2.1903e+00 -2.2955e-02 +1.7271e+00 +4.9838e-01 -4.5494e-01 +5.2590e-01 +3.4122e-02 -2.2885e+00 +2.0904e+00
442 +2.606921994e+01 +2.606921994e+01 +9.639092199e+02 +9.639092199e+02 +8.7407e-01 +4.3305e+00 +4.9839e+00 -3.6196e+00 -8.3437e-01 +4.3730e+00 -6.9480e-01 +1.0815e+00 +2.6248e+00 +2.3705e+00 +3.1996e-01 -1.4476e+00 -2.4897e+00 +1.7268e+00 -8.9028e-01 +9.5808e-01 +1.7627e+00 -3.1858e+00 -1.4712e+00 +9.6139e-01
463 +2.417474189e+01 +2.417474189e+01 +9.620147419e+02 +9.620147419e+02 +6.5028e-01 +4.0646e+00 +4.6180e+00 -3.1915e+00 -8.3260e-01 +4.1713e+00 -8.5567e-01 +8.2935e-01 +2.7559e+00 +1.8527e+00 +4.0422e-01 -1.5737e+00 -2.0711e+00 +1.7267e+00 -6.5490e-01 +7.1811e-01 +1.5529e+00 -2.6394e+00 -1.6100e+00 +1.1529e+00
904 +1.229623514e+01 +1.229623514e+01 +9.501362351e+02 +9.501362351e+02 +3.6464e-01 +3.7258e+00 +4.2841e+00 -2.6238e+00 -9.5894e-01 +3.5532e+00 -9.0669e-01 +2.5671e+00 +2.2303e+00 +2.7505e+00 -9.2436e-01 -1.4295e+00 -3.6146e+00 +1.1363e+00 -1.5363e+00 +1.1874e+00 +2.1889e+00 -4.1661e+00 -1.3870e+00 +1.0125e+00
1009 +8.790056202e+00 +8.790056202e+00 +9.466300562e+02 +9.466300562e+02 -9.5931e-02 +3.1770e+00 +3.6447e+00 -1.7218e+00 -1.0678e+00 +2.8234e+00 -1.1042e+00 +3.8390e+00 +1.8980e+00 +3.0390e+00 -1.9995e+00 -1.4243e+00 -4.5588e+00 +6.2220e-01 -2.0796e+00 +1.3667e+00 +2.5427e+00 -4.9740e+00 -1.3253e+00 +1.0725e+00
1030 +5.322541857e+00 +5.322541857e+00 +9.431625419e+02 +9.431625419e+02 -1.3454e-01 +3.1308e+00 +3.5681e+00 -1.6498e+00 -1.0548e+00 +2.8243e+00 -1.1474e+00 +3.5905e+00 +1.9896e+00 +2.7945e+00 -1.8420e+00 -1.4765e+00 -4.2796e+00 +6.8083e-01 -1.9214e+00 +1.2480e+00 +2.4165e+00 -4.6582e+00 -1.3892e+00 +1.1439e+00
1051 +3.546332984e+00 +3.546332984e+00 +9.413863330e+02 +9.413863330e+02 -2.3873e-01 +3.0064e+00 +3.3808e+00 -1.4526e+00 -1.0382e+00 +2.7748e+00 -1.2416e+00 +3.2181e+00 +2.1365e+00 +2.3601e+00 -1.6249e+00 -1.5731e+00 -3.8272e+00 +7.5367e-01 -1.6654e+00 +1.0399e+00 +2.2068e+00 -4.1280e+00 -1.5035e+00 +1.2808e+00
4558 +1.973800671e+00 +1.973800671e+00 +9.398138007e+02 +9.398138007e+02 -4.2456e-01 +3.3819e+00 +3.7672e+00 -1.0881e+00 -1.1732e+00 +3.3531e+00 -1.1853e+00 +2.5539e+00 +2.0941e+00 +2.5669e+00 -1.5671e+00 -1.5975e+00 -4.4978e+00 +1.0222e+00 -2.1518e+00 +4.0085e-01 +1.9989e+00 -4.3947e+00 -1.4167e+00 +1.0814e+00
4579 +1.444458602e+00 +1.444458602e+00 +9.392844586e+02 +9.392844586e+02 -4.1168e-01 +3.5239e+00 +3.7746e+00 -1.0360e+00 -9.6348e-01 +3.3175e+00 -1.4433e+00 +2.7799e+00 +2.3172e+00 +2.6613e+00 -1.5880e+00 -1.4431e+00 -4.3774e+00 +9.2288e-01 -2.2016e+00 +9.0384e-02 +1.8606e+00 -4.0531e+00 -1.5271e+00 +1.1201e+00
5083 +9.889527454e-01 +9.889527454e-01 +9.388289527e+02 +9.388289527e+02 -6.0669e-01 +3.4800e+00 +3.8710e+00 -1.2288e+00 -1.2648e+00 +3.2627e+00 -1.4688e+00 +2.5513e+00 +1.8793e+00 +2.6031e+00 -1.4886e+00 -1.3364e+00 -4.1119e+00 +6.7932e-01 -2.0977e+00 +5.6906e-02 +1.8855e+00 -3.9420e+00 -1.1917e+00 +7.7434e-01
5146 +5.676469497e-01 +5.676469497e-01 +9.384076469e+02 +9.384076469e+02 -4.9054e-01 +3.5778e+00 +3.8796e+00 -1.2197e+00 -1.1076e+00 +3.2778e+00 -1.5959e+00 +2.7832e+00 +2.1256e+00 +2.6868e+00 -1.6206e+00 -1.3315e+00 -4.0368e+00 +6.4370e-01 -2.0601e+00 -8.4816e-02 +1.7233e+00 -3.8022e+00 -1.4176e+00 +8.6157e-01
5188 +3.933951314e-01 +3.933951314e-01 +9.382333951e+02 +9.382333951e+02 -4.2783e-01 +3.5882e+00 +3.9273e+00 -1.3279e+00 -1.1771e+00 +3.3000e+00 -1.5921e+00 +2.8336e+00 +2.1074e+00 +2.7063e+00 -1.7400e+00 -1.3900e+00 -3.9082e+00 +5.6242e-01 -1.9292e+00 -6.6329e-02 +1.6157e+00 -3.8121e+00 -1.4972e+00 +8.0205e-01
5230 +2.430891842e-01 +2.430891842e-01 +9.380830892e+02 +9.380830892e+02 -4.0740e-01 +3.5378e+00 +3.9559e+00 -1.4178e+00 -1.3108e+00 +3.3233e+00 -1.4933e+00 +2.7644e+00 +1.9905e+00 +2.6784e+00 -1.7937e+00 -1.4760e+00 -3.8687e+00 +5.4250e-01 -1.8319e+00 +6.0277e-02 +1.6094e+00 -3.9419e+00 -1.4828e+00 +7.3671e-01
5272 +9.086654468e-02 +9.086654468e-02 +9.379308665e+02 +9.379308665e+02 -3.3369e-01 +3.5210e+00 +3.9597e+00 -1.4475e+00 -1.3314e+00 +3.3553e+00 -1.4279e+00 +2.7905e+00 +2.0245e+00 +2.6805e+00 -1.8759e+00 -1.5657e+00 -3.8818e+00 +5.7225e-01 -1.7711e+00 +1.4714e-01 +1.5759e+00 -4.0477e+00 -1.5739e+00 +7.6947e-01
5356 +6.143989131e-02 +6.143989131e-02 +9.379014399e+02 +9.379014399e+02 -3.4691e-01 +3.5474e+00 +3.9588e+00 -1.4301e+00 -1.2906e+00 +3.3428e+00 -1.4829e+00 +2.8219e+00 +2.0561e+00 +2.6952e+00 -1.8607e+00 -1.5218e+00 -3.8634e+00 +5.5279e-01 -1.7946e+00 +7.8987e-02 +1.5623e+00 -3.9712e+00 -1.5732e+00 +7.7179e-01
6532 +2.049617794e-02 +2.049617794e-02 +9.378604962e+02 +9.378604962e+02 -3.6369e-01 +3.5463e+00 +3.9639e+00 -1.3858e+00 -1.3193e+00 +3.2974e+00 -1.5270e+00 +2.7792e+00 +2.0110e+00 +2.6634e+00 -1.8613e+00 -1.5243e+00 -3.8486e+00 +5.1886e-01 -1.8176e+00 +1.3297e-01 +1.5704e+00 -3.9185e+00 -1.5851e+00 +7.2771e-01
6574 +1.314129363e-02 +1.314129363e-02 +9.378531413e+02 +9.378531413e+02 -3.5832e-01 +3.5494e+00 +3.9667e+00 -1.3566e+00 -1.3279e+00 +3.2726e+00 -1.5551e+00 +2.7690e+00 +2.0039e+00 +2.6478e+00 -1.8785e+00 -1.5366e+00 -3.8404e+00 +5.0158e-01 -1.8260e+00 +1.7075e-01 +1.5636e+00 -3.8896e+00 -1.6186e+00 +7.1178e-01
6595 +9.283400935e-03 +9.283400935e-03 +9.378492834e+02 +9.378492834e+02 -3.4900e-01 +3.5500e+00 +3.9643e+00 -1.3520e+00 -1.3206e+00 +3.2752e+00 -1.5519e+00 +2.7766e+00 +2.0179e+00 +2.6492e+00 -1.8858e+00 -1.5443e+00 -3.8483e+00 +5.0945e-01 -1.8261e+00 +1.7679e-01 +1.5610e+00 -3.8973e+00 -1.6335e+00 +7.2276e-01
38935 +5.385136398e-03 +5.385136398e-03 +9.378453851e+02 +9.378453851e+02 -3.0080e-01 +3.5545e+00 +3.9759e+00 -1.3622e+00 -1.2977e+00 +3.3055e+00 -1.5982e+00 +2.7744e+00 +2.0396e+00 +2.6910e+00 -1.8644e+00 -1.5603e+00 -3.8513e+00 +5.4319e-01 -1.7756e+00 +2.1166e-01 +1.5493e+00 -3.9028e+00 -1.5982e+00 +7.4003e-01
70813 +2.374549069e-03 +2.374549069e-03 +9.378423745e+02 +9.378423745e+02 -2.8528e-01 +3.5740e+00 +3.9870e+00 -1.3549e+00 -1.2953e+00 +3.2755e+00 -1.5931e+00 +2.7668e+00 +2.0212e+00 +2.6679e+00 -1.8819e+00 -1.5612e+00 -3.8542e+00 +5.3551e-01 -1.8261e+00 +2.2549e-01 +1.5385e+00 -3.8852e+00 -1.6221e+00 +7.4147e-01
% function evaluation | noise-free fitness - Fopt (-7.872000000000e+01) | best noise-free fitness - Fopt | measured fitness | best measured fitness | x1 | x2...
1 +6.998021758e+06 +6.998021758e+06 +6.997943038e+06 +6.997943038e+06 -9.1024e-01 -4.9394e+00 -4.8012e-01 +2.3568e+00 -4.7255e+00 -4.9235e+00 -1.7086e+00 -7.6173e-01 -4.0501e+00 -3.4093e+00 +2.2529e+00 -4.0294e+00 +1.7296e+00 -1.6738e-01 -4.8623e+00 +1.6269e+00 +4.9555e+00 +1.6145e+00 +3.8777e+00 +2.8143e+00
22 +3.473109249e+04 +3.473109249e+04 +3.465237249e+04 +3.465237249e+04 -6.6443e-01 -4.4337e+00 -1.0300e+00 +2.8457e+00 -4.7108e+00 -5.3616e+00 -1.4226e+00 -1.2201e+00 -5.0501e+00 -2.7912e+00 +1.3598e+00 -4.2371e+00 +2.3510e+00 -1.0464e+00 -4.7464e+00 +1.2795e+00 +4.2627e+00 +1.8046e+00 +4.0503e+00 +2.6648e+00
43 +5.594278378e+03 +5.594278378e+03 +5.515558378e+03 +5.515558378e+03 -6.3660e-01 -4.3764e+00 -1.0923e+00 +2.9010e+00 -4.7092e+00 -5.4112e+00 -1.3902e+00 -1.2720e+00 -5.1633e+00 -2.7213e+00 +1.2587e+00 -4.2605e+00 +2.4214e+00 -1.1459e+00 -4.7333e+00 +1.2402e+00 +4.1843e+00 +1.8262e+00 +4.0698e+00 +2.6479e+00
64 +4.787997525e+02 +4.787997525e+02 +4.000797525e+02 +4.000797525e+02 -6.4367e-01 -4.3910e+00 -1.0765e+00 +2.8870e+00 -4.7096e+00 -5.3986e+00 -1.3984e+00 -1.2588e+00 -5.1345e+00 -2.7391e+00 +1.2844e+00 -4.2546e+00 +2.4034e+00 -1.1206e+00 -4.7366e+00 +1.2502e+00 +4.2043e+00 +1.8207e+00 +4.0649e+00 +2.6522e+00
85 +3.403516794e+02 +3.403516794e+02 +2.616316794e+02 +2.616316794e+02 -6.4567e-01 -4.3951e+00 -1.0720e+00 +2.8830e+00 -4.7097e+00 -5.3950e+00 -1.4007e+00 -1.2551e+00 -5.1263e+00 -2.7441e+00 +1.2917e+00 -4.2529e+00 +2.3984e+00 -1.1134e+00 -4.7376e+00 +1.2530e+00 +4.2099e+00 +1.8191e+00 +4.0635e+00 +2.6534e+00
442 +1.148095116e+02 +1.148095116e+02 +3.608951156e+01 +3.608951156e+01 +9.7218e-01 -3.0353e+00 -1.2711e+00 +1.0749e+00 -2.8792e+00 -4.8331e+00 -8.1641e-02 +2.3075e-02 -8.9309e-01 -2.3421e+00 -5.3463e-01 -1.1175e+00 +6.6868e-01 -2.1637e+00 -3.4029e+00 -1.1660e+00 +1.1990e+00 +1.9996e+00 +3.7196e+00 +1.0464e+00
463 +7.915916211e+01 +7.915916211e+01 +4.391621142e-01 +4.391621142e-01 +4.3473e+00 -2.0133e-01 -1.6818e+00 -2.7039e+00 +9.4187e-01 -3.6563e+00 +2.6694e+00 +2.6954e+00 +7.9531e+00 -1.5086e+00 -4.3390e+00 +5.4295e+00 -2.9478e+00 -4.3483e+00 -6.1781e-01 -6.2125e+00 -5.0800e+00 +2.3747e+00 +3.0003e+00 -2.3069e+00
484 +1.511254785e+01 +1.511254785e+01 -6.360745215e+01 -6.360745215e+01 +3.0369e+00 -1.3017e+00 -1.5221e+00 -1.2371e+00 -5.4151e-01 -4.1130e+00 +1.6013e+00 +1.6582e+00 +4.5194e+00 -1.8325e+00 -2.8617e+00 +2.8880e+00 -1.5441e+00 -3.4998e+00 -1.6991e+00 -4.2532e+00 -2.6422e+00 +2.2290e+00 +3.2795e+00 -1.0050e+00
1093 +9.967979508e+00 +9.967979508e+00 -6.875202049e+01 -6.875202049e+01 +2.7700e+00 -1.5451e+00 -1.5185e+00 -8.6351e-01 -8.9479e-01 -4.1717e+00 +1.3849e+00 +1.4509e+00 +3.7698e+00 -1.9033e+00 -2.5625e+00 +2.3629e+00 -1.1899e+00 -3.2346e+00 -1.9250e+00 -3.7856e+00 -2.1266e+00 +2.1961e+00 +3.3300e+00 -7.3589e-01
1219 +6.248116120e+00 +6.248116120e+00 -7.247188388e+01 -7.247188388e+01 +2.9555e+00 -1.5114e+00 -1.7287e+00 -5.8723e-01 -1.0144e+00 -3.8883e+00 +1.5439e+00 +1.6208e+00 +3.9273e+00 -1.8864e+00 -2.7849e+00 +2.6730e+00 -9.4654e-01 -2.7633e+00 -1.8087e+00 -3.6224e+00 -2.3507e+00 +2.1963e+00 +3.2504e+00 -8.9446e-01
1261 +3.374564114e+00 +3.374564114e+00 -7.534543589e+01 -7.534543589e+01 +3.3685e+00 -1.3795e+00 -2.1090e+00 -1.9817e-01 -1.1268e+00 -3.3591e+00 +1.8944e+00 +1.9886e+00 +4.4320e+00 -1.8356e+00 -3.2737e+00 +3.3870e+00 -6.1127e-01 -1.9896e+00 -1.5325e+00 -3.4645e+00 -2.9061e+00 +2.2061e+00 +3.0917e+00 -1.2596e+00
1303 +2.164563368e+00 +2.164563368e+00 -7.655543663e+01 -7.655543663e+01 +3.3606e+00 -1.4700e+00 -2.2367e+00 +1.4260e-01 -1.3618e+00 -3.2116e+00 +1.8933e+00 +1.9983e+00 +4.1862e+00 -1.8576e+00 -3.2737e+00 +3.3377e+00 -2.9961e-01 -1.5784e+00 -1.5643e+00 -3.1504e+00 -2.8084e+00 +2.1911e+00 +3.0658e+00 -1.2341e+00
2080 +1.565251567e+00 +1.565251567e+00 -7.715474843e+01 -7.715474843e+01 +3.2387e+00 -1.5797e+00 -2.1875e+00 +3.1667e-01 -1.5224e+00 -3.3057e+00 +1.8167e+00 +1.9972e+00 +3.8052e+00 -1.8721e+00 -3.1307e+00 +3.0135e+00 -2.1309e-01 -1.5401e+00 -1.6968e+00 -2.8928e+00 -2.5317e+00 +2.1645e+00 +3.0542e+00 -1.1043e+00
2164 +6.641853174e-01 +6.641853174e-01 -7.805581468e+01 -7.805581468e+01 +3.2829e+00 -1.5811e+00 -2.0960e+00 +4.5052e-01 -1.5868e+00 -3.4435e+00 +1.9312e+00 +2.3609e+00 +3.6704e+00 -1.8102e+00 -3.1618e+00 +2.7915e+00 -3.6150e-01 -1.6421e+00 -1.7744e+00 -2.6512e+00 -2.4286e+00 +2.1221e+00 +2.9119e+00 -1.1153e+00
2185 +5.317715038e-01 +5.317715038e-01 -7.818822850e+01 -7.818822850e+01 +3.2264e+00 -1.5778e+00 -1.9512e+00 +3.2539e-01 -1.5183e+00 -3.6398e+00 +1.9115e+00 +2.4310e+00 +3.6013e+00 -1.7888e+00 -3.0840e+00 +2.5895e+00 -5.7699e-01 -1.9512e+00 -1.8454e+00 -2.6840e+00 -2.3169e+00 +2.1085e+00 +2.8941e+00 -1.0602e+00
2206 +3.434964027e-01 +3.434964027e-01 -7.837650360e+01 -7.837650360e+01 +3.2787e+00 -1.5630e+00 -1.9883e+00 +3.8490e-01 -1.5386e+00 -3.5891e+00 +1.9627e+00 +2.5066e+00 +3.6470e+00 -1.7775e+00 -3.1440e+00 +2.6532e+00 -5.4907e-01 -1.8671e+00 -1.8202e+00 -2.6421e+00 -2.3722e+00 +2.1057e+00 +2.8626e+00 -1.1039e+00
2227 +1.894354138e-01 +1.894354138e-01 -7.853056459e+01 -7.853056459e+01 +3.3830e+00 -1.5225e+00 -1.9865e+00 +4.7176e-01 -1.5534e+00 -3.5921e+00 +2.0931e+00 +2.7771e+00 +3.7116e+00 -1.7294e+00 -3.2537e+00 +2.6738e+00 -6.2429e-01 -1.8513e+00 -1.8053e+00 -2.5342e+00 -2.4376e+00 +2.0866e+00 +2.7580e+00 -1.1838e+00
2248 +1.335126332e-01 +1.335126332e-01 -7.858648737e+01 -7.858648737e+01 +3.3913e+00 -1.5109e+00 -1.9914e+00 +4.4192e-01 -1.5308e+00 -3.5819e+00 +2.0942e+00 +2.7601e+00 +3.7561e+00 -1.7305e+00 -3.2641e+00 +2.7123e+00 -6.3298e-01 -1.8608e+00 -1.7899e+00 -2.5752e+00 -2.4679e+00 +2.0912e+00 +2.7662e+00 -1.1947e+00
2290 +7.316737320e-02 +7.316737320e-02 -7.864683263e+01 -7.864683263e+01 +3.4132e+00 -1.4801e+00 -2.0043e+00 +3.6264e-01 -1.4706e+00 -3.5547e+00 +2.0970e+00 +2.7148e+00 +3.8742e+00 -1.7333e+00 -3.2916e+00 +2.8146e+00 -6.5607e-01 -1.8860e+00 -1.7489e+00 -2.6842e+00 -2.5485e+00 +2.1033e+00 +2.7882e+00 -1.2238e+00
10249 +4.682207751e-02 +4.682207751e-02 -7.867317792e+01 -7.867317792e+01 +3.4036e+00 -1.3725e+00 -2.0788e+00 +2.4161e-01 -1.4815e+00 -3.5902e+00 +2.1768e+00 +2.6757e+00 +3.8795e+00 -1.6260e+00 -3.2687e+00 +2.7207e+00 -7.9025e-01 -1.9093e+00 -1.7380e+00 -2.5779e+00 -2.4947e+00 +1.9886e+00 +2.7722e+00 -1.2968e+00
10270 +8.221821718e-03 +8.221821718e-03 -7.871177818e+01 -7.871177818e+01 +3.4031e+00 -1.4200e+00 -2.0902e+00 +2.8841e-01 -1.5056e+00 -3.5792e+00 +2.1723e+00 +2.6570e+00 +3.9040e+00 -1.6530e+00 -3.2478e+00 +2.7761e+00 -7.2857e-01 -1.9620e+00 -1.7299e+00 -2.5897e+00 -2.4509e+00 +1.9814e+00 +2.7921e+00 -1.3126e+00
10291 +5.764802237e-03 +5.764802237e-03 -7.871423520e+01 -7.871423520e+01 +3.4091e+00 -1.4259e+00 -2.0911e+00 +2.8532e-01 -1.5033e+00 -3.5804e+00 +2.1778e+00 +2.6702e+00 +3.9074e+00 -1.6493e+00 -3.2482e+00 +2.7677e+00 -7.3478e-01 -1.9602e+00 -1.7274e+00 -2.5967e+00 -2.4598e+00 +1.9812e+00 +2.8040e+00 -1.3139e+00
80620 +3.977611251e-03 +3.977611251e-03 -7.871602239e+01 -7.871602239e+01 +3.4062e+00 -1.4443e+00 -2.0499e+00 +2.8428e-01 -1.5229e+00 -3.5653e+00 +2.1471e+00 +2.6673e+00 +3.8731e+00 -1.6550e+00 -3.2461e+00 +2.7550e+00 -7.3327e-01 -1.9616e+00 -1.6888e+00 -2.6405e+00 -2.4594e+00 +1.9731e+00 +2.8168e+00 -1.2708e+00
% function evaluation | noise-free fitness - Fopt (7.627000000000e+01) | best noise-free fitness - Fopt | measured fitness | best measured fitness | x1 | x2...
1 +3.757944222e+05 +3.757944222e+05 +3.758706922e+05 +3.758706922e+05 -2.4253e+00 +2.3313e+00 -2.7301e-01 -8.8128e-01 +3.0070e+00 +4.4886e+00 -3.3635e+00 -7.5236e-01 +2.7229e+00 -1.6495e+00 -5.4586e-01 -4.7572e-01 -9.4841e-01 +5.7223e-01 +2.0183e+00 +3.2634e+00 +1.3159e+00 -5.0802e-01 -1.0690e+00 +1.6289e+00
43 +3.731142351e+04 +3.731142351e+04 +3.738769351e+04 +3.738769351e+04 -2.3723e+00 +2.1157e+00 -7.6298e-01 -1.0397e+00 +3.0184e+00 +4.5940e+00 -3.3673e+00 -7.6788e-01 +2.8776e+00 -1.6685e+00 -4.1377e-01 -6.3095e-02 -7.0013e-01 +8.4836e-01 +1.9104e+00 +3.2192e+00 +1.3856e+00 -5.7477e-01 -9.2396e-01 +1.7546e+00
64 +3.224025747e+03 +3.224025747e+03 +3.300295747e+03 +3.300295747e+03 -2.3875e+00 +2.1774e+00 -6.2273e-01 -9.9438e-01 +3.0151e+00 +4.5638e+00 -3.3662e+00 -7.6344e-01 +2.8333e+00 -1.6631e+00 -4.5158e-01 -1.8121e-01 -7.7120e-01 +7.6932e-01 +1.9413e+00 +3.2319e+00 +1.3657e+00 -5.5566e-01 -9.6548e-01 +1.7186e+00
85 +6.637790550e+02 +6.637790550e+02 +7.400490550e+02 +7.400490550e+02 -2.3854e+00 +2.1688e+00 -6.4236e-01 -1.0007e+00 +3.0156e+00 +4.5681e+00 -3.3663e+00 -7.6406e-01 +2.8395e+00 -1.6638e+00 -4.4629e-01 -1.6468e-01 -7.6125e-01 +7.8039e-01 +1.9369e+00 +3.2301e+00 +1.3685e+00 -5.5834e-01 -9.5966e-01 +1.7236e+00
127 +2.732940750e+02 +2.732940750e+02 +3.495640750e+02 +3.495640750e+02 -2.3845e+00 +2.1653e+00 -6.5028e-01 -1.0033e+00 +3.0158e+00 +4.5698e+00 -3.3664e+00 -7.6431e-01 +2.8420e+00 -1.6641e+00 -4.4415e-01 -1.5801e-01 -7.5724e-01 +7.8485e-01 +1.9352e+00 +3.2294e+00 +1.3696e+00 -5.5942e-01 -9.5731e-01 +1.7256e+00
148 +2.356605788e+02 +2.356605788e+02 +3.119305788e+02 +3.119305788e+02 -2.3842e+00 +2.1642e+00 -6.5279e-01 -1.0041e+00 +3.0158e+00 +4.5703e+00 -3.3664e+00 -7.6439e-01 +2.8428e+00 -1.6642e+00 -4.4348e-01 -1.5591e-01 -7.5598e-01 +7.8627e-01 +1.9346e+00 +3.2291e+00 +1.3700e+00 -5.5976e-01 -9.5657e-01 +1.7263e+00
505 +1.540577534e+02 +1.540577534e+02 +2.303277534e+02 +2.303277534e+02 -1.9652e+00 +8.4686e-01 -8.6223e-01 -6.7364e-01 +2.2020e+00 +3.1022e+00 -2.9173e+00 -7.2969e-01 +2.0894e+00 -1.3499e+00 -3.5961e-01 -6.8638e-01 -1.3269e+00 +1.3604e+00 +1.1430e+00 +2.3080e+00 +1.3624e+00 -9.5145e-01 -2.1813e-01 +6.6993e-01
547 +7.186900640e+01 +7.186900640e+01 +1.481390064e+02 +1.481390064e+02 -2.1792e-01 -4.6450e+00 -1.7249e+00 +7.0892e-01 -1.1941e+00 -3.0262e+00 -1.0432e+00 -5.8452e-01 -1.0578e+00 -3.8076e-02 -1.2640e-02 -2.9094e+00 -3.7150e+00 +3.7498e+00 -2.1576e+00 -1.5349e+00 +1.3292e+00 -2.5844e+00 +2.8599e+00 -3.7409e+00
568 +4.630596297e+01 +4.630596297e+01 +1.225759630e+02 +1.225759630e+02 -6.6879e-01 -3.2280e+00 -1.5029e+00 +3.5194e-01 -3.1762e-01 -1.4445e+00 -1.5268e+00 -6.2200e-01 -2.4541e-01 -3.7665e-01 -1.0203e-01 -2.3353e+00 -3.0984e+00 +3.1334e+00 -1.3059e+00 -5.4324e-01 +1.3378e+00 -2.1630e+00 +2.0657e+00 -2.6024e+00
610 +3.954607975e+01 +3.954607975e+01 +1.158160797e+02 +1.158160797e+02 -8.7944e-01 -2.5659e+00 -1.3994e+00 +1.8502e-01 +9.1930e-02 -7.0536e-01 -1.7528e+00 -6.3953e-01 +1.3430e-01 -5.3487e-01 -1.4371e-01 -2.0667e+00 -2.8101e+00 +2.8456e+00 -9.0800e-01 -7.9877e-02 +1.3419e+00 -1.9662e+00 +1.6947e+00 -2.0704e+00
1114 +2.435031527e+01 +2.435031527e+01 +1.006203153e+02 +1.006203153e+02 -3.5938e-01 -4.1201e+00 -1.6302e+00 +5.7018e-01 -1.0416e+00 -2.5343e+00 -1.1488e+00 -3.5580e-01 -8.3027e-01 +1.3141e-01 +1.9568e-01 -2.7112e+00 -3.4575e+00 +3.5383e+00 -1.9297e+00 -1.3179e+00 +1.2945e+00 -2.5143e+00 +2.4275e+00 -3.2838e+00
1156 +1.377536507e+01 +1.377536507e+01 +9.004536507e+01 +9.004536507e+01 -5.2725e-01 -3.3549e+00 -1.4648e+00 +3.6223e-01 -1.0784e+00 -1.9639e+00 -1.1918e+00 +3.3958e-01 -6.1315e-01 +8.1930e-01 +8.5690e-01 -2.4535e+00 -3.0452e+00 +3.2518e+00 -1.7284e+00 -1.2276e+00 +1.1861e+00 -2.5404e+00 +1.5907e+00 -2.5701e+00
1177 +7.757245556e+00 +7.757245556e+00 +8.402724556e+01 +8.402724556e+01 -4.3755e-01 -3.5395e+00 -1.4748e+00 +4.0268e-01 -1.4015e+00 -2.2863e+00 -1.0395e+00 +6.3733e-01 -8.0987e-01 +1.2198e+00 +1.1588e+00 -2.5500e+00 -3.0934e+00 +3.3509e+00 -1.9452e+00 -1.5391e+00 +1.1387e+00 -2.6990e+00 +1.5273e+00 -2.6782e+00
1219 +5.603697469e+00 +5.603697469e+00 +8.187369747e+01 +8.187369747e+01 -2.3887e-01 -3.8789e+00 -1.4728e+00 +4.7029e-01 -2.2233e+00 -3.0057e+00 -6.6189e-01 +1.5044e+00 -1.2705e+00 +2.3450e+00 +2.0308e+00 -2.7509e+00 -3.1465e+00 +3.5537e+00 -2.4593e+00 -2.3106e+00 +1.0009e+00 -3.1040e+00 +1.2284e+00 -2.8327e+00
1240 +1.875151440e+00 +1.875151440e+00 +7.814515144e+01 +7.814515144e+01 -4.1201e-01 -3.3287e+00 -1.3851e+00 +3.3147e-01 -1.8961e+00 -2.3991e+00 -8.4408e-01 +1.5081e+00 -9.6096e-01 +2.2357e+00 +2.0140e+00 -2.5297e+00 -2.9053e+00 +3.3155e+00 -2.1352e+00 -1.9369e+00 +1.0014e+00 -2.9468e+00 +9.0965e-01 -2.3884e+00
1261 +1.371942258e+00 +1.371942258e+00 +7.764194226e+01 +7.764194226e+01 -4.6736e-01 -3.1227e+00 -1.3465e+00 +2.7762e-01 -1.8375e+00 -2.2075e+00 -8.8497e-01 +1.5990e+00 -8.7282e-01 +2.3038e+00 +2.0965e+00 -2.4535e+00 -2.8052e+00 +3.2320e+00 -2.0463e+00 -1.8528e+00 +9.8737e-01 -2.9197e+00 +7.3927e-01 -2.2097e+00
1387 +9.891137079e-01 +9.891137079e-01 +7.725911371e+01 +7.725911371e+01 -4.7838e-01 -3.0507e+00 -1.3282e+00 +2.5700e-01 -1.8733e+00 -2.1717e+00 -8.7517e-01 +1.7100e+00 -8.6636e-01 +2.4239e+00 +2.2039e+00 -2.4324e+00 -2.7612e+00 +3.2081e+00 -2.0437e+00 -1.8725e+00 +9.7001e-01 -2.9383e+00 +6.3452e-01 -2.1361e+00
8842 +3.379566998e-01 +3.379566998e-01 +7.660795670e+01 +7.660795670e+01 -7.6547e-01 -3.1785e+00 -1.3065e+00 +4.7806e-01 -1.6018e+00 -2.1652e+00 -7.1010e-01 +1.2019e+00 -1.0903e+00 +2.9702e+00 +2.4051e+00 -2.3666e+00 -2.7681e+00 +3.2701e+00 -2.0291e+00 -1.3643e+00 +1.1759e+00 -3.0077e+00 +5.6468e-01 -2.0276e+00
8863 +2.217389016e-01 +2.217389016e-01 +7.649173890e+01 +7.649173890e+01 -7.9184e-01 -3.1769e+00 -1.3167e+00 +4.7292e-01 -1.6265e+00 -2.2868e+00 -7.3875e-01 +1.2599e+00 -1.0630e+00 +2.9636e+00 +2.4199e+00 -2.3991e+00 -2.7568e+00 +3.2918e+00 -2.0742e+00 -1.4628e+00 +1.1792e+00 -3.1245e+00 +5.0429e-01 -2.0313e+00
8884 +1.471041029e-01 +1.471041029e-01 +7.641710410e+01 +7.641710410e+01 -8.4201e-01 -3.1777e+00 -1.3087e+00 +5.2160e-01 -1.6552e+00 -2.3754e+00 -7.3642e-01 +1.2459e+00 -1.0304e+00 +2.8959e+00 +2.4168e+00 -2.4367e+00 -2.7357e+00 +3.3529e+00 -2.1379e+00 -1.6252e+00 +1.2157e+00 -3.1967e+00 +4.2908e-01 -2.0263e+00
8947 +9.465746816e-02 +9.465746816e-02 +7.636465747e+01 +7.636465747e+01 -8.6799e-01 -3.1845e+00 -1.2815e+00 +5.8770e-01 -1.6577e+00 -2.2760e+00 -6.8324e-01 +1.1208e+00 -1.0390e+00 +2.8132e+00 +2.3721e+00 -2.4254e+00 -2.7285e+00 +3.3915e+00 -2.1479e+00 -1.6747e+00 +1.2526e+00 -3.0841e+00 +4.3316e-01 -2.0183e+00
20077 +4.663771485e-02 +4.663771485e-02 +7.631663771e+01 +7.631663771e+01 -9.7970e-01 -3.0821e+00 -1.2483e+00 +5.4319e-01 -1.8044e+00 -2.2892e+00 -5.6641e-01 +1.3238e+00 -9.7328e-01 +2.7197e+00 +2.3238e+00 -2.3677e+00 -2.6755e+00 +3.4090e+00 -2.1089e+00 -1.6073e+00 +1.2962e+00 -3.1087e+00 +4.7683e-01 -2.0771e+00
36751 +3.667906580e-02 +3.667906580e-02 +7.630667907e+01 +7.630667907e+01 -1.0016e+00 -3.2593e+00 -1.2503e+00 +5.9219e-01 -1.7754e+00 -2.1788e+00 -6.6263e-01 +1.2788e+00 -1.0134e+00 +2.8013e+00 +2.3658e+00 -2.4012e+00 -2.7237e+00 +3.3567e+00 -2.1026e+00 -1.6301e+00 +1.3054e+00 -3.1392e+00 +3.9342e-01 -2.0124e+00
36835 +2.263105259e-02 +2.263105259e-02 +7.629263105e+01 +7.629263105e+01 -9.8495e-01 -3.2549e+00 -1.2615e+00 +5.7229e-01 -1.7841e+00 -2.1898e+00 -6.4830e-01 +1.2742e+00 -9.8214e-01 +2.7929e+00 +2.3355e+00 -2.3992e+00 -2.7028e+00 +3.2942e+00 -2.0951e+00 -1.6175e+00 +1.2785e+00 -3.1919e+00 +4.2565e-01 -2.0282e+00
42862 +9.808035151e-03 +9.808035151e-03 +7.627980804e+01 +7.627980804e+01 -9.8745e-01 -3.1363e+00 -1.2331e+00 +5.5563e-01 -1.7179e+00 -2.2212e+00 -6.8123e-01 +1.2773e+00 -9.7137e-01 +2.7679e+00 +2.3274e+00 -2.3537e+00 -2.6772e+00 +3.3439e+00 -2.1057e+00 -1.6682e+00 +1.2737e+00 -3.1627e+00 +4.3012e-01 -2.0455e+00
42904 +5.012095059e-03 +5.012095059e-03 +7.627501210e+01 +7.627501210e+01 -9.6240e-01 -3.1355e+00 -1.2420e+00 +5.6800e-01 -1.7563e+00 -2.2441e+00 -6.5594e-01 +1.2824e+00 -9.8190e-01 +2.7477e+00 +2.3419e+00 -2.3544e+00 -2.6787e+00 +3.3440e+00 -2.0979e+00 -1.6574e+00 +1.2804e+00 -3.1754e+00 +4.2584e-01 -2.0450e+00
% function evaluation | noise-free fitness - Fopt (-2.255000000000e+01) | best noise-free fitness - Fopt | measured fitness | best measured fitness | x1 | x2...
1 +4.372063869e+06 +4.372063869e+06 +4.372041319e+06 +4.372041319e+06 +7.0326e-01 -1.6908e+00 +3.6132e+00 +3.7608e-01 +1.2501e+00 -2.6811e+00 +7.0503e-01 +3.6573e+00 -3.6959e+00 +3.0003e+00 +4.5512e+00 +7.0612e-01 -1.4504e+00 -3.5441e+00 -3.9344e+00 -2.0593e+00 -1.7878e+00 +3.4921e+00 +3.1558e+00 +3.8063e+00
22 +2.682972020e+05 +2.682972020e+05 +2.682746520e+05 +2.682746520e+05 +1.3269e+00 -2.1301e+00 +2.9605e+00 +1.3333e+00 +2.1050e+00 -1.8464e+00 +9.1342e-01 +2.8614e+00 -3.6688e+00 +2.8378e+00 +5.1314e+00 +2.5531e-01 -1.4718e+00 -2.5441e+00 -3.6808e+00 -1.7574e+00 -2.0539e+00 +3.4028e+00 +4.1198e+00 +3.9681e+00
43 +1.988626469e+05 +1.988626469e+05 +1.988400969e+05 +1.988400969e+05 +1.1007e+00 -1.9708e+00 +3.1972e+00 +9.8615e-01 +1.7950e+00 -2.1491e+00 +8.3785e-01 +3.1500e+00 -3.6786e+00 +2.8967e+00 +4.9210e+00 +4.1879e-01 -1.4640e+00 -2.9068e+00 -3.7727e+00 -1.8669e+00 -1.9574e+00 +3.4351e+00 +3.7702e+00 +3.9094e+00
64 +2.577989940e+04 +2.577989940e+04 +2.575734940e+04 +2.575734940e+04 +1.1691e+00 -2.0190e+00 +3.1257e+00 +1.0911e+00 +1.8887e+00 -2.0576e+00 +8.6069e-01 +3.0628e+00 -3.6756e+00 +2.8789e+00 +4.9846e+00 +3.6937e-01 -1.4664e+00 -2.7971e+00 -3.7449e+00 -1.8338e+00 -1.9866e+00 +3.4253e+00 +3.8759e+00 +3.9272e+00
85 +5.608868022e+03 +5.608868022e+03 +5.586318022e+03 +5.586318022e+03 +1.2237e+00 -2.0575e+00 +3.0685e+00 +1.1749e+00 +1.9636e+00 -1.9845e+00 +8.7895e-01 +2.9930e+00 -3.6732e+00 +2.8647e+00 +5.0354e+00 +3.2988e-01 -1.4683e+00 -2.7095e+00 -3.7227e+00 -1.8074e+00 -2.0099e+00 +3.4175e+00 +3.9604e+00 +3.9414e+00
106 +3.768100232e+02 +3.768100232e+02 +3.542600232e+02 +3.542600232e+02 +1.2026e+00 -2.0426e+00 +3.0906e+00 +1.1425e+00 +1.9347e+00 -2.0127e+00 +8.7189e-01 +3.0200e+00 -3.6742e+00 +2.8702e+00 +5.0158e+00 +3.4515e-01 -1.4675e+00 -2.7434e+00 -3.7313e+00 -1.8176e+00 -2.0008e+00 +3.4205e+00 +3.9277e+00 +3.9359e+00
463 +2.428093719e+02 +2.428093719e+02 +2.202593719e+02 +2.202593719e+02 +1.8791e+00 -1.1882e+00 +3.0727e+00 -1.2163e-01 +1.9958e+00 -1.6112e+00 +6.8755e-01 +1.3643e+00 -2.5368e+00 +2.6480e+00 +4.1221e+00 +6.5134e-01 -6.6932e-01 -2.1996e+00 -3.2767e+00 -1.4593e+00 -7.2872e-01 +1.9852e+00 +3.5290e+00 +3.4618e+00
484 +8.895185859e+01 +8.895185859e+01 +6.640185859e+01 +6.640185859e+01 +3.0964e+00 +3.4901e-01 +3.0405e+00 -2.3962e+00 +2.1058e+00 -8.8864e-01 +3.5589e-01 -1.6149e+00 -4.9039e-01 +2.2482e+00 +2.5140e+00 +1.2023e+00 +7.6688e-01 -1.2210e+00 -2.4588e+00 -8.1454e-01 +1.5602e+00 -5.9751e-01 +2.8114e+00 +2.6089e+00
505 +4.320218678e+01 +4.320218678e+01 +2.065218678e+01 +2.065218678e+01 +4.5861e+00 +2.2309e+00 +3.0014e+00 -5.1808e+00 +2.2400e+00 -4.5772e-03 -5.0177e-02 -5.2612e+00 +2.0145e+00 +1.7590e+00 +5.4531e-01 +1.8768e+00 +2.5249e+00 -2.3679e-02 -1.4577e+00 -2.5493e-02 +4.3621e+00 -3.7588e+00 +1.9326e+00 +1.5649e+00
526 +2.275961273e+01 +2.275961273e+01 +2.096127308e-01 +2.096127308e-01 +4.5201e+00 +2.1459e+00 +3.0024e+00 -5.0548e+00 +2.2350e+00 -4.3244e-02 -3.1718e-02 -5.0986e+00 +1.9022e+00 +1.7807e+00 +6.3428e-01 +1.8460e+00 +2.4460e+00 -7.6195e-02 -1.5023e+00 -6.0526e-02 +4.2361e+00 -3.6171e+00 +1.9732e+00 +1.6119e+00
2563 +1.258102288e+01 +1.258102288e+01 -9.968977123e+00 -9.968977123e+00 +1.7043e+00 +3.0526e+00 +3.3891e+00 -2.6174e+00 +2.3417e+00 -5.6990e-01 +9.7786e-01 -4.7705e+00 +2.7021e+00 +3.6982e-01 +4.2100e-01 +9.3096e-01 +2.8212e+00 +1.8096e-03 -1.5228e+00 +1.6061e+00 +2.4660e+00 -3.1566e+00 +9.6443e-01 +1.0970e+00
2584 +9.235859384e+00 +9.235859384e+00 -1.331414062e+01 -1.331414062e+01 +1.7241e+00 +3.0408e+00 +3.3389e+00 -2.4616e+00 +2.2539e+00 -4.5964e-01 +9.2796e-01 -4.6758e+00 +2.7667e+00 +4.5548e-01 +3.4997e-01 +8.9343e-01 +2.8548e+00 -9.5207e-02 -1.4477e+00 +1.6365e+00 +2.3488e+00 -3.0416e+00 +9.0983e-01 +1.1314e+00
2668 +6.259858097e+00 +6.259858097e+00 -1.629014190e+01 -1.629014190e+01 +1.7105e+00 +3.0489e+00 +3.3724e+00 -2.5647e+00 +2.3109e+00 -5.3279e-01 +9.6059e-01 -4.7374e+00 +2.7242e+00 +3.9930e-01 +3.9619e-01 +9.1847e-01 +2.8327e+00 -3.2244e-02 -1.4973e+00 +1.6163e+00 +2.4261e+00 -3.1171e+00 +9.4494e-01 +1.1086e+00
4264 +3.852255085e+00 +3.852255085e+00 -1.869774492e+01 -1.869774492e+01 +2.3482e+00 +2.3432e+00 +2.7745e+00 -2.2472e+00 +1.8754e+00 -1.2552e+00 +1.0759e+00 -3.0604e+00 +1.9630e+00 -4.9661e-01 +1.3152e+00 +1.6899e-01 +3.1976e+00 -6.1409e-01 -4.9110e-01 +1.7018e+00 +2.2606e+00 -3.6819e+00 +9.7732e-01 +1.5352e+00
4390 +2.054699576e+00 +2.054699576e+00 -2.049530042e+01 -2.049530042e+01 +2.2050e+00 +2.1663e+00 +2.7092e+00 -2.5077e+00 +1.9430e+00 -1.1756e+00 +7.9588e-01 -3.5014e+00 +1.9925e+00 -4.8277e-01 +1.1471e+00 +4.5682e-01 +2.9616e+00 -5.8993e-01 -4.6393e-01 +1.7207e+00 +2.8724e+00 -3.7562e+00 +1.1427e+00 +1.4567e+00
4453 +1.405217633e+00 +1.405217633e+00 -2.114478237e+01 -2.114478237e+01 +2.1117e+00 +2.1150e+00 +2.7000e+00 -2.6714e+00 +2.0474e+00 -1.1110e+00 +6.8755e-01 -3.7648e+00 +2.0521e+00 -4.1191e-01 +1.0549e+00 +6.0399e-01 +2.8887e+00 -5.9730e-01 -4.0624e-01 +1.6657e+00 +3.1830e+00 -3.8848e+00 +1.2102e+00 +1.4564e+00
4915 +8.534546621e-01 +8.534546621e-01 -2.169654534e+01 -2.169654534e+01 +2.3509e+00 +2.4460e+00 +2.6979e+00 -2.5592e+00 +2.0296e+00 -1.0944e+00 +8.0838e-01 -3.5961e+00 +2.1821e+00 -2.2075e-01 +1.1594e+00 +4.5071e-01 +3.1243e+00 -5.7961e-01 -6.1781e-01 +1.3799e+00 +2.7987e+00 -3.8733e+00 +1.1103e+00 +1.5636e+00
4936 +6.006206947e-01 +6.006206947e-01 -2.194937931e+01 -2.194937931e+01 +2.4800e+00 +2.5211e+00 +2.6287e+00 -2.5442e+00 +1.9286e+00 -1.0907e+00 +7.1100e-01 -3.6069e+00 +2.2041e+00 -1.9817e-01 +1.1675e+00 +4.7157e-01 +3.0983e+00 -5.2494e-01 -8.1756e-01 +1.3110e+00 +2.8088e+00 -3.7443e+00 +1.1432e+00 +1.5334e+00
4978 +2.593859079e-01 +2.593859079e-01 -2.229061409e+01 -2.229061409e+01 +2.5728e+00 +2.5437e+00 +2.5481e+00 -2.5730e+00 +1.8329e+00 -1.0786e+00 +5.6101e-01 -3.6912e+00 +2.2175e+00 -1.9237e-01 +1.1440e+00 +5.4560e-01 +3.0170e+00 -4.6647e-01 -1.0021e+00 +1.2704e+00 +2.9362e+00 -3.6195e+00 +1.2087e+00 +1.4808e+00
4999 +2.271445805e-01 +2.271445805e-01 -2.232285542e+01 -2.232285542e+01 +2.5425e+00 +2.5191e+00 +2.5569e+00 -2.5869e+00 +1.8517e+00 -1.0767e+00 +5.6425e-01 -3.7084e+00 +2.2127e+00 -1.9905e-01 +1.1347e+00 +5.5548e-01 +3.0082e+00 -4.7469e-01 -9.6522e-01 +1.2874e+00 +2.9638e+00 -3.6430e+00 +1.2113e+00 +1.4808e+00
5083 +8.479643744e-02 +8.479643744e-02 -2.246520356e+01 -2.246520356e+01 +2.6183e+00 +2.6026e+00 +2.5147e+00 -2.6300e+00 +1.8398e+00 -1.0426e+00 +4.8660e-01 -3.7987e+00 +2.2770e+00 -1.1726e-01 +1.1184e+00 +6.0248e-01 +3.0080e+00 -4.4489e-01 -1.0900e+00 +1.1688e+00 +3.0324e+00 -3.6281e+00 +1.2395e+00 +1.4853e+00
5146 +4.345224596e-02 +4.345224596e-02 -2.250654775e+01 -2.250654775e+01 +2.5646e+00 +2.5659e+00 +2.5184e+00 -2.6928e+00 +1.8872e+00 -1.0209e+00 +4.5417e-01 -3.8959e+00 +2.2913e+00 -1.0103e-01 +1.0816e+00 +6.5729e-01 +2.9770e+00 -4.5353e-01 -1.0427e+00 +1.1659e+00 +3.1535e+00 -3.6865e+00 +1.2633e+00 +1.4846e+00
5167 +3.079601616e-02 +3.079601616e-02 -2.251920398e+01 -2.251920398e+01 +2.5682e+00 +2.5838e+00 +2.5252e+00 -2.6893e+00 +1.8990e+00 -1.0182e+00 +4.7139e-01 -3.8878e+00 +2.3012e+00 -8.5948e-02 +1.0870e+00 +6.4637e-01 +2.9971e+00 -4.5794e-01 -1.0377e+00 +1.1484e+00 +3.1290e+00 -3.7023e+00 +1.2535e+00 +1.4965e+00
10396 +2.095518152e-02 +2.095518152e-02 -2.252904482e+01 -2.252904482e+01 +2.5682e+00 +2.5700e+00 +2.5259e+00 -2.7661e+00 +1.9117e+00 -1.0547e+00 +4.9927e-01 -3.9707e+00 +2.3447e+00 +1.0327e-02 +1.1489e+00 +6.4283e-01 +2.9242e+00 -3.8847e-01 -1.0317e+00 +1.1253e+00 +3.1570e+00 -3.7167e+00 +1.1644e+00 +1.6138e+00
10417 +1.375123374e-02 +1.375123374e-02 -2.253624877e+01 -2.253624877e+01 +2.5789e+00 +2.5845e+00 +2.5300e+00 -2.7718e+00 +1.9051e+00 -1.0448e+00 +5.1969e-01 -3.9646e+00 +2.3354e+00 -1.4680e-02 +1.1368e+00 +6.2924e-01 +2.9293e+00 -3.9366e-01 -1.0315e+00 +1.1385e+00 +3.1398e+00 -3.7090e+00 +1.1658e+00 +1.6077e+00
10438 +9.717618319e-03 +9.717618319e-03 -2.254028238e+01 -2.254028238e+01 +2.5899e+00 +2.5973e+00 +2.5340e+00 -2.7781e+00 +1.8986e+00 -1.0239e+00 +5.3100e-01 -3.9468e+00 +2.3215e+00 -2.4188e-02 +1.1348e+00 +6.2781e-01 +2.9485e+00 -3.9979e-01 -1.0303e+00 +1.1435e+00 +3.1309e+00 -3.6953e+00 +1.1784e+00 +1.5968e+00
59830 +5.798229354e-03 +5.798229354e-03 -2.254420177e+01 -2.254420177e+01 +2.5312e+00 +2.6011e+00 +2.4960e+00 -2.7403e+00 +1.8809e+00 -1.0487e+00 +5.0322e-01 -3.9391e+00 +2.3403e+00 -6.9225e-02 +1.1656e+00 +6.0563e-01 +2.9901e+00 -4.1694e-01 -1.0366e+00 +1.1463e+00 +3.1379e+00 -3.6678e+00 +1.1956e+00 +1.5711e+00
% function evaluation | noise-free fitness - Fopt (1.366000000000e+01) | best noise-free fitness - Fopt | measured fitness | best measured fitness | x1 | x2...
1 +2.301536726e+05 +2.301536726e+05 +2.301673326e+05 +2.301673326e+05 +2.3581e+00 +1.3853e+00 -3.8375e+00 -1.0176e+00 +4.7485e+00 -3.0845e+00 -2.4715e+00 -3.8060e-01 -1.4820e+00 +2.1927e-01 -5.8175e-01 +2.7053e+00 -4.3168e+00 -7.8047e-01 -7.1736e-01 +4.3959e+00 -1.9718e+00 -4.1699e+00 +1.2510e-01 +3.4348e+00
43 +2.126682189e+02 +2.126682189e+02 +2.263282189e+02 +2.263282189e+02 +2.3537e+00 +1.2889e+00 -3.7261e+00 -9.8916e-01 +4.6637e+00 -2.9529e+00 -2.4993e+00 -2.5031e-01 -1.5158e+00 +1.1561e-01 -6.6507e-01 +2.8159e+00 -4.1623e+00 -8.3442e-01 -9.6947e-01 +4.4865e+00 -2.0305e+00 -4.1591e+00 +2.5528e-01 +3.5720e+00
400 +1.547232184e+02 +1.547232184e+02 +1.683832184e+02 +1.683832184e+02 +2.0419e+00 +1.5283e+00 -2.3302e+00 -7.2460e-01 +3.2870e+00 -2.4693e+00 -1.2365e+00 -7.2195e-01 -1.0065e+00 -6.9520e-01 -1.2403e+00 +2.6197e+00 -3.9324e+00 -6.1627e-01 -5.4575e-01 +3.9268e+00 -2.2256e+00 -3.9142e+00 -2.0178e-01 +2.5512e+00
463 +4.103704465e+01 +4.103704465e+01 +5.469704465e+01 +5.469704465e+01 +1.0396e+00 +2.2966e+00 +2.1568e+00 +1.2588e-01 -1.1383e+00 -9.1416e-01 +2.8213e+00 -2.2366e+00 +6.3017e-01 -3.3019e+00 -3.0896e+00 +1.9902e+00 -3.1922e+00 +8.4336e-02 +8.1371e-01 +2.1290e+00 -2.8529e+00 -3.1271e+00 -1.6695e+00 -7.2828e-01
484 +3.188989927e+01 +3.188989927e+01 +4.554989927e+01 +4.554989927e+01 +9.3938e-01 +2.3732e+00 +2.6057e+00 +2.1100e-01 -1.5810e+00 -7.5830e-01 +3.2269e+00 -2.3876e+00 +7.9371e-01 -3.5628e+00 -3.2747e+00 +1.9276e+00 -3.1177e+00 +1.5423e-01 +9.4891e-01 +1.9495e+00 -2.9158e+00 -3.0484e+00 -1.8159e+00 -1.0558e+00
526 +1.927101885e+01 +1.927101885e+01 +3.293101885e+01 +3.293101885e+01 +1.0646e+00 +2.2756e+00 +2.0467e+00 +1.0516e-01 -1.0292e+00 -9.5056e-01 +2.7193e+00 -2.1962e+00 +5.8861e-01 -3.2387e+00 -3.0449e+00 +2.0080e+00 -3.2078e+00 +6.5787e-02 +7.7497e-01 +2.1757e+00 -2.8384e+00 -3.1466e+00 -1.6304e+00 -6.4369e-01
547 +7.332427575e+00 +7.332427575e+00 +2.099242758e+01 +2.099242758e+01 +1.0110e+00 +2.3174e+00 +2.2860e+00 +1.5048e-01 -1.2655e+00 -8.6823e-01 +2.9367e+00 -2.2782e+00 +6.7643e-01 -3.3775e+00 -3.1433e+00 +1.9736e+00 -3.1692e+00 +1.0366e-01 +8.4945e-01 +2.0789e+00 -2.8715e+00 -3.1046e+00 -1.7098e+00 -8.2014e-01
610 +6.222540896e+00 +6.222540896e+00 +1.988254090e+01 +1.988254090e+01 +8.9053e-01 +2.4097e+00 +2.8252e+00 +2.5268e-01 -1.7972e+00 -6.8134e-01 +3.4242e+00 -2.4601e+00 +8.7307e-01 -3.6907e+00 -3.3656e+00 +1.8980e+00 -3.0802e+00 +1.8782e-01 +1.0127e+00 +1.8629e+00 -2.9469e+00 -3.0100e+00 -1.8861e+00 -1.2141e+00
1114 +1.218674243e+00 +1.218674243e+00 +1.487867424e+01 +1.487867424e+01 +4.1176e-01 +2.3116e+00 +3.2613e+00 +4.8361e-01 -1.5670e+00 -5.3236e-01 +3.8776e+00 -3.3197e+00 +1.2475e+00 -4.1839e+00 -2.8493e+00 +2.7452e+00 -2.6163e+00 -1.3890e-01 +1.5057e+00 +1.2617e+00 -3.4904e+00 -3.4540e+00 -1.8449e+00 -1.0265e+00
1156 +9.979796125e-01 +9.979796125e-01 +1.465797961e+01 +1.465797961e+01 +3.8461e-01 +2.2747e+00 +3.1712e+00 +4.8490e-01 -1.3964e+00 -5.6387e-01 +3.8034e+00 -3.3776e+00 +1.2414e+00 -4.1612e+00 -2.7259e+00 +2.8704e+00 -2.5826e+00 -2.0189e-01 +1.5232e+00 +1.2449e+00 -3.5376e+00 -3.5343e+00 -1.7927e+00 -8.9799e-01
3718 +5.478108454e-01 +5.478108454e-01 +1.420781085e+01 +1.420781085e+01 +5.8829e-01 +2.4354e+00 +2.8342e+00 +4.2278e-01 -1.4576e+00 -6.6938e-01 +3.7848e+00 -3.5707e+00 +9.7069e-01 -4.2061e+00 -2.6291e+00 +2.9031e+00 -2.5201e+00 -3.4648e-01 +1.2920e+00 +1.2720e+00 -3.6728e+00 -3.9136e+00 -1.6648e+00 -1.0357e+00
3739 +2.676233405e-01 +2.676233405e-01 +1.392762334e+01 +1.392762334e+01 +4.6857e-01 +2.3979e+00 +2.7463e+00 +4.5962e-01 -1.3893e+00 -5.9462e-01 +3.7140e+00 -3.4897e+00 +1.0332e+00 -4.1806e+00 -2.5077e+00 +3.0064e+00 -2.5505e+00 -3.1795e-01 +1.2548e+00 +1.3313e+00 -3.5973e+00 -3.8685e+00 -1.6541e+00 -1.1426e+00
3760 +2.143876320e-01 +2.143876320e-01 +1.387438763e+01 +1.387438763e+01 +4.4055e-01 +2.3539e+00 +2.7205e+00 +4.5714e-01 -1.3784e+00 -5.8594e-01 +3.6817e+00 -3.4551e+00 +1.0468e+00 -4.1398e+00 -2.4861e+00 +3.0214e+00 -2.5441e+00 -3.0608e-01 +1.2329e+00 +1.3415e+00 -3.5572e+00 -3.8409e+00 -1.6581e+00 -1.1896e+00
3802 +1.541653483e-01 +1.541653483e-01 +1.381416535e+01 +1.381416535e+01 +4.0247e-01 +2.2508e+00 +2.6788e+00 +4.4006e-01 -1.3698e+00 -5.8406e-01 +3.6179e+00 -3.3887e+00 +1.0640e+00 -4.0416e+00 -2.4653e+00 +3.0314e+00 -2.5182e+00 -2.8387e-01 +1.1875e+00 +1.3520e+00 -3.4759e+00 -3.7826e+00 -1.6725e+00 -1.2817e+00
3865 +7.068502880e-02 +7.068502880e-02 +1.373068503e+01 +1.373068503e+01 +5.1959e-01 +2.2266e+00 +2.7250e+00 +3.7750e-01 -1.4505e+00 -6.0526e-01 +3.6213e+00 -3.4212e+00 +1.0134e+00 -3.9965e+00 -2.6120e+00 +2.9707e+00 -2.4142e+00 -3.2371e-01 +1.2425e+00 +1.3634e+00 -3.5544e+00 -3.8101e+00 -1.7619e+00 -1.3218e+00
3886 +6.143348386e-02 +6.143348386e-02 +1.372143348e+01 +1.372143348e+01 +5.2896e-01 +2.2203e+00 +2.7231e+00 +3.6997e-01 -1.4584e+00 -5.9719e-01 +3.6134e+00 -3.4187e+00 +1.0112e+00 -3.9871e+00 -2.6271e+00 +2.9738e+00 -2.3961e+00 -3.2965e-01 +1.2519e+00 +1.3760e+00 -3.5649e+00 -3.8123e+00 -1.7807e+00 -1.3449e+00
3949 +3.470206541e-02 +3.470206541e-02 +1.369470207e+01 +1.369470207e+01 +4.7601e-01 +2.2391e+00 +2.6862e+00 +3.9664e-01 -1.4237e+00 -5.4783e-01 +3.5938e+00 -3.3964e+00 +1.0413e+00 -4.0099e+00 -2.5684e+00 +3.0349e+00 -2.4174e+00 -3.2457e-01 +1.2531e+00 +1.4142e+00 -3.5588e+00 -3.8109e+00 -1.7767e+00 -1.3817e+00
4075 +2.475903750e-02 +2.475903750e-02 +1.368475904e+01 +1.368475904e+01 +4.7685e-01 +2.2369e+00 +2.6751e+00 +3.9292e-01 -1.4265e+00 -5.2406e-01 +3.5789e+00 -3.3886e+00 +1.0454e+00 -4.0041e+00 -2.5758e+00 +3.0544e+00 -2.3974e+00 -3.3217e-01 +1.2676e+00 +1.4415e+00 -3.5738e+00 -3.8148e+00 -1.8021e+00 -1.4219e+00
15247 +9.706922823e-03 +9.706922823e-03 +1.366970692e+01 +1.366970692e+01 +3.9817e-01 +2.2078e+00 +2.6561e+00 +3.3232e-01 -1.4552e+00 -5.0951e-01 +3.6789e+00 -3.4722e+00 +1.0894e+00 -3.9624e+00 -2.5923e+00 +3.0629e+00 -2.3197e+00 -3.4129e-01 +1.3129e+00 +1.4605e+00 -3.6115e+00 -3.8191e+00 -1.7931e+00 -1.3684e+00
34126 +4.749832841e-03 +4.749832841e-03 +1.366474983e+01 +1.366474983e+01 +4.3856e-01 +2.2415e+00 +2.6478e+00 +3.4417e-01 -1.4846e+00 -5.6986e-01 +3.6875e+00 -3.4491e+00 +1.0972e+00 -3.9664e+00 -2.5626e+00 +3.0541e+00 -2.3608e+00 -3.4317e-01 +1.2683e+00 +1.4891e+00 -3.6279e+00 -3.8147e+00 -1.7671e+00 -1.3831e+00
34168 +3.852782225e-03 +3.852782225e-03 +1.366385278e+01 +1.366385278e+01 +4.4203e-01 +2.2393e+00 +2.6528e+00 +3.4956e-01 -1.4885e+00 -5.6813e-01 +3.6898e+00 -3.4596e+00 +1.1004e+00 -3.9718e+00 -2.5641e+00 +3.0526e+00 -2.3637e+00 -3.4033e-01 +1.2643e+00 +1.4951e+00 -3.6315e+00 -3.8221e+00 -1.7744e+00 -1.3870e+00
193369 +1.461631707e-03 +1.461631707e-03 +1.366146163e+01 +1.366146163e+01 +4.1674e-01 +2.2253e+00 +2.6535e+00 +3.4491e-01 -1.4616e+00 -5.5458e-01 +3.6650e+00 -3.4489e+00 +1.0811e+00 -3.9795e+00 -2.5714e+00 +3.0629e+00 -2.3691e+00 -3.3963e-01 +1.2723e+00 +1.4804e+00 -3.6129e+00 -3.8031e+00 -1.7827e+00 -1.3869e+00
193390 +9.530268191e-04 +9.530268191e-04 +1.366095303e+01 +1.366095303e+01 +4.2200e-01 +2.2268e+00 +2.6590e+00 +3.4986e-01 -1.4610e+00 -5.5480e-01 +3.6698e+00 -3.4470e+00 +1.0848e+00 -3.9843e+00 -2.5564e+00 +3.0608e+00 -2.3683e+00 -3.3762e-01 +1.2679e+00 +1.4887e+00 -3.6148e+00 -3.8195e+00 -1.7963e+00 -1.3837e+00
