% f evaluations | g evaluations | best noise-free fitness - Fopt | noise-free fitness - Fopt (4.078000000000e+001) | measured fitness | best measured fitness | x1 | x2...
1 0 +3.041147854e+001 +3.041147854e+001 +7.119147854e+001 +7.119147854e+001 +1.7611e-003 -1.3352e-001 -2.1907e+000
2 0 +8.886638839e+000 +8.886638839e+000 +4.966663884e+001 +4.966663884e+001 +4.0980e-001 +9.9167e-001 -1.6382e+000
19 0 +7.582588817e+000 +7.582588817e+000 +4.836258882e+001 +4.836258882e+001 -2.2656e-001 -4.8768e-001 +2.2455e+000
66 0 +1.170790251e+000 +1.170790251e+000 +4.195079025e+001 +4.195079025e+001 +1.9166e+000 -6.6581e-001 +7.2824e-001
344 0 +7.819462685e-001 +7.819462685e-001 +4.156194627e+001 +4.156194627e+001 -8.9466e-001 -1.5254e+000 +3.4337e+000
1679 0 +6.123276164e-001 +6.123276164e-001 +4.139232762e+001 +4.139232762e+001 -2.4695e+000 -2.1217e+000 +3.8711e+000
1687 0 +4.881836731e-001 +4.881836731e-001 +4.126818367e+001 +4.126818367e+001 -1.1923e+000 -1.3877e+000 +3.4140e+000
2032 0 +2.764157124e-001 +2.764157124e-001 +4.105641571e+001 +4.105641571e+001 -1.6377e+000 -1.5030e+000 +3.2360e+000
% f evaluations | g evaluations | best noise-free fitness - Fopt | noise-free fitness - Fopt (-1.600000000000e+000) | measured fitness | best measured fitness | x1 | x2...
1 0 +2.083184340e+001 +2.083184340e+001 +1.923184340e+001 +1.923184340e+001 +3.2339e-001 -2.9926e-001 +9.1107e-001
2 0 +2.069933746e+001 +2.069933746e+001 +1.909933746e+001 +1.909933746e+001 -5.8830e-001 -1.2128e+000 -8.0053e-001
5 0 +1.718854214e+001 +1.718854214e+001 +1.558854214e+001 +1.558854214e+001 -1.5696e+000 +1.2785e+000 +1.1212e+000
7 0 +1.358631248e+001 +1.358631248e+001 +1.198631248e+001 +1.198631248e+001 -2.6438e-001 +5.3781e-002 -2.2151e-001
10 0 +1.087128886e+001 +1.087128886e+001 +9.271288855e+000 +9.271288855e+000 -1.0443e+000 -5.9581e-001 +2.7160e+000
15 0 +1.029993014e+001 +1.029993014e+001 +8.699930139e+000 +8.699930139e+000 +1.3752e+000 -1.7597e-001 +1.1379e+000
29 0 +8.011618814e+000 +8.011618814e+000 +6.411618814e+000 +6.411618814e+000 -5.0307e-001 -6.1355e-001 -1.9088e-002
34 0 +4.494905988e+000 +4.494905988e+000 +2.894905988e+000 +2.894905988e+000 +8.5579e-001 -1.6345e+000 -5.7877e-001
60 0 +3.012920988e+000 +3.012920988e+000 +1.412920988e+000 +1.412920988e+000 -1.8130e+000 +1.1717e+000 -5.4561e-001
103 0 +4.980698484e-001 +4.980698484e-001 -1.101930152e+000 -1.101930152e+000 +1.2688e+000 -1.6618e+000 -2.0742e-001
235 0 +4.591198477e-003 +4.591198477e-003 -1.595408802e+000 -1.595408802e+000 +9.1985e-001 -2.1946e+000 +5.8191e-001
% f evaluations | g evaluations | best noise-free fitness - Fopt | noise-free fitness - Fopt (-3.708400000000e+002) | measured fitness | best measured fitness | x1 | x2...
1 0 +4.078401618e+001 +4.078401618e+001 -3.300559838e+002 -3.300559838e+002 +1.0042e+000 +2.4980e-001 -8.3055e-001
3 0 +1.789306042e+001 +1.789306042e+001 -3.529469396e+002 -3.529469396e+002 +1.3221e+000 -9.9455e-001 -1.1107e+000
10 0 +1.724728324e+001 +1.724728324e+001 -3.535927168e+002 -3.535927168e+002 -1.1794e+000 +4.0531e-001 +1.5895e-001
17 0 +1.101293377e+001 +1.101293377e+001 -3.598270662e+002 -3.598270662e+002 -7.8763e-001 +6.3709e-001 +2.2886e+000
34 0 +9.828919584e+000 +9.828919584e+000 -3.610110804e+002 -3.610110804e+002 -9.2739e-001 -5.0623e-001 +7.0904e-001
42 0 +5.143600326e+000 +5.143600326e+000 -3.656963997e+002 -3.656963997e+002 -2.2956e+000 +1.5072e-001 -1.7642e+000
105 0 +3.485813456e+000 +3.485813456e+000 -3.673541865e+002 -3.673541865e+002 -1.0800e+000 +1.2750e+000 +6.8459e-001
111 0 +3.144069437e+000 +3.144069437e+000 -3.676959306e+002 -3.676959306e+002 -2.7033e+000 +3.2338e-001 -2.1143e+000
210 0 +2.111678245e+000 +2.111678245e+000 -3.687283218e+002 -3.687283218e+002 -9.1941e-001 +1.8576e+000 +3.7615e-001
311 0 +1.981112860e+000 +1.981112860e+000 -3.688588871e+002 -3.688588871e+002 -3.8266e+000 +1.8928e+000 +1.3819e+000
357 0 +1.721957628e+000 +1.721957628e+000 -3.691180424e+002 -3.691180424e+002 -1.3763e+000 +2.0613e+000 +8.3036e-001
401 0 +1.688014693e+000 +1.688014693e+000 -3.691519853e+002 -3.691519853e+002 -9.0618e-001 +2.2405e+000 +7.7033e-001
484 0 +1.391176982e+000 +1.391176982e+000 -3.694488230e+002 -3.694488230e+002 -1.0539e+000 +2.1681e+000 +7.7763e-001
2325 0 +1.272152144e+000 +1.272152144e+000 -3.695678479e+002 -3.695678479e+002 -1.1029e+000 +2.3761e+000 +7.1060e-001
3517 0 +1.256200457e+000 +1.256200457e+000 -3.695837995e+002 -3.695837995e+002 -1.1367e+000 +2.2985e+000 +7.1257e-001
% f evaluations | g evaluations | best noise-free fitness - Fopt | noise-free fitness - Fopt (-3.256000000000e+001) | measured fitness | best measured fitness | x1 | x2...
1 0 +6.415797718e+001 +6.415797718e+001 +3.159797718e+001 +3.159797718e+001 -2.4374e-001 -1.8616e-001 +1.1131e-001
2 0 +2.891110591e+001 +2.891110591e+001 -3.648894087e+000 -3.648894087e+000 +2.2786e-001 +1.9317e-001 -2.4580e-002
3 0 +2.265098738e+001 +2.265098738e+001 -9.909012616e+000 -9.909012616e+000 +8.2502e-001 +1.5338e+000 -1.6546e+000
4 0 +7.915088721e+000 +7.915088721e+000 -2.464491128e+001 -2.464491128e+001 +6.0663e-001 +1.1748e+000 -7.5691e-001
12 0 +5.474347666e+000 +5.474347666e+000 -2.708565233e+001 -2.708565233e+001 +2.1370e-001 +1.5521e+000 -4.8275e-001
18 0 +4.264064178e+000 +4.264064178e+000 -2.829593582e+001 -2.829593582e+001 -1.7956e-001 -1.7091e+000 -8.3912e-001
125 0 +3.961256773e+000 +3.961256773e+000 -2.859874323e+001 -2.859874323e+001 -4.2752e-001 -1.3519e+000 -1.2270e+000
188 0 +3.141200195e+000 +3.141200195e+000 -2.941879980e+001 -2.941879980e+001 +5.5116e-002 -1.4458e+000 -1.1675e+000
274 0 +2.125705840e+000 +2.125705840e+000 -3.043429416e+001 -3.043429416e+001 -9.8941e-002 -1.2570e+000 -1.8775e+000
400 0 +1.587947062e+000 +1.587947062e+000 -3.097205294e+001 -3.097205294e+001 +6.3821e-001 -2.1021e+000 -1.4763e+000
549 0 +1.301955508e+000 +1.301955508e+000 -3.125804449e+001 -3.125804449e+001 -1.4626e-002 -1.9402e+000 -1.4417e+000
815 0 +2.159344789e-001 +2.159344789e-001 -3.234406552e+001 -3.234406552e+001 +1.3559e+000 -4.0636e+000 -1.2405e+000
890 0 +4.797814839e-002 +4.797814839e-002 -3.251202185e+001 -3.251202185e+001 +1.1229e+000 -3.0703e+000 -1.8118e+000
1443 0 +6.183311861e-003 +6.183311861e-003 -3.255381669e+001 -3.255381669e+001 +7.8841e-001 -2.9691e+000 -1.5611e+000
2179 0 +2.664108274e-003 +2.664108274e-003 -3.255733589e+001 -3.255733589e+001 +9.4770e-001 -3.1853e+000 -1.6409e+000
2912 0 +1.007183975e-003 +1.007183975e-003 -3.255899282e+001 -3.255899282e+001 +9.4270e-001 -3.0794e+000 -1.4736e+000
3357 0 +9.330430458e-004 +9.330430458e-004 -3.255906696e+001 -3.255906696e+001 +9.0811e-001 -3.0082e+000 -1.5272e+000
3442 0 +3.454652597e-005 +3.454652597e-005 -3.255996545e+001 -3.255996545e+001 +9.8504e-001 -3.1358e+000 -1.5910e+000
4032 0 +2.006590196e-005 +2.006590196e-005 -3.255997993e+001 -3.255997993e+001 +1.0973e+000 -3.3064e+000 -1.5474e+000
4537 0 +6.026205313e-009 +6.026205313e-009 -3.255999999e+001 -3.255999999e+001 +1.0534e+000 -3.2553e+000 -1.5653e+000
10045 0 +0.000000000e+000 +0.000000000e+000 -3.256000000e+001 -3.256000000e+001 +1.0500e+000 -3.2544e+000 -1.5676e+000
% f evaluations | g evaluations | best noise-free fitness - Fopt | noise-free fitness - Fopt (5.154000000000e+002) | measured fitness | best measured fitness | x1 | x2...
1 0 +3.625926468e+001 +3.625926468e+001 +5.516592647e+002 +5.516592647e+002 +5.9496e-001 -9.9001e-001 +3.2360e-001
2 0 +1.559426765e+001 +1.559426765e+001 +5.309942677e+002 +5.309942677e+002 +1.2165e+000 +1.3365e+000 +1.1220e+000
3 0 +9.806864923e+000 +9.806864923e+000 +5.252068649e+002 +5.252068649e+002 -1.4089e+000 -1.2261e+000 -1.3764e+000
16 0 +7.107493474e+000 +7.107493474e+000 +5.225074935e+002 +5.225074935e+002 -1.1312e+000 +1.4475e+000 +1.1539e+000
70 0 +1.183051842e+000 +1.183051842e+000 +5.165830518e+002 +5.165830518e+002 -1.3282e+000 +2.1537e-003 +7.7671e-001
247 0 +1.126194947e+000 +1.126194947e+000 +5.165261949e+002 +5.165261949e+002 -1.5267e+000 +3.5127e-001 +7.2078e-001
309 0 +5.437424287e-001 +5.437424287e-001 +5.159437424e+002 +5.159437424e+002 -3.0691e+000 -5.9838e-001 -3.0847e+000
414 0 +6.199903652e-002 +6.199903652e-002 +5.154619990e+002 +5.154619990e+002 -4.1738e+000 -1.1112e+000 -2.2536e+000
% f evaluations | g evaluations | best noise-free fitness - Fopt | noise-free fitness - Fopt (-8.628000000000e+001) | measured fitness | best measured fitness | x1 | x2...
1 0 +5.270034044e+001 +5.270034044e+001 -3.357965956e+001 -3.357965956e+001 +1.0124e+000 +1.4416e+000 -8.9297e-002
3 0 +2.722219985e+001 +2.722219985e+001 -5.905780015e+001 -5.905780015e+001 -1.4122e+000 +7.4141e-001 +8.0256e-001
4 0 +8.295488317e+000 +8.295488317e+000 -7.798451168e+001 -7.798451168e+001 -9.0136e-001 +6.7060e-001 -1.0162e+000
29 0 +5.763663829e+000 +5.763663829e+000 -8.051633617e+001 -8.051633617e+001 -8.2974e-001 +2.1713e+000 +2.0255e-001
34 0 +4.551171311e+000 +4.551171311e+000 -8.172882869e+001 -8.172882869e+001 -8.5310e-001 +6.1319e-001 -1.2655e+000
75 0 +2.417413097e+000 +2.417413097e+000 -8.386258690e+001 -8.386258690e+001 -1.9656e+000 -6.3667e-001 -1.3368e+000
103 0 +2.335229981e+000 +2.335229981e+000 -8.394477002e+001 -8.394477002e+001 -2.1192e+000 +4.1515e-001 -2.4313e+000
117 0 +7.214766307e-001 +7.214766307e-001 -8.555852337e+001 -8.555852337e+001 -1.5772e+000 +2.4146e+000 +2.4263e+000
% f evaluations | g evaluations | best noise-free fitness - Fopt | noise-free fitness - Fopt (2.224000000000e+001) | measured fitness | best measured fitness | x1 | x2...
1 0 +4.788602482e+001 +4.788602482e+001 +7.012602482e+001 +7.012602482e+001 -1.5471e-001 -9.0413e-001 -1.6357e+000
2 0 +3.494991865e+001 +3.494991865e+001 +5.718991865e+001 +5.718991865e+001 +8.9263e-001 -1.1202e+000 +7.8332e-003
6 0 +2.636329781e+001 +2.636329781e+001 +4.860329781e+001 +4.860329781e+001 +3.3854e-001 -1.2950e+000 +8.2929e-001
7 0 +2.446687831e+001 +2.446687831e+001 +4.670687831e+001 +4.670687831e+001 +1.5268e+000 -1.5864e+000 -2.6702e-002
21 0 +1.238844203e+001 +1.238844203e+001 +3.462844203e+001 +3.462844203e+001 +1.6973e-001 -2.1386e+000 +5.0710e-001
24 0 +9.208420952e+000 +9.208420952e+000 +3.144842095e+001 +3.144842095e+001 +1.7500e-001 +2.0448e+000 +1.3601e+000
31 0 +7.184870327e+000 +7.184870327e+000 +2.942487033e+001 +2.942487033e+001 +9.0790e-001 +1.2093e+000 +1.8438e+000
212 0 +4.509520474e+000 +4.509520474e+000 +2.674952047e+001 +2.674952047e+001 +5.5054e-001 +2.4982e+000 +2.2214e+000
238 0 +4.251505016e-001 +4.251505016e-001 +2.266515050e+001 +2.266515050e+001 +1.6783e+000 +1.6062e+000 +2.0304e+000
526 0 +2.968283300e-001 +2.968283300e-001 +2.253682833e+001 +2.253682833e+001 +2.8301e+000 +5.5689e-001 +2.2815e+000
706 0 +2.115385485e-001 +2.115385485e-001 +2.245153855e+001 +2.245153855e+001 +1.8161e+000 +1.6753e+000 +2.5193e+000
713 0 +1.670758008e-001 +1.670758008e-001 +2.240707580e+001 +2.240707580e+001 +1.6039e+000 +1.8125e+000 +2.1828e+000
862 0 +1.261465286e-002 +1.261465286e-002 +2.225261465e+001 +2.225261465e+001 +2.9317e+000 +7.6422e-001 +2.6014e+000
1552 0 +9.434657479e-005 +9.434657479e-005 +2.224009435e+001 +2.224009435e+001 +2.6492e+000 +1.1121e+000 +2.5740e+000
3013 0 +7.565030143e-005 +7.565030143e-005 +2.224007565e+001 +2.224007565e+001 +2.5605e+000 +1.0770e+000 +2.4917e+000
3164 0 +2.703064288e-005 +2.703064288e-005 +2.224002703e+001 +2.224002703e+001 +2.4233e+000 +1.2489e+000 +2.4925e+000
3416 0 +6.528214172e-006 +6.528214172e-006 +2.224000653e+001 +2.224000653e+001 +2.5904e+000 +1.1335e+000 +2.5451e+000
3661 0 +3.557255859e-007 +3.557255859e-007 +2.224000036e+001 +2.224000036e+001 +2.5001e+000 +1.1948e+000 +2.5167e+000
5052 0 +6.350635218e-008 +6.350635218e-008 +2.224000006e+001 +2.224000006e+001 +2.5337e+000 +1.1682e+000 +2.5268e+000
5160 0 +5.390932500e-008 +5.390932500e-008 +2.224000005e+001 +2.224000005e+001 +2.5326e+000 +1.1633e+000 +2.5271e+000
5518 0 +1.211388323e-008 +1.211388323e-008 +2.224000001e+001 +2.224000001e+001 +2.5154e+000 +1.1762e+000 +2.5195e+000
5650 0 +1.193706112e-008 +1.193706112e-008 +2.224000001e+001 +2.224000001e+001 +2.5187e+000 +1.1725e+000 +2.5147e+000
6022 0 +1.164875840e-008 +1.164875840e-008 +2.224000001e+001 +2.224000001e+001 +2.5319e+000 +1.1548e+000 +2.5214e+000
6320 0 +1.135729022e-008 +1.135729022e-008 +2.224000001e+001 +2.224000001e+001 +2.5372e+000 +1.1548e+000 +2.5209e+000
6368 0 +4.631150574e-009 +4.631150574e-009 +2.224000000e+001 +2.224000000e+001 +2.5109e+000 +1.1734e+000 +2.5148e+000
9162 0 +0.000000000e+000 +0.000000000e+000 +2.224000000e+001 +2.224000000e+001 +2.5229e+000 +1.1648e+000 +2.5176e+000
% f evaluations | g evaluations | best noise-free fitness - Fopt | noise-free fitness - Fopt (-2.301000000000e+001) | measured fitness | best measured fitness | x1 | x2...
1 0 +4.128817169e+001 +4.128817169e+001 +1.827817169e+001 +1.827817169e+001 -1.1787e+000 -7.5378e-001 +1.3882e+000
2 0 +2.559757902e+001 +2.559757902e+001 +2.587579023e+000 +2.587579023e+000 +2.2492e+000 +3.2797e-001 +9.7490e-001
8 0 +1.505126218e+001 +1.505126218e+001 -7.958737822e+000 -7.958737822e+000 +1.3472e+000 +1.3896e+000 -1.0225e+000
26 0 +9.641841147e+000 +9.641841147e+000 -1.336815885e+001 -1.336815885e+001 -5.9070e-002 -3.0746e+000 +9.5924e-001
27 0 +8.882525128e+000 +8.882525128e+000 -1.412747487e+001 -1.412747487e+001 -9.7967e-001 +3.1532e-001 -1.2942e+000
44 0 +7.430647666e+000 +7.430647666e+000 -1.557935233e+001 -1.557935233e+001 -3.5156e-001 +5.1264e-002 -1.6584e+000
97 0 +5.163002957e+000 +5.163002957e+000 -1.784699704e+001 -1.784699704e+001 +1.0692e+000 -1.7182e+000 -6.5085e-001
154 0 +1.986408330e+000 +1.986408330e+000 -2.102359167e+001 -2.102359167e+001 -1.8393e+000 -1.0496e+000 -1.9444e+000
655 0 +1.482593162e+000 +1.482593162e+000 -2.152740684e+001 -2.152740684e+001 -1.9033e+000 -1.1984e+000 -2.1451e+000
1163 0 +1.419456840e+000 +1.419456840e+000 -2.159054316e+001 -2.159054316e+001 +2.3660e+000 -1.8881e+000 +2.5291e+000
% f evaluations | g evaluations | best noise-free fitness - Fopt | noise-free fitness - Fopt (-3.323700000000e+002) | measured fitness | best measured fitness | x1 | x2...
1 0 +4.343291400e+001 +4.343291400e+001 -2.889370860e+002 -2.889370860e+002 +3.8552e-001 +3.8462e-001 -3.9218e-001
2 0 +2.290511586e+001 +2.290511586e+001 -3.094648841e+002 -3.094648841e+002 -9.3367e-001 -1.7367e+000 -1.2503e+000
5 0 +8.531178506e+000 +8.531178506e+000 -3.238388215e+002 -3.238388215e+002 -2.3770e-001 -5.8033e-001 +1.0151e+000
65 0 +7.787391798e+000 +7.787391798e+000 -3.245826082e+002 -3.245826082e+002 +1.3077e+000 +7.7208e-001 +1.1135e+000
71 0 +7.071674707e+000 +7.071674707e+000 -3.252983253e+002 -3.252983253e+002 -6.8552e-001 -8.6011e-001 +1.8947e+000
85 0 +6.296162102e+000 +6.296162102e+000 -3.260738379e+002 -3.260738379e+002 -8.9559e-001 -7.5587e-001 +1.1233e+000
98 0 +6.017646891e+000 +6.017646891e+000 -3.263523531e+002 -3.263523531e+002 -1.3814e-001 -9.1233e-001 +1.4618e+000
228 0 +5.087636398e+000 +5.087636398e+000 -3.272823636e+002 -3.272823636e+002 -2.9705e+000 -8.9534e-001 -7.7323e-001
277 0 +3.776351479e+000 +3.776351479e+000 -3.285936485e+002 -3.285936485e+002 -9.9770e-001 -2.8115e+000 +1.2498e+000
301 0 +2.681998203e+000 +2.681998203e+000 -3.296880018e+002 -3.296880018e+002 -2.7169e+000 -1.0017e+000 -1.4666e+000
696 0 +2.034725456e+000 +2.034725456e+000 -3.303352745e+002 -3.303352745e+002 -1.6477e+000 -3.3607e+000 +1.9442e+000
823 0 +1.860332083e+000 +1.860332083e+000 -3.305096679e+002 -3.305096679e+002 -7.3164e-001 -3.9601e+000 +2.0911e+000
832 0 +1.710505893e+000 +1.710505893e+000 -3.306594941e+002 -3.306594941e+002 -3.6818e+000 -3.0814e+000 +3.3556e+000
913 0 +1.655848632e+000 +1.655848632e+000 -3.307141514e+002 -3.307141514e+002 -3.6596e+000 -3.3377e+000 +2.8801e+000
964 0 +5.231548782e-001 +5.231548782e-001 -3.318468451e+002 -3.318468451e+002 -1.0892e+000 -3.4084e+000 +1.6114e+000
% f evaluations | g evaluations | best noise-free fitness - Fopt | noise-free fitness - Fopt (-1.231300000000e+002) | measured fitness | best measured fitness | x1 | x2...
1 0 +2.411800688e+001 +2.411800688e+001 -9.901199312e+001 -9.901199312e+001 -9.0162e-001 +1.6123e-001 -4.4159e-002
2 0 +1.176823181e+001 +1.176823181e+001 -1.113617682e+002 -1.113617682e+002 -1.0017e+000 -5.4846e-001 +1.4457e+000
6 0 +9.182357054e+000 +9.182357054e+000 -1.139476429e+002 -1.139476429e+002 +1.9570e+000 +6.2004e-001 +1.5112e-001
11 0 +7.803152714e+000 +7.803152714e+000 -1.153268473e+002 -1.153268473e+002 +1.1811e+000 -9.3260e-001 +1.0927e+000
15 0 +3.271260261e+000 +3.271260261e+000 -1.198587397e+002 -1.198587397e+002 +1.0282e+000 +2.6429e+000 -1.0442e-001
24 0 +1.159474389e+000 +1.159474389e+000 -1.219705256e+002 -1.219705256e+002 +1.0360e+000 -1.0601e+000 -8.5882e-001
189 0 +4.899201311e-002 +4.899201311e-002 -1.230810080e+002 -1.230810080e+002 +2.2133e+000 -1.0706e+000 -1.5315e+000
1541 0 +1.490282260e-002 +1.490282260e-002 -1.231150972e+002 -1.231150972e+002 +2.3744e+000 -1.1809e+000 -1.7722e+000
1780 0 +1.408406339e-002 +1.408406339e-002 -1.231159159e+002 -1.231159159e+002 +1.9576e+000 -1.0263e+000 -1.6054e+000
2003 0 +9.613433112e-003 +9.613433112e-003 -1.231203866e+002 -1.231203866e+002 +2.3630e+000 -1.3465e+000 -2.0370e+000
2163 0 +2.700985011e-003 +2.700985011e-003 -1.231272990e+002 -1.231272990e+002 +2.0841e+000 -1.2541e+000 -1.9321e+000
2401 0 +2.634281486e-003 +2.634281486e-003 -1.231273657e+002 -1.231273657e+002 +2.0481e+000 -1.1936e+000 -1.8836e+000
2705 0 +2.295067072e-003 +2.295067072e-003 -1.231277049e+002 -1.231277049e+002 +2.1356e+000 -1.0915e+000 -1.7863e+000
2903 0 +9.969731849e-007 +9.969731849e-007 -1.231299990e+002 -1.231299990e+002 +2.3102e+000 -1.2240e+000 -1.9857e+000
5423 0 +9.137036869e-007 +9.137036869e-007 -1.231299991e+002 -1.231299991e+002 +2.2985e+000 -1.2064e+000 -1.9437e+000
5667 0 +3.649773959e-007 +3.649773959e-007 -1.231299996e+002 -1.231299996e+002 +2.3409e+000 -1.2052e+000 -1.9699e+000
5786 0 +4.494073380e-008 +4.494073380e-008 -1.231300000e+002 -1.231300000e+002 +2.3068e+000 -1.2017e+000 -1.9625e+000
5953 0 +1.566550623e-008 +1.566550623e-008 -1.231300000e+002 -1.231300000e+002 +2.3321e+000 -1.2136e+000 -1.9855e+000
6688 0 +8.681965369e-009 +8.681965369e-009 -1.231300000e+002 -1.231300000e+002 +2.3307e+000 -1.2121e+000 -1.9813e+000
10790 0 +0.000000000e+000 +0.000000000e+000 -1.231300000e+002 -1.231300000e+002 +2.3184e+000 -1.2083e+000 -1.9712e+000
% f evaluations | g evaluations | best noise-free fitness - Fopt | noise-free fitness - Fopt (-1.537900000000e+002) | measured fitness | best measured fitness | x1 | x2...
1 0 +4.370804203e+001 +4.370804203e+001 -1.100819580e+002 -1.100819580e+002 +2.7716e-001 +1.0408e+000 -6.5203e-001
2 0 +2.777438408e+001 +2.777438408e+001 -1.260156159e+002 -1.260156159e+002 -1.1998e+000 -5.8857e-001 +4.8309e-001
6 0 +2.511709474e+001 +2.511709474e+001 -1.286729053e+002 -1.286729053e+002 +5.8248e-001 +1.3081e+000 -5.0339e-001
7 0 +1.782043473e+001 +1.782043473e+001 -1.359695653e+002 -1.359695653e+002 +6.3027e-001 -1.1634e+000 -2.4517e-001
9 0 +1.253820655e+001 +1.253820655e+001 -1.412517934e+002 -1.412517934e+002 -1.4906e+000 +4.9479e-001 -5.3923e-001
17 0 +7.919780172e+000 +7.919780172e+000 -1.458702198e+002 -1.458702198e+002 +7.8578e-001 -3.7256e-002 +2.3400e+000
19 0 +6.640971328e+000 +6.640971328e+000 -1.471490287e+002 -1.471490287e+002 +4.0565e-001 +1.5250e-001 +2.4582e+000
39 0 +5.522873594e+000 +5.522873594e+000 -1.482671264e+002 -1.482671264e+002 +2.1736e+000 -7.1603e-001 +8.3363e-001
54 0 +2.529815675e+000 +2.529815675e+000 -1.512601843e+002 -1.512601843e+002 -1.4280e-001 +6.6977e-002 +8.0410e-001
79 0 +1.993396559e+000 +1.993396559e+000 -1.517966034e+002 -1.517966034e+002 -1.0649e-001 +1.9396e-001 +1.6059e+000
288 0 +6.854405510e-001 +6.854405510e-001 -1.531045594e+002 -1.531045594e+002 -7.7415e-001 +1.9035e+000 +3.5660e+000
517 0 +2.023501863e-001 +2.023501863e-001 -1.535876498e+002 -1.535876498e+002 -1.9598e+000 +2.0837e+000 +3.9159e+000
784 0 +1.272748534e-001 +1.272748534e-001 -1.536627251e+002 -1.536627251e+002 -1.2294e+000 +2.2773e+000 +3.8872e+000
797 0 +7.596942945e-002 +7.596942945e-002 -1.537140306e+002 -1.537140306e+002 -2.2256e+000 +2.1022e+000 +3.4711e+000
1212 0 +3.379687141e-002 +3.379687141e-002 -1.537562031e+002 -1.537562031e+002 -2.1005e+000 +2.2044e+000 +3.9173e+000
1449 0 +1.436672325e-002 +1.436672325e-002 -1.537756333e+002 -1.537756333e+002 -1.6524e+000 +2.2849e+000 +3.8131e+000
1923 0 +1.396930870e-002 +1.396930870e-002 -1.537760307e+002 -1.537760307e+002 -2.6681e+000 +2.4163e+000 +3.8342e+000
2219 0 +3.366816724e-003 +3.366816724e-003 -1.537866332e+002 -1.537866332e+002 -2.2685e+000 +2.2781e+000 +3.8429e+000
2835 0 +1.700428874e-004 +1.700428874e-004 -1.537898300e+002 -1.537898300e+002 -2.0349e+000 +2.2737e+000 +3.6943e+000
3282 0 +5.163797044e-005 +5.163797044e-005 -1.537899484e+002 -1.537899484e+002 -2.0846e+000 +2.2581e+000 +3.7064e+000
3950 0 +3.000990216e-005 +3.000990216e-005 -1.537899700e+002 -1.537899700e+002 -2.1257e+000 +2.2837e+000 +3.7721e+000
4008 0 +2.082377046e-005 +2.082377046e-005 -1.537899792e+002 -1.537899792e+002 -2.2312e+000 +2.3111e+000 +3.6974e+000
4574 0 +2.264119445e-006 +2.264119445e-006 -1.537899977e+002 -1.537899977e+002 -2.1765e+000 +2.3020e+000 +3.7501e+000
4590 0 +1.863698856e-006 +1.863698856e-006 -1.537899981e+002 -1.537899981e+002 -2.2580e+000 +2.2989e+000 +3.7308e+000
4850 0 +5.103028400e-007 +5.103028400e-007 -1.537899995e+002 -1.537899995e+002 -2.2031e+000 +2.3024e+000 +3.7400e+000
5195 0 +3.421455403e-007 +3.421455403e-007 -1.537899997e+002 -1.537899997e+002 -2.2253e+000 +2.2975e+000 +3.7349e+000
5328 0 +7.895644671e-008 +7.895644671e-008 -1.537899999e+002 -1.537899999e+002 -2.2097e+000 +2.2962e+000 +3.7340e+000
5508 0 +6.441817391e-008 +6.441817391e-008 -1.537899999e+002 -1.537899999e+002 -2.2116e+000 +2.3007e+000 +3.7278e+000
5556 0 +5.546749549e-008 +5.546749549e-008 -1.537899999e+002 -1.537899999e+002 -2.1770e+000 +2.2887e+000 +3.7187e+000
5601 0 +4.995709446e-008 +4.995709446e-008 -1.537900000e+002 -1.537900000e+002 -2.2015e+000 +2.2985e+000 +3.7215e+000
5610 0 +2.529111498e-008 +2.529111498e-008 -1.537900000e+002 -1.537900000e+002 -2.1859e+000 +2.2881e+000 +3.7216e+000
6155 0 +1.492622914e-008 +1.492622914e-008 -1.537900000e+002 -1.537900000e+002 -2.1880e+000 +2.2940e+000 +3.7303e+000
6397 0 +1.197915367e-008 +1.197915367e-008 -1.537900000e+002 -1.537900000e+002 -2.2163e+000 +2.2976e+000 +3.7259e+000
6407 0 +2.462314797e-009 +2.462314797e-009 -1.537900000e+002 -1.537900000e+002 -2.2140e+000 +2.2953e+000 +3.7209e+000
11062 0 +0.000000000e+000 +0.000000000e+000 -1.537900000e+002 -1.537900000e+002 -2.2018e+000 +2.2936e+000 +3.7227e+000
% f evaluations | g evaluations | best noise-free fitness - Fopt | noise-free fitness - Fopt (-4.860000000000e+001) | measured fitness | best measured fitness | x1 | x2...
1 0 +2.273387610e+000 +2.273387610e+000 -4.632661239e+001 -4.632661239e+001 -1.2690e+000 +5.1392e-001 -5.4663e-001
32 0 +2.062435295e+000 +2.062435295e+000 -4.653756470e+001 -4.653756470e+001 -1.8450e+000 +2.8814e-001 +1.4573e-003
54 0 +1.401502379e+000 +1.401502379e+000 -4.719849762e+001 -4.719849762e+001 -1.4072e+000 +2.7502e-001 -2.5123e-001
186 0 +8.264323786e-001 +8.264323786e-001 -4.777356762e+001 -4.777356762e+001 -1.8159e+000 -4.6988e-001 +1.3261e-001
188 0 +4.115985074e-002 +4.115985074e-002 -4.855884015e+001 -4.855884015e+001 -1.8110e+000 -7.5450e-001 -2.6163e-001
% f evaluations | g evaluations | best noise-free fitness - Fopt | noise-free fitness - Fopt (2.770000000000e+001) | measured fitness | best measured fitness | x1 | x2...
1 0 +3.933091433e+001 +3.933091433e+001 +6.703091433e+001 +6.703091433e+001 -1.0327e+000 -1.4016e+000 +1.3081e+000
2 0 +2.388605830e+001 +2.388605830e+001 +5.158605830e+001 +5.158605830e+001 +1.6111e-001 +5.8661e-001 -1.8429e+000
3 0 +1.244634710e+001 +1.244634710e+001 +4.014634710e+001 +4.014634710e+001 +1.1645e+000 -1.2175e+000 -9.1462e-001
5 0 +6.004586025e+000 +6.004586025e+000 +3.370458603e+001 +3.370458603e+001 +7.8110e-001 -1.5900e+000 +1.4661e-001
78 0 +2.011734319e+000 +2.011734319e+000 +2.971173432e+001 +2.971173432e+001 +2.7216e+000 -7.2364e-001 -1.1426e+000
206 0 +4.480092290e-001 +4.480092290e-001 +2.814800923e+001 +2.814800923e+001 +3.7743e+000 +1.5905e-001 -3.6863e-001
239 0 +1.029187134e-001 +1.029187134e-001 +2.780291871e+001 +2.780291871e+001 +3.5434e+000 -7.0207e-001 +8.0338e-002
549 0 +6.463059303e-002 +6.463059303e-002 +2.776463059e+001 +2.776463059e+001 +3.4810e+000 -2.3333e-001 -2.6530e-001
682 0 +5.234760141e-003 +5.234760141e-003 +2.770523476e+001 +2.770523476e+001 +3.6192e+000 -5.4527e-001 -5.2402e-002
% f evaluations | g evaluations | best noise-free fitness - Fopt | noise-free fitness - Fopt (2.993000000000e+001) | measured fitness | best measured fitness | x1 | x2...
1 0 +5.269958534e+001 +5.269958534e+001 +8.262958534e+001 +8.262958534e+001 -1.8471e+000 -4.8441e-001 +2.4312e-001
2 0 +2.539111337e+001 +2.539111337e+001 +5.532111337e+001 +5.532111337e+001 -4.1052e-001 -1.0252e+000 +2.5836e-001
3 0 +7.182626629e+000 +7.182626629e+000 +3.711262663e+001 +3.711262663e+001 -2.1599e-001 -1.7354e+000 -1.7540e+000
4 0 +6.486022928e+000 +6.486022928e+000 +3.641602293e+001 +3.641602293e+001 +3.4210e-001 +6.6265e-001 +8.4806e-001
6 0 +6.214578028e+000 +6.214578028e+000 +3.614457803e+001 +3.614457803e+001 +6.4953e-001 -3.0016e-001 +9.3777e-001
20 0 +4.316001158e+000 +4.316001158e+000 +3.424600116e+001 +3.424600116e+001 -1.2929e+000 -1.8824e+000 -1.5624e+000
25 0 +1.363109771e-001 +1.363109771e-001 +3.006631098e+001 +3.006631098e+001 -7.8331e-001 +1.8906e+000 +1.9247e+000
464 0 +1.242604454e-001 +1.242604454e-001 +3.005426045e+001 +3.005426045e+001 -6.6586e-001 +1.4093e+000 +1.9828e+000
862 0 +5.917074768e-002 +5.917074768e-002 +2.998917075e+001 +2.998917075e+001 -1.1045e+000 +1.4868e+000 +1.7065e+000
924 0 +1.881642645e-002 +1.881642645e-002 +2.994881643e+001 +2.994881643e+001 -9.1515e-001 +1.4242e+000 +1.4630e+000
1193 0 +3.438094685e-004 +3.438094685e-004 +2.993034381e+001 +2.993034381e+001 -8.4074e-001 +1.5801e+000 +1.8048e+000
1590 0 +3.121967690e-004 +3.121967690e-004 +2.993031220e+001 +2.993031220e+001 -9.8224e-001 +1.7844e+000 +1.9499e+000
1891 0 +3.082492298e-004 +3.082492298e-004 +2.993030825e+001 +2.993030825e+001 -1.0439e+000 +1.6731e+000 +1.7410e+000
2197 0 +1.498205020e-004 +1.498205020e-004 +2.993014982e+001 +2.993014982e+001 -1.0706e+000 +1.8093e+000 +1.9344e+000
2432 0 +6.975035171e-005 +6.975035171e-005 +2.993006975e+001 +2.993006975e+001 -9.3879e-001 +1.6492e+000 +1.8462e+000
2637 0 +1.814068785e-006 +1.814068785e-006 +2.993000181e+001 +2.993000181e+001 -9.9664e-001 +1.6973e+000 +1.8420e+000
3081 0 +1.234286131e-007 +1.234286131e-007 +2.993000012e+001 +2.993000012e+001 -9.9614e-001 +1.7209e+000 +1.8456e+000
5256 0 +8.694395603e-008 +8.694395603e-008 +2.993000009e+001 +2.993000009e+001 -9.7815e-001 +1.6985e+000 +1.8271e+000
5367 0 +4.515799645e-008 +4.515799645e-008 +2.993000005e+001 +2.993000005e+001 -9.8504e-001 +1.7047e+000 +1.8412e+000
5547 0 +9.626841546e-009 +9.626841546e-009 +2.993000001e+001 +2.993000001e+001 -9.9829e-001 +1.7106e+000 +1.8365e+000
9004 0 +0.000000000e+000 +0.000000000e+000 +2.993000000e+001 +2.993000000e+001 -9.8799e-001 +1.7001e+000 +1.8302e+000
% f evaluations | g evaluations | best noise-free fitness - Fopt | noise-free fitness - Fopt (-1.983000000000e+001) | measured fitness | best measured fitness | x1 | x2...
1 0 +1.645529356e+001 +1.645529356e+001 -3.374706438e+000 -3.374706438e+000 +6.8095e-001 +3.2589e-001 +1.4605e-002
4 0 +9.817595062e+000 +9.817595062e+000 -1.001240494e+001 -1.001240494e+001 -1.7001e+000 +2.0987e+000 +8.5448e-001
16 0 +8.642467043e+000 +8.642467043e+000 -1.118753296e+001 -1.118753296e+001 +3.1335e-001 +7.1216e-001 +6.2168e-001
23 0 +5.874297446e+000 +5.874297446e+000 -1.395570255e+001 -1.395570255e+001 +8.6642e-001 +1.0961e+000 +9.0453e-002
31 0 +3.668492840e-001 +3.668492840e-001 -1.946315072e+001 -1.946315072e+001 -1.0617e-001 +1.2254e+000 +6.0920e-001
139 0 +1.214599509e-001 +1.214599509e-001 -1.970854005e+001 -1.970854005e+001 +7.8237e-001 +1.2752e+000 +8.3119e-001
