% function evaluation | noise-free fitness - Fopt (7.948000000000e+01) | best noise-free fitness - Fopt | measured fitness | best measured fitness | x1 | x2...
1 +4.583037445e+02 +4.583037445e+02 +5.377837445e+02 +5.377837445e+02 +2.3205e+00 -1.5000e+00 -5.4675e-01 +2.5279e+00 +3.5379e+00 -3.3430e+00 -1.8144e+00 +4.4344e+00 +3.4630e-01 -2.0278e+00 -4.4397e+00 +4.9854e+00 -1.0137e+00 +3.7697e+00 -9.3233e-01 +1.5223e+00 -2.5051e+00 +2.0028e+00 +1.7796e+00 -4.2249e+00 +2.1484e+00 +2.5197e+00 -4.4059e+00 +4.3898e+00 -2.1387e+00 +4.4178e-02 -1.3952e+00 -8.1048e-01 +1.6614e+00 +2.2538e+00 -4.6554e+00 -1.9332e+00 -1.6424e+00 +4.7414e+00 -3.6830e+00 -4.7906e+00 -4.1380e+00 +8.8938e-01 -2.2319e+00 +8.8977e-01
42 +3.403751133e+02 +3.403751133e+02 +4.198551133e+02 +4.198551133e+02 +2.0347e+00 -1.4526e+00 -5.7124e-01 +2.4447e+00 +2.6785e+00 -2.8203e+00 -1.5798e+00 +3.8381e+00 +7.2105e-02 -2.1693e+00 -4.3587e+00 +4.5750e+00 -7.2348e-01 +3.2367e+00 -2.9940e-01 +1.7139e+00 -2.1762e+00 +1.1831e+00 +1.8601e+00 -3.4532e+00 +1.8956e+00 +2.7009e+00 -3.6385e+00 +3.6098e+00 -1.7247e+00 -2.0827e-01 -9.3428e-01 -3.2563e-01 +1.7143e+00 +2.4753e+00 -4.0828e+00 -1.8742e+00 -1.3597e+00 +4.3442e+00 -3.2629e+00 -3.7906e+00 -3.3408e+00 +1.3077e+00 -1.8442e+00 +6.7149e-01
83 +3.161446216e-09 +3.161446216e-09 +7.948000000e+01 +7.948000000e+01 +2.5280e-01 -1.1568e+00 -7.2403e-01 +1.9264e+00 -2.6808e+00 +4.3920e-01 -1.1680e-01 +1.2000e-01 -1.6376e+00 -3.0512e+00 -3.8536e+00 +2.0160e+00 +1.0864e+00 -8.6392e-02 +3.6472e+00 +2.9088e+00 -1.2481e-01 -3.9280e+00 +2.3624e+00 +1.3584e+00 +3.1920e-01 +3.8304e+00 +1.1464e+00 -1.2536e+00 +8.5679e-01 -1.7824e+00 +1.9400e+00 +2.6976e+00 +2.0448e+00 +3.8568e+00 -5.1280e-01 -1.5064e+00 +4.0320e-01 +1.8672e+00 -6.4321e-01 +2.4448e+00 +1.6304e+00 +3.9160e+00 +5.7280e-01 -6.8959e-01
% function evaluation | noise-free fitness - Fopt (3.944800000000e+02) | best noise-free fitness - Fopt | measured fitness | best measured fitness | x1 | x2...
1 +6.117525551e+02 +6.117525551e+02 +1.006232555e+03 +1.006232555e+03 -2.4952e+00 -1.9044e+00 -3.6974e+00 -2.8297e+00 +2.7861e+00 +2.2572e-01 -3.9858e+00 -2.0979e+00 -2.7539e+00 +7.4789e-01 +1.7652e+00 +4.4371e+00 +4.8586e+00 +1.0449e+00 +3.3625e+00 -1.0933e+00 +1.3690e+00 +4.1106e+00 +2.4386e+00 +1.8453e-01 -1.1125e+00 -1.8330e+00 +4.9278e+00 +1.3335e+00 -2.6914e+00 +3.0276e+00 +4.6577e+00 +1.6447e-01 +4.6154e+00 +3.9594e+00 -2.1011e+00 -1.0148e+00 +2.5196e+00 -3.6922e+00 -1.3704e+00 -6.2528e-01 +2.1019e+00 +4.0978e-01 -3.3250e+00 -3.0307e+00
83 +8.804022400e-09 +8.804022400e-09 +3.944800000e+02 +3.944800000e+02 -3.8984e+00 -2.8904e+00 -3.8024e+00 +3.9056e+00 +8.5919e-01 -2.9048e+00 +3.4448e+00 -6.0000e-01 -8.8240e-01 -3.7352e+00 +1.9096e+00 +1.2704e+00 +1.5712e+00 +3.7712e+00 -3.8160e+00 +2.9600e+00 -2.8976e+00 -1.3928e+00 +1.0398e-01 +1.2824e+00 +1.8112e+00 -3.0960e+00 -7.6881e-01 +1.3160e+00 +3.7312e+00 +2.3408e+00 -1.7112e+00 -1.3848e+00 -3.4304e+00 +3.7288e+00 -3.7792e+00 -1.5160e+00 +1.9888e+00 +3.6992e+00 +1.1408e+00 +3.2920e+00 -3.7824e+00 -2.1832e+00 -1.4216e+00 -2.1384e+00
% function evaluation | noise-free fitness - Fopt (-2.471100000000e+02) | best noise-free fitness - Fopt | measured fitness | best measured fitness | x1 | x2...
1 +5.838484412e+02 +5.838484412e+02 +3.367384412e+02 +3.367384412e+02 +7.5135e-01 +4.0279e+00 -3.8359e+00 -6.3625e-01 -4.9247e+00 -1.9698e-01 +1.5006e+00 +1.7439e+00 -7.9575e-01 -4.0245e+00 +6.7062e-01 -4.2235e+00 +9.8195e-01 +3.8385e+00 -2.9341e+00 +3.5215e+00 -2.4717e+00 -4.8972e+00 -7.4198e-01 -2.6037e+00 -3.7137e+00 +2.4425e+00 -1.6736e+00 -1.4694e+00 -4.9165e+00 +1.4171e-01 +2.0853e+00 -1.9729e+00 +3.7392e+00 +3.0210e+00 +1.1767e+00 -3.3320e+00 +2.9986e+00 +4.8037e+00 -1.9484e+00 -3.8719e+00 +3.6464e+00 +2.4631e+00 +2.3919e+00 +2.9504e-01
83 +2.489656481e-09 +2.489656481e-09 -2.471100000e+02 -2.471100000e+02 -3.7984e+00 +2.0320e-01 -6.9120e-01 -3.6912e+00 -3.0992e+00 +2.3168e+00 +3.2200e+00 -3.9160e+00 -7.1214e-02 +2.8224e+00 +2.3304e+00 +1.3848e+00 +2.8232e+00 +8.7840e-01 +3.9736e+00 +5.7121e-01 +2.9448e+00 -1.5920e-01 +2.2280e+00 +2.8400e-01 +3.1056e+00 -3.2120e+00 +1.1928e+00 -1.3288e+00 -6.4800e-01 -5.7279e-01 +2.3560e+00 -5.5520e-01 +8.1040e-01 -1.5312e+00 +2.8158e-01 -2.0799e-02 -2.7824e+00 -1.1600e+00 -8.2639e-01 -2.2184e+00 +2.8176e+00 +6.8960e-01 -3.9360e+00 +5.7360e-01
% function evaluation | noise-free fitness - Fopt (-1.520400000000e+02) | best noise-free fitness - Fopt | measured fitness | best measured fitness | x1 | x2...
1 +5.049893538e+02 +5.049893538e+02 +3.529493538e+02 +3.529493538e+02 +4.6611e-01 +4.9357e+00 +3.5416e+00 +4.1421e+00 +1.9593e+00 +1.5362e-01 -9.1163e-01 +3.9938e+00 -1.5708e+00 +3.8824e+00 -2.2033e+00 +4.2316e-01 -4.6112e+00 +3.9893e+00 -2.4497e-01 +4.1552e+00 +3.2407e+00 +3.7860e+00 -3.3550e+00 -2.0646e+00 -1.6240e+00 -3.4362e+00 -1.5931e+00 +2.7075e+00 -4.6297e+00 -4.6593e+00 +1.6288e+00 -3.0725e+00 -4.8640e+00 -4.8545e+00 +2.5572e+00 +2.5042e+00 +1.2695e+00 +2.1152e+00 -7.9971e-01 -2.4679e+00 -3.5818e-01 +1.4994e+00 -1.6284e+00 -2.6043e+00
42 +3.865669808e+02 +3.865669808e+02 +2.345269808e+02 +2.345269808e+02 +3.7439e-01 +4.4965e+00 +2.6077e+00 +4.0364e+00 +2.0168e+00 +1.5321e-01 -9.0747e-01 +3.4067e+00 -1.1867e+00 +3.8322e+00 -2.0333e+00 +3.9840e-02 -4.5233e+00 +3.9774e+00 -1.7881e-01 +3.7902e+00 +3.0919e+00 +3.3499e+00 -2.9809e+00 -1.3122e+00 -9.6223e-01 -2.8559e+00 -1.7122e+00 +2.0838e+00 -3.9225e+00 -4.3819e+00 +1.5963e+00 -3.0498e+00 -4.0583e+00 -3.8545e+00 +1.9113e+00 +2.3277e+00 +1.1720e+00 +1.5837e+00 -8.1766e-01 -1.9108e+00 -1.6680e-01 +1.3609e+00 -1.3132e+00 -1.9220e+00
83 +3.808423799e-09 +3.808423799e-09 -1.520400000e+02 -1.520400000e+02 -2.6719e-01 +1.4240e+00 -3.9248e+00 +3.2968e+00 +2.4192e+00 +1.5042e-01 -8.7841e-01 -7.0079e-01 +1.5000e+00 +3.4808e+00 -8.4401e-01 -2.6416e+00 -3.9088e+00 +3.8936e+00 +2.8398e-01 +1.2368e+00 +2.0504e+00 +2.9921e-01 -3.6401e-01 +3.9512e+00 +3.6672e+00 +1.2040e+00 -2.5456e+00 -2.2792e+00 +1.0240e+00 -2.4416e+00 +1.3688e+00 -2.8912e+00 +1.5776e+00 +3.1408e+00 -2.6064e+00 +1.0928e+00 +4.9039e-01 -2.1344e+00 -9.4323e-01 +1.9864e+00 +1.1720e+00 +3.9200e-01 +8.9121e-01 +2.8512e+00
% function evaluation | noise-free fitness - Fopt (-2.525000000000e+01) | best noise-free fitness - Fopt | measured fitness | best measured fitness | x1 | x2...
1 +4.199982392e+02 +4.199982392e+02 +3.947482392e+02 +3.947482392e+02 -3.4711e+00 +4.6039e+00 +4.8057e+00 +2.3362e+00 +6.4392e-01 +1.7105e+00 -4.5368e+00 +3.7909e-01 -9.8545e-01 -4.3599e-02 +4.8723e+00 -3.9716e+00 -3.9909e+00 +1.2979e+00 -6.1303e-01 +2.9403e+00 +4.1921e+00 -4.0679e+00 -2.7278e-01 -1.1813e+00 -1.2095e+00 -3.8382e+00 -1.9864e+00 +1.4459e+00 -2.5281e-01 -8.5356e-01 -3.5929e+00 +1.2124e-01 -2.8055e+00 +1.8555e+00 +7.0808e-01 +2.4915e+00 +1.6680e+00 -4.5544e+00 +1.4728e+00 -1.6707e+00 +3.0418e+00 +4.2754e+00 -4.1019e+00 +7.0811e-02
42 +3.098122859e+02 +3.098122859e+02 +2.845622859e+02 +2.845622859e+02 -2.4711e+00 +4.0438e+00 +3.9269e+00 +1.7027e+00 +1.0183e+00 +1.4548e+00 -4.2459e+00 +6.9401e-02 -6.6109e-01 -4.1467e-01 +4.5576e+00 -3.2530e+00 -3.7905e+00 +1.1207e+00 -2.3849e-01 +2.5697e+00 +3.5114e+00 -3.6784e+00 -1.8336e-01 -1.1776e+00 -1.1700e+00 -3.1813e+00 -1.4619e+00 +1.7126e+00 -3.6752e-01 -6.6625e-01 -3.3377e+00 +4.1010e-01 -2.3796e+00 +1.7158e+00 +1.7277e-01 +2.2088e+00 +1.4230e+00 -4.0613e+00 +1.0709e+00 -1.6447e+00 +2.9011e+00 +3.2884e+00 -3.3910e+00 +4.6209e-01
83 +2.127020338e-09 +2.127020338e-09 -2.525000000e+01 -2.525000000e+01 +3.6144e+00 +6.3520e-01 -1.4216e+00 -2.1528e+00 +3.2968e+00 -1.0161e-01 -2.4752e+00 -1.8152e+00 +1.3128e+00 -2.6728e+00 +2.6424e+00 +1.1200e+00 -2.5704e+00 +4.2400e-02 +2.0408e+00 +3.1439e-01 -6.3120e-01 -1.3080e+00 +3.6082e-01 -1.1552e+00 -9.2959e-01 +8.1600e-01 +1.7296e+00 +3.3360e+00 -1.0656e+00 +4.7361e-01 -1.7848e+00 +2.1680e+00 +2.1200e-01 +8.6560e-01 -3.0848e+00 +4.8799e-01 -6.8006e-02 -1.0600e+00 -1.3744e+00 -1.4864e+00 +2.0448e+00 -2.7184e+00 +9.3520e-01 +2.8432e+00
% function evaluation | noise-free fitness - Fopt (-1.520400000000e+02) | best noise-free fitness - Fopt | measured fitness | best measured fitness | x1 | x2...
1 +5.775851239e+02 +5.775851239e+02 +4.255451239e+02 +4.255451239e+02 +4.1203e+00 -2.7864e+00 +4.0842e+00 +2.0559e+00 +6.4523e-01 +2.8004e+00 -3.3069e+00 +2.6750e+00 +4.7589e+00 -4.2283e+00 -1.7174e+00 -3.4802e+00 -3.5057e+00 +2.4438e-01 -2.5032e+00 +1.1664e+00 -1.8473e+00 +4.1019e+00 +2.5967e+00 -4.5216e+00 +3.1609e+00 +3.7729e+00 -4.9345e+00 -3.5723e+00 +7.6337e-01 +4.4956e+00 +4.9410e+00 -4.8117e+00 -4.1956e+00 -4.1530e+00 +3.4729e+00 -2.0599e+00 -7.7460e-01 -4.7543e-01 -4.1696e+00 -1.0816e+00 +7.8101e-01 -3.0682e-01 -1.3669e+00 +1.3455e+00
83 +1.333825139e-08 +1.333825139e-08 -1.520400000e+02 -1.520400000e+02 -2.6720e-01 +1.4240e+00 -3.9248e+00 +3.2968e+00 +2.4192e+00 +1.5040e-01 -8.7839e-01 -7.0080e-01 +1.5000e+00 +3.4808e+00 -8.4398e-01 -2.6416e+00 -3.9088e+00 +3.8935e+00 +2.8400e-01 +1.2368e+00 +2.0504e+00 +2.9920e-01 -3.6402e-01 +3.9512e+00 +3.6672e+00 +1.2040e+00 -2.5456e+00 -2.2792e+00 +1.0240e+00 -2.4416e+00 +1.3688e+00 -2.8912e+00 +1.5776e+00 +3.1408e+00 -2.6064e+00 +1.0928e+00 +4.9041e-01 -2.1344e+00 -9.4320e-01 +1.9864e+00 +1.1720e+00 +3.9197e-01 +8.9117e-01 +2.8512e+00
124 +1.648459147e-12 +1.648459147e-12 -1.520400000e+02 -1.520400000e+02 -2.6720e-01 +1.4240e+00 -3.9248e+00 +3.2968e+00 +2.4192e+00 +1.5040e-01 -8.7840e-01 -7.0080e-01 +1.5000e+00 +3.4808e+00 -8.4400e-01 -2.6416e+00 -3.9088e+00 +3.8936e+00 +2.8400e-01 +1.2368e+00 +2.0504e+00 +2.9920e-01 -3.6400e-01 +3.9512e+00 +3.6672e+00 +1.2040e+00 -2.5456e+00 -2.2792e+00 +1.0240e+00 -2.4416e+00 +1.3688e+00 -2.8912e+00 +1.5776e+00 +3.1408e+00 -2.6064e+00 +1.0928e+00 +4.9040e-01 -2.1344e+00 -9.4320e-01 +1.9864e+00 +1.1720e+00 +3.9200e-01 +8.9120e-01 +2.8512e+00
% function evaluation | noise-free fitness - Fopt (-2.525000000000e+01) | best noise-free fitness - Fopt | measured fitness | best measured fitness | x1 | x2...
1 +5.638620928e+02 +5.638620928e+02 +5.386120928e+02 +5.386120928e+02 -3.9742e+00 +2.4631e+00 -7.0437e-01 +3.7775e+00 -2.3391e+00 +3.4256e+00 -4.7762e+00 -1.1082e+00 -3.8995e+00 -7.0728e-01 -6.6904e-01 -2.8411e+00 -3.6800e+00 -1.6655e+00 -2.4984e+00 +4.6533e+00 -2.0973e+00 +3.0447e+00 +4.6256e+00 -3.9324e+00 +4.6314e+00 -1.6180e+00 -4.9382e+00 +2.9044e+00 +2.1642e+00 +1.1428e-01 +8.8944e-01 +3.4872e+00 -1.4119e+00 -2.5379e+00 +3.5154e+00 +3.6555e+00 -3.4017e+00 -1.7870e+00 +4.0589e+00 -6.0269e-01 -5.3941e-01 +3.9376e+00 -1.2322e+00 +4.4567e+00
83 +1.400305649e-09 +1.400305649e-09 -2.525000000e+01 -2.525000000e+01 +3.6144e+00 +6.3519e-01 -1.4216e+00 -2.1528e+00 +3.2968e+00 -1.0160e-01 -2.4752e+00 -1.8152e+00 +1.3128e+00 -2.6728e+00 +2.6424e+00 +1.1200e+00 -2.5704e+00 +4.2401e-02 +2.0408e+00 +3.1440e-01 -6.3121e-01 -1.3080e+00 +3.6080e-01 -1.1552e+00 -9.2960e-01 +8.1600e-01 +1.7296e+00 +3.3360e+00 -1.0656e+00 +4.7359e-01 -1.7848e+00 +2.1680e+00 +2.1199e-01 +8.6560e-01 -3.0848e+00 +4.8800e-01 -6.8004e-02 -1.0600e+00 -1.3744e+00 -1.4864e+00 +2.0448e+00 -2.7184e+00 +9.3520e-01 +2.8432e+00
