% f evaluations | g evaluations | best noise-free fitness - Fopt | noise-free fitness - Fopt (7.627000000000e+001) | measured fitness | best measured fitness | x1 | x2...
1 0 +5.330193273e+005 +5.330193273e+005 +5.330955973e+005 +5.330955973e+005 -3.1183e-001 -3.9702e-002 +4.8541e-001 +1.0638e+000 -4.8712e-001 +1.3321e+000 -1.0288e+000 +3.9786e-001 -3.9574e-001 -2.4067e-001 -1.5494e-001 +1.3498e-001 +4.3068e-001 +9.1630e-001 +1.2316e+000 -5.3275e-001 +1.7672e+000 +5.3083e-001 +2.1254e-001 -6.1405e-001
5 0 +1.013721965e+003 +1.013721965e+003 +1.089991965e+003 +1.089991965e+003 +1.3684e+000 -1.7410e+000 -5.7798e-001 -3.3391e-001 -9.2350e-001 -3.1008e-001 +2.0786e-001 -1.5272e+000 -9.7481e-001 -4.1922e-001 +6.0671e-001 -4.0554e-002 +2.7253e-001 +6.0076e-001 +4.4515e-001 -5.7858e-001 -8.9283e-001 +3.9569e-001 -6.5364e-001 -1.3703e-001
27 0 +8.688844071e+002 +8.688844071e+002 +9.451544071e+002 +9.451544071e+002 +9.4054e-001 +2.2432e-001 -1.1553e+000 +2.4437e-001 -1.1420e-001 +4.2571e-001 -1.2305e-001 -1.2463e+000 +4.7544e-001 -3.4256e-001 +9.0809e-001 +5.4179e-001 -6.0031e-001 -6.6172e-001 -1.2368e+000 +6.6104e-001 +8.6131e-001 +1.2481e+000 -9.7602e-002 -8.5435e-001
130 0 +3.554964719e+002 +3.554964719e+002 +4.317664719e+002 +4.317664719e+002 +5.4209e-001 +8.9006e-001 -1.3340e+000 -4.8535e-001 +8.8888e-001 +6.4438e-001 +1.4290e+000 +6.5550e-001 -7.8740e-001 -1.5273e+000 -1.3524e+000 -5.0823e-001 +6.7478e-001 +7.9833e-001 +5.8873e-001 -1.1683e+000 +1.3760e+000 -7.3892e-001 -1.7002e+000 +1.8382e+000
142 0 +3.126468307e+002 +3.126468307e+002 +3.889168307e+002 +3.889168307e+002 -6.3456e-001 +1.6402e+000 -1.7129e+000 +1.0293e+000 +1.4671e+000 -1.1503e+000 -1.0765e+000 -1.2920e+000 +4.8955e-001 -1.2217e+000 +6.2643e-001 -9.3702e-001 -9.5810e-002 +1.5896e+000 -1.1832e+000 +5.7111e-002 +1.0686e+000 -2.6538e-001 +1.5742e-001 +1.6602e-001
299 0 +1.192241993e+002 +1.192241993e+002 +1.954941993e+002 +1.954941993e+002 +2.9507e-001 -1.7208e+000 -3.8835e-001 -1.1385e+000 +1.5055e+000 -5.0747e-001 +6.1612e-001 -6.4747e-001 +3.9878e-001 -1.2949e+000 -9.9567e-001 -6.6948e-001 +4.4586e-001 -3.5698e-001 +1.0611e+000 -4.1316e-001 +2.1942e+000 -1.2174e+000 -1.0493e+000 +2.0747e+000
744 0 +1.123906726e+002 +1.123906726e+002 +1.886606726e+002 +1.886606726e+002 +5.6880e-001 +1.1396e+000 -1.2090e+000 -7.4999e-001 -6.1472e-001 -1.1035e+000 -2.9330e-001 -4.3623e-003 +5.4076e-001 +4.2391e-002 -1.0826e+000 +2.8537e-002 -2.1600e-001 +1.2689e+000 +2.6349e-001 -1.9715e+000 +3.2396e-001 +3.2467e-001 -8.5129e-002 +1.5780e-002
816 0 +7.319053302e+001 +7.319053302e+001 +1.494605330e+002 +1.494605330e+002 +1.5180e+000 -1.3921e+000 +5.6812e-002 +9.5753e-002 +4.6734e-001 -7.7548e-001 +6.2087e-001 +4.1064e-001 -1.6111e-001 +2.3810e-001 +7.1076e-001 -6.5284e-002 +8.8039e-001 +1.4434e+000 +1.0712e+000 -9.4074e-001 -4.5622e-001 -5.7426e-001 -6.1604e-001 -6.6226e-001
625940 0 +7.243887228e+001 +7.243887228e+001 +1.487088723e+002 +1.487088723e+002 +1.0322e+000 -9.4605e-001 -4.8061e-001 +4.1873e-001 +5.3172e-001 -1.4385e+000 -3.0066e-001 +2.4084e-001 -5.5372e-001 -8.5930e-002 -8.6901e-004 +1.2586e-001 +1.0119e+000 +8.3131e-001 +4.9435e-001 -1.0568e+000 -1.9902e-001 -3.2621e-001 +3.1637e-001 -8.6102e-001
716151 0 +7.079224928e+001 +7.079224928e+001 +1.470622493e+002 +1.470622493e+002 +9.9900e-001 -9.6768e-001 -4.9523e-001 +4.2659e-001 +5.1286e-001 -1.4457e+000 -3.0810e-001 +2.5593e-001 -5.6564e-001 -6.6769e-002 +1.8910e-002 +9.5274e-002 +9.7348e-001 +8.6115e-001 +4.5726e-001 -1.0580e+000 -1.7870e-001 -3.4580e-001 +3.1817e-001 -8.6999e-001
813275 0 +6.915834734e+001 +6.915834734e+001 +1.454283473e+002 +1.454283473e+002 +9.6787e-001 -9.8084e-001 -5.0770e-001 +4.2892e-001 +4.9119e-001 -1.4428e+000 -3.0536e-001 +2.7781e-001 -5.7730e-001 -3.9272e-002 +3.9750e-002 +7.3045e-002 +9.3767e-001 +8.8628e-001 +4.2309e-001 -1.0533e+000 -1.6290e-001 -3.7820e-001 +3.1475e-001 -8.8754e-001
915437 0 +6.760301219e+001 +6.760301219e+001 +1.438730122e+002 +1.438730122e+002 +9.3414e-001 -9.9988e-001 -5.2212e-001 +4.3059e-001 +4.7128e-001 -1.4475e+000 -3.0023e-001 +2.9510e-001 -5.8273e-001 -1.7699e-002 +6.0714e-002 +4.8879e-002 +8.9552e-001 +9.1046e-001 +3.9456e-001 -1.0517e+000 -1.4916e-001 -4.0701e-001 +3.1221e-001 -8.9817e-001
% f evaluations | g evaluations | best noise-free fitness - Fopt | noise-free fitness - Fopt (-2.255000000000e+001) | measured fitness | best measured fitness | x1 | x2...
1 0 +4.578582941e+006 +4.578582941e+006 +4.578560391e+006 +4.578560391e+006 +1.8698e+000 +8.4189e-001 +1.0903e+000 +4.3308e-002 +1.7197e-001 -1.4824e+000 -6.2173e-001 +1.6363e+000 -1.5991e-001 +8.1591e-001 -8.7646e-001 -5.7468e-001 -4.7129e-003 -7.5352e-001 +8.3634e-001 -1.9357e-002 -4.0803e-001 -1.3261e+000 -1.4964e+000 +3.0855e-001
2 0 +3.199157634e+006 +3.199157634e+006 +3.199135084e+006 +3.199135084e+006 -1.0165e+000 +1.1814e+000 +9.4313e-001 -7.7146e-001 -2.0502e+000 -4.2801e-001 -4.8594e-001 -8.5112e-001 +3.4916e-001 +1.5477e+000 -3.5287e-001 -1.4525e+000 -1.2611e+000 +1.0902e+000 -5.9408e-001 -7.7771e-001 +1.8776e-001 +2.2882e-001 -1.7789e-001 +6.3974e-001
3 0 +4.166828333e+002 +4.166828333e+002 +3.941328333e+002 +3.941328333e+002 +1.0685e+000 +1.8396e-001 -3.1117e-001 +1.1976e+000 +2.7778e-001 -9.2432e-001 -2.7820e-001 -1.9938e+000 +1.4736e+000 +6.9163e-001 -6.0246e-001 -4.0877e-001 -2.1551e+000 +2.0410e-001 +1.6884e-001 +1.3034e+000 -2.8306e-001 +1.8482e-001 -2.1449e+000 -1.1558e+000
19 0 +3.062819701e+002 +3.062819701e+002 +2.837319701e+002 +2.837319701e+002 -3.6702e-001 +5.4434e-001 -9.5915e-001 +1.5833e-001 -6.3426e-001 -1.0289e+000 +1.2497e+000 +3.4759e-001 -5.1106e-001 +1.0272e-001 +2.2947e+000 +9.2385e-001 -1.1269e+000 +5.9999e-001 -1.4345e-002 +5.7827e-001 -1.8544e+000 -5.1681e-001 +2.8971e-002 +1.9206e-001
155 0 +1.461814872e+002 +1.461814872e+002 +1.236314872e+002 +1.236314872e+002 +9.1916e-001 -1.4613e+000 -8.9950e-002 +7.3151e-002 -7.3123e-001 +4.3136e-001 -1.2893e+000 +2.4882e-001 -8.7506e-002 +6.4152e-001 +1.1829e+000 -1.5732e+000 +1.6135e+000 -8.9876e-002 -4.7838e-002 +5.2585e-001 +5.3081e-001 +2.1054e+000 -5.3302e-001 +4.1281e-001
658 0 +9.358791437e+001 +9.358791437e+001 +7.103791437e+001 +7.103791437e+001 +9.9390e-001 +1.0170e+000 +7.6284e-001 -1.7650e+000 -9.1633e-001 +5.2111e-001 -7.8365e-003 -5.5839e-001 -2.2214e-001 -7.1005e-001 +2.0526e+000 -1.1617e+000 +1.3291e-001 +3.5295e-001 -4.7982e-001 -6.5962e-001 -7.1421e-001 +4.7165e-002 +1.0167e+000 +2.7785e-001
947709 0 +9.332502526e+001 +9.332502526e+001 +7.077502526e+001 +7.077502526e+001 +2.9069e-001 +1.0173e+000 +1.0477e+000 +1.0937e+000 +1.7432e-001 -5.3912e-001 +3.1602e-001 -6.6977e-001 +3.1488e-001 -1.7271e+000 -5.5575e-001 +1.3582e+000 +1.4866e+000 +6.5711e-001 +1.3257e+000 +2.7726e+000 -7.4307e-001 +2.6393e-001 -7.7662e-001 +1.0012e+000
% f evaluations | g evaluations | best noise-free fitness - Fopt | noise-free fitness - Fopt (1.366000000000e+001) | measured fitness | best measured fitness | x1 | x2...
1 0 +2.817797863e+005 +2.817797863e+005 +2.817934463e+005 +2.817934463e+005 -9.4659e-001 +8.0241e-001 +2.0557e+000 -1.1673e+000 -3.5247e-002 -3.2859e-001 +3.8154e-001 -3.9402e-001 +8.2958e-002 -1.0929e+000 -1.3348e+000 +4.9657e-001 +2.8450e-001 -1.4362e+000 +1.2805e+000 -1.9667e-001 +2.3175e-001 +3.2852e-001 +6.4503e-002 -5.5162e-001
7 0 +7.681008325e+004 +7.681008325e+004 +7.682374325e+004 +7.682374325e+004 -2.5594e-001 -1.7379e+000 -4.0993e-001 -1.3199e+000 +4.8696e-001 +1.0166e+000 +1.6536e+000 -1.7653e+000 +7.7430e-002 +3.8893e-001 +1.1984e+000 -2.2246e+000 +1.0911e+000 -1.4921e+000 +9.8760e-001 -5.2748e-001 -1.0019e+000 +4.6520e-001 +2.1330e+000 +4.3280e-001
8 0 +2.420607858e+002 +2.420607858e+002 +2.557207858e+002 +2.557207858e+002 +1.2410e-001 +5.6649e-001 +7.9072e-001 -1.7703e-001 -9.8050e-003 -2.0989e-001 -9.5866e-002 -9.5914e-002 +4.1423e-001 -1.4507e-001 +1.2275e-001 -1.3613e+000 +5.2966e-001 +1.8511e+000 +1.8880e-001 -1.6754e-001 +6.1887e-001 -6.3828e-001 +4.8108e-001 -3.0856e-001
103 0 +2.299389972e+002 +2.299389972e+002 +2.435989972e+002 +2.435989972e+002 -9.5288e-001 -2.5414e+000 -2.2689e+000 +2.3700e-001 -1.3159e+000 -2.2235e-001 -4.4572e-001 -1.3865e+000 -1.6035e+000 -2.7409e-002 +1.4285e+000 +8.9414e-001 -1.0718e+000 -1.6406e+000 -6.0722e-001 +4.8633e-003 -2.4834e-001 +1.0391e+000 -1.0162e+000 -1.3612e+000
182 0 +2.288917344e+002 +2.288917344e+002 +2.425517344e+002 +2.425517344e+002 +4.9048e-001 -1.0670e+000 +6.0006e-001 -1.2250e+000 +1.5040e-001 +1.2213e+000 +3.1869e+000 +2.0809e+000 -6.5941e-001 +1.6358e+000 +1.3137e+000 -7.2465e-001 +7.8983e-001 +2.4137e-001 -3.9075e-003 -1.0088e+000 +1.1884e+000 -4.8743e-001 -1.1428e+000 -1.4004e+000
183 0 +1.604655709e+002 +1.604655709e+002 +1.741255709e+002 +1.741255709e+002 -7.4901e-001 -5.4358e-003 -3.8318e-001 +2.6332e+000 +3.5640e-001 +2.8381e-001 +3.0608e-001 -6.8361e-001 +1.0453e+000 -1.2924e+000 +7.1487e-001 -8.1070e-001 -6.0682e-002 -6.8441e-001 +9.5461e-001 +2.8144e-001 +2.8861e-001 +4.8188e-001 +4.8369e-001 -1.6457e-001
1184 0 +1.551001049e+002 +1.551001049e+002 +1.687601049e+002 +1.687601049e+002 -1.7387e+000 +6.6077e-001 +3.6768e-001 -3.3894e-001 +2.7125e+000 +1.4310e-001 -1.0743e+000 -2.5836e+000 -2.0296e+000 +6.3139e-001 +1.0383e+000 +5.6465e-002 +3.5585e-002 +3.0513e+000 -8.1883e-001 -4.1663e-001 -1.9479e+000 -1.4557e+000 +1.4896e+000 +3.6358e-001
1334 0 +1.388132521e+002 +1.388132521e+002 +1.524732521e+002 +1.524732521e+002 -1.9151e+000 -3.0684e-001 -1.4550e-001 +4.3754e-001 +6.2002e-001 +2.9648e-001 +7.9288e-001 +2.7482e-001 +1.2974e+000 +1.2477e+000 -5.7162e-001 -4.8406e-001 -3.0918e-001 +7.2091e-001 +1.1624e-001 +4.0494e-001 -9.8520e-001 +1.1270e+000 -7.6942e-001 -8.6722e-002
1577 0 +1.004117275e+002 +1.004117275e+002 +1.140717275e+002 +1.140717275e+002 -2.2870e+000 +2.8420e+000 -1.4049e-001 +1.3909e+000 -5.5218e-001 -6.8468e-001 +1.7893e+000 -1.5461e+000 -4.0113e-001 +1.0177e-001 -8.5255e-002 +5.9562e-001 +6.4497e-002 +3.7777e-001 -1.8142e-001 +1.1550e-002 -5.0533e-001 -3.1345e-001 -6.1760e-001 +1.5300e+000
% f evaluations | g evaluations | best noise-free fitness - Fopt | noise-free fitness - Fopt (9.378400000000e+002) | measured fitness | best measured fitness | x1 | x2...
1 0 +3.605047040e+006 +3.605047040e+006 +3.605984880e+006 +3.605984880e+006 +1.1657e+000 -1.3237e+000 +1.3902e-001 -6.8377e-001 +2.3313e-002 +8.3294e-001 +9.3660e-001 +7.8017e-001 -9.3024e-001 -3.3171e-001 -1.3851e+000 +1.1872e+000 +4.9715e-001 -7.5366e-001 +3.5518e-001 +9.5670e-001 -1.3459e-002 -2.4770e+000 +2.1568e-001 -7.8894e-001
3 0 +2.633824900e+006 +2.633824900e+006 +2.634762740e+006 +2.634762740e+006 -1.5349e+000 -1.2271e+000 -9.7109e-002 +2.0834e-001 -4.6296e-001 -7.8082e-001 +7.4703e-001 +2.7504e-001 +5.3462e-001 -5.6439e-002 +8.8720e-001 +6.1956e-001 +9.2656e-001 +9.7104e-001 +3.9652e-001 -3.6451e-001 -1.5620e+000 +1.3042e+000 -1.3100e+000 -3.8345e-001
4 0 +1.087725834e+005 +1.087725834e+005 +1.097104234e+005 +1.097104234e+005 -6.8049e-001 +1.5924e-001 -1.2151e+000 -1.1789e-001 +1.0936e+000 +1.6746e-001 +2.4016e-001 -4.5575e-001 +3.9341e-002 +2.3634e-001 -1.6091e-001 +1.7725e+000 -1.5385e-001 +5.1676e-001 -4.7627e-001 +2.0369e+000 -1.4993e+000 +1.8865e+000 -1.4004e+000 +8.5294e-001
5 0 +3.562992698e+004 +3.562992698e+004 +3.656776698e+004 +3.656776698e+004 -5.2660e-002 -6.7443e-002 -1.8245e+000 +5.7799e-001 -2.8569e-001 +1.1255e+000 +5.7615e-001 -1.8808e+000 -1.6320e+000 -3.9308e-001 -2.7420e+000 +7.0249e-001 -7.8767e-001 -2.8764e-001 +3.1165e-001 +1.7106e+000 -9.2147e-001 -2.1920e+000 +6.2096e-001 +9.2446e-002
11 0 +5.819012603e+003 +5.819012603e+003 +6.756852603e+003 +6.756852603e+003 -9.9548e-001 +8.2768e-001 +2.2958e+000 +7.9866e-001 -1.5768e+000 -2.7250e-002 +1.2391e+000 +5.7360e-001 +6.7945e-001 -1.8260e-001 -6.0056e-001 -1.0975e+000 +5.1914e-001 +7.4240e-001 +1.1380e+000 +2.0846e-001 -1.3631e+000 -7.7185e-001 +1.1833e+000 +5.3629e-001
101 0 +3.639274777e+003 +3.639274777e+003 +4.577114777e+003 +4.577114777e+003 -7.7895e-001 +1.3472e-001 +5.7284e-001 -2.0574e+000 +2.7113e-001 -3.8067e-001 +1.4902e+000 -1.1214e+000 +3.6343e-001 -5.7100e-001 -9.6216e-001 -1.2421e+000 -3.2015e-001 +2.0712e+000 -8.7482e-002 +7.6565e-001 -9.1904e-001 +1.0454e-002 -8.2142e-001 -1.1991e+000
108 0 +1.253738089e+002 +1.253738089e+002 +1.063213809e+003 +1.063213809e+003 -1.9333e+000 +7.2150e-001 +8.0561e-001 -8.4819e-001 -7.3253e-001 +1.2217e+000 -3.2238e+000 -1.5411e+000 +2.6404e-001 +6.7237e-001 +1.6208e+000 -4.5795e-002 -1.2200e+000 +1.4185e+000 -1.0679e+000 +2.6940e+000 +1.1720e+000 -2.7319e+000 -2.2195e-001 +6.4145e-001
1167 0 +1.149368857e+002 +1.149368857e+002 +1.052776886e+003 +1.052776886e+003 -1.3087e+000 +1.3217e+000 -2.1731e-001 -2.3917e+000 -1.8495e+000 +4.8477e-001 -4.6198e-001 -7.8282e-001 +5.4409e-001 -1.0801e+000 -9.3598e-001 +5.3022e-002 +1.6662e+000 +8.1437e-001 -4.3303e-001 -3.8520e-001 -8.0826e-001 -9.7429e-001 -4.6309e-001 +1.1715e+000
2700 0 +1.003512591e+002 +1.003512591e+002 +1.038191259e+003 +1.038191259e+003 -1.7917e+000 +4.2555e-001 +5.5912e-001 -5.8037e-001 -2.7602e+000 +1.0112e+000 +1.3253e-001 +1.6710e+000 +1.2111e+000 -8.0117e-001 -2.7251e+000 -1.8240e+000 -6.6715e-001 +6.6393e-001 +2.2895e+000 -2.4957e-001 +1.6760e+000 +7.1425e-001 -2.7029e+000 -1.7486e-001
7072 0 +9.776242725e+001 +9.776242725e+001 +1.035602427e+003 +1.035602427e+003 +1.5006e-001 +3.2886e-001 +1.1853e+000 +1.0728e+000 -1.8305e+000 +2.4844e+000 -2.4790e-001 +6.8614e-001 +2.6735e+000 -1.6566e+000 -2.8436e+000 -2.1460e+000 -1.7870e+000 +2.6083e-001 +1.3025e+000 +1.1660e+000 -1.7104e+000 -1.0210e-001 -2.3616e+000 +3.9024e+000
% f evaluations | g evaluations | best noise-free fitness - Fopt | noise-free fitness - Fopt (-7.872000000000e+001) | measured fitness | best measured fitness | x1 | x2...
1 0 +8.768861922e+006 +8.768861922e+006 +8.768783202e+006 +8.768783202e+006 -1.6045e+000 -6.1716e-001 -1.5899e-001 +3.3992e-001 -4.8659e-001 -3.3843e-001 +3.9947e-001 -7.6490e-001 +2.1641e+000 +3.9994e-001 +5.5663e-001 +9.6041e-002 -1.1195e+000 -2.4934e-001 +9.5266e-002 -4.8568e-001 +9.8379e-002 -4.5431e-001 +8.4597e-001 -3.4814e-001
2 0 +5.306285979e+005 +5.306285979e+005 +5.305498779e+005 +5.305498779e+005 +7.4134e-001 +2.0811e+000 -1.2911e+000 -3.3162e-001 -1.8294e+000 +4.0018e-001 -6.0895e-001 +1.0737e+000 -8.5686e-001 -4.3602e-001 -4.8772e-002 +3.6762e-001 -4.8341e-001 -1.4118e+000 +1.6068e+000 -1.0199e+000 +9.5400e-001 +6.7559e-001 +1.4714e-001 -1.3159e+000
12 0 +3.874391739e+004 +3.874391739e+004 +3.866519739e+004 +3.866519739e+004 +2.7091e-001 -1.6377e+000 +5.5639e-001 -5.9794e-001 -6.5577e-001 -4.6237e-002 -1.3685e-001 +2.9152e-001 -1.6209e+000 -1.8793e+000 -2.0746e+000 -1.3146e-001 +6.9446e-001 -1.0090e+000 -8.3450e-001 +3.3563e-001 -2.4285e+000 +1.4834e+000 -1.2138e-001 -1.0859e+000
53 0 +4.423251766e+003 +4.423251766e+003 +4.344531766e+003 +4.344531766e+003 -4.8636e-001 +2.1775e+000 -1.5230e-001 +1.4232e+000 +4.5654e-001 -3.5624e-002 +1.0421e+000 +2.0779e-001 -1.9482e+000 -7.0033e-001 -1.2349e+000 +2.6998e-001 -1.4102e+000 -6.1939e-001 -1.2296e+000 -1.5092e-001 -1.1571e-001 +8.5573e-001 +9.5394e-001 -7.6348e-001
97 0 +1.412565790e+002 +1.412565790e+002 +6.253657899e+001 +6.253657899e+001 -4.3803e-001 -1.2619e+000 +5.8315e-001 +4.0230e-001 -1.4766e+000 -1.6700e+000 +3.4848e-001 -1.3565e+000 -1.9727e+000 +8.6182e-001 -4.8246e-001 +5.2230e-001 +6.7645e-001 +5.4904e-003 +1.8682e+000 +3.2349e-001 -2.9205e-001 +1.8333e+000 +1.0322e-001 -4.0856e-002
1429 0 +1.353261203e+002 +1.353261203e+002 +5.660612029e+001 +5.660612029e+001 +2.6134e+000 +3.7811e-001 +7.5871e-001 +2.1188e+000 -6.0676e-001 -2.1579e+000 +2.2273e+000 +2.2634e+000 -2.8362e+000 +1.2729e+000 +1.7712e+000 +1.1337e+000 -2.0252e+000 +5.0463e-001 +5.2739e-001 -1.3201e+000 -1.6220e+000 +3.3930e+000 -7.8387e-001 -1.5986e+000
5071 0 +1.343882459e+002 +1.343882459e+002 +5.566824594e+001 +5.566824594e+001 +1.7104e+000 -6.8796e-001 +1.2365e+000 -1.0248e+000 -2.4719e-001 -3.1723e-001 +1.1153e-001 +1.5214e-001 -2.7796e+000 +1.2064e+000 +1.0567e+000 +1.9144e+000 -3.1182e+000 -3.8403e+000 -3.0803e+000 -1.5384e+000 -1.7614e+000 +2.9201e+000 +1.1915e+000 +1.9428e+000
% f evaluations | g evaluations | best noise-free fitness - Fopt | noise-free fitness - Fopt (-4.151000000000e+001) | measured fitness | best measured fitness | x1 | x2...
1 0 +2.668641690e+007 +2.668641690e+007 +2.668637539e+007 +2.668637539e+007 -7.4691e-001 +1.0209e+000 -6.7002e-002 +1.3591e+000 +2.5461e-001 +8.8909e-001 +1.1368e+000 +1.0173e+000 -1.4244e+000 -1.1790e-001 -1.5521e+000 -2.2425e+000 +9.8219e-003 -1.2269e+000 +1.8533e-001 -2.6248e-001 +6.2715e-001 +1.8479e+000 +2.4540e+000 -1.1752e-001
2 0 +3.536807271e+006 +3.536807271e+006 +3.536765761e+006 +3.536765761e+006 +1.7907e-001 -1.4146e+000 -2.4291e-001 -9.4724e-002 +1.3028e+000 -1.6044e+000 -4.3956e-001 +1.0939e+000 -9.6052e-001 -7.0840e-002 +8.3202e-001 +1.8539e+000 -5.2010e-001 -8.7001e-001 +1.0598e+000 +8.9005e-001 -9.2968e-001 +5.7073e-002 -2.8680e+000 -1.0775e+000
9 0 +3.305938774e+006 +3.305938774e+006 +3.305897264e+006 +3.305897264e+006 -4.0408e-001 -1.3261e+000 +7.8024e-001 -2.8991e-001 -1.0193e+000 -8.6434e-001 -1.8344e+000 +1.4411e+000 +2.2798e-001 -1.0693e+000 -7.5352e-001 +2.5677e-001 +4.0588e-001 -1.2742e+000 -2.6077e-002 -1.6195e+000 +5.5387e-001 -5.9329e-002 -1.0275e+000 +4.1732e-001
44 0 +7.074342561e+005 +7.074342561e+005 +7.073927461e+005 +7.073927461e+005 +2.6373e+000 -1.1728e+000 -8.0281e-002 -1.1400e-001 -3.5057e-001 -3.1848e-001 +1.6219e-002 +1.6557e+000 +7.1486e-001 -1.6798e-001 +1.7597e-001 +1.6716e-001 -2.2024e-002 +2.1957e-001 +3.0433e+000 +1.3565e+000 -2.0160e+000 -1.3356e+000 -7.2339e-002 +1.4166e+000
134 0 +7.141248316e+004 +7.141248316e+004 +7.137097316e+004 +7.137097316e+004 +1.9192e+000 -9.3719e-001 -1.8837e+000 -2.9263e-001 -1.4374e+000 +5.2817e-002 -2.1428e+000 +3.7842e-001 -4.8022e-001 -5.6379e-001 -1.7368e+000 +1.2854e+000 -4.8069e-002 -2.7310e-001 +2.2278e+000 +1.0847e+000 -1.2754e+000 -5.7312e-001 -1.2496e+000 +2.1214e+000
204 0 +1.793652944e+002 +1.793652944e+002 +1.378552944e+002 +1.378552944e+002 +2.2344e+000 +2.6732e+000 -3.1040e-001 +2.9384e+000 -2.6607e-001 -2.5176e+000 -2.6865e+000 -1.7774e+000 +1.0074e+000 +9.2308e-001 +2.2849e+000 +2.9323e+000 -1.0258e+000 -3.0012e+000 +3.1656e+000 +3.8963e-001 -1.2110e+000 +2.0100e+000 -2.1687e+000 -3.1760e-001
467 0 +1.144242672e+002 +1.144242672e+002 +7.291426716e+001 +7.291426716e+001 +1.6459e-001 -1.1336e+000 -2.1900e+000 +1.6229e+000 -7.9714e-001 -3.5434e-002 +2.5094e-001 -1.2165e+000 +7.6129e-001 +3.9849e+000 +1.1275e+000 -1.2032e+000 -1.1772e+000 -2.0291e+000 +5.3482e+000 -1.8000e+000 -2.4102e-001 +4.8958e-001 -3.2582e-001 +1.0952e+000
% f evaluations | g evaluations | best noise-free fitness - Fopt | noise-free fitness - Fopt (1.320700000000e+002) | measured fitness | best measured fitness | x1 | x2...
1 0 +8.217017449e+006 +8.217017449e+006 +8.217149519e+006 +8.217149519e+006 +7.8998e-001 +5.2380e-001 -9.5878e-001 +1.0619e+000 -5.6152e-001 -3.8944e-001 +2.0312e-001 -5.2553e-001 -1.2211e-002 +1.9521e-001 +1.6086e+000 +1.7713e-001 +1.6014e-002 +5.1951e-001 -9.0608e-001 +2.3716e+000 -1.5053e+000 +1.4581e+000 -4.8192e-001 +8.5651e-001
5 0 +4.636959911e+006 +4.636959911e+006 +4.637091981e+006 +4.637091981e+006 -1.3542e+000 +5.6121e-001 +1.2644e+000 -1.2397e+000 -1.9024e+000 -6.1967e-001 +7.5913e-001 -2.3029e-001 -1.4500e+000 -2.0879e-001 -1.6344e+000 -4.3582e-001 -1.4451e+000 -5.1832e-002 -5.1531e-001 +7.8204e-001 -1.3822e-003 -1.0804e-001 +6.9178e-001 -2.4905e+000
7 0 +2.497829247e+006 +2.497829247e+006 +2.497961317e+006 +2.497961317e+006 -1.7398e+000 +1.7141e+000 +6.5109e-001 +2.7646e-002 +6.4660e-001 +1.1988e+000 +6.6503e-001 +1.2776e+000 +3.3349e-001 +7.4511e-001 +1.2880e+000 -4.2956e-001 +6.2606e-001 +1.4129e-001 +3.8823e-001 -2.9588e-001 -1.0562e-001 +3.8707e-001 -1.0226e-001 +7.5038e-001
10 0 +2.102325185e+006 +2.102325185e+006 +2.102457255e+006 +2.102457255e+006 -3.7352e-001 -9.6804e-001 +2.0592e-001 +1.3336e+000 -1.3620e+000 -1.1219e+000 -3.1452e-003 +1.2760e+000 +7.5614e-001 +1.0935e+000 +8.7922e-001 +1.9012e-001 -1.0933e+000 -6.7723e-001 +8.4843e-001 -5.5472e-001 -7.4889e-001 -8.0126e-001 -4.7465e-001 -2.4610e-002
32 0 +7.221029131e+005 +7.221029131e+005 +7.222349831e+005 +7.222349831e+005 -3.8485e-001 +1.4943e-001 +2.0418e+000 +1.5325e+000 -4.5863e-001 -6.2663e-001 +7.9687e-001 +2.1019e+000 +6.9805e-001 -5.1864e-001 -7.9296e-001 +7.3811e-001 -5.1169e-001 -2.1943e+000 +1.0287e+000 -1.9317e-001 -5.8282e-001 -1.6064e-001 +4.1583e-001 -1.4284e+000
58 0 +2.487312869e+004 +2.487312869e+004 +2.500519869e+004 +2.500519869e+004 -2.2365e+000 +4.2239e-001 +1.2382e+000 +2.6520e+000 -8.5757e-001 -8.0654e-001 +5.9352e-001 +1.9453e-001 -1.2755e+000 -3.3084e-001 -1.0474e+000 +4.4076e-001 -2.0613e+000 -2.6993e-001 +4.3657e-001 +5.1946e-001 +6.2899e-001 -2.4059e-001 +1.1158e+000 +6.4638e-001
136 0 +5.132830565e+003 +5.132830565e+003 +5.264900565e+003 +5.264900565e+003 -2.4259e+000 +2.2818e+000 +8.5171e-001 +6.8155e-001 -1.0761e+000 +3.2883e-001 +1.1871e+000 -9.2825e-001 +1.5008e-001 +2.2502e+000 -1.6327e+000 -3.8546e-001 -5.1841e-001 +3.0684e-001 +3.2461e-001 +2.6855e-001 -1.5160e+000 +1.3768e+000 +9.3915e-001 +5.5078e-001
141 0 +1.395737056e+002 +1.395737056e+002 +2.716437056e+002 +2.716437056e+002 -1.8114e+000 +8.3561e-001 +2.2908e+000 +9.4813e-001 +1.4031e-003 +5.2117e-001 +2.8928e-001 +9.5513e-001 +1.4984e+000 +1.2473e+000 +1.5970e+000 +3.4391e-001 -1.6729e+000 +1.0095e+000 -7.4818e-001 -1.1542e+000 +1.6430e-001 +1.8340e-001 +7.5831e-001 +1.3147e+000
1885 0 +1.195804313e+002 +1.195804313e+002 +2.516504313e+002 +2.516504313e+002 -3.1808e+000 +1.0651e+000 +3.0875e+000 +2.8388e+000 -2.1396e+000 +1.8190e+000 +2.0495e+000 -2.4336e+000 -2.2828e+000 -5.8612e+000 -6.1759e-001 +1.6355e-001 -3.9809e+000 -2.0272e+000 +8.9518e-001 +1.1339e+000 +2.9304e+000 -5.1503e-001 -4.0224e+000 +8.4517e-001
% f evaluations | g evaluations | best noise-free fitness - Fopt | noise-free fitness - Fopt (9.725000000000e+001) | measured fitness | best measured fitness | x1 | x2...
1 0 +8.731036372e+006 +8.731036372e+006 +8.731133622e+006 +8.731133622e+006 +7.3903e-001 +3.5126e-001 +5.7008e-001 -8.7498e-002 +2.7551e-001 +3.8780e-001 -4.2255e-001 -4.0162e-001 +8.8855e-001 -6.8491e-002 -3.7448e-001 -4.6604e-002 +6.6610e-001 -6.3177e-001 -1.7573e-001 +1.0919e+000 -3.6491e-001 -7.5403e-001 +9.5685e-001 -3.3064e-001
3 0 +7.971412626e+006 +7.971412626e+006 +7.971509876e+006 +7.971509876e+006 +5.4392e-001 -6.8334e-001 +1.3781e+000 -4.3703e-001 +3.7547e-001 -1.6605e-002 -1.3883e+000 -7.6671e-001 +8.6352e-001 +6.8321e-001 -5.8333e-001 +2.1257e-001 +1.2434e+000 -9.6812e-001 -1.2375e+000 +1.2156e+000 -2.1791e-001 -7.0433e-001 -8.2486e-001 +8.6596e-001
4 0 +2.339897437e+006 +2.339897437e+006 +2.339994687e+006 +2.339994687e+006 +8.2500e-001 -5.8070e-001 -6.8656e-001 +1.1470e+000 +4.2445e-001 -7.9539e-001 -1.0325e-001 -4.0240e-001 -1.5975e-001 +2.2824e+000 -2.1170e-002 -7.4119e-002 +2.8567e+000 -1.4957e+000 +1.5295e-001 -1.3373e+000 -7.4818e-002 +8.6354e-001 +1.3588e+000 +3.1636e-001
13 0 +4.170077159e+005 +4.170077159e+005 +4.171049659e+005 +4.171049659e+005 -9.4285e-002 -7.6700e-001 -1.9680e+000 -7.7008e-001 +1.0853e-001 +1.1356e+000 +1.2270e-001 -1.1236e-001 -5.9394e-001 +1.0136e+000 +1.0081e+000 -4.5593e-001 +2.8060e-001 +2.4221e-003 +2.8272e-001 +8.4310e-001 +1.1367e+000 -2.0541e-001 -1.7747e-001 -3.7525e-001
86 0 +1.719697814e+004 +1.719697814e+004 +1.729422814e+004 +1.729422814e+004 +9.8191e-001 -1.8260e+000 -1.0290e+000 +7.8556e-001 -3.5182e-001 +3.5333e-001 +1.6274e+000 +9.9605e-001 +1.2542e+000 +1.3766e+000 +7.8892e-001 -1.5403e-001 +2.3364e+000 +8.1306e-001 -2.1443e+000 -1.3377e+000 +7.6896e-001 -1.4724e+000 +8.1555e-001 -2.1489e+000
107 0 +6.830179843e+002 +6.830179843e+002 +7.802679843e+002 +7.802679843e+002 -1.2180e+000 +1.0133e+000 +1.4645e+000 -1.0678e+000 -2.7138e-001 -8.9140e-001 +5.6332e-001 -1.2879e+000 -1.7365e-002 +1.6227e+000 +1.4737e+000 -2.9214e+000 +2.5890e+000 +8.3627e-001 +1.0290e-001 -4.7431e-001 -1.2293e+000 -7.8002e-001 -4.2853e-001 +7.0022e-001
289 0 +3.300558397e+002 +3.300558397e+002 +4.273058397e+002 +4.273058397e+002 +2.7615e-001 +1.4938e+000 +9.3534e-001 -1.0593e+000 -1.7032e+000 +6.7402e-001 +4.8355e-001 +1.5732e+000 -2.1878e+000 +1.8354e+000 +9.9580e-001 -2.1333e+000 +3.2084e+000 +2.1076e+000 -2.0522e+000 -2.9275e-001 -6.8382e-001 -3.0876e+000 +1.9532e+000 -1.8366e+000
416 0 +1.046125801e+002 +1.046125801e+002 +2.018625801e+002 +2.018625801e+002 +2.9866e-001 +1.8466e+000 +1.6793e+000 +1.1331e+000 +2.2528e+000 +9.4894e-001 +2.4583e+000 -1.8645e-001 -6.0992e-001 +1.1494e+000 -1.9894e+000 -2.8351e+000 +1.6438e+000 -3.7782e-001 -5.4975e-001 -2.6027e-001 -5.6987e-001 -1.3875e+000 -2.7413e+000 +1.9512e-001
% f evaluations | g evaluations | best noise-free fitness - Fopt | noise-free fitness - Fopt (-2.033000000000e+001) | measured fitness | best measured fitness | x1 | x2...
1 0 +6.414744793e+005 +6.414744793e+005 +6.414541493e+005 +6.414541493e+005 -9.7088e-001 +1.0081e+000 -5.5821e-001 -8.5682e-001 -8.6362e-001 -9.0024e-001 +3.7161e-001 -1.9357e-001 -4.2928e-001 -1.7775e+000 +7.0561e-001 +1.5345e+000 -1.4648e+000 -2.2537e+000 +6.5918e-001 +5.2103e-001 +2.5689e-001 +7.4047e-001 +1.0182e-001 +1.8932e-001
2 0 +3.632755951e+004 +3.632755951e+004 +3.630722951e+004 +3.630722951e+004 -1.1139e+000 +9.0787e-001 +1.1272e-002 -2.6846e-001 -1.3407e-002 +6.4594e-001 -1.2941e+000 +1.1457e+000 -1.1920e-001 -1.5054e+000 +2.0587e+000 +4.3581e-001 -1.1043e-001 +1.3894e+000 -1.4961e+000 -2.1074e+000 -5.6369e-002 +1.9270e+000 -6.0378e-002 +6.7513e-001
91 0 +5.042085055e+002 +5.042085055e+002 +4.838785055e+002 +4.838785055e+002 -1.9547e+000 +1.8507e+000 +4.5089e-001 -4.0870e-001 -7.1528e-001 +1.6209e+000 -1.1344e+000 -4.6677e-002 +7.9340e-002 +6.7670e-002 -6.5925e-001 -6.4320e-001 +4.7092e-001 -4.0276e-001 +1.8674e-001 -8.9243e-001 +1.4855e+000 -2.8426e-001 +1.3007e+000 -5.7170e-001
268 0 +1.477305157e+002 +1.477305157e+002 +1.274005157e+002 +1.274005157e+002 -2.4386e-003 -4.7184e-001 -3.6453e-001 +1.4699e+000 -3.1674e-001 +1.5147e+000 -2.4206e+000 +3.8832e-001 +1.1484e+000 +1.2784e+000 +2.6355e-001 -1.1401e+000 -1.7139e+000 -3.7883e-001 -3.9735e+000 +7.2385e-001 -5.0312e-001 +1.8297e+000 +4.6019e-001 +1.5395e-001
970 0 +1.389623356e+002 +1.389623356e+002 +1.186323356e+002 +1.186323356e+002 +2.3825e+000 -7.9069e-001 -1.2550e+000 +3.6991e+000 +2.5203e-001 +2.0505e+000 -1.5642e+000 +8.0534e-001 -3.0998e-001 -1.6913e+000 +6.0550e-001 -4.5220e-001 +6.3367e-001 +2.7064e-001 +1.5653e+000 -2.7359e-001 -1.0693e-001 -6.3903e-001 -1.3132e+000 +1.0966e+000
2247 0 +1.082621048e+002 +1.082621048e+002 +8.793210480e+001 +8.793210480e+001 +3.0278e+000 +4.6096e+000 +1.6289e+000 +5.0205e-001 -2.1855e+000 +2.4344e+000 -2.1325e+000 +3.5426e-001 -5.3557e-001 -1.2588e+000 +1.4427e+000 -1.2733e+000 +1.7619e+000 +1.7577e+000 +2.7842e-001 -1.5028e+000 -6.5150e-001 -1.7427e+000 +5.3653e-001 -5.1008e-001
% f evaluations | g evaluations | best noise-free fitness - Fopt | noise-free fitness - Fopt (9.431000000000e+001) | measured fitness | best measured fitness | x1 | x2...
1 0 +8.165604522e+003 +8.165604522e+003 +8.259914522e+003 +8.259914522e+003 -7.3074e-001 -7.8702e-002 +9.2659e-001 -1.0217e+000 +9.8821e-001 +1.2516e+000 +8.5263e-001 +9.4482e-001 +9.0443e-001 +1.4948e+000 +6.0584e-001 -1.3281e+000 -1.1887e+000 -7.6432e-001 +9.5596e-002 +2.2237e+000 +1.1918e+000 +2.4533e+000 +1.0973e+000 -3.1458e-003
3 0 +4.002993614e+002 +4.002993614e+002 +4.946093614e+002 +4.946093614e+002 -1.5000e+000 +7.8376e-001 +9.9102e-001 -1.9252e-002 +1.2619e+000 +2.3338e-001 +7.2485e-001 -1.7639e+000 -1.1094e+000 -5.2376e-001 +1.1897e+000 -3.6753e-001 +7.3170e-001 +9.2409e-001 +1.8543e-001 +7.9556e-001 +1.6032e-001 +2.3482e+000 -1.2704e+000 -1.1633e+000
277 0 +1.933498809e+002 +1.933498809e+002 +2.876598809e+002 +2.876598809e+002 +2.3142e-002 +2.6155e-001 -8.5462e-001 -4.9075e-001 -7.7551e-001 +4.8033e-001 -1.1160e+000 +1.6616e+000 -5.0739e-001 -2.4796e+000 -4.2406e-001 -1.5791e+000 -1.4533e+000 -8.1324e-001 -3.3150e+000 -9.5476e-001 -1.1725e+000 +1.6330e+000 +3.6628e-001 -3.0986e+000
475 0 +1.513355319e+002 +1.513355319e+002 +2.456455319e+002 +2.456455319e+002 +2.4618e-001 -6.8565e-001 -5.8915e-001 +2.2821e-001 +9.7064e-002 +8.4806e-001 -1.2023e+000 -1.1151e+000 -1.6566e+000 +1.7436e-001 +5.7907e-001 -2.9800e+000 +2.3358e-001 +1.3817e+000 -5.3380e-001 +2.4600e-001 +2.0119e+000 -4.1171e-001 -2.4314e+000 +1.3725e+000
% f evaluations | g evaluations | best noise-free fitness - Fopt | noise-free fitness - Fopt (-1.436900000000e+002) | measured fitness | best measured fitness | x1 | x2...
1 0 +1.613542951e+005 +1.613542951e+005 +1.612106051e+005 +1.612106051e+005 -1.1202e+000 -1.1181e+000 +1.1212e+000 -1.4406e+000 +1.1368e+000 +9.2475e-001 +2.4340e+000 +1.3273e+000 +2.6423e-001 -8.5243e-001 +2.3212e-001 +7.6469e-001 +2.9907e-001 +7.7954e-001 +2.2630e+000 -2.1039e+000 -5.4531e-001 +7.3187e-001 +8.4555e-001 -9.0301e-001
2 0 +1.083757351e+005 +1.083757351e+005 +1.082320451e+005 +1.082320451e+005 +1.2819e+000 +6.8307e-001 -1.3207e+000 -1.6274e-001 +1.9514e-001 +1.0568e+000 +6.4564e-002 +8.7011e-001 +5.4017e-001 -3.4741e-001 -1.7099e+000 -1.1660e+000 +3.7893e-001 -5.2549e-001 -4.4222e-001 -1.0583e+000 +8.1992e-001 +1.3710e+000 -9.1396e-001 +1.2444e+000
4 0 +4.263175433e+004 +4.263175433e+004 +4.248806433e+004 +4.248806433e+004 +7.5427e-001 -5.4253e-001 +9.7504e-001 +2.6940e-001 +2.1592e-001 +1.3684e-001 +8.7091e-001 -1.6916e+000 +3.7254e-001 -1.5992e+000 -2.1490e+000 -8.7794e-001 +4.9558e-001 -1.9701e+000 -1.1935e+000 -6.0118e-001 +5.3026e-001 -2.5898e-001 -1.8944e+000 +1.9968e+000
8 0 +3.598341657e+002 +3.598341657e+002 +2.161441657e+002 +2.161441657e+002 +1.0509e+000 -4.6389e-001 +2.6308e-001 -1.5398e+000 -1.9245e-001 -3.6268e-001 +7.7371e-001 -8.9548e-002 -6.7611e-001 -4.8380e-001 -3.3493e-001 -1.2487e+000 +3.9531e-001 +2.0809e-001 +3.6429e-001 -1.4054e-001 +1.5654e-001 -7.8088e-001 -1.0712e+000 -4.4752e-001
137 0 +1.361840485e+002 +1.361840485e+002 -7.505951474e+000 -7.505951474e+000 +1.2123e+000 -5.2734e-001 -9.3068e-001 +4.9124e-001 -7.1121e-001 -1.7027e+000 +8.2366e-001 -4.9931e-001 -5.2145e-001 -2.1186e+000 +3.6548e-001 +2.0985e-001 -1.5355e+000 -1.9735e-001 +5.2430e-002 +4.3949e-001 +2.1358e-002 +1.2012e+000 +2.8655e-001 +8.9539e-001
998 0 +1.198200683e+002 +1.198200683e+002 -2.386993172e+001 -2.386993172e+001 +1.0627e-001 -8.0010e-001 -1.2321e+000 -2.0711e-001 +7.7520e-002 -8.8241e-001 -4.7454e-001 -5.9620e-002 -9.8708e-001 -8.1673e-001 -7.1814e-001 +1.2763e-001 +6.1358e-002 -1.9847e-001 +1.2103e+000 -4.5805e-001 +1.3793e+000 -1.1868e+000 -5.0471e-001 +2.0199e-001
1357 0 +1.168435508e+002 +1.168435508e+002 -2.684644916e+001 -2.684644916e+001 -1.1821e+000 -1.0534e+000 -5.0973e-001 +1.4723e-001 +8.0772e-002 -3.3876e-001 +6.6084e-001 +8.9484e-001 -9.1281e-001 -4.7820e-001 -1.3949e-001 -6.2786e-001 +1.1142e+000 -1.0415e+000 +8.6705e-001 +4.6026e-001 +4.6284e-001 -2.8379e-001 -5.2329e-001 +1.2151e-001
2402 0 +1.137791991e+002 +1.137791991e+002 -2.991080092e+001 -2.991080092e+001 -1.7623e-001 -1.1911e+000 -4.4214e-001 -2.1783e-001 +5.0407e-001 -2.0096e-001 +1.4624e+000 +1.2868e+000 +7.7494e-001 +6.6298e-001 -2.5138e-001 -3.3910e-001 +5.0645e-001 -5.0464e-001 +1.4277e+000 +1.0044e+000 +8.8945e-001 -8.2907e-001 -1.1964e+000 -1.8773e+000
% f evaluations | g evaluations | best noise-free fitness - Fopt | noise-free fitness - Fopt (-3.533800000000e+002) | measured fitness | best measured fitness | x1 | x2...
1 0 +8.350791068e+005 +8.350791068e+005 +8.347257268e+005 +8.347257268e+005 -1.3727e+000 -4.7870e-001 -1.5462e+000 +1.6352e-001 +1.8792e+000 +4.9925e-001 +6.5005e-001 +2.6905e-001 -7.9770e-001 +4.9291e-001 +9.1362e-001 +2.1812e-001 -1.5512e+000 +8.8099e-001 +6.0542e-001 +4.8236e-001 -8.3028e-001 +4.4048e-001 -2.3586e+000 -6.2331e-001
22 0 +5.044083730e+005 +5.044083730e+005 +5.040549930e+005 +5.040549930e+005 -1.3662e+000 +1.0128e+000 -5.4642e-001 +8.4162e-001 -8.6740e-001 +4.9760e-001 -4.9494e-001 +1.0337e+000 -1.4219e+000 -1.8957e+000 -4.1723e-001 +5.0209e-001 +1.5214e-001 +1.2306e+000 -1.6339e-001 +8.4232e-001 -8.2116e-001 +6.0568e-001 +2.2304e-001 +1.7204e-001
27 0 +3.379265995e+003 +3.379265995e+003 +3.025885995e+003 +3.025885995e+003 +6.2016e-001 +6.6767e-001 -9.2110e-001 +1.9356e+000 +1.3729e-002 +7.4078e-001 -1.6596e+000 -1.7578e-001 -1.1597e-001 -1.9208e+000 -9.5856e-001 +2.9384e-002 +2.1656e+000 -7.6045e-003 -7.0840e-001 +2.1836e+000 +3.3557e-001 +1.1061e+000 -1.0967e+000 +2.0267e-001
128 0 +3.179795632e+003 +3.179795632e+003 +2.826415632e+003 +2.826415632e+003 -4.7506e-001 +2.1717e+000 -2.5861e+000 +3.2788e+000 -7.7491e-001 +3.7725e+000 +1.1371e-001 -3.3433e-001 -1.0253e+000 -2.7415e+000 -8.3694e-001 -2.4439e-002 -9.8778e-002 -4.9416e-001 -3.1731e-001 +2.1305e+000 -1.8641e+000 -1.3544e+000 +6.3216e-002 +3.6049e-001
142 0 +2.958855104e+003 +2.958855104e+003 +2.605475104e+003 +2.605475104e+003 -2.8646e+000 +4.0447e-001 -1.5820e+000 +2.0628e-001 -1.1723e+000 +3.5326e+000 -3.7902e-001 -2.0249e+000 -2.5101e+000 +1.0992e+000 +8.9565e-001 +1.6038e+000 +2.5128e-001 +6.1801e-001 +2.0844e+000 +1.2094e+000 -6.6528e-001 +4.7699e-001 -7.0006e-002 +2.2906e-001
158 0 +2.688619573e+003 +2.688619573e+003 +2.335239573e+003 +2.335239573e+003 +1.6913e+000 -6.5346e-001 +4.8554e-001 -1.0315e+000 +1.0279e+000 +1.3164e+000 -1.9859e-001 +2.2352e-001 -1.3449e+000 -1.0546e+000 -1.6812e+000 +1.7570e+000 +1.5037e+000 -5.1953e-001 -1.2425e+000 +2.2241e+000 -2.5701e+000 -2.0293e+000 -4.7575e-001 +3.7570e-001
240 0 +4.316979692e+002 +4.316979692e+002 +7.831796916e+001 +7.831796916e+001 +1.4430e+000 -4.0836e-001 -3.3712e-001 +7.8420e-001 +3.8605e-001 +3.1279e+000 -8.7927e-003 -1.0227e+000 -1.2220e+000 -2.4415e+000 +3.7231e+000 +3.4442e-002 +1.2715e+000 -9.3235e-001 -3.2842e+000 +2.1578e+000 -2.2323e+000 +2.7670e+000 +1.8897e+000 +1.5237e+000
296 0 +3.835050447e+002 +3.835050447e+002 +3.012504471e+001 +3.012504471e+001 +4.2818e-002 +1.3413e+000 +1.8169e+000 +3.5086e+000 +3.1356e-001 -8.1952e-001 -9.7081e-001 +1.0526e-001 -1.5999e+000 -2.3770e+000 +1.6728e+000 +5.6230e-002 +2.2750e+000 +9.4117e-001 +1.2177e+000 -1.2431e-001 -6.9880e-001 +3.4693e+000 +2.4899e-002 -1.4126e+000
304 0 +1.466134844e+002 +1.466134844e+002 -2.067665156e+002 -2.067665156e+002 -1.7965e+000 +3.7455e-001 -3.9031e+000 +2.2349e+000 -1.4050e+000 +1.4412e+000 +2.2859e+000 -2.0892e+000 -2.3445e+000 +3.5553e+000 +5.9111e-001 +3.8824e-001 +1.6620e+000 +3.1250e-001 +4.1694e-001 +2.0443e-001 -2.3410e-001 -5.3609e-001 -1.8038e+000 -6.3204e-001
2525 0 +1.213734705e+002 +1.213734705e+002 -2.320065295e+002 -2.320065295e+002 +3.3627e-001 +4.8084e+000 -1.5583e+000 +1.6172e+000 +9.4799e-001 +7.9769e-001 +2.2883e-001 -4.2056e+000 +8.0404e-001 -3.1949e+000 +3.6192e+000 -1.0335e+000 -1.9260e-001 +6.0299e-001 -2.7791e-001 +1.1979e+000 +2.0117e-001 +2.0534e+000 -1.2474e+000 +1.5478e+000
% f evaluations | g evaluations | best noise-free fitness - Fopt | noise-free fitness - Fopt (-2.910000000000e+000) | measured fitness | best measured fitness | x1 | x2...
1 0 +3.350654603e+005 +3.350654603e+005 +3.350625503e+005 +3.350625503e+005 -1.5161e+000 +5.4735e-002 -1.0404e+000 +7.0118e-001 +3.3144e-001 +2.2629e-001 -8.9647e-001 -7.9551e-001 -8.1479e-002 +7.1301e-001 -2.1533e+000 +4.4969e-002 -2.5849e-001 -1.2202e-001 +1.1303e+000 -2.2691e+000 +1.4880e-002 +2.7641e-001 -1.0866e+000 +3.2179e-001
2 0 +2.493380064e+003 +2.493380064e+003 +2.490470064e+003 +2.490470064e+003 +8.1531e-001 -1.6523e+000 -1.4194e+000 +1.1539e-001 +6.7360e-001 +5.6280e-001 -1.5486e-001 -5.9381e-001 -6.3947e-001 +1.0283e-001 -4.3604e-001 +5.9399e-001 +1.2266e+000 +1.8088e+000 +4.7060e-001 -2.7072e-001 +1.9156e+000 -5.1941e-002 -7.1436e-002 -1.9702e+000
12 0 +1.056605799e+003 +1.056605799e+003 +1.053695799e+003 +1.053695799e+003 -8.3374e-001 +2.4397e-002 -5.4531e-001 -8.6923e-001 -4.9008e-002 +1.7075e+000 +1.2290e+000 -2.7196e+000 +1.7054e+000 +1.1001e+000 -1.5776e-001 +7.1868e-002 -9.0576e-002 +2.9978e-001 +8.0485e-001 -4.7340e-001 -1.7484e+000 -4.7393e-001 -6.5129e-001 +1.3207e+000
15 0 +8.945969819e+002 +8.945969819e+002 +8.916869819e+002 +8.916869819e+002 -2.3067e-001 -1.3920e+000 -1.0708e-001 +6.1572e-001 +3.4673e-001 +4.4024e-001 +1.1223e-002 -5.8687e-001 +3.7882e-001 +3.7585e-001 -9.8084e-001 -1.2352e+000 -1.3398e+000 -1.1380e+000 -9.0026e-001 +3.4696e-001 -2.1981e-002 -1.9393e-001 -3.5492e-001 -7.2284e-001
117 0 +5.065154042e+002 +5.065154042e+002 +5.036054042e+002 +5.036054042e+002 -3.4045e-001 +8.4345e-001 -1.3861e+000 -1.5005e+000 -6.7404e-001 +1.0926e+000 +1.9805e+000 +6.8926e-001 +1.0941e+000 +1.4339e+000 -1.1527e-001 -9.1136e-001 +4.2776e-001 +1.7798e+000 +1.3039e-001 -5.0681e-001 +1.9413e+000 -2.2588e-001 +5.9831e-001 -8.3922e-001
178 0 +3.185520878e+002 +3.185520878e+002 +3.156420878e+002 +3.156420878e+002 -6.5126e-001 -6.8576e-001 -3.8684e-001 -1.4967e+000 +7.9969e-001 +1.5388e+000 -7.7786e-001 -2.6305e+000 +1.0658e+000 -9.7353e-001 -3.4241e-001 -3.9841e-001 +8.0316e-001 -5.6601e-001 +1.9582e+000 -7.6265e-001 -1.7933e+000 +2.1400e-001 +1.8034e-001 +8.4287e-001
187 0 +1.770042904e+002 +1.770042904e+002 +1.740942904e+002 +1.740942904e+002 -8.9480e-001 +2.1054e+000 +1.5494e+000 +1.5588e+000 -4.5715e-001 -9.3352e-001 -1.7742e+000 +9.9289e-001 -1.7833e+000 -2.7580e+000 -5.3798e-001 -3.4935e-001 +1.7932e+000 +3.8220e-001 -1.9883e+000 -8.3001e-001 +1.6297e+000 +1.3559e+000 -1.5060e+000 -1.4491e+000
1015 0 +1.723038572e+002 +1.723038572e+002 +1.693938572e+002 +1.693938572e+002 -8.8634e-002 -1.4015e+000 +1.0083e+000 -1.4614e+000 -5.1187e-001 +1.3749e+000 +1.0757e-001 +1.3720e+000 -3.9088e-001 -1.6377e-001 -2.1358e+000 +3.4184e-001 +2.6838e+000 +8.3758e-001 +1.6564e+000 -3.6997e-001 -7.2785e-001 +1.7945e+000 -2.1324e-001 +1.7720e+000
2147 0 +1.604727588e+002 +1.604727588e+002 +1.575627588e+002 +1.575627588e+002 -4.4439e-001 +4.0948e-001 +1.2855e+000 +7.3288e-001 +1.4460e+000 +1.4965e+000 -4.8008e-002 +1.4342e+000 +1.0332e+000 +6.5165e-001 -1.5638e+000 -6.7564e-001 +4.0342e+000 +3.0081e-001 +2.6727e-001 -2.5697e-001 +6.7379e-001 +8.1328e-001 +6.3106e-001 -2.2282e-001
3230 0 +1.557423469e+002 +1.557423469e+002 +1.528323469e+002 +1.528323469e+002 -6.1215e-001 +9.3543e-001 +2.6425e+000 +2.4736e-001 +9.1802e-001 +7.0843e-001 +5.1842e-001 +3.8946e-001 +2.1346e-001 +5.4936e-001 -8.6449e-001 +2.6326e-001 +2.4201e+000 -2.6444e-001 +1.7413e+000 +1.0784e+000 -1.2558e+000 +3.9747e-001 -1.0250e+000 -2.8380e-001
8798 0 +1.542477081e+002 +1.542477081e+002 +1.513377081e+002 +1.513377081e+002 -1.7476e+000 +1.9243e+000 +1.6540e+000 +6.0727e-001 +4.0144e-001 +2.4424e+000 -7.5763e-001 +7.5733e-001 +8.7289e-001 +1.5414e+000 -1.9412e+000 +8.8878e-001 +2.6952e+000 +3.7775e-001 +8.4071e-001 +4.5486e-001 +1.9594e-002 -4.3950e-001 -1.8600e+000 +1.3318e-001
507135 0 +1.513558763e+002 +1.513558763e+002 +1.484458763e+002 +1.484458763e+002 -2.3372e+000 +2.6858e+000 +2.1795e+000 +4.5693e-001 +7.6885e-001 +2.2013e+000 -5.4547e-001 +7.5359e-001 +7.1887e-001 +1.2311e+000 -1.7606e+000 +5.7500e-001 +2.8094e+000 +3.1959e-001 +1.0835e+000 -2.3054e-002 -5.0988e-002 -6.0723e-001 -2.4957e+000 +2.0423e-001
653814 0 +1.479089786e+002 +1.479089786e+002 +1.449989786e+002 +1.449989786e+002 -2.2657e+000 +2.6828e+000 +2.1882e+000 +4.5761e-001 +7.5624e-001 +2.1953e+000 -5.2196e-001 +7.3335e-001 +7.3895e-001 +1.1627e+000 -1.7819e+000 +5.2325e-001 +2.7316e+000 +3.2628e-001 +1.0343e+000 -6.3432e-002 -1.8937e-002 -6.3236e-001 -2.5077e+000 +1.8940e-001
800002 0 +1.445421823e+002 +1.445421823e+002 +1.416321823e+002 +1.416321823e+002 -2.1959e+000 +2.6751e+000 +2.2055e+000 +4.4912e-001 +7.4895e-001 +2.1987e+000 -5.0458e-001 +7.2193e-001 +7.5510e-001 +1.0920e+000 -1.8106e+000 +4.6334e-001 +2.6563e+000 +3.3405e-001 +9.9199e-001 -9.0260e-002 +1.9634e-002 -6.6433e-001 -2.4966e+000 +1.6456e-001
941541 0 +1.412523867e+002 +1.412523867e+002 +1.383423867e+002 +1.383423867e+002 -2.1206e+000 +2.6690e+000 +2.2211e+000 +4.4056e-001 +7.3603e-001 +2.1966e+000 -4.8991e-001 +7.2048e-001 +7.7515e-001 +1.0202e+000 -1.8268e+000 +4.0044e-001 +2.5845e+000 +3.4324e-001 +9.4818e-001 -1.1416e-001 +5.4216e-002 -6.9790e-001 -2.5080e+000 +1.4922e-001
% f evaluations | g evaluations | best noise-free fitness - Fopt | noise-free fitness - Fopt (-2.970000000000e+000) | measured fitness | best measured fitness | x1 | x2...
1 0 +6.948400940e+006 +6.948400940e+006 +6.948397970e+006 +6.948397970e+006 +6.7820e-001 +5.0022e-001 +6.9606e-001 +2.1236e+000 -5.8068e-001 +1.5489e+000 +2.5578e+000 -3.0087e-001 -5.7289e-001 +1.1756e+000 -1.4369e-002 +2.3288e+000 -4.9952e-001 -9.9321e-002 +3.0904e-001 -1.2899e+000 -8.3428e-001 +4.0226e-001 -1.5767e+000 +4.3946e-001
3 0 +2.693796826e+006 +2.693796826e+006 +2.693793856e+006 +2.693793856e+006 +3.7746e-001 -8.5783e-002 -4.5289e-001 -1.7157e+000 +5.8807e-002 -1.2153e+000 -3.8157e-001 -2.5958e-001 -5.4522e-001 +6.1000e-002 +8.3959e-001 +1.6996e+000 +8.5593e-001 -7.9495e-001 -1.9560e+000 +1.6431e-001 +1.4676e+000 -1.3465e+000 -3.2567e-001 -4.1117e-002
19 0 +2.948002411e+003 +2.948002411e+003 +2.945032411e+003 +2.945032411e+003 +1.1844e+000 +1.6395e+000 +2.9687e-001 +4.2765e-001 +6.3638e-001 +2.1132e-001 -1.4013e+000 +3.3972e-001 -5.3732e-001 -1.1149e-001 -1.7162e+000 -1.5532e+000 -1.8841e+000 -1.1250e+000 +8.7693e-001 -1.3072e-001 -1.0256e-002 -1.0255e+000 +2.9400e+000 +9.5906e-001
106 0 +1.738026681e+003 +1.738026681e+003 +1.735056681e+003 +1.735056681e+003 +1.0023e+000 +1.1012e+000 -1.1152e+000 -3.5922e+000 +6.9818e-001 -1.2187e-001 +1.3009e+000 +7.1642e-001 -1.1137e+000 -1.7179e+000 -1.0899e+000 -2.2319e-001 -1.3484e+000 +4.7903e-001 +2.3128e+000 -5.5089e-002 +6.9478e-001 -9.6713e-002 +2.6633e+000 -1.2409e+000
190 0 +1.034573165e+003 +1.034573165e+003 +1.031603165e+003 +1.031603165e+003 +5.1175e-001 +1.9346e+000 -3.0270e-001 +1.6666e+000 -6.7063e-001 -5.5174e-001 -2.9232e-002 -1.9279e-001 -1.5275e+000 +9.0278e-001 +1.6047e+000 -1.0763e+000 -1.7444e+000 -1.9082e+000 +4.7219e-001 +1.6335e-001 +2.1532e-001 -1.2804e+000 +3.5770e+000 +1.3273e+000
276 0 +6.933433989e+002 +6.933433989e+002 +6.903733989e+002 +6.903733989e+002 +3.6654e-001 +1.7555e+000 -1.4506e+000 +1.7406e+000 +1.9066e+000 -5.8075e-001 -5.8182e-001 +2.0559e+000 -1.6499e+000 +1.2678e+000 +1.5129e+000 -2.0542e+000 +5.2133e-001 -6.7215e-001 +2.3289e+000 +7.2009e-001 -1.2106e+000 -2.5903e+000 -1.2821e-001 -3.5718e-002
344 0 +2.363020234e+002 +2.363020234e+002 +2.333320234e+002 +2.333320234e+002 -4.3534e-001 -6.1230e-001 +2.4216e-001 -3.0978e+000 -4.2685e-001 -5.1251e-001 +7.5213e-001 +2.0624e+000 -1.4607e+000 +2.0619e-001 -1.4803e+000 +1.4343e+000 +7.0320e-001 +7.2137e-001 +2.2742e+000 -6.6038e-001 -1.8177e+000 -1.2054e+000 +8.0310e-001 +1.7106e-001
377 0 +1.745485862e+002 +1.745485862e+002 +1.715785862e+002 +1.715785862e+002 +3.5250e+000 +2.5697e+000 -2.4581e+000 +2.2838e+000 +2.9328e-001 +2.0234e+000 -1.9565e+000 +2.9280e+000 -8.5488e-001 -7.0410e-002 -3.3456e+000 +2.8046e+000 -5.2145e-001 -2.4055e+000 +1.1285e+000 -2.7965e+000 +9.8026e-002 +1.1007e+000 -1.8643e+000 +3.3365e+000
1275 0 +1.652885971e+002 +1.652885971e+002 +1.623185971e+002 +1.623185971e+002 +3.1219e+000 +6.2588e-001 -2.9545e+000 +6.8557e-001 +3.8987e-001 +3.0011e-001 +2.1093e+000 +9.9859e-001 +3.1365e-001 -3.5584e+000 -3.5816e+000 -5.1657e-001 -4.6883e-001 -2.1398e+000 +1.8390e+000 -2.1573e+000 -1.3944e+000 +1.5544e+000 +7.5704e-001 +9.3220e-001
1856 0 +1.322619007e+002 +1.322619007e+002 +1.292919007e+002 +1.292919007e+002 +1.8826e+000 +5.6044e-001 -1.7741e+000 +2.2997e+000 +8.7399e-001 -4.2933e-004 -2.4811e-001 +1.9399e-001 -6.7118e-001 +8.5727e-001 -3.0373e+000 +3.9065e+000 +3.0254e+000 -1.1833e+000 +1.3789e+000 +5.3076e-001 -2.8854e-001 +1.5393e+000 -5.7411e-001 -9.9377e-001
6185 0 +1.313218568e+002 +1.313218568e+002 +1.283518568e+002 +1.283518568e+002 +4.6842e-002 -1.7405e+000 -1.5225e+000 +2.3532e+000 +1.1339e-001 -2.5387e+000 -5.4529e-001 +1.0517e+000 +7.4930e-001 -1.0679e+000 -2.8375e+000 +3.4365e+000 +2.9497e+000 +1.6279e-001 +3.1321e+000 -1.4416e+000 -1.5137e+000 +1.0004e+000 -5.9565e-001 -1.5477e+000
7739 0 +1.279735189e+002 +1.279735189e+002 +1.250035189e+002 +1.250035189e+002 +1.8537e-002 -2.1823e+000 -2.2703e+000 +1.4967e+000 -6.6093e-001 -2.3375e+000 +2.0719e-002 +4.0196e-001 +8.7116e-001 -1.1493e+000 -2.3049e+000 +2.7864e+000 +1.9301e+000 -1.1001e-002 +3.8582e+000 +3.4609e-002 -1.1877e+000 +1.4898e+000 +2.5271e-002 -1.2604e+000
983297 0 +1.258849824e+002 +1.258849824e+002 +1.229149824e+002 +1.229149824e+002 +8.8875e-001 -2.0587e+000 -1.8636e+000 +2.5364e+000 +2.1973e-001 -2.4700e+000 +6.0309e-003 -6.3215e-001 +9.1475e-001 -1.2271e+000 -2.9127e+000 +3.5663e+000 +2.6618e+000 -4.5756e-002 +3.9529e+000 -5.7611e-001 -1.4045e+000 +1.4402e+000 -5.8773e-001 -2.0836e+000
% f evaluations | g evaluations | best noise-free fitness - Fopt | noise-free fitness - Fopt (2.996300000000e+002) | measured fitness | best measured fitness | x1 | x2...
1 0 +3.240692335e+006 +3.240692335e+006 +3.240991965e+006 +3.240991965e+006 +3.3220e-002 -2.3685e+000 +4.0482e-001 -1.6888e+000 +1.1174e+000 +2.7105e-002 -3.2861e-001 +2.1360e+000 -1.1846e+000 -4.4092e-001 -8.5033e-001 -1.3671e+000 +1.6960e+000 +1.0028e+000 +4.0231e-001 +1.1210e+000 -9.8761e-001 +2.3747e+000 +3.0439e-002 +8.2860e-001
2 0 +6.716310596e+005 +6.716310596e+005 +6.719306896e+005 +6.719306896e+005 +5.4413e-001 -4.4945e-001 +1.1880e+000 -1.8692e-001 -9.9082e-001 +4.8491e-001 +1.9015e+000 +9.0787e-001 -1.3528e+000 -2.7504e-002 +9.2308e-001 -1.1338e+000 +6.7491e-002 -6.7228e-001 -1.1960e+000 -1.1430e+000 +1.3421e+000 +8.5651e-001 -3.2079e-001 -1.1126e+000
9 0 +7.687324039e+003 +7.687324039e+003 +7.986954039e+003 +7.986954039e+003 +5.5499e-001 -7.1714e-001 -1.1032e+000 +7.7525e-002 +2.7984e-001 +2.3387e+000 +4.5869e-001 +8.2024e-002 -3.4523e-001 -1.2582e+000 +1.5346e+000 -7.2497e-001 +3.0864e-001 -5.0524e-001 -9.9352e-001 -7.8252e-001 -3.2017e-001 -4.7218e-001 -8.7303e-001 -7.1276e-001
48 0 +1.379160341e+003 +1.379160341e+003 +1.678790341e+003 +1.678790341e+003 +7.1414e-001 +5.4368e-001 +1.0057e+000 +9.6877e-001 +1.6809e+000 +1.3036e+000 +3.8099e-001 -1.4104e+000 -7.5263e-001 +5.0844e-001 +7.1165e-002 -1.6345e+000 -7.2059e-001 -5.0872e-001 +1.8483e+000 +2.3410e-001 -1.8618e-001 +9.5422e-003 -1.6866e-001 -1.0134e-001
111 0 +1.022634557e+003 +1.022634557e+003 +1.322264557e+003 +1.322264557e+003 +2.7830e-002 +9.8442e-002 +2.5791e-001 -1.0726e+000 -1.6389e+000 +6.1420e-001 -5.7670e-002 -1.6881e+000 -1.8681e-001 -7.2219e-001 -1.5295e-001 -1.4031e+000 +3.1676e-001 +6.8524e-002 +9.3974e-001 +1.3753e+000 -8.8710e-001 +1.6402e+000 +3.0653e-001 -9.2350e-001
189 0 +3.982043469e+002 +3.982043469e+002 +6.978343469e+002 +6.978343469e+002 -5.4232e-001 +1.7539e+000 +6.2822e-001 +9.6839e-001 -4.5871e-001 +1.3334e-001 +4.1610e-001 -7.4886e-001 -1.6235e+000 -4.7495e-001 +1.8982e-002 +1.4063e+000 -2.4763e+000 -1.9395e-001 -1.2651e+000 +6.7619e-001 -7.6067e-001 -1.6217e+000 +1.3706e-001 -2.4120e-002
195 0 +2.659093104e+002 +2.659093104e+002 +5.655393104e+002 +5.655393104e+002 +6.9515e-001 -1.9168e+000 +4.1197e-001 +2.2149e-001 -1.0666e+000 +2.9404e+000 +8.4759e-001 -2.8879e-002 +7.6445e-002 -9.9749e-001 +1.8929e+000 -5.5331e-001 +9.8820e-001 +6.6310e-001 -7.8634e-001 +2.8422e+000 +4.2677e-001 -1.1206e-001 +1.5298e-001 +7.6965e-001
237 0 +2.299846934e+002 +2.299846934e+002 +5.296146934e+002 +5.296146934e+002 +6.3387e-001 -1.1967e+000 +1.0855e+000 -1.3032e+000 -1.5278e+000 +1.2560e+000 +7.7875e-001 -2.3543e-001 -5.0922e-001 -4.6045e-001 +1.8437e-001 -4.5085e-001 -1.6620e+000 -5.0101e-001 -2.9572e+000 +2.1541e+000 +1.9350e+000 +5.3147e-001 +3.1382e-001 -1.2706e+000
480 0 +2.178457394e+002 +2.178457394e+002 +5.174757394e+002 +5.174757394e+002 +1.4641e+000 +8.7843e-001 +4.9680e-001 -1.0510e+000 -7.6182e-001 +3.2348e-001 +9.0842e-001 +7.5987e-001 -4.8100e-001 +8.7418e-001 -1.4330e-001 -1.4171e+000 +7.5616e-002 -6.2307e-001 +8.9463e-001 -1.3690e+000 +3.2832e+000 +2.7696e+000 +1.3298e+000 -3.6411e+000
772 0 +1.715700591e+002 +1.715700591e+002 +4.712000591e+002 +4.712000591e+002 -1.4332e+000 +1.0377e+000 -3.5464e+000 +4.2628e-001 +1.1398e-001 -6.1872e-001 +6.8710e-002 +2.8989e-001 -9.1717e-001 +1.4978e-002 -9.1601e-001 +1.6218e+000 +9.6405e-001 -2.2336e-001 +3.2410e+000 +2.9919e+000 +2.7832e+000 +8.3850e-001 +1.8366e+000 +3.5989e-001
3703 0 +1.622122775e+002 +1.622122775e+002 +4.618422775e+002 +4.618422775e+002 +6.1348e-002 +9.8544e-001 -1.2573e+000 -7.8269e-001 +1.1494e-001 +1.7421e+000 +7.5712e-001 -2.2919e+000 -4.5771e-001 -1.1798e-001 -3.1694e-001 +3.5746e-001 -8.3700e-001 -1.3244e+000 -1.5895e+000 +8.8867e-002 +9.5485e-001 +1.7987e+000 +1.0472e+000 +5.0941e-001
