% function evaluation | noise-free fitness - Fopt (1.238300000000e+02) | best noise-free fitness - Fopt | measured fitness | best measured fitness | x1 | x2...
1 +1.094909406e+05 +1.094909406e+05 +1.096147706e+05 +1.096147706e+05 -1.5947e+00 +9.3607e-01 -1.0428e+00 +4.6604e+00 +4.3646e+00 +1.2795e+00 -3.4577e+00 -3.1649e+00 +4.4327e+00 -1.9173e+00
12 +3.898144846e+04 +3.898144846e+04 +3.910527846e+04 +3.910527846e+04 -5.9465e-01 +8.4346e-01 -1.0155e+00 +4.1383e+00 +3.6423e+00 +8.8794e-01 -2.9655e+00 -2.3362e+00 +3.7896e+00 -1.9018e+00
23 +1.486915116e+04 +1.486915116e+04 +1.499298116e+04 +1.499298116e+04 +5.2595e-02 +7.5772e-01 -1.0649e+00 +3.5492e+00 +3.0457e+00 +8.5181e-01 -2.4279e+00 -1.8705e+00 +3.1708e+00 -1.8384e+00
34 +5.673033350e+03 +5.673033350e+03 +5.796863350e+03 +5.796863350e+03 +5.4737e-01 +6.7797e-01 -1.1219e+00 +2.9894e+00 +2.5314e+00 +8.9191e-01 -1.9489e+00 -1.5015e+00 +2.6432e+00 -1.7066e+00
45 +2.617606769e+03 +2.617606769e+03 +2.741436769e+03 +2.741436769e+03 +8.8678e-01 +6.0728e-01 -1.1479e+00 +2.5397e+00 +2.1467e+00 +9.4522e-01 -1.5640e+00 -1.2332e+00 +2.2439e+00 -1.5684e+00
56 +1.527021132e+03 +1.527021132e+03 +1.650851132e+03 +1.650851132e+03 +1.1277e+00 +5.3920e-01 -1.1403e+00 +2.1750e+00 +1.8470e+00 +9.9300e-01 -1.2423e+00 -1.0297e+00 +1.9327e+00 -1.4327e+00
78 +8.683082800e+02 +8.683082800e+02 +9.921382800e+02 +9.921382800e+02 +1.4432e+00 +3.9281e-01 -1.0365e+00 +1.5993e+00 +1.3783e+00 +1.0594e+00 -6.9766e-01 -7.2897e-01 +1.4538e+00 -1.1609e+00
100 +5.475462097e+02 +5.475462097e+02 +6.713762097e+02 +6.713762097e+02 +1.7716e+00 +1.3117e-01 -7.5057e-01 +8.4714e-01 +7.4236e-01 +1.1059e+00 +6.0789e-02 -3.4592e-01 +8.2076e-01 -7.2486e-01
144 +3.016713688e+02 +3.016713688e+02 +4.255013688e+02 +4.255013688e+02 +1.3692e+00 -3.0686e-03 -4.2974e-01 +8.5576e-01 +7.2802e-01 +9.6361e-01 -1.4371e-01 -2.9321e-01 +8.2260e-01 -4.5260e-01
155 +1.570829506e+02 +1.570829506e+02 +2.809129506e+02 +2.809129506e+02 +8.5651e-01 -1.2677e-01 -8.7591e-02 +9.4412e-01 +7.8174e-01 +7.8620e-01 -4.7174e-01 -2.7874e-01 +8.9502e-01 -1.8773e-01
188 +9.922087094e+01 +9.922087094e+01 +2.230508709e+02 +2.230508709e+02 +5.3385e-01 -2.9196e-01 +3.0025e-01 +7.2130e-01 +5.8573e-01 +6.0123e-01 -4.8755e-01 -1.5260e-01 +7.1741e-01 +1.4079e-01
221 +5.064475596e+01 +5.064475596e+01 +1.744747560e+02 +1.744747560e+02 +5.5237e-01 -2.3155e-01 +4.0710e-01 +4.6884e-01 +3.6916e-01 +3.8187e-01 -3.6308e-01 -1.9971e-01 +5.2096e-01 +4.8736e-02
232 +3.146181903e+01 +3.146181903e+01 +1.552918190e+02 +1.552918190e+02 +4.4965e-01 -1.5535e-01 +4.3096e-01 +5.1019e-01 +3.9891e-01 +2.4344e-01 -4.8568e-01 -3.1314e-01 +5.6306e-01 -7.2949e-02
243 +2.470326960e+01 +2.470326960e+01 +1.485332696e+02 +1.485332696e+02 +3.4291e-01 -9.6335e-02 +4.4278e-01 +5.8903e-01 +4.6216e-01 +1.4449e-01 -6.2307e-01 -4.1135e-01 +6.3685e-01 -1.6851e-01
298 +1.455884570e+01 +1.455884570e+01 +1.383888457e+02 +1.383888457e+02 +2.6868e-01 -9.7084e-02 +4.4299e-01 +6.9304e-01 +6.4208e-01 +7.8036e-02 -6.3186e-01 -5.3607e-01 +9.2071e-01 -2.9525e-01
320 +9.864174848e+00 +9.864174848e+00 +1.336941748e+02 +1.336941748e+02 +2.6814e-01 -1.4580e-01 +5.1464e-01 +5.9370e-01 +6.1511e-01 +2.3475e-02 -4.9470e-01 -5.3911e-01 +9.6055e-01 -2.8970e-01
925 +6.247941061e+00 +6.247941061e+00 +1.300779411e+02 +1.300779411e+02 -2.3759e-01 +2.8341e-01 +1.2765e-01 +5.5381e-01 -1.8717e-02 +3.6179e-01 +3.0433e-01 -3.3577e-01 +8.4904e-01 -1.0201e-01
1068 +3.714675711e+00 +3.714675711e+00 +1.275446757e+02 +1.275446757e+02 +4.4025e-02 +5.5642e-01 -4.7037e-02 +3.9396e-01 -4.8437e-01 +5.4470e-01 +3.2105e-01 -1.6270e-01 +5.5251e-01 +3.5915e-01
1134 +2.242725980e+00 +2.242725980e+00 +1.260727260e+02 +1.260727260e+02 +2.5467e-01 +3.5654e-01 -3.6026e-01 +3.3611e-01 -6.1584e-01 +5.9352e-01 +3.4458e-01 +1.2348e-01 +7.0535e-02 +5.6001e-01
1178 +1.319430901e+00 +1.319430901e+00 +1.251494309e+02 +1.251494309e+02 +2.9431e-01 +2.9344e-01 -4.4458e-01 +2.2824e-01 -5.8043e-01 +5.6847e-01 +3.9931e-01 +2.0332e-01 -1.1145e-01 +4.9926e-01
1200 +9.404036097e-01 +9.404036097e-01 +1.247704036e+02 +1.247704036e+02 +3.1913e-01 +2.2272e-01 -5.3712e-01 +5.5111e-02 -5.3137e-01 +5.0546e-01 +4.5564e-01 +3.1418e-01 -3.3768e-01 +4.1017e-01
1222 +6.289170456e-01 +6.289170456e-01 +1.244589170e+02 +1.244589170e+02 +2.8517e-01 +2.2581e-01 -5.3389e-01 +2.1901e-02 -5.5158e-01 +4.8287e-01 +4.4451e-01 +3.1415e-01 -3.5139e-01 +4.2185e-01
1255 +3.189032951e-01 +3.189032951e-01 +1.241489033e+02 +1.241489033e+02 +1.9585e-01 +1.7781e-01 -5.7188e-01 -2.1364e-01 -5.4186e-01 +3.5123e-01 +4.4764e-01 +3.9508e-01 -5.6214e-01 +3.4841e-01
1266 +1.941258024e-01 +1.941258024e-01 +1.240241258e+02 +1.240241258e+02 +1.6297e-01 +1.6397e-01 -5.5910e-01 -2.5985e-01 -5.5002e-01 +3.1630e-01 +4.4253e-01 +4.0790e-01 -6.0857e-01 +3.4526e-01
1277 +1.232708303e-01 +1.232708303e-01 +1.239532708e+02 +1.239532708e+02 +1.0980e-01 +1.4804e-01 -5.5372e-01 -3.4932e-01 -5.5353e-01 +2.6160e-01 +4.3563e-01 +4.2970e-01 -6.7745e-01 +3.2984e-01
1288 +8.957224854e-02 +8.957224854e-02 +1.239195722e+02 +1.239195722e+02 +4.2887e-02 +1.3397e-01 -5.4167e-01 -4.3642e-01 -5.6509e-01 +1.9858e-01 +4.1988e-01 +4.4398e-01 -7.3912e-01 +3.2368e-01
1321 +3.781905847e-02 +3.781905847e-02 +1.238678191e+02 +1.238678191e+02 -6.8206e-03 +1.1500e-01 -5.3127e-01 -5.0458e-01 -5.7570e-01 +1.4936e-01 +4.1704e-01 +4.6201e-01 -8.0603e-01 +3.1290e-01
1332 +2.356855507e-02 +2.356855507e-02 +1.238535686e+02 +1.238535686e+02 -3.0516e-02 +1.0877e-01 -5.2473e-01 -5.3911e-01 -5.7995e-01 +1.2424e-01 +4.0792e-01 +4.6967e-01 -8.3322e-01 +3.1107e-01
1343 +1.290114724e-02 +1.290114724e-02 +1.238429011e+02 +1.238429011e+02 -6.4203e-02 +9.9930e-02 -5.1613e-01 -5.8003e-01 -5.8519e-01 +9.3046e-02 +4.0075e-01 +4.7630e-01 -8.6395e-01 +3.0892e-01
1354 +5.338255061e-03 +5.338255061e-03 +1.238353383e+02 +1.238353383e+02 -9.4340e-02 +9.3111e-02 -5.0691e-01 -6.1511e-01 -5.9262e-01 +6.6434e-02 +3.9440e-01 +4.8206e-01 -8.9195e-01 +3.0811e-01
1376 +2.605551024e-03 +2.605551024e-03 +1.238326056e+02 +1.238326056e+02 -1.2276e-01 +8.4852e-02 -4.9932e-01 -6.5004e-01 -5.9836e-01 +4.0269e-02 +3.8889e-01 +4.8891e-01 -9.2118e-01 +3.0601e-01
1387 +1.024889213e-03 +1.024889213e-03 +1.238310249e+02 +1.238310249e+02 -1.4389e-01 +7.8106e-02 -4.9171e-01 -6.7249e-01 -6.0268e-01 +2.1190e-02 +3.8402e-01 +4.9256e-01 -9.4041e-01 +3.0615e-01
1398 +7.139527354e-05 +7.139527354e-05 +1.238300714e+02 +1.238300714e+02 -1.5545e-01 +7.6383e-02 -4.8815e-01 -6.8657e-01 -6.0550e-01 +1.1204e-02 +3.8178e-01 +4.9472e-01 -9.5083e-01 +3.0527e-01
1409 +1.939888602e-05 +1.939888602e-05 +1.238300194e+02 +1.238300194e+02 -1.5549e-01 +7.6354e-02 -4.8840e-01 -6.8652e-01 -6.0571e-01 +1.1389e-02 +3.8159e-01 +4.9479e-01 -9.5088e-01 +3.0568e-01
1420 +2.196656894e-06 +2.196656894e-06 +1.238300022e+02 +1.238300022e+02 -1.5622e-01 +7.6115e-02 -4.8803e-01 -6.8741e-01 -6.0579e-01 +1.0485e-02 +3.8140e-01 +4.9488e-01 -9.5155e-01 +3.0561e-01
1431 +2.193644519e-07 +2.193644519e-07 +1.238300002e+02 +1.238300002e+02 -1.5687e-01 +7.5960e-02 -4.8782e-01 -6.8810e-01 -6.0591e-01 +9.9939e-03 +3.8129e-01 +4.9500e-01 -9.5210e-01 +3.0555e-01
1442 +8.203670632e-09 +8.203670632e-09 +1.238300000e+02 +1.238300000e+02 -1.5699e-01 +7.5929e-02 -4.8779e-01 -6.8826e-01 -6.0595e-01 +9.8729e-03 +3.8126e-01 +4.9503e-01 -9.5223e-01 +3.0557e-01
% function evaluation | noise-free fitness - Fopt (4.751000000000e+01) | best noise-free fitness - Fopt | measured fitness | best measured fitness | x1 | x2...
1 +1.375881562e+05 +1.375881562e+05 +1.376356662e+05 +1.376356662e+05 -3.0058e+00 -7.5010e-01 +2.0447e+00 -4.3830e+00 -4.9442e+00 -5.2506e-02 -4.0527e+00 +3.4655e-01 -3.4216e+00 +4.3835e+00
12 +5.088092402e+04 +5.088092402e+04 +5.092843402e+04 +5.092843402e+04 -3.0175e+00 -9.6149e-01 +1.2601e+00 -3.6920e+00 -4.0261e+00 +2.2688e-01 -3.0527e+00 -3.6694e-01 -3.1808e+00 +3.9283e+00
23 +1.966115954e+04 +1.966115954e+04 +1.970866954e+04 +1.970866954e+04 -3.0277e+00 -1.2441e+00 +6.5602e-01 -3.2604e+00 -3.2037e+00 +1.8101e-01 -2.3739e+00 -8.4306e-01 -2.8690e+00 +3.2301e+00
34 +8.033471189e+03 +8.033471189e+03 +8.080981189e+03 +8.080981189e+03 -3.0024e+00 -1.4439e+00 +2.1627e-01 -2.9268e+00 -2.4264e+00 +3.2249e-02 -1.8812e+00 -1.1980e+00 -2.6250e+00 +2.5785e+00
45 +3.958560620e+03 +3.958560620e+03 +4.006070620e+03 +4.006070620e+03 -2.9584e+00 -1.5622e+00 -8.8957e-02 -2.6771e+00 -1.7765e+00 -1.3845e-01 -1.5236e+00 -1.4437e+00 -2.4329e+00 +2.0256e+00
67 +2.076955771e+03 +2.076955771e+03 +2.124465771e+03 +2.124465771e+03 -2.8298e+00 -1.6476e+00 -4.2798e-01 -2.3590e+00 -8.7574e-01 -4.1154e-01 -1.0485e+00 -1.6441e+00 -2.1545e+00 +1.2451e+00
89 +1.576349957e+03 +1.576349957e+03 +1.623859957e+03 +1.623859957e+03 -2.6085e+00 -1.6248e+00 -6.0880e-01 -2.1170e+00 -1.8993e-01 -6.0416e-01 -6.3974e-01 -1.5383e+00 -1.8934e+00 +6.3275e-01
122 +8.543271477e+02 +8.543271477e+02 +9.018371477e+02 +9.018371477e+02 -1.8589e+00 -1.3932e+00 -7.9931e-01 -1.6044e+00 +1.0239e+00 -7.8660e-01 +2.0030e-01 -7.4962e-01 -1.2679e+00 -5.4365e-01
133 +4.751896811e+02 +4.751896811e+02 +5.226996811e+02 +5.226996811e+02 -1.5274e+00 -1.2121e+00 -6.5092e-01 -1.5298e+00 +9.2241e-01 -5.7559e-01 +2.0578e-01 -2.1497e-01 -1.1219e+00 -5.5268e-01
144 +3.386436860e+02 +3.386436860e+02 +3.861536860e+02 +3.861536860e+02 -1.3086e+00 -1.0755e+00 -5.2593e-01 -1.4961e+00 +7.6795e-01 -3.9771e-01 +1.5032e-01 +1.5273e-01 -1.0280e+00 -4.9082e-01
177 +2.502574329e+02 +2.502574329e+02 +2.977674329e+02 +2.977674329e+02 -8.6332e-01 -7.9695e-01 -3.8578e-01 -1.3091e+00 +7.2193e-01 -1.3024e-01 +1.4516e-01 +7.8822e-01 -6.8128e-01 -5.6637e-01
199 +1.480704494e+02 +1.480704494e+02 +1.955804494e+02 +1.955804494e+02 -6.5100e-01 -5.6674e-01 -3.5970e-01 -1.0376e+00 +7.2414e-01 +7.0829e-02 +1.4684e-02 +9.8564e-01 -1.9595e-01 -5.5191e-01
210 +7.653865881e+01 +7.653865881e+01 +1.240486588e+02 +1.240486588e+02 -6.9491e-01 -4.9352e-01 -4.1416e-01 -8.7127e-01 +7.5583e-01 +1.1622e-01 -1.1938e-01 +8.0585e-01 +9.1455e-02 -4.9475e-01
221 +3.333567251e+01 +3.333567251e+01 +8.084567251e+01 +8.084567251e+01 -8.4180e-01 -4.8820e-01 -5.0407e-01 -7.5631e-01 +8.0939e-01 +8.7355e-02 -2.4199e-01 +4.7756e-01 +2.8232e-01 -4.3275e-01
254 +2.427171075e+01 +2.427171075e+01 +7.178171075e+01 +7.178171075e+01 -9.4514e-01 -5.3355e-01 -5.3496e-01 -8.0103e-01 +8.4882e-01 -4.1358e-02 -2.2391e-01 +3.2026e-01 +1.7199e-01 -4.2415e-01
276 +1.466914220e+01 +1.466914220e+01 +6.217914220e+01 +6.217914220e+01 -9.4151e-01 -4.3820e-01 -5.3927e-01 -7.2730e-01 +9.2237e-01 -1.7210e-01 -2.4036e-01 +2.6320e-01 +2.3456e-01 -4.1389e-01
320 +9.921148854e+00 +9.921148854e+00 +5.743114885e+01 +5.743114885e+01 -9.2466e-01 -3.2442e-01 -4.8120e-01 -7.0749e-01 +8.6635e-01 -2.6086e-01 -3.0590e-01 +2.8882e-01 +2.3005e-01 -3.0819e-01
969 +5.834788057e+00 +5.834788057e+00 +5.334478806e+01 +5.334478806e+01 -4.9307e-01 -5.9265e-01 +3.6220e-01 -4.2819e-01 +1.3089e-02 -4.7598e-01 +3.5756e-01 +3.9551e-01 +4.7431e-02 -4.3531e-01
1156 +3.889990793e+00 +3.889990793e+00 +5.139999079e+01 +5.139999079e+01 -1.5521e-01 -3.3823e-01 +7.1794e-01 -5.7288e-01 -2.5273e-01 -5.5958e-01 +2.8263e-01 +2.5781e-02 -3.2848e-01 -2.3033e-01
1211 +2.497682462e+00 +2.497682462e+00 +5.000768246e+01 +5.000768246e+01 -2.1717e-02 +1.8118e-02 +6.6755e-01 -4.1048e-01 -3.7920e-01 -5.2695e-01 +3.5080e-01 -1.4866e-01 -6.3420e-01 -5.5142e-02
1244 +1.447022077e+00 +1.447022077e+00 +4.895702208e+01 +4.895702208e+01 +9.1969e-02 +1.3717e-01 +4.5793e-01 -2.1229e-01 -5.6144e-01 -4.2972e-01 +3.7066e-01 -2.8983e-01 -7.4195e-01 +1.3021e-01
1277 +9.097451680e-01 +9.097451680e-01 +4.841974517e+01 +4.841974517e+01 +1.7396e-01 +1.8125e-01 +3.8431e-01 -1.1654e-01 -6.6636e-01 -3.1342e-01 +3.3955e-01 -3.3422e-01 -7.4324e-01 +1.8483e-01
1310 +5.613562291e-01 +5.613562291e-01 +4.807135623e+01 +4.807135623e+01 +2.8470e-01 +2.1605e-01 +3.1039e-01 -1.8714e-02 -7.4199e-01 -1.8886e-01 +2.9411e-01 -3.6594e-01 -7.0329e-01 +2.2192e-01
1332 +2.808779276e-01 +2.808779276e-01 +4.779087793e+01 +4.779087793e+01 +4.1692e-01 +2.7758e-01 +2.7397e-01 +6.9634e-02 -8.0484e-01 -6.9679e-02 +2.3863e-01 -3.7426e-01 -6.3049e-01 +2.3679e-01
1343 +2.038379467e-01 +2.038379467e-01 +4.771383795e+01 +4.771383795e+01 +4.8621e-01 +3.0674e-01 +2.4726e-01 +1.1118e-01 -8.3504e-01 -1.1057e-02 +2.1555e-01 -3.8260e-01 -5.8710e-01 +2.4609e-01
1376 +1.431866604e-01 +1.431866604e-01 +4.765318666e+01 +4.765318666e+01 +6.7144e-01 +3.8727e-01 +2.0810e-01 +2.0883e-01 -8.9122e-01 +1.3410e-01 +1.4318e-01 -3.8903e-01 -4.6217e-01 +2.5459e-01
1387 +9.806710989e-02 +9.806710989e-02 +4.760806711e+01 +4.760806711e+01 +6.1376e-01 +3.6182e-01 +2.2184e-01 +1.7575e-01 -8.7100e-01 +8.7012e-02 +1.6635e-01 -3.8534e-01 -4.9809e-01 +2.5016e-01
1409 +5.114860372e-02 +5.114860372e-02 +4.756114860e+01 +4.756114860e+01 +6.9756e-01 +4.0743e-01 +2.1619e-01 +2.1793e-01 -8.9111e-01 +1.4011e-01 +1.3533e-01 -3.7851e-01 -4.4003e-01 +2.4832e-01
1420 +2.663799630e-02 +2.663799630e-02 +4.753663800e+01 +4.753663800e+01 +7.5986e-01 +4.3639e-01 +2.0335e-01 +2.4907e-01 -9.0833e-01 +1.8641e-01 +1.1382e-01 -3.7832e-01 -3.9431e-01 +2.4800e-01
1431 +1.629763635e-02 +1.629763635e-02 +4.752629764e+01 +4.752629764e+01 +8.0345e-01 +4.5840e-01 +1.9360e-01 +2.6992e-01 -9.1626e-01 +2.1471e-01 +1.0018e-01 -3.7687e-01 -3.6154e-01 +2.4927e-01
1442 +8.634238160e-03 +8.634238160e-03 +4.751863424e+01 +4.751863424e+01 +8.2265e-01 +4.6775e-01 +1.9326e-01 +2.7714e-01 -9.1878e-01 +2.2625e-01 +9.3513e-02 -3.7557e-01 -3.4610e-01 +2.4698e-01
1453 +5.251215619e-03 +5.251215619e-03 +4.751525122e+01 +4.751525122e+01 +8.8799e-01 +5.0045e-01 +1.8733e-01 +3.0691e-01 -9.3226e-01 +2.6772e-01 +6.9768e-02 -3.7305e-01 -2.9642e-01 +2.4472e-01
1464 +1.299423828e-03 +1.299423828e-03 +4.751129942e+01 +4.751129942e+01 +8.9655e-01 +5.0636e-01 +1.8753e-01 +3.0974e-01 -9.3174e-01 +2.7094e-01 +6.7975e-02 -3.7039e-01 -2.8892e-01 +2.4319e-01
1475 +7.273247630e-04 +7.273247630e-04 +4.751072732e+01 +4.751072732e+01 +9.1951e-01 +5.1803e-01 +1.8412e-01 +3.2021e-01 -9.3615e-01 +2.8618e-01 +6.0714e-02 -3.6931e-01 -2.7259e-01 +2.4244e-01
1486 +8.885523266e-05 +8.885523266e-05 +4.751008886e+01 +4.751008886e+01 +9.2019e-01 +5.1811e-01 +1.8409e-01 +3.2057e-01 -9.3621e-01 +2.8614e-01 +6.0008e-02 -3.6964e-01 -2.7125e-01 +2.4279e-01
1497 +1.272797642e-05 +1.272797642e-05 +4.751001273e+01 +4.751001273e+01 +9.2213e-01 +5.1927e-01 +1.8413e-01 +3.2130e-01 -9.3642e-01 +2.8726e-01 +5.9437e-02 -3.6930e-01 -2.6975e-01 +2.4249e-01
1508 +1.222772909e-06 +1.222772909e-06 +4.751000122e+01 +4.751000122e+01 +9.2552e-01 +5.2101e-01 +1.8380e-01 +3.2277e-01 -9.3700e-01 +2.8932e-01 +5.8320e-02 -3.6909e-01 -2.6716e-01 +2.4232e-01
1519 +1.438487374e-08 +1.438487374e-08 +4.751000001e+01 +4.751000001e+01 +9.2645e-01 +5.2150e-01 +1.8371e-01 +3.2317e-01 -9.3712e-01 +2.8987e-01 +5.8002e-02 -3.6903e-01 -2.6641e-01 +2.4227e-01
1530 +3.057657239e-09 +3.057657239e-09 +4.751000000e+01 +4.751000000e+01 +9.2648e-01 +5.2151e-01 +1.8371e-01 +3.2318e-01 -9.3714e-01 +2.8989e-01 +5.7992e-02 -3.6903e-01 -2.6638e-01 +2.4227e-01
% function evaluation | noise-free fitness - Fopt (5.534000000000e+01) | best noise-free fitness - Fopt | measured fitness | best measured fitness | x1 | x2...
1 +2.162202718e+05 +2.162202718e+05 +2.162756118e+05 +2.162756118e+05 -2.9162e+00 -2.5520e+00 +3.7450e+00 -2.7193e+00 -2.2911e+00 +2.3672e+00 +3.6337e+00 +4.2399e+00 +4.2735e+00 -4.0354e-02
12 +8.266580606e+04 +8.266580606e+04 +8.272114606e+04 +8.272114606e+04 -2.1211e+00 -2.4369e+00 +3.0808e+00 -1.7193e+00 -1.8502e+00 +2.4154e+00 +3.4052e+00 +3.5364e+00 +3.8427e+00 +2.5433e-01
23 +3.132989514e+04 +3.132989514e+04 +3.138523514e+04 +3.138523514e+04 -1.4500e+00 -2.4388e+00 +2.4859e+00 -1.0280e+00 -1.4329e+00 +2.2548e+00 +2.8735e+00 +3.0821e+00 +3.3587e+00 +5.3017e-01
34 +1.186468565e+04 +1.186468565e+04 +1.192002565e+04 +1.192002565e+04 -8.8029e-01 -2.4354e+00 +2.0001e+00 -5.3184e-01 -1.0799e+00 +2.0638e+00 +2.3471e+00 +2.7289e+00 +2.8823e+00 +7.8810e-01
45 +5.120914888e+03 +5.120914888e+03 +5.176254888e+03 +5.176254888e+03 -4.3473e-01 -2.4082e+00 +1.6449e+00 -1.9785e-01 -8.1170e-01 +1.8875e+00 +1.9218e+00 +2.4565e+00 +2.4626e+00 +1.0124e+00
56 +2.587159673e+03 +2.587159673e+03 +2.642499673e+03 +2.642499673e+03 -7.4980e-02 -2.3606e+00 +1.3797e+00 +3.9576e-02 -6.0300e-01 +1.7233e+00 +1.5814e+00 +2.2320e+00 +2.0862e+00 +1.2151e+00
67 +1.530462032e+03 +1.530462032e+03 +1.585802032e+03 +1.585802032e+03 +2.2375e-01 -2.2977e+00 +1.1767e+00 +2.1797e-01 -4.3656e-01 +1.5663e+00 +1.3065e+00 +2.0379e+00 +1.7424e+00 +1.4043e+00
89 +7.025090321e+02 +7.025090321e+02 +7.578490321e+02 +7.578490321e+02 +7.5404e-01 -2.1272e+00 +8.5315e-01 +5.1404e-01 -1.5934e-01 +1.2316e+00 +8.4076e-01 +1.6641e+00 +1.0600e+00 +1.7984e+00
100 +5.395526429e+02 +5.395526429e+02 +5.948926429e+02 +5.948926429e+02 +1.0138e+00 -2.0206e+00 +7.0612e-01 +6.6327e-01 -3.3878e-02 +1.0464e+00 +6.1506e-01 +1.4638e+00 +7.0285e-01 +2.0147e+00
133 +3.225686108e+02 +3.225686108e+02 +3.779086108e+02 +3.779086108e+02 +1.1628e+00 -1.7345e+00 +7.3298e-01 +8.5122e-01 -1.5884e-01 +7.5699e-01 +3.1027e-01 +1.1214e+00 +3.3719e-01 +2.3202e+00
166 +2.490786890e+02 +2.490786890e+02 +3.044186890e+02 +3.044186890e+02 +1.0099e+00 -1.5569e+00 +9.2973e-01 +8.6716e-01 -4.3983e-01 +6.4121e-01 +2.3461e-01 +9.8130e-01 +3.6152e-01 +2.4106e+00
353 +1.581278296e+02 +1.581278296e+02 +2.134678296e+02 +2.134678296e+02 +8.0990e-01 -1.5586e+00 +9.1088e-01 +6.9905e-01 -2.2209e-01 +1.4523e-01 -2.4757e-01 +8.0245e-01 +4.4011e-01 +2.4063e+00
584 +8.535605721e+01 +8.535605721e+01 +1.406960572e+02 +1.406960572e+02 -1.3359e-01 +9.2186e-02 +5.2620e-02 -7.0037e-01 -4.5667e-01 -5.3361e-01 +1.1473e-01 +5.0476e-02 +8.5715e-01 +3.3375e-01
617 +5.956248875e+01 +5.956248875e+01 +1.149024887e+02 +1.149024887e+02 -4.3899e-02 +3.2297e-01 +2.1252e-02 -5.9319e-01 -4.0244e-01 -3.6943e-01 -6.9802e-02 +7.1412e-02 +6.7540e-01 -1.0023e-01
760 +3.972020301e+01 +3.972020301e+01 +9.506020301e+01 +9.506020301e+01 +1.1425e-01 +4.4810e-01 -2.9891e-01 -1.1437e-02 -5.1510e-01 -6.3409e-02 -5.7118e-01 +4.4157e-02 +7.8065e-01 +2.2857e-02
804 +2.416423705e+01 +2.416423705e+01 +7.950423705e+01 +7.950423705e+01 +2.9582e-01 +3.7181e-01 -7.0852e-01 +1.0290e-01 -4.8598e-01 -1.2260e-01 -7.0380e-01 +2.5116e-03 +3.5070e-01 +1.9451e-01
859 +1.249653470e+01 +1.249653470e+01 +6.783653470e+01 +6.783653470e+01 +1.5503e-01 +4.2711e-01 -5.7875e-01 +5.6494e-02 -4.5789e-01 -2.7882e-01 -5.2279e-01 +4.2646e-02 +4.6582e-01 +2.0903e-01
870 +9.805244123e+00 +9.805244123e+00 +6.514524412e+01 +6.514524412e+01 +1.1493e-01 +4.3622e-01 -5.9732e-01 +7.9105e-02 -4.2275e-01 -3.4715e-01 -4.8128e-01 +8.1017e-02 +4.4634e-01 +2.1681e-01
980 +6.297078748e+00 +6.297078748e+00 +6.163707875e+01 +6.163707875e+01 +1.7166e-01 +4.2504e-01 -7.1246e-01 +1.5209e-01 -4.4527e-01 -4.2541e-01 -5.3027e-01 +1.9538e-01 +4.5773e-01 +1.8096e-01
1200 +3.815121081e+00 +3.815121081e+00 +5.915512108e+01 +5.915512108e+01 +2.6407e-01 +3.1307e-02 -5.2179e-01 +2.4358e-01 -5.0832e-01 -4.7706e-01 -4.0294e-01 -6.1593e-01 +2.1772e-01 -1.1649e-01
1266 +2.467255268e+00 +2.467255268e+00 +5.780725527e+01 +5.780725527e+01 +1.4771e-01 -1.2849e-01 -4.5854e-01 +1.2752e-01 -3.9627e-01 -2.1489e-01 -2.8288e-01 -9.3897e-01 +5.4543e-02 -2.9682e-01
1321 +1.505719587e+00 +1.505719587e+00 +5.684571959e+01 +5.684571959e+01 +1.9278e-02 -2.3740e-01 -3.9583e-01 +4.1493e-02 -1.7102e-01 -1.1043e-03 -9.6737e-02 -1.0353e+00 -2.6625e-01 -4.7234e-01
1365 +9.321602931e-01 +9.321602931e-01 +5.627216029e+01 +5.627216029e+01 +1.0071e-02 -2.9209e-01 -3.5136e-01 +3.9183e-02 -7.5068e-02 +1.1743e-02 -1.9681e-02 -9.8494e-01 -3.9453e-01 -4.6815e-01
1387 +5.736923422e-01 +5.736923422e-01 +5.591369234e+01 +5.591369234e+01 -1.0732e-03 -3.5042e-01 -2.7770e-01 +5.0090e-02 -1.3774e-02 +5.8137e-02 +2.4572e-02 -9.6011e-01 -4.9296e-01 -4.5011e-01
1420 +3.753575383e-01 +3.753575383e-01 +5.571535754e+01 +5.571535754e+01 +2.6398e-03 -4.4134e-01 -1.9512e-01 +6.9811e-02 +7.4753e-02 +1.0798e-01 +9.4666e-02 -8.9702e-01 -6.1171e-01 -4.0532e-01
1442 +1.949578200e-01 +1.949578200e-01 +5.553495782e+01 +5.553495782e+01 +9.3017e-03 -5.2756e-01 -9.2926e-02 +9.3948e-02 +1.3205e-01 +1.6262e-01 +1.3883e-01 -8.5709e-01 -7.0409e-01 -3.6560e-01
1453 +1.433943538e-01 +1.433943538e-01 +5.548339435e+01 +5.548339435e+01 +1.9834e-02 -5.5729e-01 -6.1405e-02 +1.1064e-01 +1.5225e-01 +1.7711e-01 +1.4886e-01 -8.2818e-01 -7.2897e-01 -3.4171e-01
1475 +6.418642985e-02 +6.418642985e-02 +5.540418643e+01 +5.540418643e+01 +3.3256e-02 -6.4913e-01 +4.1229e-02 +1.4039e-01 +2.0364e-01 +2.3763e-01 +1.8619e-01 -7.8193e-01 -8.0807e-01 -2.8629e-01
1486 +5.600672601e-02 +5.600672601e-02 +5.539600673e+01 +5.539600673e+01 +4.5343e-02 -7.2169e-01 +1.2824e-01 +1.6989e-01 +2.4877e-01 +2.8748e-01 +2.1678e-01 -7.3136e-01 -8.7810e-01 -2.4423e-01
1508 +2.857185534e-02 +2.857185534e-02 +5.536857186e+01 +5.536857186e+01 +5.1948e-02 -7.3572e-01 +1.4908e-01 +1.7916e-01 +2.5029e-01 +2.9054e-01 +2.1874e-01 -7.1931e-01 -8.8269e-01 -2.2661e-01
1519 +1.215027495e-02 +1.215027495e-02 +5.535215027e+01 +5.535215027e+01 +5.6749e-02 -7.5472e-01 +1.6765e-01 +1.8660e-01 +2.6109e-01 +3.0440e-01 +2.2319e-01 -7.0910e-01 -8.9638e-01 -2.1592e-01
1530 +6.399048352e-03 +6.399048352e-03 +5.534639905e+01 +5.534639905e+01 +6.1882e-02 -7.7405e-01 +1.8972e-01 +1.9543e-01 +2.6953e-01 +3.1822e-01 +2.2710e-01 -6.9809e-01 -9.0902e-01 -2.0341e-01
1552 +3.306799755e-03 +3.306799755e-03 +5.534330680e+01 +5.534330680e+01 +6.8459e-02 -8.0389e-01 +2.2403e-01 +2.0767e-01 +2.8478e-01 +3.3780e-01 +2.3629e-01 -6.8062e-01 -9.3207e-01 -1.8427e-01
1563 +9.920707622e-04 +9.920707622e-04 +5.534099207e+01 +5.534099207e+01 +7.2769e-02 -8.2058e-01 +2.4484e-01 +2.1528e-01 +2.9202e-01 +3.4860e-01 +2.4051e-01 -6.6957e-01 -9.4368e-01 -1.7232e-01
1574 +1.297019721e-04 +1.297019721e-04 +5.534012970e+01 +5.534012970e+01 +7.6511e-02 -8.3430e-01 +2.6159e-01 +2.2200e-01 +2.9753e-01 +3.5750e-01 +2.4374e-01 -6.6114e-01 -9.5293e-01 -1.6274e-01
1585 +2.047267890e-05 +2.047267890e-05 +5.534002047e+01 +5.534002047e+01 +7.8613e-02 -8.4280e-01 +2.7193e-01 +2.2567e-01 +3.0156e-01 +3.6331e-01 +2.4587e-01 -6.5544e-01 -9.5890e-01 -1.5682e-01
1596 +1.667126732e-06 +1.667126732e-06 +5.534000167e+01 +5.534000167e+01 +7.8660e-02 -8.4266e-01 +2.7168e-01 +2.2569e-01 +3.0137e-01 +3.6322e-01 +2.4570e-01 -6.5568e-01 -9.5865e-01 -1.5695e-01
1607 +6.225591349e-07 +6.225591349e-07 +5.534000062e+01 +5.534000062e+01 +7.8861e-02 -8.4344e-01 +2.7252e-01 +2.2607e-01 +3.0173e-01 +3.6372e-01 +2.4593e-01 -6.5527e-01 -9.5924e-01 -1.5647e-01
1618 +1.727755716e-09 +1.727755716e-09 +5.534000000e+01 +5.534000000e+01 +7.8801e-02 -8.4323e-01 +2.7231e-01 +2.2596e-01 +3.0164e-01 +3.6359e-01 +2.4587e-01 -6.5536e-01 -9.5908e-01 -1.5659e-01
% function evaluation | noise-free fitness - Fopt (-9.033000000000e+01) | best noise-free fitness - Fopt | measured fitness | best measured fitness | x1 | x2...
1 +2.253231292e+05 +2.253231292e+05 +2.252327992e+05 +2.252327992e+05 +2.0825e+00 -3.5648e+00 +1.4360e+00 -4.0115e+00 +3.2948e+00 +3.5774e+00 +3.1759e+00 +4.6066e+00 -1.5061e+00 -2.9074e+00
12 +1.166896925e+05 +1.166896925e+05 +1.165993625e+05 +1.165993625e+05 +1.7990e+00 -2.8426e+00 +1.4525e+00 -3.6096e+00 +3.1090e+00 +3.5945e+00 +2.9909e+00 +3.6066e+00 -1.3027e+00 -2.7928e+00
23 +4.251298352e+04 +4.251298352e+04 +4.242265352e+04 +4.242265352e+04 +1.3387e+00 -1.8474e+00 +1.2068e+00 -3.0004e+00 +2.6663e+00 +3.4007e+00 +2.3917e+00 +2.5330e+00 -1.1950e+00 -2.3490e+00
34 +1.629541014e+04 +1.629541014e+04 +1.620508014e+04 +1.620508014e+04 +1.0108e+00 -1.1263e+00 +9.4469e-01 -2.4821e+00 +2.2495e+00 +3.1598e+00 +1.7764e+00 +1.7854e+00 -1.1249e+00 -1.9110e+00
45 +6.277651563e+03 +6.277651563e+03 +6.187321563e+03 +6.187321563e+03 +7.7472e-01 -5.7451e-01 +7.1621e-01 -2.0358e+00 +1.8777e+00 +2.9149e+00 +1.1939e+00 +1.2004e+00 -1.0554e+00 -1.5087e+00
56 +2.646858374e+03 +2.646858374e+03 +2.556528374e+03 +2.556528374e+03 +6.1636e-01 -1.7291e-01 +5.3934e-01 -1.6801e+00 +1.5737e+00 +2.6941e+00 +6.9417e-01 +7.5635e-01 -9.8950e-01 -1.1732e+00
67 +1.276747124e+03 +1.276747124e+03 +1.186417124e+03 +1.186417124e+03 +5.0912e-01 +1.2516e-01 +4.0384e-01 -1.3958e+00 +1.3232e+00 +2.4972e+00 +2.6850e-01 +4.0803e-01 -9.2802e-01 -8.9628e-01
78 +7.490418891e+02 +7.490418891e+02 +6.587118891e+02 +6.587118891e+02 +4.3724e-01 +3.4469e-01 +3.0240e-01 -1.1719e+00 +1.1174e+00 +2.3241e+00 -8.7283e-02 +1.3275e-01 -8.7250e-01 -6.7389e-01
89 +5.365094458e+02 +5.365094458e+02 +4.461794458e+02 +4.461794458e+02 +3.8919e-01 +5.0494e-01 +2.2782e-01 -9.9716e-01 +9.4662e-01 +2.1718e+00 -3.8228e-01 -8.7440e-02 -8.2311e-01 -4.9872e-01
111 +3.946152041e+02 +3.946152041e+02 +3.042852041e+02 +3.042852041e+02 +3.3886e-01 +6.9356e-01 +1.3990e-01 -7.6278e-01 +6.8232e-01 +1.9170e+00 -8.2119e-01 -4.0633e-01 -7.4108e-01 -2.6527e-01
155 +1.838201994e+02 +1.838201994e+02 +9.349019937e+01 +9.349019937e+01 +4.3383e-01 +5.2545e-01 +2.1860e-01 -6.6705e-01 +2.3193e-01 +1.3264e+00 -1.3475e+00 -7.5643e-01 -5.6489e-01 -2.0992e-01
166 +1.517049214e+02 +1.517049214e+02 +6.137492137e+01 +6.137492137e+01 +5.0517e-01 +3.5013e-01 +3.0123e-01 -7.6717e-01 +2.2620e-01 +1.2524e+00 -1.2780e+00 -6.9201e-01 -5.4665e-01 -3.2645e-01
287 +9.829247668e+01 +9.829247668e+01 +7.962476685e+00 +7.962476685e+00 +5.7685e-01 +3.1840e-01 +4.7623e-01 -7.2587e-01 +2.8346e-01 +9.3110e-01 -1.0459e+00 -6.2453e-01 -5.5496e-01 -2.9758e-01
342 +6.223968243e+01 +6.223968243e+01 -2.809031757e+01 -2.809031757e+01 +3.5557e-01 +3.9181e-01 +6.9771e-01 -8.1215e-01 +7.7106e-02 +5.9549e-01 -6.1252e-01 -7.0192e-01 -7.5406e-01 -1.5041e-01
408 +3.602949502e+01 +3.602949502e+01 -5.430050498e+01 -5.430050498e+01 +4.2561e-01 +8.0879e-01 +2.1632e-01 -8.0193e-01 -2.7229e-01 +3.6939e-01 -3.4560e-01 -8.3198e-01 -6.8268e-01 +3.1913e-03
474 +2.375620090e+01 +2.375620090e+01 -6.657379910e+01 -6.657379910e+01 +3.4462e-01 +7.8876e-01 +1.7199e-01 -9.0008e-01 -4.4732e-01 +3.0471e-01 -3.4064e-01 -9.1841e-01 -6.8973e-01 +4.9668e-02
507 +1.334892123e+01 +1.334892123e+01 -7.698107877e+01 -7.698107877e+01 +2.3234e-01 +7.2844e-01 +7.0268e-02 -1.0270e+00 -4.0485e-01 +3.2721e-01 -3.6594e-01 -9.1004e-01 -6.2008e-01 +2.3918e-01
617 +9.859600053e+00 +9.859600053e+00 -8.047039995e+01 -8.047039995e+01 +3.0901e-01 +6.6689e-01 +5.3444e-02 -1.0740e+00 -4.0694e-01 +2.2952e-01 -3.7564e-01 -8.2409e-01 -5.5913e-01 +2.5984e-01
1156 +6.111804482e+00 +6.111804482e+00 -8.421819552e+01 -8.421819552e+01 +7.1563e-01 +2.0397e-02 +5.0065e-01 -6.6415e-01 -1.0645e+00 +7.9986e-01 +2.9595e-01 +3.8990e-02 -4.3730e-01 +5.3922e-01
2355 +3.973901664e+00 +3.973901664e+00 -8.635609834e+01 -8.635609834e+01 +1.2606e-01 -5.4797e-02 +2.8715e-01 -1.2475e-01 +3.6656e-01 -2.6829e-01 +5.7196e-01 -4.8210e-01 -1.3599e-01 +8.2044e-01
2454 +2.343678506e+00 +2.343678506e+00 -8.798632149e+01 -8.798632149e+01 +1.4461e-01 -2.6209e-01 +2.1811e-01 +1.4770e-01 +6.9133e-02 -2.0173e-01 +8.1938e-01 +4.7680e-02 -1.1630e-01 +7.6804e-01
2487 +1.527842346e+00 +1.527842346e+00 -8.880215765e+01 -8.880215765e+01 +1.4737e-01 -3.1049e-01 +1.6114e-01 +2.3483e-01 -2.8591e-03 -1.8391e-01 +8.8134e-01 +1.9368e-01 -6.5960e-02 +6.9190e-01
2531 +9.177553860e-01 +9.177553860e-01 -8.941224461e+01 -8.941224461e+01 +2.0244e-01 -3.6123e-01 +6.7340e-02 +3.9174e-01 -8.4622e-02 -1.5026e-01 +8.7977e-01 +3.6885e-01 +7.4720e-02 +5.0866e-01
2575 +5.675856112e-01 +5.675856112e-01 -8.976241439e+01 -8.976241439e+01 +2.2862e-01 -3.9894e-01 +4.9786e-02 +4.6918e-01 -6.6988e-02 -9.5936e-02 +8.2376e-01 +4.4783e-01 +1.6715e-01 +3.9853e-01
2608 +3.082340107e-01 +3.082340107e-01 -9.002176599e+01 -9.002176599e+01 +2.4438e-01 -4.4785e-01 +3.2735e-02 +5.9030e-01 -6.2695e-02 -1.8440e-02 +7.5922e-01 +5.5983e-01 +2.6271e-01 +2.7840e-01
2619 +2.153415925e-01 +2.153415925e-01 -9.011465841e+01 -9.011465841e+01 +2.4308e-01 -4.6304e-01 +2.7199e-02 +6.3057e-01 -4.5866e-02 +1.8362e-02 +7.1197e-01 +5.8821e-01 +2.9972e-01 +2.2924e-01
2652 +1.104856145e-01 +1.104856145e-01 -9.021951439e+01 -9.021951439e+01 +2.2997e-01 -5.2576e-01 +3.9592e-02 +7.6270e-01 +2.7844e-02 +1.3804e-01 +5.6723e-01 +6.7750e-01 +4.1094e-01 +8.6022e-02
2674 +6.361904912e-02 +6.361904912e-02 -9.026638095e+01 -9.026638095e+01 +2.2446e-01 -5.4297e-01 +3.6240e-02 +8.0254e-01 +4.0583e-02 +1.7512e-01 +5.3133e-01 +7.1061e-01 +4.4496e-01 +4.5896e-02
2696 +4.106917978e-02 +4.106917978e-02 -9.028893082e+01 -9.028893082e+01 +2.2125e-01 -5.4102e-01 +3.5283e-02 +7.9872e-01 +3.7202e-02 +1.7577e-01 +5.3475e-01 +7.1009e-01 +4.4057e-01 +5.2521e-02
2707 +2.559219055e-02 +2.559219055e-02 -9.030440781e+01 -9.030440781e+01 +2.1750e-01 -5.5326e-01 +3.7872e-02 +8.2585e-01 +5.0005e-02 +2.0500e-01 +5.0291e-01 +7.3176e-01 +4.6065e-01 +2.4422e-02
2718 +1.598708430e-02 +1.598708430e-02 -9.031401292e+01 -9.031401292e+01 +2.1181e-01 -5.6646e-01 +4.1381e-02 +8.5415e-01 +6.6406e-02 +2.3417e-01 +4.6968e-01 +7.5147e-01 +4.8240e-01 -1.5447e-03
2729 +6.050686164e-03 +6.050686164e-03 -9.032394931e+01 -9.032394931e+01 +2.0241e-01 -5.8204e-01 +4.6298e-02 +8.8691e-01 +8.7713e-02 +2.7041e-01 +4.2893e-01 +7.7297e-01 +5.0690e-01 -3.2169e-02
2740 +1.464102655e-03 +1.464102655e-03 -9.032853590e+01 -9.032853590e+01 +1.9358e-01 -5.9494e-01 +5.0004e-02 +9.1343e-01 +1.0366e-01 +2.9952e-01 +3.9608e-01 +7.9116e-01 +5.2740e-01 -5.6455e-02
2751 +3.073327022e-04 +3.073327022e-04 -9.032969267e+01 -9.032969267e+01 +1.8850e-01 -6.0143e-01 +5.2108e-02 +9.2673e-01 +1.1258e-01 +3.1519e-01 +3.7897e-01 +7.9993e-01 +5.3681e-01 -6.8422e-02
2773 +7.926401973e-05 +7.926401973e-05 -9.032992074e+01 -9.032992074e+01 +1.8624e-01 -6.0515e-01 +5.3052e-02 +9.3461e-01 +1.1723e-01 +3.2385e-01 +3.6942e-01 +8.0541e-01 +5.4277e-01 -7.5906e-02
2784 +5.785294746e-06 +5.785294746e-06 -9.032999421e+01 -9.032999421e+01 +1.8497e-01 -6.0702e-01 +5.3826e-02 +9.3848e-01 +1.1965e-01 +3.2826e-01 +3.6427e-01 +8.0809e-01 +5.4577e-01 -7.9294e-02
2795 +1.736016770e-07 +1.736016770e-07 -9.032999983e+01 -9.032999983e+01 +1.8489e-01 -6.0713e-01 +5.3823e-02 +9.3871e-01 +1.1983e-01 +3.2854e-01 +3.6406e-01 +8.0823e-01 +5.4588e-01 -7.9432e-02
2806 +6.817813869e-09 +6.817813869e-09 -9.032999999e+01 -9.032999999e+01 +1.8483e-01 -6.0719e-01 +5.3854e-02 +9.3886e-01 +1.1993e-01 +3.2872e-01 +3.6386e-01 +8.0833e-01 +5.4598e-01 -7.9575e-02
% function evaluation | noise-free fitness - Fopt (6.561000000000e+01) | best noise-free fitness - Fopt | measured fitness | best measured fitness | x1 | x2...
1 +6.285475360e+04 +6.285475360e+04 +6.292036360e+04 +6.292036360e+04 -3.3761e+00 +2.1585e+00 +1.8708e+00 +9.8426e-01 +3.7944e+00 +6.2956e-01 -2.2110e+00 -1.6078e+00 +1.3233e+00 +2.2874e+00
12 +1.642604098e+04 +1.642604098e+04 +1.649165098e+04 +1.649165098e+04 -2.3990e+00 +2.0172e+00 +1.1381e+00 +5.8675e-01 +2.7944e+00 +1.9466e-01 -2.0319e+00 -1.1165e+00 +8.8811e-01 +1.5490e+00
23 +6.611691187e+03 +6.611691187e+03 +6.677301187e+03 +6.677301187e+03 -1.7844e+00 +1.7573e+00 +1.0013e+00 +5.6655e-01 +2.2944e+00 +2.1131e-01 -1.7820e+00 -8.3448e-01 +5.9797e-01 +1.1305e+00
34 +2.182302524e+03 +2.182302524e+03 +2.247912524e+03 +2.247912524e+03 -1.1988e+00 +1.4508e+00 +8.6989e-01 +5.6449e-01 +1.7870e+00 +2.2418e-01 -1.5697e+00 -5.4857e-01 +3.0471e-01 +7.4724e-01
45 +8.422237484e+02 +8.422237484e+02 +9.078337484e+02 +9.078337484e+02 -7.8897e-01 +1.2059e+00 +7.7402e-01 +5.7461e-01 +1.4149e+00 +2.2507e-01 -1.4302e+00 -3.4251e-01 +9.8489e-02 +5.0861e-01
56 +3.635625730e+02 +3.635625730e+02 +4.291725730e+02 +4.291725730e+02 -4.6276e-01 +9.9510e-01 +6.9371e-01 +5.8984e-01 +1.1068e+00 +2.1834e-01 -1.3238e+00 -1.7556e-01 -5.9968e-02 +3.4594e-01
67 +1.993376194e+02 +1.993376194e+02 +2.649476194e+02 +2.649476194e+02 -2.1486e-01 +8.2679e-01 +6.2948e-01 +6.0498e-01 +8.6353e-01 +2.0774e-01 -1.2450e+00 -4.6996e-02 -1.7181e-01 +2.4394e-01
78 +1.411225718e+02 +1.411225718e+02 +2.067325718e+02 +2.067325718e+02 -2.6412e-02 +6.9501e-01 +5.7841e-01 +6.1726e-01 +6.7073e-01 +1.9624e-01 -1.1856e+00 +5.1714e-02 -2.4671e-01 +1.8262e-01
122 +9.470192892e+01 +9.470192892e+01 +1.603119289e+02 +1.603119289e+02 +3.3932e-01 +4.2283e-01 +4.7238e-01 +6.1751e-01 +2.1846e-01 +1.6595e-01 -1.0500e+00 +2.4452e-01 -2.6748e-01 +1.6666e-01
155 +5.385034698e+01 +5.385034698e+01 +1.194603470e+02 +1.194603470e+02 +3.5788e-01 +3.3630e-01 +4.6825e-01 +5.1031e-01 -1.0290e-01 +1.6040e-01 -9.3614e-01 +2.5008e-01 +1.7168e-01 +4.4172e-01
210 +3.171814354e+01 +3.171814354e+01 +9.732814354e+01 +9.732814354e+01 +3.2523e-01 +2.2770e-01 +5.5130e-01 +4.4920e-01 -3.1522e-01 +1.5636e-01 -8.4107e-01 +2.4301e-01 +2.8051e-01 +3.9046e-01
232 +1.635027981e+01 +1.635027981e+01 +8.196027981e+01 +8.196027981e+01 +1.6948e-01 +1.4268e-01 +7.2711e-01 +3.8148e-01 -4.5465e-01 +1.5666e-01 -7.5374e-01 +1.8047e-01 +3.3811e-01 +2.3632e-01
243 +1.466144623e+01 +1.466144623e+01 +8.027144623e+01 +8.027144623e+01 +1.0059e-01 +1.3972e-01 +7.8431e-01 +3.6102e-01 -4.6414e-01 +1.5943e-01 -7.3950e-01 +1.4879e-01 +3.6675e-01 +2.0706e-01
320 +9.556393768e+00 +9.556393768e+00 +7.516639377e+01 +7.516639377e+01 +1.2294e-01 +2.3948e-01 +9.4827e-01 +3.7554e-01 -3.8436e-01 +2.4405e-01 -8.5641e-01 +1.4631e-01 +3.7743e-01 +3.1275e-01
760 +6.242745259e+00 +6.242745259e+00 +7.185274526e+01 +7.185274526e+01 +5.6618e-02 -3.6491e-02 +1.0440e+00 +2.0181e-01 -5.2499e-01 +2.8966e-01 +2.1417e-01 +1.8179e-01 -3.6734e-02 +9.2140e-02
914 +3.809375484e+00 +3.809375484e+00 +6.941937548e+01 +6.941937548e+01 -1.9927e-01 +1.9402e-01 +7.2485e-01 +1.4531e-01 -4.0287e-01 +1.1450e-01 +7.2541e-01 +4.1843e-01 +1.0351e-02 -2.6551e-01
958 +2.504014064e+00 +2.504014064e+00 +6.811401406e+01 +6.811401406e+01 -1.7975e-01 +1.9583e-01 +3.9228e-01 -4.0860e-02 -2.8903e-01 -1.8977e-01 +8.7051e-01 +4.9747e-01 +7.8675e-02 -4.1096e-01
1024 +1.418045145e+00 +1.418045145e+00 +6.702804515e+01 +6.702804515e+01 -1.6412e-01 +9.1586e-02 +1.2177e-01 -2.0157e-01 -1.3670e-01 -5.3539e-01 +9.3157e-01 +3.3405e-01 +6.5859e-02 -4.5785e-01
1057 +9.672406825e-01 +9.672406825e-01 +6.657724068e+01 +6.657724068e+01 -1.6242e-01 +3.6680e-02 -4.9504e-02 -2.3256e-01 -3.6189e-02 -6.0650e-01 +9.4188e-01 +2.2642e-01 +1.3325e-02 -4.5197e-01
1079 +5.936934466e-01 +5.936934466e-01 +6.620369345e+01 +6.620369345e+01 -1.5038e-01 -2.8374e-02 -2.2530e-01 -2.6017e-01 +4.2432e-02 -6.1146e-01 +9.2709e-01 +1.1320e-01 -6.5214e-02 -4.2962e-01
1123 +3.050051056e-01 +3.050051056e-01 +6.591500511e+01 +6.591500511e+01 -1.4724e-01 -7.3213e-02 -4.1895e-01 -2.7821e-01 +1.4591e-01 -5.7231e-01 +9.2538e-01 +2.7112e-02 -1.4572e-01 -4.0733e-01
1134 +1.907023844e-01 +1.907023844e-01 +6.580070238e+01 +6.580070238e+01 -1.4098e-01 -8.5264e-02 -4.6542e-01 -2.8876e-01 +1.6829e-01 -5.3703e-01 +9.1831e-01 +1.4253e-02 -1.6703e-01 -3.9556e-01
1145 +1.374595216e-01 +1.374595216e-01 +6.574745952e+01 +6.574745952e+01 -1.2713e-01 -1.2520e-01 -6.1648e-01 -3.1192e-01 +2.4436e-01 -4.9193e-01 +9.0785e-01 -4.7256e-02 -2.2760e-01 -3.6780e-01
1156 +8.519602516e-02 +8.519602516e-02 +6.569519603e+01 +6.569519603e+01 -1.2922e-01 -1.2430e-01 -6.2783e-01 -3.1590e-01 +2.5240e-01 -4.7718e-01 +9.0999e-01 -4.4733e-02 -2.3301e-01 -3.6856e-01
1167 +5.389142291e-02 +5.389142291e-02 +6.566389142e+01 +6.566389142e+01 -1.2384e-01 -1.4514e-01 -7.2307e-01 -3.3273e-01 +3.0219e-01 -4.3162e-01 +9.0391e-01 -7.6799e-02 -2.7467e-01 -3.5299e-01
1178 +2.254105019e-02 +2.254105019e-02 +6.563254105e+01 +6.563254105e+01 -1.1275e-01 -1.6615e-01 -8.2159e-01 -3.5425e-01 +3.5303e-01 -3.7897e-01 +8.9401e-01 -1.0465e-01 -3.1505e-01 -3.3095e-01
1189 +9.677966822e-03 +9.677966822e-03 +6.561967797e+01 +6.561967797e+01 -1.0871e-01 -1.7592e-01 -8.6444e-01 -3.6456e-01 +3.7436e-01 -3.4900e-01 +8.9057e-01 -1.1484e-01 -3.3368e-01 -3.2256e-01
1211 +5.281062317e-03 +5.281062317e-03 +6.561528106e+01 +6.561528106e+01 -1.0511e-01 -1.8688e-01 -9.1222e-01 -3.7589e-01 +3.9940e-01 -3.2315e-01 +8.8778e-01 -1.2870e-01 -3.5369e-01 -3.1436e-01
1222 +1.732162895e-03 +1.732162895e-03 +6.561173216e+01 +6.561173216e+01 -1.0172e-01 -1.9334e-01 -9.4640e-01 -3.8442e-01 +4.1814e-01 -3.0173e-01 +8.8431e-01 -1.3666e-01 -3.6789e-01 -3.0728e-01
1233 +1.115521138e-03 +1.115521138e-03 +6.561111552e+01 +6.561111552e+01 -9.7709e-02 -2.0117e-01 -9.8818e-01 -3.9293e-01 +4.3939e-01 -2.7509e-01 +8.8080e-01 -1.4619e-01 -3.8558e-01 -2.9847e-01
1244 +4.286115641e-04 +4.286115641e-04 +6.561042861e+01 +6.561042861e+01 -9.8048e-02 -2.0077e-01 -9.8720e-01 -3.9423e-01 +4.3913e-01 -2.7449e-01 +8.8157e-01 -1.4540e-01 -3.8505e-01 -2.9837e-01
1255 +2.544755108e-05 +2.544755108e-05 +6.561002545e+01 +6.561002545e+01 -9.7375e-02 -2.0205e-01 -9.9137e-01 -3.9510e-01 +4.4149e-01 -2.7260e-01 +8.8063e-01 -1.4688e-01 -3.8675e-01 -2.9784e-01
1266 +1.810104962e-06 +1.810104962e-06 +6.561000181e+01 +6.561000181e+01 -9.7267e-02 -2.0225e-01 -9.9271e-01 -3.9528e-01 +4.4212e-01 -2.7150e-01 +8.8051e-01 -1.4712e-01 -3.8739e-01 -2.9745e-01
1277 +2.455480228e-07 +2.455480228e-07 +6.561000025e+01 +6.561000025e+01 -9.7173e-02 -2.0246e-01 -9.9380e-01 -3.9558e-01 +4.4268e-01 -2.7086e-01 +8.8047e-01 -1.4736e-01 -3.8782e-01 -2.9726e-01
1288 +1.115408566e-08 +1.115408566e-08 +6.561000001e+01 +6.561000001e+01 -9.7154e-02 -2.0249e-01 -9.9389e-01 -3.9561e-01 +4.4274e-01 -2.7077e-01 +8.8044e-01 -1.4739e-01 -3.8786e-01 -2.9723e-01
1299 +3.755502576e-10 +3.755502576e-10 +6.561000000e+01 +6.561000000e+01 -9.7149e-02 -2.0250e-01 -9.9396e-01 -3.9562e-01 +4.4277e-01 -2.7073e-01 +8.8043e-01 -1.4740e-01 -3.8789e-01 -2.9722e-01
% function evaluation | noise-free fitness - Fopt (-9.033000000000e+01) | best noise-free fitness - Fopt | measured fitness | best measured fitness | x1 | x2...
1 +2.567138256e+05 +2.567138256e+05 +2.566234956e+05 +2.566234956e+05 +4.0002e+00 -4.5539e+00 -1.5722e+00 -4.5820e+00 -3.3976e+00 -2.8136e+00 -1.3615e+00 -4.8449e+00 -4.9340e+00 -4.3798e+00
12 +9.868494711e+04 +9.868494711e+04 +9.859461711e+04 +9.859461711e+04 +3.5886e+00 -3.6820e+00 -5.7221e-01 -4.1993e+00 -3.0865e+00 -2.8930e+00 -5.5848e-01 -3.9152e+00 -4.1691e+00 -3.4189e+00
23 +3.552669423e+04 +3.552669423e+04 +3.543636423e+04 +3.543636423e+04 +3.0897e+00 -2.6960e+00 -2.3875e-01 -3.5524e+00 -2.6687e+00 -3.0308e+00 -2.4248e-03 -3.2032e+00 -3.7878e+00 -2.2909e+00
34 +1.388198602e+04 +1.388198602e+04 +1.379165602e+04 +1.379165602e+04 +2.6141e+00 -1.8885e+00 -4.6172e-02 -3.0265e+00 -2.3908e+00 -3.0908e+00 +4.2581e-01 -2.6520e+00 -3.4760e+00 -1.4437e+00
45 +6.418461919e+03 +6.418461919e+03 +6.328131919e+03 +6.328131919e+03 +2.2074e+00 -1.2385e+00 +4.4415e-02 -2.6094e+00 -2.1847e+00 -3.0948e+00 +7.5297e-01 -2.2241e+00 -3.2049e+00 -8.0938e-01
56 +3.731367904e+03 +3.731367904e+03 +3.641037904e+03 +3.641037904e+03 +1.8666e+00 -7.1028e-01 +6.6778e-02 -2.2823e+00 -2.0165e+00 -3.0628e+00 +1.0010e+00 -1.8838e+00 -2.9598e+00 -3.3082e-01
78 +2.228949993e+03 +2.228949993e+03 +2.138619993e+03 +2.138619993e+03 +1.3460e+00 +8.9567e-02 -7.5950e-04 -1.8117e+00 -1.7257e+00 -2.9340e+00 +1.3233e+00 -1.3675e+00 -2.5140e+00 +3.0241e-01
111 +1.487941761e+03 +1.487941761e+03 +1.397611761e+03 +1.397611761e+03 +7.2179e-01 +1.1058e+00 -2.6756e-01 -1.1916e+00 -1.1520e+00 -2.5348e+00 +1.5456e+00 -6.3570e-01 -1.6790e+00 +7.9653e-01
133 +9.073691788e+02 +9.073691788e+02 +8.170391788e+02 +8.170391788e+02 +4.5261e-01 +1.5843e+00 -5.4139e-01 -8.0196e-01 -5.9521e-01 -2.0459e+00 +1.4244e+00 -1.5856e-01 -9.1778e-01 +6.4662e-01
144 +5.983067278e+02 +5.983067278e+02 +5.079767278e+02 +5.079767278e+02 +5.2205e-01 +1.4654e+00 -6.5897e-01 -7.8646e-01 -3.9416e-01 -1.7962e+00 +1.1868e+00 -1.1921e-01 -6.5549e-01 +2.4135e-01
188 +3.905453858e+02 +3.905453858e+02 +3.002153858e+02 +3.002153858e+02 +4.1078e-01 +1.2979e+00 -9.6076e-01 -6.4965e-01 +1.4828e-01 -1.0750e+00 +6.3768e-01 +8.9358e-02 +1.0620e-01 -4.6474e-01
210 +1.952873349e+02 +1.952873349e+02 +1.049573349e+02 +1.049573349e+02 +1.0409e-01 +8.0147e-01 -1.0317e+00 -7.3432e-01 +2.4423e-01 -5.9766e-01 +1.9257e-01 +2.8525e-02 +3.1272e-01 -6.0614e-01
221 +1.294706510e+02 +1.294706510e+02 +3.914065097e+01 +3.914065097e+01 -1.7556e-02 +5.1080e-01 -9.7361e-01 -8.4477e-01 +1.2918e-01 -5.2620e-01 +7.2019e-02 -9.4788e-02 +1.7821e-01 -5.1892e-01
254 +9.343208436e+01 +9.343208436e+01 +3.102084365e+00 +3.102084365e+00 -1.7255e-01 +3.6974e-01 -8.1710e-01 -9.2904e-01 -8.6551e-02 -6.0248e-01 +1.3723e-01 -2.1816e-01 -1.4693e-01 -1.7622e-01
298 +6.075772567e+01 +6.075772567e+01 -2.957227433e+01 -2.957227433e+01 -4.1905e-01 +5.0764e-01 -6.6542e-01 -8.0430e-01 -6.2532e-03 -3.5300e-01 +1.4892e-01 -1.8240e-01 -2.9102e-01 +4.4322e-02
375 +3.559297377e+01 +3.559297377e+01 -5.473702623e+01 -5.473702623e+01 -1.4503e-01 +4.8567e-01 -3.2495e-01 -8.9894e-01 -7.2262e-02 -3.9636e-01 +8.8705e-03 -4.8604e-01 -7.4823e-01 +3.0667e-02
397 +2.123820657e+01 +2.123820657e+01 -6.909179343e+01 -6.909179343e+01 -5.2728e-02 +5.1404e-01 -1.4544e-01 -9.0579e-01 +9.8634e-03 -3.2108e-01 -2.7294e-01 -6.1587e-01 -7.6048e-01 +7.0216e-02
463 +1.534041486e+01 +1.534041486e+01 -7.498958514e+01 -7.498958514e+01 -1.2369e-01 +5.2291e-01 -1.5575e-01 -9.0853e-01 -2.0916e-02 -4.0513e-01 -3.3993e-01 -6.3506e-01 -5.8804e-01 +2.0893e-01
496 +9.962288560e+00 +9.962288560e+00 -8.036771144e+01 -8.036771144e+01 -1.4497e-01 +5.3827e-01 -1.1038e-01 -8.9331e-01 -5.1373e-02 -4.4877e-01 -3.4528e-01 -7.8417e-01 -5.0163e-01 +1.2573e-01
881 +6.277190081e+00 +6.277190081e+00 -8.405280992e+01 -8.405280992e+01 +1.8215e-02 +3.4209e-01 -1.4514e-01 -4.1137e-01 +5.0419e-01 -3.5232e-01 +1.9598e-01 -7.7181e-01 -2.8190e-01 +5.5696e-01
1068 +3.849450724e+00 +3.849450724e+00 -8.648054928e+01 -8.648054928e+01 +1.3133e-01 -1.0413e-01 +2.9186e-01 -8.7787e-02 +3.4595e-01 -2.5922e-01 +5.9036e-01 -4.1273e-01 -1.2111e-01 +8.4109e-01
1156 +2.145365803e+00 +2.145365803e+00 -8.818463420e+01 -8.818463420e+01 +1.3617e-01 -2.8982e-01 +2.2107e-01 +1.5281e-01 +3.8003e-02 -2.1351e-01 +8.6622e-01 +8.1556e-02 -1.3178e-01 +7.6711e-01
1189 +1.398042669e+00 +1.398042669e+00 -8.893195733e+01 -8.893195733e+01 +1.4768e-01 -3.2889e-01 +1.3705e-01 +2.7781e-01 -3.5293e-02 -1.7027e-01 +8.7827e-01 +2.3776e-01 -3.0214e-02 +6.6095e-01
1222 +8.333968651e-01 +8.333968651e-01 -8.949660313e+01 -8.949660313e+01 +2.1207e-01 -3.6306e-01 +7.1992e-02 +3.9197e-01 -7.9120e-02 -1.4714e-01 +8.7413e-01 +3.7490e-01 +8.7684e-02 +5.0686e-01
1244 +4.856457078e-01 +4.856457078e-01 -8.984435429e+01 -8.984435429e+01 +2.2816e-01 -4.1579e-01 +3.8084e-02 +5.0709e-01 -6.4076e-02 -6.8433e-02 +8.0673e-01 +4.8096e-01 +1.9553e-01 +3.7288e-01
1255 +3.609969842e-01 +3.609969842e-01 -8.996900302e+01 -8.996900302e+01 +2.5117e-01 -4.4983e-01 +2.9780e-02 +5.8660e-01 -6.2732e-02 -2.5535e-02 +7.5599e-01 +5.5937e-01 +2.6173e-01 +2.6959e-01
1277 +2.298046254e-01 +2.298046254e-01 -9.010019537e+01 -9.010019537e+01 +2.4476e-01 -4.6784e-01 +2.4345e-02 +6.4704e-01 -4.1145e-02 +2.9693e-02 +7.0117e-01 +5.9725e-01 +3.2252e-01 +2.0778e-01
1299 +1.426552862e-01 +1.426552862e-01 -9.018734471e+01 -9.018734471e+01 +2.4294e-01 -4.9922e-01 +2.8482e-02 +7.0668e-01 -1.3487e-02 +7.9818e-02 +6.4040e-01 +6.4810e-01 +3.6287e-01 +1.4309e-01
1310 +9.446177102e-02 +9.446177102e-02 -9.023553823e+01 -9.023553823e+01 +2.3675e-01 -5.0621e-01 +3.0981e-02 +7.2512e-01 -4.1993e-03 +1.0158e-01 +6.1835e-01 +6.5831e-01 +3.7915e-01 +1.2722e-01
1321 +5.768624220e-02 +5.768624220e-02 -9.027231376e+01 -9.027231376e+01 +2.2908e-01 -5.3058e-01 +3.3219e-02 +7.7979e-01 +2.4703e-02 +1.5594e-01 +5.5690e-01 +6.9665e-01 +4.2694e-01 +6.9043e-02
1332 +2.372441481e-02 +2.372441481e-02 -9.030627559e+01 -9.030627559e+01 +2.1681e-01 -5.5339e-01 +3.7865e-02 +8.2617e-01 +5.2724e-02 +2.0541e-01 +5.0161e-01 +7.3073e-01 +4.6166e-01 +2.4730e-02
1354 +1.481421239e-02 +1.481421239e-02 -9.031518579e+01 -9.031518579e+01 +2.0955e-01 -5.7133e-01 +4.2476e-02 +8.6380e-01 +7.2631e-02 +2.4369e-01 +4.5860e-01 +7.5752e-01 +4.9040e-01 -1.1525e-02
1365 +6.258511674e-03 +6.258511674e-03 -9.032374149e+01 -9.032374149e+01 +1.9952e-01 -5.8556e-01 +4.9277e-02 +8.9289e-01 +9.2592e-02 +2.7771e-01 +4.1917e-01 +7.7567e-01 +5.1103e-01 -3.7476e-02
1376 +1.859308081e-03 +1.859308081e-03 -9.032814069e+01 -9.032814069e+01 +1.8846e-01 -6.0265e-01 +5.1254e-02 +9.3007e-01 +1.1236e-01 +3.1736e-01 +3.7634e-01 +8.0345e-01 +5.3893e-01 -7.1999e-02
1387 +4.948978917e-04 +4.948978917e-04 -9.032950510e+01 -9.032950510e+01 +1.8978e-01 -5.9970e-01 +5.1402e-02 +9.2311e-01 +1.1002e-01 +3.1099e-01 +3.8405e-01 +7.9781e-01 +5.3430e-01 -6.5008e-02
1398 +2.402977634e-04 +2.402977634e-04 -9.032975970e+01 -9.032975970e+01 +1.8737e-01 -6.0381e-01 +5.2837e-02 +9.3188e-01 +1.1585e-01 +3.2082e-01 +3.7255e-01 +8.0337e-01 +5.4111e-01 -7.3623e-02
1409 +3.694761783e-05 +3.694761783e-05 -9.032996305e+01 -9.032996305e+01 +1.8608e-01 -6.0548e-01 +5.3253e-02 +9.3533e-01 +1.1759e-01 +3.2464e-01 +3.6826e-01 +8.0594e-01 +5.4340e-01 -7.6479e-02
1420 +3.927681433e-06 +3.927681433e-06 -9.032999607e+01 -9.032999607e+01 +1.8514e-01 -6.0677e-01 +5.3695e-02 +9.3799e-01 +1.1932e-01 +3.2770e-01 +3.6508e-01 +8.0777e-01 +5.4531e-01 -7.8769e-02
1431 +1.213430920e-07 +1.213430920e-07 -9.032999988e+01 -9.032999988e+01 +1.8481e-01 -6.0722e-01 +5.3858e-02 +9.3891e-01 +1.1996e-01 +3.2878e-01 +3.6379e-01 +8.0836e-01 +5.4602e-01 -7.9616e-02
1442 +2.162252599e-09 +2.162252599e-09 -9.033000000e+01 -9.033000000e+01 +1.8482e-01 -6.0721e-01 +5.3858e-02 +9.3889e-01 +1.1995e-01 +3.2876e-01 +3.6382e-01 +8.0835e-01 +5.4601e-01 -7.9605e-02
% function evaluation | noise-free fitness - Fopt (6.561000000000e+01) | best noise-free fitness - Fopt | measured fitness | best measured fitness | x1 | x2...
1 +1.530995687e+05 +1.530995687e+05 +1.531651787e+05 +1.531651787e+05 +7.1955e-01 -4.7447e+00 +8.4889e-02 -4.1747e+00 -4.9380e+00 -2.4819e+00 -1.0676e+00 -3.8540e+00 -1.6781e+00 -7.1823e-01
12 +5.491606464e+04 +5.491606464e+04 +5.498167464e+04 +5.498167464e+04 +6.2630e-01 -4.0273e+00 -1.8165e-01 -3.2316e+00 -3.9380e+00 -2.5940e+00 -4.8496e-01 -2.9648e+00 -1.0728e+00 -4.7812e-01
23 +2.001160584e+04 +2.001160584e+04 +2.007721584e+04 +2.007721584e+04 +6.1139e-01 -3.4764e+00 +7.2328e-02 -2.2973e+00 -3.0505e+00 -2.3302e+00 -2.6926e-01 -2.2686e+00 -9.1449e-01 -4.5832e-01
34 +6.851439669e+03 +6.851439669e+03 +6.917049669e+03 +6.917049669e+03 +5.7998e-01 -2.8832e+00 +2.8624e-01 -1.5185e+00 -2.3505e+00 -2.0805e+00 -1.0640e-01 -1.7004e+00 -8.6374e-01 -4.3769e-01
45 +2.643653112e+03 +2.643653112e+03 +2.709263112e+03 +2.709263112e+03 +5.4680e-01 -2.3824e+00 +4.4786e-01 -9.6240e-01 -1.8595e+00 -1.8691e+00 +5.3846e-03 -1.2947e+00 -8.4749e-01 -4.1776e-01
56 +1.237670083e+03 +1.237670083e+03 +1.303280083e+03 +1.303280083e+03 +5.1848e-01 -1.9640e+00 +5.7410e-01 -5.6533e-01 -1.5015e+00 -1.6861e+00 +8.3599e-02 -9.9794e-01 -8.3252e-01 -3.9930e-01
67 +7.493687899e+02 +7.493687899e+02 +8.149787899e+02 +8.149787899e+02 +4.9686e-01 -1.6216e+00 +6.7215e-01 -2.9239e-01 -1.2415e+00 -1.5286e+00 +1.3625e-01 -7.8388e-01 -8.0896e-01 -3.8271e-01
78 +5.442061954e+02 +5.442061954e+02 +6.098161954e+02 +6.098161954e+02 +4.8003e-01 -1.3270e+00 +7.5259e-01 -1.0003e-01 -1.0413e+00 -1.3847e+00 +1.7205e-01 -6.2116e-01 -7.7393e-01 -3.6674e-01
100 +3.373313066e+02 +3.373313066e+02 +4.029413066e+02 +4.029413066e+02 +4.4819e-01 -7.3454e-01 +9.0302e-01 +1.7579e-01 -6.9362e-01 -1.0657e+00 +2.1692e-01 -3.4376e-01 -6.5093e-01 -3.2550e-01
122 +1.941691476e+02 +1.941691476e+02 +2.597791476e+02 +2.597791476e+02 +3.9206e-01 +1.1256e-01 +1.0995e+00 +4.4833e-01 -2.5292e-01 -5.5853e-01 +2.4312e-01 +1.1091e-02 -3.9110e-01 -2.3659e-01
144 +1.577549328e+02 +1.577549328e+02 +2.233649328e+02 +2.233649328e+02 +3.5885e-01 +4.4195e-01 +1.1643e+00 +5.2250e-01 -1.0317e-01 -3.3799e-01 +2.3247e-01 +1.4640e-01 -2.5278e-01 -1.7226e-01
166 +6.251468225e+01 +6.251468225e+01 +1.281246823e+02 +1.281246823e+02 +3.0277e-01 +9.9732e-02 +9.9233e-01 +1.2389e-01 -4.7377e-01 -3.5833e-01 +4.9670e-02 -4.0865e-02 -7.0309e-02 +1.2245e-02
210 +3.930321893e+01 +3.930321893e+01 +1.049132189e+02 +1.049132189e+02 +2.1870e-01 +3.8844e-01 +1.0002e+00 +1.1146e-01 -4.0481e-01 -3.1834e-02 -4.9927e-02 +1.1237e-01 +1.9734e-01 +1.8998e-01
232 +2.129619940e+01 +2.129619940e+01 +8.690619940e+01 +8.690619940e+01 +1.9619e-01 +1.1325e-01 +9.2935e-01 +2.0313e-01 -4.6390e-01 -8.0588e-02 -7.2328e-02 +1.3941e-01 +1.0351e-01 +1.6342e-01
276 +1.504551014e+01 +1.504551014e+01 +8.065551014e+01 +8.065551014e+01 +1.3964e-01 +1.1293e-01 +8.9264e-01 +2.8844e-01 -4.5423e-01 +1.3795e-01 -1.4784e-01 +2.6578e-01 +2.0738e-01 +2.4924e-01
320 +9.971141608e+00 +9.971141608e+00 +7.558114161e+01 +7.558114161e+01 +2.3407e-01 +6.2750e-02 +9.2860e-01 +3.3947e-01 -4.9079e-01 +2.3228e-01 -1.1486e-01 +2.1037e-01 +1.5013e-01 +1.7435e-01
584 +6.301594177e+00 +6.301594177e+00 +7.191159418e+01 +7.191159418e+01 +1.3183e-01 -1.2168e-02 +1.0338e+00 +2.4039e-01 -5.5601e-01 +3.0656e-01 +1.3703e-01 +2.3184e-01 -1.0296e-03 +1.5633e-01
749 +3.844730840e+00 +3.844730840e+00 +6.945473084e+01 +6.945473084e+01 -2.1013e-01 +2.1307e-01 +6.3079e-01 +5.3112e-02 -3.3571e-01 +2.8135e-02 +8.0370e-01 +4.6693e-01 +4.9225e-02 -3.2637e-01
903 +2.427593815e+00 +2.427593815e+00 +6.803759381e+01 +6.803759381e+01 -1.8483e-01 +1.8470e-01 +3.7501e-01 -5.7422e-02 -2.7641e-01 -2.8392e-01 +8.9474e-01 +4.6849e-01 +8.4576e-02 -4.3236e-01
947 +1.480997298e+00 +1.480997298e+00 +6.709099730e+01 +6.709099730e+01 -1.5347e-01 +5.7535e-02 -5.8264e-02 -2.0817e-01 -6.6957e-02 -5.8089e-01 +9.2455e-01 +2.4190e-01 +9.7245e-03 -4.3320e-01
1013 +5.614514756e-01 +5.614514756e-01 +6.617145148e+01 +6.617145148e+01 -1.5197e-01 -2.9281e-02 -2.5829e-01 -2.5178e-01 +6.1183e-02 -6.0567e-01 +9.2281e-01 +8.9189e-02 -7.8702e-02 -4.1706e-01
1046 +3.861809387e-01 +3.861809387e-01 +6.599618094e+01 +6.599618094e+01 -1.5372e-01 -3.8738e-02 -3.0049e-01 -2.6631e-01 +8.7146e-02 -5.7673e-01 +9.3363e-01 +8.4701e-02 -1.0253e-01 -4.2015e-01
1112 +2.470879707e-01 +2.470879707e-01 +6.585708797e+01 +6.585708797e+01 -1.3753e-01 -9.7423e-02 -4.9662e-01 -3.0237e-01 +1.9182e-01 -5.3129e-01 +9.1264e-01 +2.8750e-03 -1.7272e-01 -3.9126e-01
1134 +9.735209184e-02 +9.735209184e-02 +6.570735209e+01 +6.570735209e+01 -1.2568e-01 -1.3771e-01 -6.7434e-01 -3.3065e-01 +2.7969e-01 -4.5542e-01 +9.0272e-01 -5.8940e-02 -2.4871e-01 -3.5970e-01
1145 +3.297682240e-02 +3.297682240e-02 +6.564297682e+01 +6.564297682e+01 -1.1356e-01 -1.6951e-01 -8.2941e-01 -3.5412e-01 +3.5502e-01 -3.7665e-01 +8.9385e-01 -1.0864e-01 -3.1815e-01 -3.3072e-01
1167 +1.995176547e-02 +1.995176547e-02 +6.562995177e+01 +6.562995177e+01 -1.1372e-01 -1.6457e-01 -8.1337e-01 -3.5264e-01 +3.4749e-01 -3.7980e-01 +8.9591e-01 -1.0137e-01 -3.1272e-01 -3.3311e-01
1189 +1.386948911e-02 +1.386948911e-02 +6.562386949e+01 +6.562386949e+01 -1.0992e-01 -1.7529e-01 -8.6132e-01 -3.6263e-01 +3.7248e-01 -3.5428e-01 +8.9220e-01 -1.1541e-01 -3.3277e-01 -3.2421e-01
1200 +7.175006967e-03 +7.175006967e-03 +6.561717501e+01 +6.561717501e+01 -1.0578e-01 -1.8539e-01 -9.0766e-01 -3.7375e-01 +3.9717e-01 -3.2697e-01 +8.8802e-01 -1.2759e-01 -3.5182e-01 -3.1521e-01
1211 +2.059699924e-03 +2.059699924e-03 +6.561205970e+01 +6.561205970e+01 -1.0257e-01 -1.9191e-01 -9.3975e-01 -3.8221e-01 +4.1444e-01 -3.0584e-01 +8.8500e-01 -1.3484e-01 -3.6503e-01 -3.0854e-01
1222 +3.573459123e-04 +3.573459123e-04 +6.561035735e+01 +6.561035735e+01 -9.9215e-02 -1.9821e-01 -9.7222e-01 -3.9024e-01 +4.3136e-01 -2.8502e-01 +8.8229e-01 -1.4260e-01 -3.7885e-01 -3.0176e-01
1233 +3.801917128e-05 +3.801917128e-05 +6.561003802e+01 +6.561003802e+01 -9.7850e-02 -2.0111e-01 -9.8697e-01 -3.9382e-01 +4.3911e-01 -2.7509e-01 +8.8104e-01 -1.4566e-01 -3.8493e-01 -2.9868e-01
1244 +6.090530050e-06 +6.090530050e-06 +6.561000609e+01 +6.561000609e+01 -9.7014e-02 -2.0283e-01 -9.9553e-01 -3.9601e-01 +4.4359e-01 -2.6985e-01 +8.8032e-01 -1.4784e-01 -3.8856e-01 -2.9689e-01
1255 +2.693718955e-07 +2.693718955e-07 +6.561000027e+01 +6.561000027e+01 -9.7171e-02 -2.0244e-01 -9.9368e-01 -3.9557e-01 +4.4262e-01 -2.7090e-01 +8.8045e-01 -1.4733e-01 -3.8777e-01 -2.9727e-01
1266 +3.492225176e-08 +3.492225176e-08 +6.561000003e+01 +6.561000003e+01 -9.7150e-02 -2.0250e-01 -9.9394e-01 -3.9561e-01 +4.4276e-01 -2.7075e-01 +8.8044e-01 -1.4740e-01 -3.8788e-01 -2.9723e-01
1277 +4.842206636e-10 +4.842206636e-10 +6.561000000e+01 +6.561000000e+01 -9.7148e-02 -2.0250e-01 -9.9397e-01 -3.9562e-01 +4.4278e-01 -2.7073e-01 +8.8043e-01 -1.4740e-01 -3.8789e-01 -2.9722e-01
