% function evaluation | noise-free fitness - Fopt (1.026100000000e+02) | best noise-free fitness - Fopt | measured fitness | best measured fitness | x1 | x2...
1 +1.711462610e+03 +1.711462610e+03 +1.814072610e+03 +1.814072610e+03 -2.6326e+00 +1.0577e-01 +4.1228e+00 -3.7814e+00 +4.5611e+00 -4.7750e+00 +4.1718e-01 -2.3125e-01 +1.9163e+00 +2.4530e+00 -4.4806e+00 -1.1629e-01 +8.7331e-01 -4.4192e+00 +1.2317e-01 -2.4897e+00 +3.1332e+00 -3.1983e+00 +3.2572e+00 -2.3500e+00 +3.9730e+00 -1.5142e-01 +4.3279e+00 -2.7778e+00 -1.1866e+00 -4.2806e+00 +3.3913e+00 -2.7954e+00 -4.2624e+00 -1.4722e+00 +2.9382e+00 +3.8759e+00 +2.2639e+00 -5.3822e-01 +7.9394e-01 -2.6197e+00 +2.0178e+00 -3.9417e+00 +1.3865e+00 +3.1384e+00
206 +1.520011030e+03 +1.520011030e+03 +1.622621030e+03 +1.622621030e+03 -3.0878e+00 +4.7009e-01 +3.6280e+00 -3.7806e+00 +4.5541e+00 -4.9562e+00 +4.2705e-01 -2.8772e-01 +1.5897e+00 +2.2654e+00 -4.0084e+00 +5.9552e-01 +7.8644e-01 -3.9294e+00 -5.0414e-01 -2.2919e+00 +3.4791e+00 -3.1479e+00 +3.3956e+00 -3.0154e+00 +3.8870e+00 -2.3558e-01 +4.9639e+00 -3.3440e+00 -1.5243e+00 -4.6192e+00 +4.4155e+00 -2.5003e+00 -4.2968e+00 -1.2753e+00 +2.9466e+00 +3.7626e+00 +1.5520e+00 -4.9944e-01 +4.6680e-01 -2.0451e+00 +2.0253e+00 -3.2747e+00 +1.3879e+00 +2.7767e+00
54572 +9.826648819e+02 +9.826648819e+02 +1.085274882e+03 +1.085274882e+03 +1.3220e+00 +3.2275e-01 +1.2396e-01 -3.2252e+00 +1.1817e+00 -1.5725e+00 -3.4789e+00 +1.2279e+00 +6.8363e-01 +3.7731e+00 +1.0803e+00 +1.1858e+00 +1.2424e+00 -6.8973e-01 -3.0577e-01 -1.3660e+00 -7.0017e-01 -1.0835e+00 +3.0866e+00 +1.9890e+00 -1.2368e+00 -1.0209e+00 +1.7399e+00 -1.5583e+00 -1.0626e+00 -1.2606e+00 +1.0555e+00 +2.1645e+00 +4.1192e+00 +1.2970e-01 +3.2283e+00 -2.6978e+00 +3.3553e+00 -3.7484e+00 -3.5298e+00 +2.7035e+00 +7.7305e-01 +1.5076e+00 +3.3044e+00 +1.4112e+00
% function evaluation | noise-free fitness - Fopt (9.330000000000e+01) | best noise-free fitness - Fopt | measured fitness | best measured fitness | x1 | x2...
1 +1.815130264e+03 +1.815130264e+03 +1.908430264e+03 +1.908430264e+03 -4.6568e+00 -1.1587e+00 +4.4880e+00 +4.9557e+00 +3.6961e+00 +3.3165e+00 +1.3416e-01 -2.6061e+00 -3.0393e+00 +3.2666e+00 -3.1569e+00 -3.4810e+00 -3.3606e+00 -1.5851e-01 +1.2667e+00 +1.9804e+00 -6.1272e-01 -9.6687e-01 +1.2081e+00 -3.3552e+00 -1.8554e+00 -9.5471e-01 -5.5463e-01 +1.3130e+00 -3.5708e+00 -2.6265e+00 +1.4292e+00 +3.6371e+00 -4.6920e+00 +3.4693e+00 -2.8962e+00 -3.3839e+00 -5.8466e-01 +4.7615e+00 -2.5738e+00 +4.4602e+00 -8.3121e-01 -4.8802e+00 +1.3650e+00 +1.4378e+00
288 +1.580972031e+03 +1.580972031e+03 +1.674272031e+03 +1.674272031e+03 -4.6547e+00 -1.2007e+00 +4.4801e+00 +4.9353e+00 +3.7332e+00 +3.3416e+00 +1.2391e-01 -2.5831e+00 -3.0398e+00 +3.2586e+00 -3.1555e+00 -3.4556e+00 -3.3642e+00 -1.7942e-01 +1.2860e+00 +1.9805e+00 -5.9671e-01 -9.5215e-01 +1.1942e+00 -3.3450e+00 -1.8405e+00 -9.7284e-01 -5.3592e-01 +1.2723e+00 -3.5444e+00 -2.6740e+00 +1.4679e+00 +3.6345e+00 -4.6997e+00 +3.5228e+00 -2.9199e+00 -3.3861e+00 -5.8595e-01 +4.7893e+00 -2.5611e+00 +4.5009e+00 -8.9373e-01 -4.8292e+00 +1.3428e+00 +1.4360e+00
44527 +9.964154230e+02 +9.964154230e+02 +1.089715423e+03 +1.089715423e+03 -3.3815e-01 -2.8504e+00 +2.4255e+00 +1.5496e+00 -2.3563e-01 -1.0089e+00 +7.8038e-01 +2.1063e+00 +2.7813e+00 +3.5732e+00 -2.9904e+00 -1.2326e+00 +1.5914e+00 -3.4963e+00 +2.5869e+00 +5.1183e-01 +2.6552e+00 -1.6075e+00 +1.7310e+00 +3.9791e+00 -7.2917e-01 -4.9241e+00 +1.8428e-01 +4.2384e+00 +1.5791e-01 +2.8432e-01 -1.5909e+00 +4.5080e-01 +2.2262e+00 +2.0104e-01 -2.6543e+00 -2.1964e+00 +1.8886e+00 -4.0281e+00 -4.0188e+00 +2.2341e+00 -2.0246e+00 -3.9419e-01 +1.1843e+00 +2.0909e+00
% function evaluation | noise-free fitness - Fopt (1.364000000000e+01) | best noise-free fitness - Fopt | measured fitness | best measured fitness | x1 | x2...
1 +1.814734344e+03 +1.814734344e+03 +1.828374344e+03 +1.828374344e+03 +5.1526e-01 +2.0173e+00 -1.5779e+00 -3.7127e+00 -4.1982e+00 +4.1973e+00 +4.0547e+00 +1.7110e+00 -2.3942e+00 +3.5392e+00 -3.5950e+00 -1.1938e+00 -2.1007e+00 +4.0804e+00 -4.8674e+00 +2.7243e+00 -1.1199e+00 +1.7366e+00 +4.4063e+00 -2.3449e+00 -8.4599e-01 -4.2016e+00 -1.3444e+00 -3.0804e+00 +4.2784e+00 +6.5598e-01 -4.7226e+00 +3.1398e+00 -2.3676e+00 -3.6954e-02 +1.8942e+00 -3.1161e+00 -2.1615e+00 -9.0967e-01 +1.2306e+00 +4.8365e+00 -3.5975e+00 +2.8190e+00 +3.5887e+00 -1.0347e+00
452 +1.556704080e+03 +1.556704080e+03 +1.570344080e+03 +1.570344080e+03 +5.2813e-01 +2.1980e+00 -1.6221e+00 -3.9720e+00 -4.2627e+00 +4.1269e+00 +4.1879e+00 +2.0602e+00 -2.5688e+00 +3.6231e+00 -3.7449e+00 -8.6031e-01 -2.2733e+00 +3.9037e+00 -4.9960e+00 +2.4756e+00 -1.2071e+00 +1.6084e+00 +4.4868e+00 -2.6596e+00 -9.4446e-01 -4.0809e+00 -1.4709e+00 -3.1626e+00 +4.2152e+00 +5.8316e-01 -4.6377e+00 +3.3636e+00 -2.4371e+00 +1.5077e-01 +1.7567e+00 -3.0340e+00 -1.9933e+00 -8.3628e-01 +1.1423e+00 +4.7719e+00 -3.5309e+00 +2.7937e+00 +3.7669e+00 -7.5780e-01
99508 +9.931626557e+02 +9.931626557e+02 +1.006802656e+03 +1.006802656e+03 +2.4057e+00 +2.9322e+00 -3.7981e-01 -1.9550e+00 -6.0686e-01 +4.0529e+00 -2.4962e+00 -2.4331e+00 +5.3704e-01 -1.9685e+00 +3.6775e+00 -4.4789e+00 +3.5653e+00 -1.4024e-01 +4.2144e+00 +2.7668e+00 +3.6099e+00 -1.9565e+00 +7.2899e-01 -4.2327e+00 +1.4769e+00 +1.8933e+00 +9.9112e-01 -1.6242e+00 -2.4193e+00 +9.4801e-01 +1.5718e+00 -5.6566e-01 +4.9469e-01 +2.1128e+00 -3.6800e+00 +3.6429e+00 +1.9722e+00 +3.3500e+00 +3.1884e+00 -1.0031e+00 +8.5479e-01 +4.1197e-01 +5.0320e-01 +1.4408e+00
% function evaluation | noise-free fitness - Fopt (1.948000000000e+02) | best noise-free fitness - Fopt | measured fitness | best measured fitness | x1 | x2...
1 +1.684080863e+03 +1.684080863e+03 +1.878880863e+03 +1.878880863e+03 -4.0514e-01 -2.2534e+00 -4.0279e+00 +3.8515e+00 -2.7228e+00 -4.4367e+00 +4.4453e+00 +1.0079e+00 +4.9223e+00 +9.4851e-01 +1.8834e+00 +3.4271e-01 -2.7331e+00 -3.8071e+00 +3.2036e+00 -1.7422e+00 +2.3349e-01 +4.8850e+00 -1.8637e-02 -3.6521e+00 -3.3451e+00 +1.3170e+00 -4.0309e+00 -1.7944e+00 +2.5880e+00 +4.2826e+00 +1.1606e+00 -4.1458e+00 -1.5657e+00 +3.5977e+00 +9.4485e-01 +2.4491e+00 -3.6037e+00 -3.3626e+00 -1.0426e+00 -1.8998e+00 +2.1622e+00 +3.5664e+00 -3.9635e+00 +1.4405e+00
42 +1.580079203e+03 +1.580079203e+03 +1.774879203e+03 +1.774879203e+03 -1.7937e-01 -2.7966e+00 -4.0236e+00 +3.6064e+00 -2.6402e+00 -3.9364e+00 +4.1781e+00 +1.5969e+00 +4.3025e+00 +1.1840e+00 +2.5792e+00 +7.3844e-02 -2.6399e+00 -3.2856e+00 +2.9820e+00 -1.4101e+00 +8.1323e-01 +4.6954e+00 +5.8826e-01 -4.1179e+00 -3.7446e+00 +1.5626e+00 -4.0045e+00 -1.6927e+00 +2.4202e+00 +4.2404e+00 +9.2070e-01 -3.8276e+00 -1.9310e+00 +2.8233e+00 -5.5148e-02 +2.4390e+00 -3.3613e+00 -3.4743e+00 -1.1642e+00 -1.6452e+00 +2.7951e+00 +3.7234e+00 -3.7643e+00 +9.2498e-01
9841 +9.920807421e+02 +9.920807421e+02 +1.186880742e+03 +1.186880742e+03 +3.8509e+00 -4.6657e+00 +9.2640e-01 +3.7005e+00 +2.3376e+00 +2.1840e+00 +4.1672e+00 -1.3265e-01 -9.2367e-01 +2.9890e+00 -1.5867e+00 +8.0022e-01 -4.6059e+00 -3.2133e+00 -1.6272e+00 +1.1220e+00 +1.4768e+00 +1.4228e+00 -6.9646e-03 +4.1147e+00 +5.2914e-01 -4.4761e+00 +3.0696e+00 -2.7380e+00 +3.9698e+00 -1.4538e+00 -4.3512e+00 +1.5075e-01 +9.9936e-01 -4.6791e+00 +3.0128e+00 +2.8041e+00 +1.0185e+00 +4.3372e-01 +3.0118e+00 +2.6106e+00 +5.3827e-01 -3.3321e+00 -6.5023e-01 +2.1113e+00
% function evaluation | noise-free fitness - Fopt (-1.335900000000e+02) | best noise-free fitness - Fopt | measured fitness | best measured fitness | x1 | x2...
1 +1.611565177e+03 +1.611565177e+03 +1.477975177e+03 +1.477975177e+03 +8.4663e-01 +3.1465e+00 +5.9040e-01 -3.9691e+00 +4.4891e+00 +2.4250e+00 +7.4224e-01 -2.1137e+00 -2.6905e+00 +1.1643e+00 +2.4526e+00 -3.5217e+00 +1.2556e+00 +2.2935e+00 +3.1340e+00 -2.2702e+00 -3.2841e+00 +6.5081e-01 +9.9985e-02 +2.6699e+00 +1.2197e+00 +1.9852e+00 +3.3996e+00 +3.5507e+00 +3.3139e+00 -1.2402e-01 -1.9551e+00 -2.1549e+00 -2.1918e+00 -3.8167e+00 +3.7248e+00 -1.3470e+00 +6.7010e-01 -3.2194e+00 -3.3828e+00 +1.9649e+00 -1.8497e+00 +4.9330e+00 -2.5282e+00 +1.8956e+00
42 +1.522536678e+03 +1.522536678e+03 +1.388946678e+03 +1.388946678e+03 +1.3125e+00 +4.0671e+00 -3.0692e-02 -3.5195e+00 +4.7699e+00 +2.6953e+00 -2.0657e-04 -1.7536e+00 -2.1769e+00 +1.1151e+00 +2.8979e+00 -3.5124e+00 +1.4147e+00 +2.6185e+00 +3.1857e+00 -2.4043e+00 -2.4221e+00 +1.5261e+00 +5.7234e-02 +2.2194e+00 +5.4737e-01 +1.8850e+00 +3.8518e+00 +3.7244e+00 +3.3078e+00 -1.3876e-01 -2.2883e+00 -2.4670e+00 -2.2817e+00 -3.6636e+00 +3.3954e+00 -6.5813e-01 +1.0044e+00 -3.1091e+00 -3.4257e+00 +2.1857e+00 -8.4971e-01 +4.4437e+00 -2.3218e+00 +1.7574e+00
100574 +9.998067427e+02 +9.998067427e+02 +8.662167427e+02 +8.662167427e+02 +6.1811e-02 +2.9555e+00 +1.2632e+00 +3.5218e+00 -4.0630e-01 -5.1095e-01 -3.3661e+00 +3.1361e+00 +2.5831e+00 -1.4578e+00 -1.5261e+00 +2.0171e+00 +5.7438e-01 +3.6934e+00 -3.1202e-01 -3.5380e+00 -2.5910e+00 +2.8800e+00 -3.0891e+00 +2.0258e+00 -3.1554e+00 +2.4502e+00 -3.6092e+00 +3.2042e+00 -3.6281e-01 +2.0673e+00 -7.2531e-01 +8.4697e-01 -7.0602e-01 -9.5141e-02 -2.2764e+00 -5.4365e-01 +2.7500e+00 +3.2515e+00 +1.1630e+00 -2.1513e+00 +3.8542e-01 -3.3065e-01 +3.7409e+00 -3.6386e+00
