% function evaluation | noise-free fitness - Fopt (-2.098800000000e+02) | best noise-free fitness - Fopt | measured fitness | best measured fitness | x1 | x2...
1 +1.957773075e+06 +1.957773075e+06 +1.957563195e+06 +1.957563195e+06 +2.7724e-01 -3.6943e+00 +4.8610e+00
5 +1.167976763e+05 +1.167976763e+05 +1.165877963e+05 +1.165877963e+05 +2.7724e-01 -3.6869e+00 +3.8610e+00
13 +3.641683520e+04 +3.641683520e+04 +3.620695520e+04 +3.620695520e+04 +2.7724e-01 -3.6780e+00 +3.4221e+00
17 +1.755440857e+04 +1.755440857e+04 +1.734452857e+04 +1.734452857e+04 +2.7725e-01 -3.6631e+00 +3.5772e+00
33 +1.216028795e+04 +1.216028795e+04 +1.195040795e+04 +1.195040795e+04 +2.7747e-01 -2.9374e+00 +3.5851e+00
41 +9.739530186e+03 +9.739530186e+03 +9.529650186e+03 +9.529650186e+03 +2.7775e-01 -2.0045e+00 +3.6242e+00
49 +4.205364549e+03 +4.205364549e+03 +3.995484549e+03 +3.995484549e+03 +2.7834e-01 -1.3934e-01 +3.6220e+00
53 +3.648037745e+03 +3.648037745e+03 +3.438157745e+03 +3.438157745e+03 +2.7849e-01 +3.2558e-01 +3.6143e+00
65 +4.559434321e+02 +4.559434321e+02 +2.460634321e+02 +2.460634321e+02 +2.7883e-01 +1.0117e+00 +3.5635e+00
73 +2.151629900e+02 +2.151629900e+02 +5.282989994e+00 +5.282989994e+00 +2.7883e-01 +9.2202e-01 +3.5532e+00
77 +4.290116024e+01 +4.290116024e+01 -1.669788398e+02 -1.669788398e+02 +2.7864e-01 +3.3087e-01 +3.5598e+00
81 +5.992420450e+00 +5.992420450e+00 -2.038875795e+02 -2.038875795e+02 +2.7869e-01 +4.4704e-01 +3.5565e+00
89 +1.301209815e+00 +1.301209815e+00 -2.085787902e+02 -2.085787902e+02 +2.7870e-01 +4.6682e-01 +3.5548e+00
93 +9.882964951e-01 +9.882964951e-01 -2.088917035e+02 -2.088917035e+02 +2.7870e-01 +4.5820e-01 +3.5547e+00
161 +6.218092419e-01 +6.218092419e-01 -2.092581908e+02 -2.092581908e+02 +4.4391e-01 +4.3981e-01 +3.5547e+00
169 +2.298743157e-01 +2.298743157e-01 -2.096501257e+02 -2.096501257e+02 +8.1813e-01 +4.3919e-01 +3.5544e+00
173 +8.518121517e-02 +8.518121517e-02 -2.097948188e+02 -2.097948188e+02 +1.1969e+00 +4.4290e-01 +3.5541e+00
177 +4.916817270e-02 +4.916817270e-02 -2.098308318e+02 -2.098308318e+02 +1.1405e+00 +4.4410e-01 +3.5542e+00
181 +1.827322183e-02 +1.827322183e-02 -2.098617268e+02 -2.098617268e+02 +1.0984e+00 +4.5058e-01 +3.5544e+00
185 +8.742006176e-03 +8.742006176e-03 -2.098712580e+02 -2.098712580e+02 +1.1689e+00 +4.5084e-01 +3.5544e+00
189 +5.888935452e-03 +5.888935452e-03 -2.098741111e+02 -2.098741111e+02 +1.1986e+00 +4.5003e-01 +3.5544e+00
201 +3.647984585e-03 +3.647984585e-03 -2.098763520e+02 -2.098763520e+02 +1.2072e+00 +4.4978e-01 +3.5544e+00
205 +1.741161066e-03 +1.741161066e-03 -2.098782588e+02 -2.098782588e+02 +1.1828e+00 +4.4901e-01 +3.5544e+00
209 +3.078659670e-04 +3.078659670e-04 -2.098796921e+02 -2.098796921e+02 +1.1970e+00 +4.4847e-01 +3.5544e+00
213 +5.281574641e-05 +5.281574641e-05 -2.098799472e+02 -2.098799472e+02 +1.2075e+00 +4.4824e-01 +3.5544e+00
217 +2.890733774e-05 +2.890733774e-05 -2.098799711e+02 -2.098799711e+02 +1.2076e+00 +4.4816e-01 +3.5544e+00
225 +9.945651385e-06 +9.945651385e-06 -2.098799901e+02 -2.098799901e+02 +1.2077e+00 +4.4803e-01 +3.5544e+00
229 +2.976588263e-06 +2.976588263e-06 -2.098799970e+02 -2.098799970e+02 +1.2079e+00 +4.4804e-01 +3.5544e+00
233 +1.526190374e-06 +1.526190374e-06 -2.098799985e+02 -2.098799985e+02 +1.2080e+00 +4.4797e-01 +3.5544e+00
237 +4.381524832e-08 +4.381524832e-08 -2.098800000e+02 -2.098800000e+02 +1.2074e+00 +4.4800e-01 +3.5544e+00
241 +7.726157492e-09 +7.726157492e-09 -2.098800000e+02 -2.098800000e+02 +1.2071e+00 +4.4800e-01 +3.5544e+00
% function evaluation | noise-free fitness - Fopt (-9.209000000000e+01) | best noise-free fitness - Fopt | measured fitness | best measured fitness | x1 | x2...
1 +1.007094927e+07 +1.007094927e+07 +1.007085718e+07 +1.007085718e+07 +2.0651e+00 +3.6718e+00 -3.1322e+00
5 +4.783190190e+06 +4.783190190e+06 +4.783098100e+06 +4.783098100e+06 +2.0651e+00 +3.6712e+00 -2.1322e+00
9 +1.946391684e+06 +1.946391684e+06 +1.946299594e+06 +1.946299594e+06 +2.0651e+00 +3.6696e+00 -1.1940e+00
17 +4.744979125e+03 +4.744979125e+03 +4.652889125e+03 +4.652889125e+03 +2.0651e+00 +3.6672e+00 +1.4718e-01
21 +2.275204600e+03 +2.275204600e+03 +2.183114600e+03 +2.183114600e+03 +2.0651e+00 +3.6661e+00 +1.2670e-01
25 +1.413529018e+03 +1.413529018e+03 +1.321439018e+03 +1.321439018e+03 +2.0651e+00 +3.6650e+00 +1.0621e-01
65 +6.023653077e+02 +6.023653077e+02 +5.102753077e+02 +5.102753077e+02 +2.0650e+00 +3.4557e+00 +9.5446e-02
77 +3.680702454e+02 +3.680702454e+02 +2.759802454e+02 +2.759802454e+02 +2.0650e+00 +3.1672e+00 +8.5164e-02
81 +1.871036401e+02 +1.871036401e+02 +9.501364005e+01 +9.501364005e+01 +2.0649e+00 +2.8527e+00 +7.8726e-02
85 +6.677001071e+01 +6.677001071e+01 -2.531998929e+01 -2.531998929e+01 +2.0649e+00 +2.7597e+00 +8.3026e-02
89 +3.631699528e+01 +3.631699528e+01 -5.577300472e+01 -5.577300472e+01 +2.0649e+00 +2.6052e+00 +8.4685e-02
93 +6.613400581e+00 +6.613400581e+00 -8.547659942e+01 -8.547659942e+01 +2.0649e+00 +2.6203e+00 +8.8148e-02
101 +2.118959000e+00 +2.118959000e+00 -8.997104100e+01 -8.997104100e+01 +2.0649e+00 +2.6201e+00 +9.0035e-02
169 +6.696260150e-01 +6.696260150e-01 -9.142037398e+01 -9.142037398e+01 +1.5962e+00 +2.6157e+00 +9.0347e-02
173 +3.600581186e-01 +3.600581186e-01 -9.172994188e+01 -9.172994188e+01 +1.1879e+00 +2.6090e+00 +9.0335e-02
193 +5.441858258e-02 +5.441858258e-02 -9.203558142e+01 -9.203558142e+01 +7.7453e-01 +2.6145e+00 +9.0481e-02
197 +2.254566410e-02 +2.254566410e-02 -9.206745434e+01 -9.206745434e+01 +7.1382e-01 +2.6173e+00 +9.0420e-02
205 +4.668376649e-03 +4.668376649e-03 -9.208533162e+01 -9.208533162e+01 +6.7553e-01 +2.6202e+00 +9.0400e-02
209 +2.719131261e-03 +2.719131261e-03 -9.208728087e+01 -9.208728087e+01 +6.8157e-01 +2.6209e+00 +9.0392e-02
213 +4.416671921e-04 +4.416671921e-04 -9.208955833e+01 -9.208955833e+01 +7.1489e-01 +2.6216e+00 +9.0381e-02
217 +3.044899755e-04 +3.044899755e-04 -9.208969551e+01 -9.208969551e+01 +7.2451e-01 +2.6217e+00 +9.0383e-02
221 +1.131991924e-04 +1.131991924e-04 -9.208988680e+01 -9.208988680e+01 +7.2722e-01 +2.6216e+00 +9.0390e-02
225 +3.904680848e-05 +3.904680848e-05 -9.208996095e+01 -9.208996095e+01 +7.2993e-01 +2.6215e+00 +9.0397e-02
229 +1.012920119e-05 +1.012920119e-05 -9.208998987e+01 -9.208998987e+01 +7.2749e-01 +2.6215e+00 +9.0400e-02
237 +3.651718373e-06 +3.651718373e-06 -9.208999635e+01 -9.208999635e+01 +7.2506e-01 +2.6215e+00 +9.0400e-02
241 +3.863538325e-07 +3.863538325e-07 -9.208999961e+01 -9.208999961e+01 +7.2516e-01 +2.6216e+00 +9.0400e-02
245 +6.120009743e-08 +6.120009743e-08 -9.208999994e+01 -9.208999994e+01 +7.2554e-01 +2.6216e+00 +9.0400e-02
249 +7.142489267e-09 +7.142489267e-09 -9.208999999e+01 -9.208999999e+01 +7.2557e-01 +2.6216e+00 +9.0400e-02
252 +5.666692005e-09 +5.666692005e-09 -9.208999999e+01 -9.208999999e+01 +7.2557e-01 +2.6216e+00 +9.0400e-02
% function evaluation | noise-free fitness - Fopt (-8.789000000000e+01) | best noise-free fitness - Fopt | measured fitness | best measured fitness | x1 | x2...
1 +2.737335798e+05 +2.737335798e+05 +2.736456898e+05 +2.736456898e+05 -4.0191e+00 +7.3031e-01 +7.1921e-01
5 +2.149408363e+05 +2.149408363e+05 +2.148529463e+05 +2.148529463e+05 -4.0190e+00 +7.3911e-01 +1.7192e+00
9 +1.362655151e+04 +1.362655151e+04 +1.353866151e+04 +1.353866151e+04 -4.0190e+00 +7.3568e-01 +1.3288e+00
17 +8.581375557e+03 +8.581375557e+03 +8.493485557e+03 +8.493485557e+03 -4.0190e+00 +7.4150e-01 +1.2252e+00
45 +2.443130713e+03 +2.443130713e+03 +2.355240713e+03 +2.355240713e+03 -4.0170e+00 +2.2637e+00 +1.2376e+00
53 +1.216580191e+02 +1.216580191e+02 +3.376801908e+01 +3.376801908e+01 -4.0147e+00 +3.9491e+00 +1.2518e+00
57 +1.921994260e+01 +1.921994260e+01 -6.867005740e+01 -6.867005740e+01 -4.0151e+00 +3.6809e+00 +1.2498e+00
125 +1.315332693e+01 +1.315332693e+01 -7.473667307e+01 -7.473667307e+01 -3.2293e+00 +3.6499e+00 +1.2485e+00
129 +9.924818600e+00 +9.924818600e+00 -7.796518140e+01 -7.796518140e+01 -3.0718e-01 +3.6595e+00 +1.2466e+00
133 +5.310915853e+00 +5.310915853e+00 -8.257908415e+01 -8.257908415e+01 -1.1883e+00 +3.6562e+00 +1.2479e+00
137 +2.545223741e+00 +2.545223741e+00 -8.534477626e+01 -8.534477626e+01 -7.0435e-01 +3.6532e+00 +1.2483e+00
145 +3.009078835e-02 +3.009078835e-02 -8.785990921e+01 -8.785990921e+01 +2.0895e-01 +3.6433e+00 +1.2494e+00
149 +4.837358774e-03 +4.837358774e-03 -8.788516264e+01 -8.788516264e+01 +2.5371e-01 +3.6448e+00 +1.2495e+00
153 +4.532656490e-04 +4.532656490e-04 -8.788954673e+01 -8.788954673e+01 +2.5914e-01 +3.6455e+00 +1.2496e+00
157 +4.544028181e-05 +4.544028181e-05 -8.788995456e+01 -8.788995456e+01 +2.4573e-01 +3.6457e+00 +1.2496e+00
161 +2.547219410e-06 +2.547219410e-06 -8.788999745e+01 -8.788999745e+01 +2.4029e-01 +3.6456e+00 +1.2496e+00
165 +1.365812352e-07 +1.365812352e-07 -8.788999986e+01 -8.788999986e+01 +2.3930e-01 +3.6456e+00 +1.2496e+00
169 +5.752788468e-08 +5.752788468e-08 -8.788999994e+01 -8.788999994e+01 +2.3925e-01 +3.6456e+00 +1.2496e+00
173 +2.997657589e-08 +2.997657589e-08 -8.788999997e+01 -8.788999997e+01 +2.3920e-01 +3.6456e+00 +1.2496e+00
177 +1.721360832e-08 +1.721360832e-08 -8.788999998e+01 -8.788999998e+01 +2.3921e-01 +3.6456e+00 +1.2496e+00
185 +8.589339018e-09 +8.589339018e-09 -8.788999999e+01 -8.788999999e+01 +2.3922e-01 +3.6456e+00 +1.2496e+00
% function evaluation | noise-free fitness - Fopt (3.201900000000e+02) | best noise-free fitness - Fopt | measured fitness | best measured fitness | x1 | x2...
1 +6.607514664e+06 +6.607514664e+06 +6.607834854e+06 +6.607834854e+06 +4.4388e+00 -2.8178e+00 +3.8278e+00
5 +2.020183680e+06 +2.020183680e+06 +2.020503870e+06 +2.020503870e+06 +4.4388e+00 -2.8177e+00 +2.8278e+00
13 +4.252198225e+04 +4.252198225e+04 +4.284217225e+04 +4.284217225e+04 +4.4387e+00 -2.8158e+00 +1.6068e+00
21 +1.343690044e+04 +1.343690044e+04 +1.375709044e+04 +1.375709044e+04 +4.4387e+00 -2.8153e+00 +1.2892e+00
25 +1.135314847e+03 +1.135314847e+03 +1.455504847e+03 +1.455504847e+03 +4.4387e+00 -2.8153e+00 +1.4335e+00
29 +8.890996517e+02 +8.890996517e+02 +1.209289652e+03 +1.209289652e+03 +4.4387e+00 -2.8151e+00 +1.4272e+00
37 +2.358137167e+02 +2.358137167e+02 +5.560037167e+02 +5.560037167e+02 +4.4387e+00 -2.8145e+00 +1.4024e+00
73 +9.364960729e+01 +9.364960729e+01 +4.138396073e+02 +4.138396073e+02 +4.4350e+00 -2.4954e+00 +1.3955e+00
81 +3.500982192e+01 +3.500982192e+01 +3.551998219e+02 +3.551998219e+02 +4.4336e+00 -2.3763e+00 +1.3999e+00
89 +2.344892484e+01 +2.344892484e+01 +3.436389248e+02 +3.436389248e+02 +4.4336e+00 -2.3742e+00 +1.4032e+00
165 +1.361480756e+01 +1.361480756e+01 +3.338048076e+02 +3.338048076e+02 +2.6715e+00 -2.3407e+00 +1.4011e+00
169 +9.063029581e+00 +9.063029581e+00 +3.292530296e+02 +3.292530296e+02 +2.1291e+00 -2.3908e+00 +1.4022e+00
173 +4.720286922e+00 +4.720286922e+00 +3.249102869e+02 +3.249102869e+02 +1.5446e+00 -2.3844e+00 +1.4026e+00
177 +2.153701248e+00 +2.153701248e+00 +3.223437012e+02 +3.223437012e+02 +8.3309e-01 -2.3767e+00 +1.4032e+00
181 +4.252960970e-01 +4.252960970e-01 +3.206152961e+02 +3.206152961e+02 +1.3048e-01 -2.3636e+00 +1.4034e+00
189 +2.003469194e-01 +2.003469194e-01 +3.203903469e+02 +3.203903469e+02 -3.6756e-01 -2.3579e+00 +1.4036e+00
193 +1.043309509e-01 +1.043309509e-01 +3.202943310e+02 +3.202943310e+02 -3.2798e-01 -2.3567e+00 +1.4035e+00
197 +6.015049108e-02 +6.015049108e-02 +3.202501505e+02 +3.202501505e+02 -2.8392e-01 -2.3554e+00 +1.4033e+00
213 +2.548077569e-02 +2.548077569e-02 +3.202154808e+02 +3.202154808e+02 -5.0106e-01 -2.3566e+00 +1.4032e+00
221 +1.422742888e-02 +1.422742888e-02 +3.202042274e+02 +3.202042274e+02 -5.2937e-01 -2.3587e+00 +1.4032e+00
225 +3.843337926e-03 +3.843337926e-03 +3.201938433e+02 +3.201938433e+02 -4.4001e-01 -2.3613e+00 +1.4031e+00
229 +3.609363978e-04 +3.609363978e-04 +3.201903609e+02 +3.201903609e+02 -4.3585e-01 -2.3608e+00 +1.4032e+00
233 +1.088928719e-04 +1.088928719e-04 +3.201901089e+02 +3.201901089e+02 -4.3146e-01 -2.3607e+00 +1.4032e+00
241 +4.414502314e-05 +4.414502314e-05 +3.201900441e+02 +3.201900441e+02 -4.2803e-01 -2.3607e+00 +1.4032e+00
245 +2.236725965e-05 +2.236725965e-05 +3.201900224e+02 +3.201900224e+02 -4.2913e-01 -2.3607e+00 +1.4032e+00
253 +1.185947758e-05 +1.185947758e-05 +3.201900119e+02 +3.201900119e+02 -4.3044e-01 -2.3608e+00 +1.4032e+00
257 +8.574081676e-06 +8.574081676e-06 +3.201900086e+02 +3.201900086e+02 -4.3080e-01 -2.3608e+00 +1.4032e+00
269 +2.866567854e-06 +2.866567854e-06 +3.201900029e+02 +3.201900029e+02 -4.3115e-01 -2.3608e+00 +1.4032e+00
273 +2.132863983e-06 +2.132863983e-06 +3.201900021e+02 +3.201900021e+02 -4.3235e-01 -2.3608e+00 +1.4032e+00
277 +3.394541750e-07 +3.394541750e-07 +3.201900003e+02 +3.201900003e+02 -4.3244e-01 -2.3608e+00 +1.4032e+00
281 +1.735003821e-07 +1.735003821e-07 +3.201900002e+02 +3.201900002e+02 -4.3256e-01 -2.3608e+00 +1.4032e+00
285 +4.944575949e-08 +4.944575949e-08 +3.201900000e+02 +3.201900000e+02 -4.3264e-01 -2.3608e+00 +1.4032e+00
293 +1.773202030e-08 +1.773202030e-08 +3.201900000e+02 +3.201900000e+02 -4.3276e-01 -2.3608e+00 +1.4032e+00
297 +4.773653473e-09 +4.773653473e-09 +3.201900000e+02 +3.201900000e+02 -4.3275e-01 -2.3608e+00 +1.4032e+00
% function evaluation | noise-free fitness - Fopt (-1.042400000000e+02) | best noise-free fitness - Fopt | measured fitness | best measured fitness | x1 | x2...
1 +3.107477201e+05 +3.107477201e+05 +3.106434801e+05 +3.106434801e+05 -3.7129e+00 +3.1044e+00 +1.8159e+00
9 +6.240273943e+04 +6.240273943e+04 +6.229849943e+04 +6.229849943e+04 -3.7129e+00 +3.1006e+00 +1.4032e+00
37 +3.908221666e+04 +3.908221666e+04 +3.897797666e+04 +3.897797666e+04 -3.7124e+00 +1.9919e+00 +1.3777e+00
45 +2.503474461e+04 +2.503474461e+04 +2.493050461e+04 +2.493050461e+04 -3.7117e+00 +6.6519e-01 +1.3836e+00
49 +5.744754639e+03 +5.744754639e+03 +5.640514639e+03 +5.640514639e+03 -3.7099e+00 -2.7494e+00 +1.3833e+00
57 +3.657662032e+03 +3.657662032e+03 +3.553422032e+03 +3.553422032e+03 -3.7093e+00 -3.9101e+00 +1.3741e+00
65 +2.228810808e+03 +2.228810808e+03 +2.124570808e+03 +2.124570808e+03 -3.7093e+00 -3.9122e+00 +1.3585e+00
73 +7.461519185e+01 +7.461519185e+01 -2.962480815e+01 -2.962480815e+01 -3.7093e+00 -3.9173e+00 +1.3211e+00
77 +1.763214680e+01 +1.763214680e+01 -8.660785320e+01 -8.660785320e+01 -3.7092e+00 -3.9182e+00 +1.3145e+00
141 +1.404810361e+01 +1.404810361e+01 -9.019189639e+01 -9.019189639e+01 -3.1466e+00 -3.9393e+00 +1.3146e+00
149 +1.368131123e+00 +1.368131123e+00 -1.028718689e+02 -1.028718689e+02 -4.6357e-01 -3.9445e+00 +1.3133e+00
153 +1.016901462e-01 +1.016901462e-01 -1.041383099e+02 -1.041383099e+02 +5.7750e-01 -3.9287e+00 +1.3137e+00
157 +3.325347233e-02 +3.325347233e-02 -1.042067465e+02 -1.042067465e+02 +4.3278e-01 -3.9250e+00 +1.3137e+00
161 +4.373897843e-03 +4.373897843e-03 -1.042356261e+02 -1.042356261e+02 +3.7848e-01 -3.9215e+00 +1.3136e+00
165 +1.144714407e-03 +1.144714407e-03 -1.042388553e+02 -1.042388553e+02 +3.7704e-01 -3.9192e+00 +1.3136e+00
169 +3.706503638e-05 +3.706503638e-05 -1.042399629e+02 -1.042399629e+02 +3.8868e-01 -3.9200e+00 +1.3136e+00
173 +9.311201708e-06 +9.311201708e-06 -1.042399907e+02 -1.042399907e+02 +3.9139e-01 -3.9200e+00 +1.3136e+00
185 +1.496630233e-06 +1.496630233e-06 -1.042399985e+02 -1.042399985e+02 +3.9453e-01 -3.9200e+00 +1.3136e+00
189 +4.831310179e-07 +4.831310179e-07 -1.042399995e+02 -1.042399995e+02 +3.9419e-01 -3.9200e+00 +1.3136e+00
193 +2.517861475e-07 +2.517861475e-07 -1.042399997e+02 -1.042399997e+02 +3.9419e-01 -3.9200e+00 +1.3136e+00
195 +2.492682540e-07 +2.492682540e-07 -1.042399998e+02 -1.042399998e+02 +3.9419e-01 -3.9200e+00 +1.3136e+00
201 +6.266986929e-08 +6.266986929e-08 -1.042399999e+02 -1.042399999e+02 +3.9420e-01 -3.9200e+00 +1.3136e+00
205 +1.711306652e-08 +1.711306652e-08 -1.042400000e+02 -1.042400000e+02 +3.9428e-01 -3.9200e+00 +1.3136e+00
209 +5.565581773e-09 +5.565581773e-09 -1.042400000e+02 -1.042400000e+02 +3.9446e-01 -3.9200e+00 +1.3136e+00
% function evaluation | noise-free fitness - Fopt (3.201900000000e+02) | best noise-free fitness - Fopt | measured fitness | best measured fitness | x1 | x2...
1 +3.295445221e+07 +3.295445221e+07 +3.295477240e+07 +3.295477240e+07 +3.7044e+00 -2.1908e+00 -4.6580e+00
5 +2.447129352e+07 +2.447129352e+07 +2.447161371e+07 +2.447161371e+07 +3.7044e+00 -2.1908e+00 -3.6580e+00
9 +2.133115749e+05 +2.133115749e+05 +2.136317649e+05 +2.136317649e+05 +3.7043e+00 -2.1913e+00 +9.4764e-01
13 +3.659789731e+02 +3.659789731e+02 +6.861689731e+02 +6.861689731e+02 +3.7043e+00 -2.1916e+00 +1.4219e+00
17 +7.694729583e+01 +7.694729583e+01 +3.971372958e+02 +3.971372958e+02 +3.7043e+00 -2.1918e+00 +1.3978e+00
21 +4.768172636e+01 +4.768172636e+01 +3.678717264e+02 +3.678717264e+02 +3.7043e+00 -2.1920e+00 +1.4016e+00
53 +3.919415969e+01 +3.919415969e+01 +3.593841597e+02 +3.593841597e+02 +3.7034e+00 -2.2360e+00 +1.4060e+00
65 +1.867555873e+01 +1.867555873e+01 +3.388655587e+02 +3.388655587e+02 +3.7016e+00 -2.3228e+00 +1.4027e+00
129 +1.072388325e+01 +1.072388325e+01 +3.309138833e+02 +3.309138833e+02 +2.7564e+00 -2.3249e+00 +1.4030e+00
133 +9.526066556e+00 +9.526066556e+00 +3.297160666e+02 +3.297160666e+02 +2.0599e+00 -2.3141e+00 +1.4029e+00
137 +1.856805980e+00 +1.856805980e+00 +3.220468060e+02 +3.220468060e+02 +2.9926e-01 -2.3259e+00 +1.4027e+00
141 +1.439149595e+00 +1.439149595e+00 +3.216291496e+02 +3.216291496e+02 +1.9488e-01 -2.3297e+00 +1.4029e+00
149 +9.888981413e-01 +9.888981413e-01 +3.211788981e+02 +3.211788981e+02 -4.0583e-02 -2.3331e+00 +1.4032e+00
153 +3.395493701e-01 +3.395493701e-01 +3.205295494e+02 +3.205295494e+02 -5.1925e-01 -2.3431e+00 +1.4034e+00
169 +1.537252303e-01 +1.537252303e-01 +3.203437252e+02 +3.203437252e+02 -7.8340e-01 -2.3567e+00 +1.4033e+00
177 +5.128304490e-02 +5.128304490e-02 +3.202412830e+02 +3.202412830e+02 -5.6809e-01 -2.3549e+00 +1.4032e+00
181 +3.248150531e-02 +3.248150531e-02 +3.202224815e+02 +3.202224815e+02 -4.5944e-01 -2.3555e+00 +1.4031e+00
189 +1.819621324e-02 +1.819621324e-02 +3.202081962e+02 +3.202081962e+02 -4.7142e-01 -2.3640e+00 +1.4031e+00
193 +6.907755547e-03 +6.907755547e-03 +3.201969078e+02 +3.201969078e+02 -4.6745e-01 -2.3611e+00 +1.4031e+00
197 +4.503771877e-03 +4.503771877e-03 +3.201945038e+02 +3.201945038e+02 -4.3898e-01 -2.3599e+00 +1.4031e+00
201 +1.020570648e-03 +1.020570648e-03 +3.201910206e+02 +3.201910206e+02 -4.1690e-01 -2.3609e+00 +1.4032e+00
205 +2.047550656e-04 +2.047550656e-04 +3.201902048e+02 +3.201902048e+02 -4.1968e-01 -2.3609e+00 +1.4032e+00
209 +1.993453566e-05 +1.993453566e-05 +3.201900199e+02 +3.201900199e+02 -4.3290e-01 -2.3608e+00 +1.4032e+00
213 +4.149953270e-07 +4.149953270e-07 +3.201900004e+02 +3.201900004e+02 -4.3315e-01 -2.3608e+00 +1.4032e+00
217 +5.529517466e-08 +5.529517466e-08 +3.201900001e+02 +3.201900001e+02 -4.3263e-01 -2.3608e+00 +1.4032e+00
221 +2.094526508e-08 +2.094526508e-08 +3.201900000e+02 +3.201900000e+02 -4.3282e-01 -2.3608e+00 +1.4032e+00
225 +6.197865332e-09 +6.197865332e-09 +3.201900000e+02 +3.201900000e+02 -4.3282e-01 -2.3608e+00 +1.4032e+00
% function evaluation | noise-free fitness - Fopt (-1.042400000000e+02) | best noise-free fitness - Fopt | measured fitness | best measured fitness | x1 | x2...
1 +1.872069359e+06 +1.872069359e+06 +1.871965119e+06 +1.871965119e+06 +4.6777e+00 +2.7992e+00 +2.5459e+00
5 +1.025268966e+05 +1.025268966e+05 +1.024226566e+05 +1.024226566e+05 +4.6777e+00 +2.7912e+00 +1.5459e+00
9 +4.995086799e+04 +4.995086799e+04 +4.984662799e+04 +4.984662799e+04 +4.6777e+00 +2.7790e+00 +1.2784e+00
37 +1.290395745e+04 +1.290395745e+04 +1.279971745e+04 +1.279971745e+04 +4.6748e+00 -3.0941e+00 +1.2024e+00
41 +3.972983220e+03 +3.972983220e+03 +3.868743220e+03 +3.868743220e+03 +4.6749e+00 -2.8220e+00 +1.2647e+00
45 +4.154535977e+02 +4.154535977e+02 +3.112135977e+02 +3.112135977e+02 +4.6743e+00 -4.0776e+00 +1.2944e+00
49 +1.089939757e+02 +1.089939757e+02 +4.753975741e+00 +4.753975741e+00 +4.6742e+00 -4.1167e+00 +1.3060e+00
53 +4.475668368e+01 +4.475668368e+01 -5.948331632e+01 -5.948331632e+01 +4.6743e+00 -4.0536e+00 +1.3110e+00
61 +2.166431009e+01 +2.166431009e+01 -8.257568991e+01 -8.257568991e+01 +4.6743e+00 -3.9638e+00 +1.3146e+00
121 +1.567289076e+01 +1.567289076e+01 -8.856710924e+01 -8.856710924e+01 +4.3099e+00 -3.9078e+00 +1.3142e+00
133 +5.947863652e+00 +5.947863652e+00 -9.829213635e+01 -9.829213635e+01 +2.3995e+00 -3.8777e+00 +1.3140e+00
141 +3.684795606e+00 +3.684795606e+00 -1.005552044e+02 -1.005552044e+02 +3.2238e-01 -3.8607e+00 +1.3139e+00
153 +1.764996064e+00 +1.764996064e+00 -1.024750039e+02 -1.024750039e+02 +1.2545e+00 -3.8832e+00 +1.3135e+00
169 +1.483455334e+00 +1.483455334e+00 -1.027565447e+02 -1.027565447e+02 +8.6555e-01 -3.8943e+00 +1.3129e+00
173 +9.962374151e-01 +9.962374151e-01 -1.032437626e+02 -1.032437626e+02 +6.8413e-01 -3.8973e+00 +1.3130e+00
181 +1.491946844e-01 +1.491946844e-01 -1.040908053e+02 -1.040908053e+02 +1.1219e-01 -3.9122e+00 +1.3135e+00
189 +4.553971268e-02 +4.553971268e-02 -1.041944603e+02 -1.041944603e+02 +3.6780e-01 -3.9228e+00 +1.3138e+00
193 +1.912409142e-03 +1.912409142e-03 -1.042380876e+02 -1.042380876e+02 +3.5551e-01 -3.9202e+00 +1.3136e+00
197 +3.585820452e-04 +3.585820452e-04 -1.042396414e+02 -1.042396414e+02 +3.7999e-01 -3.9204e+00 +1.3136e+00
201 +7.154119002e-05 +7.154119002e-05 -1.042399285e+02 -1.042399285e+02 +3.9032e-01 -3.9201e+00 +1.3136e+00
205 +1.437709696e-05 +1.437709696e-05 -1.042399856e+02 -1.042399856e+02 +3.9501e-01 -3.9201e+00 +1.3136e+00
209 +2.418942628e-06 +2.418942628e-06 -1.042399976e+02 -1.042399976e+02 +3.9503e-01 -3.9200e+00 +1.3136e+00
213 +6.079966539e-07 +6.079966539e-07 -1.042399994e+02 -1.042399994e+02 +3.9469e-01 -3.9200e+00 +1.3136e+00
217 +7.301892424e-08 +7.301892424e-08 -1.042399999e+02 -1.042399999e+02 +3.9442e-01 -3.9200e+00 +1.3136e+00
225 +4.561812261e-09 +4.561812261e-09 -1.042400000e+02 -1.042400000e+02 +3.9440e-01 -3.9200e+00 +1.3136e+00
228 +2.873122185e-09 +2.873122185e-09 -1.042400000e+02 -1.042400000e+02 +3.9440e-01 -3.9200e+00 +1.3136e+00
