% function evaluation | noise-free fitness - Fopt (-2.098800000000e+02) | best noise-free fitness - Fopt | measured fitness | best measured fitness | x1 | x2...
1 +2.228427969e+07 +2.228427969e+07 +2.228406981e+07 +2.228406981e+07 +3.1933e+00 -4.3331e+00
4 +1.433491450e+07 +1.433491450e+07 +1.433470462e+07 +1.433470462e+07 +3.1933e+00 -3.3331e+00
7 +1.034764393e+06 +1.034764393e+06 +1.034554513e+06 +1.034554513e+06 +3.1933e+00 +1.4571e+00
10 +7.483897788e+05 +7.483897788e+05 +7.481798988e+05 +7.481798988e+05 +3.1933e+00 -4.5397e-01
13 +3.874773985e+04 +3.874773985e+04 +3.853785985e+04 +3.853785985e+04 +3.1933e+00 +2.5683e-01
16 +4.310516313e+03 +4.310516313e+03 +4.100636313e+03 +4.100636313e+03 +3.1933e+00 +3.7597e-01
19 +2.908749744e+02 +2.908749744e+02 +8.099497440e+01 +8.099497440e+01 +3.1933e+00 +4.3137e-01
22 +6.729254676e+01 +6.729254676e+01 -1.425874532e+02 -1.425874532e+02 +3.1933e+00 +4.5581e-01
25 +6.429711189e+00 +6.429711189e+00 -2.034502888e+02 -2.034502888e+02 +3.1933e+00 +4.4638e-01
28 +4.108869119e+00 +4.108869119e+00 -2.057711309e+02 -2.057711309e+02 +3.1933e+00 +4.4755e-01
34 +3.863256634e+00 +3.863256634e+00 -2.060167434e+02 -2.060167434e+02 +3.1933e+00 +4.4798e-01
76 +2.372196312e+00 +2.372196312e+00 -2.075078037e+02 -2.075078037e+02 +2.8563e+00 +4.4827e-01
88 +6.783027107e-01 +6.783027107e-01 -2.092016973e+02 -2.092016973e+02 +2.0275e+00 +4.4834e-01
91 +4.969424039e-01 +4.969424039e-01 -2.093830576e+02 -2.093830576e+02 +1.4792e+00 +4.4865e-01
100 +6.475183505e-02 +6.475183505e-02 -2.098152482e+02 -2.098152482e+02 +1.2922e+00 +4.4826e-01
103 +6.094492034e-03 +6.094492034e-03 -2.098739055e+02 -2.098739055e+02 +1.1691e+00 +4.4794e-01
106 +6.804824136e-05 +6.804824136e-05 -2.098799320e+02 -2.098799320e+02 +1.1987e+00 +4.4800e-01
109 +1.079306375e-05 +1.079306375e-05 -2.098799892e+02 -2.098799892e+02 +1.2041e+00 +4.4800e-01
115 +1.054801430e-06 +1.054801430e-06 -2.098799989e+02 -2.098799989e+02 +1.2075e+00 +4.4800e-01
118 +1.878905209e-08 +1.878905209e-08 -2.098800000e+02 -2.098800000e+02 +1.2073e+00 +4.4800e-01
121 +8.464269285e-10 +8.464269285e-10 -2.098800000e+02 -2.098800000e+02 +1.2072e+00 +4.4800e-01
123 +4.325784175e-10 +4.325784175e-10 -2.098800000e+02 -2.098800000e+02 +1.2072e+00 +4.4800e-01
% function evaluation | noise-free fitness - Fopt (-9.209000000000e+01) | best noise-free fitness - Fopt | measured fitness | best measured fitness | x1 | x2...
1 +3.202243710e+06 +3.202243710e+06 +3.202151620e+06 +3.202151620e+06 +3.2251e+00 +4.4973e+00
4 +6.405351658e+05 +6.405351658e+05 +6.404430758e+05 +6.404430758e+05 +3.2251e+00 +3.4973e+00
7 +1.121639817e+05 +1.121639817e+05 +1.120718917e+05 +1.120718917e+05 +3.2251e+00 +2.9499e+00
10 +1.546810043e+04 +1.546810043e+04 +1.537601043e+04 +1.537601043e+04 +3.2251e+00 +2.7484e+00
13 +3.322164299e+03 +3.322164299e+03 +3.230074299e+03 +3.230074299e+03 +3.2251e+00 +2.6741e+00
19 +1.198298671e+02 +1.198298671e+02 +2.773986710e+01 +2.773986710e+01 +3.2251e+00 +2.6106e+00
22 +1.638839994e+01 +1.638839994e+01 -7.570160006e+01 -7.570160006e+01 +3.2251e+00 +2.6249e+00
25 +7.052584719e+00 +7.052584719e+00 -8.503741528e+01 -8.503741528e+01 +3.2251e+00 +2.6213e+00
64 +5.678118177e+00 +5.678118177e+00 -8.641188182e+01 -8.641188182e+01 +2.8894e+00 +2.6224e+00
85 +3.668852656e+00 +3.668852656e+00 -8.842114734e+01 -8.842114734e+01 +2.1932e+00 +2.6229e+00
91 +4.333097569e-01 +4.333097569e-01 -9.165669024e+01 -9.165669024e+01 +1.3239e+00 +2.6215e+00
97 +2.669268162e-01 +2.669268162e-01 -9.182307318e+01 -9.182307318e+01 +1.1568e+00 +2.6213e+00
100 +1.811997259e-01 +1.811997259e-01 -9.190880027e+01 -9.190880027e+01 +1.1221e+00 +2.6214e+00
103 +1.289900471e-01 +1.289900471e-01 -9.196100995e+01 -9.196100995e+01 +1.0332e+00 +2.6214e+00
109 +2.317017606e-03 +2.317017606e-03 -9.208768298e+01 -9.208768298e+01 +7.3265e-01 +2.6216e+00
112 +1.014472455e-03 +1.014472455e-03 -9.208898553e+01 -9.208898553e+01 +6.9482e-01 +2.6216e+00
115 +7.937241975e-07 +7.937241975e-07 -9.208999921e+01 -9.208999921e+01 +7.2474e-01 +2.6216e+00
118 +8.979885990e-08 +8.979885990e-08 -9.208999991e+01 -9.208999991e+01 +7.2530e-01 +2.6216e+00
121 +5.016109128e-08 +5.016109128e-08 -9.208999995e+01 -9.208999995e+01 +7.2583e-01 +2.6216e+00
124 +1.384971426e-08 +1.384971426e-08 -9.208999999e+01 -9.208999999e+01 +7.2573e-01 +2.6216e+00
127 +2.199655569e-09 +2.199655569e-09 -9.209000000e+01 -9.209000000e+01 +7.2562e-01 +2.6216e+00
129 +4.936424602e-10 +4.936424602e-10 -9.209000000e+01 -9.209000000e+01 +7.2562e-01 +2.6216e+00
% function evaluation | noise-free fitness - Fopt (-8.789000000000e+01) | best noise-free fitness - Fopt | measured fitness | best measured fitness | x1 | x2...
1 +6.445525195e+07 +6.445525195e+07 +6.445516406e+07 +6.445516406e+07 +3.1644e+00 -4.6069e+00
4 +4.705840582e+07 +4.705840582e+07 +4.705831793e+07 +4.705831793e+07 +3.1644e+00 -3.6069e+00
7 +2.176599290e+07 +2.176599290e+07 +2.176590501e+07 +2.176590501e+07 +3.1644e+00 -1.0691e+00
10 +3.500366931e+06 +3.500366931e+06 +3.500279041e+06 +3.500279041e+06 +3.1644e+00 +1.8568e+00
13 +4.972137357e+04 +4.972137357e+04 +4.963348357e+04 +4.963348357e+04 +3.1644e+00 +3.4236e+00
16 +2.021625986e+03 +2.021625986e+03 +1.933735986e+03 +1.933735986e+03 +3.1644e+00 +3.6893e+00
19 +1.486371512e+03 +1.486371512e+03 +1.398481512e+03 +1.398481512e+03 +3.1644e+00 +3.6095e+00
22 +6.116821067e+01 +6.116821067e+01 -2.672178933e+01 -2.672178933e+01 +3.1644e+00 +3.6377e+00
25 +2.392987953e+01 +2.392987953e+01 -6.396012047e+01 -6.396012047e+01 +3.1644e+00 +3.6419e+00
31 +8.813981758e+00 +8.813981758e+00 -7.907601824e+01 -7.907601824e+01 +3.1644e+00 +3.6450e+00
82 +5.077357959e+00 +5.077357959e+00 -8.281264204e+01 -8.281264204e+01 +2.3830e+00 +3.6460e+00
88 +1.074259106e+00 +1.074259106e+00 -8.681574089e+01 -8.681574089e+01 +5.8005e-01 +3.6466e+00
91 +6.558075281e-01 +6.558075281e-01 -8.723419247e+01 -8.723419247e+01 +7.3786e-01 +3.6462e+00
94 +7.835764872e-02 +7.835764872e-02 -8.781164235e+01 -8.781164235e+01 -3.4810e-02 +3.6457e+00
97 +2.479727596e-02 +2.479727596e-02 -8.786520272e+01 -8.786520272e+01 +1.2713e-01 +3.6457e+00
106 +7.173396809e-03 +7.173396809e-03 -8.788282660e+01 -8.788282660e+01 +2.7444e-01 +3.6457e+00
112 +4.482483327e-03 +4.482483327e-03 -8.788551752e+01 -8.788551752e+01 +2.9740e-01 +3.6456e+00
118 +3.319355231e-03 +3.319355231e-03 -8.788668064e+01 -8.788668064e+01 +2.9172e-01 +3.6456e+00
127 +1.928156900e-03 +1.928156900e-03 -8.788807184e+01 -8.788807184e+01 +2.7780e-01 +3.6456e+00
132 +1.584828654e-03 +1.584828654e-03 -8.788841517e+01 -8.788841517e+01 +2.7129e-01 +3.6456e+00
133 +8.999022680e-04 +8.999022680e-04 -8.788910010e+01 -8.788910010e+01 +2.6912e-01 +3.6456e+00
139 +4.278857575e-04 +4.278857575e-04 -8.788957211e+01 -8.788957211e+01 +2.5796e-01 +3.6456e+00
151 +3.775454438e-04 +3.775454438e-04 -8.788962245e+01 -8.788962245e+01 +2.4850e-01 +3.6456e+00
154 +1.067049130e-04 +1.067049130e-04 -8.788989330e+01 -8.788989330e+01 +2.4607e-01 +3.6456e+00
160 +6.501147283e-06 +6.501147283e-06 -8.788999350e+01 -8.788999350e+01 +2.4164e-01 +3.6456e+00
163 +5.834843080e-06 +5.834843080e-06 -8.788999417e+01 -8.788999417e+01 +2.4139e-01 +3.6456e+00
166 +3.621762659e-07 +3.621762659e-07 -8.788999964e+01 -8.788999964e+01 +2.3919e-01 +3.6456e+00
169 +7.581022032e-08 +7.581022032e-08 -8.788999992e+01 -8.788999992e+01 +2.3944e-01 +3.6456e+00
171 +5.880558263e-08 +5.880558263e-08 -8.788999994e+01 -8.788999994e+01 +2.3944e-01 +3.6456e+00
175 +3.049365205e-10 +3.049365205e-10 -8.789000000e+01 -8.789000000e+01 +2.3921e-01 +3.6456e+00
% function evaluation | noise-free fitness - Fopt (3.201900000000e+02) | best noise-free fitness - Fopt | measured fitness | best measured fitness | x1 | x2...
1 +2.015074800e+07 +2.015074800e+07 +2.015106819e+07 +2.015106819e+07 -3.4263e+00 +2.1303e+00
4 +1.160420837e+07 +1.160420837e+07 +1.160452856e+07 +1.160452856e+07 -3.4263e+00 +1.1303e+00
7 +6.907442907e+06 +6.907442907e+06 +6.907763097e+06 +6.907763097e+06 -3.4263e+00 +1.3033e-01
10 +1.307806548e+05 +1.307806548e+05 +1.311008448e+05 +1.311008448e+05 -3.4262e+00 -1.9896e+00
13 +1.971273901e+04 +1.971273901e+04 +2.003292901e+04 +2.003292901e+04 -3.4262e+00 -2.2144e+00
19 +1.064125207e+03 +1.064125207e+03 +1.384315207e+03 +1.384315207e+03 -3.4262e+00 -2.3252e+00
22 +1.080832190e+02 +1.080832190e+02 +4.282732190e+02 +4.282732190e+02 -3.4262e+00 -2.3509e+00
25 +9.703623971e+00 +9.703623971e+00 +3.298936240e+02 +3.298936240e+02 -3.4262e+00 -2.3619e+00
79 +6.069452217e+00 +6.069452217e+00 +3.262594522e+02 +3.262594522e+02 -2.7002e+00 -2.3619e+00
82 +1.853772205e+00 +1.853772205e+00 +3.220437722e+02 +3.220437722e+02 -1.6814e+00 -2.3610e+00
88 +1.475555212e-01 +1.475555212e-01 +3.203375555e+02 +3.203375555e+02 -7.4524e-01 -2.3606e+00
91 +6.242630749e-02 +6.242630749e-02 +3.202524263e+02 +3.202524263e+02 -5.2690e-01 -2.3605e+00
94 +3.720695750e-02 +3.720695750e-02 +3.202272070e+02 +3.202272070e+02 -4.3244e-01 -2.3606e+00
103 +8.638476237e-03 +8.638476237e-03 +3.201986385e+02 +3.201986385e+02 -3.5197e-01 -2.3608e+00
112 +3.771354866e-03 +3.771354866e-03 +3.201937714e+02 +3.201937714e+02 -4.1016e-01 -2.3607e+00
118 +2.004376930e-03 +2.004376930e-03 +3.201920044e+02 +3.201920044e+02 -4.3894e-01 -2.3608e+00
121 +4.257012176e-05 +4.257012176e-05 +3.201900426e+02 +3.201900426e+02 -4.3942e-01 -2.3608e+00
124 +2.314929117e-05 +2.314929117e-05 +3.201900231e+02 +3.201900231e+02 -4.3670e-01 -2.3608e+00
133 +1.256957654e-05 +1.256957654e-05 +3.201900126e+02 +3.201900126e+02 -4.3332e-01 -2.3608e+00
136 +5.444360681e-06 +5.444360681e-06 +3.201900054e+02 +3.201900054e+02 -4.3416e-01 -2.3608e+00
145 +3.204011534e-06 +3.204011534e-06 +3.201900032e+02 +3.201900032e+02 -4.3377e-01 -2.3608e+00
148 +3.451033308e-07 +3.451033308e-07 +3.201900003e+02 +3.201900003e+02 -4.3287e-01 -2.3608e+00
154 +6.252207641e-10 +6.252207641e-10 +3.201900000e+02 +3.201900000e+02 -4.3281e-01 -2.3608e+00
% function evaluation | noise-free fitness - Fopt (-1.042400000000e+02) | best noise-free fitness - Fopt | measured fitness | best measured fitness | x1 | x2...
1 +2.180948821e+07 +2.180948821e+07 +2.180938397e+07 +2.180938397e+07 -3.8651e+00 +7.7311e-01
4 +1.323991635e+07 +1.323991635e+07 +1.323981211e+07 +1.323981211e+07 -3.8651e+00 -2.2689e-01
7 +1.838058906e+06 +1.838058906e+06 +1.837954666e+06 +1.837954666e+06 -3.8651e+00 -2.6806e+00
10 +1.365044401e+04 +1.365044401e+04 +1.354620401e+04 +1.354620401e+04 -3.8651e+00 -3.8085e+00
13 +1.010386027e+03 +1.010386027e+03 +9.061460266e+02 +9.061460266e+02 -3.8651e+00 -3.8857e+00
16 +1.817449517e+01 +1.817449517e+01 -8.606550483e+01 -8.606550483e+01 -3.8651e+00 -3.9200e+00
52 +1.316674205e+01 +1.316674205e+01 -9.107325795e+01 -9.107325795e+01 -2.7378e+00 -3.9220e+00
58 +6.068078751e+00 +6.068078751e+00 -9.817192125e+01 -9.817192125e+01 -1.2510e+00 -3.9218e+00
61 +4.878990084e-01 +4.878990084e-01 -1.037521010e+02 -1.037521010e+02 +2.2093e-01 -3.9207e+00
64 +1.245263649e-01 +1.245263649e-01 -1.041154736e+02 -1.041154736e+02 +5.2121e-01 -3.9203e+00
70 +8.953274235e-02 +8.953274235e-02 -1.041504673e+02 -1.041504673e+02 +6.8518e-01 -3.9200e+00
73 +2.414584360e-02 +2.414584360e-02 -1.042158542e+02 -1.042158542e+02 +5.4510e-01 -3.9201e+00
76 +8.707867518e-04 +8.707867518e-04 -1.042391292e+02 -1.042391292e+02 +4.1161e-01 -3.9200e+00
79 +1.793843683e-04 +1.793843683e-04 -1.042398206e+02 -1.042398206e+02 +3.9949e-01 -3.9200e+00
82 +2.794652572e-05 +2.794652572e-05 -1.042399721e+02 -1.042399721e+02 +3.9408e-01 -3.9200e+00
85 +1.679358064e-06 +1.679358064e-06 -1.042399983e+02 -1.042399983e+02 +3.9552e-01 -3.9200e+00
88 +1.728202221e-07 +1.728202221e-07 -1.042399998e+02 -1.042399998e+02 +3.9481e-01 -3.9200e+00
91 +1.122540993e-08 +1.122540993e-08 -1.042400000e+02 -1.042400000e+02 +3.9449e-01 -3.9200e+00
94 +5.665597769e-09 +5.665597769e-09 -1.042400000e+02 -1.042400000e+02 +3.9433e-01 -3.9200e+00
% function evaluation | noise-free fitness - Fopt (3.201900000000e+02) | best noise-free fitness - Fopt | measured fitness | best measured fitness | x1 | x2...
1 +2.524152861e+06 +2.524152861e+06 +2.524473051e+06 +2.524473051e+06 -1.5302e+00 -6.3734e-01
4 +5.005085778e+05 +5.005085778e+05 +5.008287678e+05 +5.008287678e+05 -1.5302e+00 -1.6373e+00
10 +9.902380346e+03 +9.902380346e+03 +1.022257035e+04 +1.022257035e+04 -1.5301e+00 -2.4635e+00
13 +8.311593592e+02 +8.311593592e+02 +1.151349359e+03 +1.151349359e+03 -1.5302e+00 -2.3892e+00
19 +2.867404325e+01 +2.867404325e+01 +3.488640432e+02 +3.488640432e+02 -1.5302e+00 -2.3656e+00
22 +3.728908852e+00 +3.728908852e+00 +3.239189089e+02 +3.239189089e+02 -1.5301e+00 -2.3624e+00
25 +1.299262383e+00 +1.299262383e+00 +3.214892624e+02 +3.214892624e+02 -1.5301e+00 -2.3608e+00
64 +8.350081157e-01 +8.350081157e-01 +3.210250081e+02 +3.210250081e+02 -1.3365e+00 -2.3611e+00
67 +2.382789667e-01 +2.382789667e-01 +3.204282790e+02 +3.204282790e+02 -9.0970e-01 -2.3609e+00
70 +8.340245245e-02 +8.340245245e-02 +3.202734025e+02 +3.202734025e+02 -7.1949e-01 -2.3608e+00
76 +3.172803185e-03 +3.172803185e-03 +3.201931728e+02 +3.201931728e+02 -4.1960e-01 -2.3607e+00
79 +2.096355018e-03 +2.096355018e-03 +3.201920964e+02 +3.201920964e+02 -4.3563e-01 -2.3608e+00
85 +1.343988241e-03 +1.343988241e-03 +3.201913440e+02 +3.201913440e+02 -4.5518e-01 -2.3608e+00
88 +6.308930692e-04 +6.308930692e-04 +3.201906309e+02 +3.201906309e+02 -4.5469e-01 -2.3608e+00
94 +2.501654014e-04 +2.501654014e-04 +3.201902502e+02 +3.201902502e+02 -4.4620e-01 -2.3608e+00
97 +1.239284697e-04 +1.239284697e-04 +3.201901239e+02 +3.201901239e+02 -4.2190e-01 -2.3608e+00
100 +3.091311328e-06 +3.091311328e-06 +3.201900031e+02 +3.201900031e+02 -4.3179e-01 -2.3608e+00
103 +5.461284331e-07 +5.461284331e-07 +3.201900005e+02 +3.201900005e+02 -4.3349e-01 -2.3608e+00
106 +6.975830047e-08 +6.975830047e-08 +3.201900001e+02 +3.201900001e+02 -4.3308e-01 -2.3608e+00
112 +2.860758741e-09 +2.860758741e-09 +3.201900000e+02 +3.201900000e+02 -4.3280e-01 -2.3608e+00
% function evaluation | noise-free fitness - Fopt (-1.042400000000e+02) | best noise-free fitness - Fopt | measured fitness | best measured fitness | x1 | x2...
1 +4.552956533e+07 +4.552956533e+07 +4.552946109e+07 +4.552946109e+07 +7.6326e-01 +2.6050e+00
4 +3.000126061e+07 +3.000126061e+07 +3.000115637e+07 +3.000115637e+07 +7.6326e-01 +1.6050e+00
7 +8.940770629e+06 +8.940770629e+06 +8.940666389e+06 +8.940666389e+06 +7.6326e-01 -8.6880e-01
10 +2.321749595e+06 +2.321749595e+06 +2.321645355e+06 +2.321645355e+06 +7.6326e-01 -2.2646e+00
13 +2.968158839e+04 +2.968158839e+04 +2.957734839e+04 +2.957734839e+04 +7.6326e-01 -4.0829e+00
16 +2.111613908e+03 +2.111613908e+03 +2.007373908e+03 +2.007373908e+03 +7.6326e-01 -3.8757e+00
19 +7.807113962e+02 +7.807113962e+02 +6.764713962e+02 +6.764713962e+02 +7.6326e-01 -3.9476e+00
22 +4.855899371e+01 +4.855899371e+01 -5.568100629e+01 -5.568100629e+01 +7.6326e-01 -3.9275e+00
25 +1.668306518e+01 +1.668306518e+01 -8.755693482e+01 -8.755693482e+01 +7.6326e-01 -3.9238e+00
31 +3.126835600e-01 +3.126835600e-01 -1.039273164e+02 -1.039273164e+02 +7.6326e-01 -3.9204e+00
37 +1.299151884e-01 +1.299151884e-01 -1.041100848e+02 -1.041100848e+02 +7.6326e-01 -3.9200e+00
85 +5.835424807e-02 +5.835424807e-02 -1.041816458e+02 -1.041816458e+02 +4.6230e-01 -3.9203e+00
91 +1.699459118e-02 +1.699459118e-02 -1.042230054e+02 -1.042230054e+02 +5.0432e-01 -3.9201e+00
94 +6.634543374e-03 +6.634543374e-03 -1.042333655e+02 -1.042333655e+02 +4.7704e-01 -3.9200e+00
97 +4.494714373e-03 +4.494714373e-03 -1.042355053e+02 -1.042355053e+02 +4.4976e-01 -3.9200e+00
100 +1.585532872e-03 +1.585532872e-03 -1.042384145e+02 -1.042384145e+02 +4.3480e-01 -3.9200e+00
103 +9.956377501e-04 +9.956377501e-04 -1.042390044e+02 -1.042390044e+02 +4.1985e-01 -3.9200e+00
109 +3.959755546e-04 +3.959755546e-04 -1.042396040e+02 -1.042396040e+02 +3.9568e-01 -3.9200e+00
112 +9.138577101e-05 +9.138577101e-05 -1.042399086e+02 -1.042399086e+02 +3.9815e-01 -3.9200e+00
118 +6.416037095e-06 +6.416037095e-06 -1.042399936e+02 -1.042399936e+02 +3.9677e-01 -3.9200e+00
121 +4.602410698e-06 +4.602410698e-06 -1.042399954e+02 -1.042399954e+02 +3.9639e-01 -3.9200e+00
124 +4.000966669e-08 +4.000966669e-08 -1.042400000e+02 -1.042400000e+02 +3.9456e-01 -3.9200e+00
130 +1.539379468e-08 +1.539379468e-08 -1.042400000e+02 -1.042400000e+02 +3.9429e-01 -3.9200e+00
133 +2.774157792e-09 +2.774157792e-09 -1.042400000e+02 -1.042400000e+02 +3.9438e-01 -3.9200e+00
135 +4.721414371e-10 +4.721414371e-10 -1.042400000e+02 -1.042400000e+02 +3.9438e-01 -3.9200e+00
