% function evaluation | noise-free fitness - Fopt (2.997000000000e+01) | best noise-free fitness - Fopt | measured fitness | best measured fitness | x1 | x2...
1 +7.540165432e+02 +7.540165432e+02 +7.839865432e+02 +7.839865432e+02 -2.9830e+00 -2.0360e+00 -2.8500e+00 -1.7923e+00 +3.6041e+00
7 +4.477277377e+02 +4.477277377e+02 +4.776977377e+02 +4.776977377e+02 -1.9830e+00 -1.4391e+00 -3.6520e+00 -2.3154e+00 +3.4835e+00
19 +2.893917220e+02 +2.893917220e+02 +3.193617220e+02 +3.193617220e+02 -7.5493e-01 -9.4317e-01 -3.9706e+00 -2.5690e+00 +3.4494e+00
25 +1.613871439e+02 +1.613871439e+02 +1.913571439e+02 +1.913571439e+02 +9.1728e-01 -5.9178e-01 -3.5840e+00 -2.2575e+00 +3.4876e+00
31 +1.066922631e+02 +1.066922631e+02 +1.366622631e+02 +1.366622631e+02 +7.7952e-01 -8.3913e-01 -3.1836e+00 -1.5868e+00 +3.4288e+00
37 +5.768650641e+01 +5.768650641e+01 +8.765650641e+01 +8.765650641e+01 +8.2593e-01 -7.5580e-01 -3.3185e+00 -1.8128e+00 +3.4486e+00
49 +3.496704032e+01 +3.496704032e+01 +6.493704032e+01 +6.493704032e+01 +5.8071e-01 -8.3044e-01 -3.3630e+00 -1.7691e+00 +3.4259e+00
61 +1.811287911e+01 +1.811287911e+01 +4.808287911e+01 +4.808287911e+01 +4.8404e-01 -8.4992e-01 -3.4244e+00 -1.8395e+00 +3.4345e+00
73 +1.442438940e+01 +1.442438940e+01 +4.439438940e+01 +4.439438940e+01 +5.0410e-01 -8.3747e-01 -3.4686e+00 -1.8407e+00 +3.4307e+00
103 +6.241438716e+00 +6.241438716e+00 +3.621143872e+01 +3.621143872e+01 +5.4988e-01 -8.4934e-01 -3.4550e+00 -1.8748e+00 +3.4445e+00
145 +3.306681514e+00 +3.306681514e+00 +3.327668151e+01 +3.327668151e+01 +5.6327e-01 -8.7433e-01 -3.4498e+00 -1.8643e+00 +3.4337e+00
181 +2.332124500e+00 +2.332124500e+00 +3.230212450e+01 +3.230212450e+01 +5.6880e-01 -9.0567e-01 -3.4612e+00 -1.8689e+00 +3.4217e+00
223 +1.201509654e+00 +1.201509654e+00 +3.117150965e+01 +3.117150965e+01 +7.1338e-01 -1.2820e+00 -3.5575e+00 -1.9014e+00 +3.2778e+00
229 +6.873148276e-01 +6.873148276e-01 +3.065731483e+01 +3.065731483e+01 +7.6086e-01 -1.4065e+00 -3.5878e+00 -1.9132e+00 +3.2286e+00
241 +2.220976754e-01 +2.220976754e-01 +3.019209768e+01 +3.019209768e+01 +8.1910e-01 -1.5590e+00 -3.6238e+00 -1.9285e+00 +3.1674e+00
247 +9.075378160e-02 +9.075378160e-02 +3.006075378e+01 +3.006075378e+01 +8.5353e-01 -1.6489e+00 -3.6473e+00 -1.9365e+00 +3.1328e+00
253 +4.632811765e-02 +4.632811765e-02 +3.001632812e+01 +3.001632812e+01 +8.7214e-01 -1.6984e+00 -3.6592e+00 -1.9413e+00 +3.1132e+00
265 +2.601341606e-02 +2.601341606e-02 +2.999601342e+01 +2.999601342e+01 +8.7255e-01 -1.6992e+00 -3.6595e+00 -1.9412e+00 +3.1130e+00
277 +1.684352233e-02 +1.684352233e-02 +2.998684352e+01 +2.998684352e+01 +8.7298e-01 -1.7002e+00 -3.6599e+00 -1.9412e+00 +3.1128e+00
289 +1.425685686e-02 +1.425685686e-02 +2.998425686e+01 +2.998425686e+01 +8.7331e-01 -1.7010e+00 -3.6601e+00 -1.9413e+00 +3.1124e+00
301 +7.869982843e-03 +7.869982843e-03 +2.997786998e+01 +2.997786998e+01 +8.7319e-01 -1.7008e+00 -3.6600e+00 -1.9413e+00 +3.1124e+00
319 +5.374394655e-03 +5.374394655e-03 +2.997537439e+01 +2.997537439e+01 +8.7318e-01 -1.7008e+00 -3.6600e+00 -1.9413e+00 +3.1124e+00
331 +3.223495417e-03 +3.223495417e-03 +2.997322350e+01 +2.997322350e+01 +8.7319e-01 -1.7008e+00 -3.6600e+00 -1.9413e+00 +3.1124e+00
355 +2.107252481e-03 +2.107252481e-03 +2.997210725e+01 +2.997210725e+01 +8.7058e-01 -1.6940e+00 -3.6583e+00 -1.9407e+00 +3.1151e+00
1309 +1.423652018e-03 +1.423652018e-03 +2.997142365e+01 +2.997142365e+01 +8.7029e-01 -1.6932e+00 -3.6581e+00 -1.9406e+00 +3.1154e+00
% function evaluation | noise-free fitness - Fopt (-5.171000000000e+01) | best noise-free fitness - Fopt | measured fitness | best measured fitness | x1 | x2...
1 +2.121551629e+03 +2.121551629e+03 +2.069841629e+03 +2.069841629e+03 -1.5335e+00 -1.2959e+00 +2.9400e+00 +5.0619e-01 -3.3065e+00
13 +1.307269564e+03 +1.307269564e+03 +1.255559564e+03 +1.255559564e+03 +8.4665e+00 +4.4963e+00 -3.0144e+00 -3.9830e+00 +1.4464e+00
19 +5.309890675e+02 +5.309890675e+02 +4.792790675e+02 +4.792790675e+02 +5.1415e+00 +2.5704e+00 -1.0346e+00 -2.4903e+00 -1.3396e-01
31 +3.405376785e+02 +3.405376785e+02 +2.888276785e+02 +2.888276785e+02 +4.7271e+00 +3.5533e+00 -2.7902e+00 -3.2299e+00 +3.5331e-05
43 +1.440914785e+02 +1.440914785e+02 +9.238147848e+01 +9.238147848e+01 +3.1125e+00 +4.1666e+00 -3.3970e+00 -3.6040e+00 +3.1862e-02
67 +6.834278771e+01 +6.834278771e+01 +1.663278771e+01 +1.663278771e+01 +2.5625e+00 +4.0089e+00 -2.9983e+00 -3.7851e+00 +3.3804e-01
79 +4.019829424e+01 +4.019829424e+01 -1.151170576e+01 -1.151170576e+01 +2.7432e+00 +3.7764e+00 -2.8951e+00 -3.7411e+00 +4.4974e-01
91 +2.277988761e+01 +2.277988761e+01 -2.893011239e+01 -2.893011239e+01 +2.8677e+00 +3.6503e+00 -2.9390e+00 -3.6223e+00 +5.0191e-01
115 +1.439067693e+01 +1.439067693e+01 -3.731932307e+01 -3.731932307e+01 +2.8881e+00 +3.6138e+00 -3.0726e+00 -3.6324e+00 +5.7940e-01
139 +6.798166959e+00 +6.798166959e+00 -4.491183304e+01 -4.491183304e+01 +2.7740e+00 +3.5600e+00 -3.1424e+00 -3.6598e+00 +6.5537e-01
151 +4.323875128e+00 +4.323875128e+00 -4.738612487e+01 -4.738612487e+01 +2.7501e+00 +3.5001e+00 -3.1529e+00 -3.6555e+00 +6.9974e-01
163 +2.667235616e+00 +2.667235616e+00 -4.904276438e+01 -4.904276438e+01 +2.7389e+00 +3.4418e+00 -3.1724e+00 -3.6598e+00 +7.4738e-01
175 +2.007704872e+00 +2.007704872e+00 -4.970229513e+01 -4.970229513e+01 +2.7299e+00 +3.4063e+00 -3.1934e+00 -3.6513e+00 +7.8280e-01
187 +1.553340155e+00 +1.553340155e+00 -5.015665984e+01 -5.015665984e+01 +2.7147e+00 +3.3647e+00 -3.2203e+00 -3.6555e+00 +8.1934e-01
211 +7.967217205e-01 +7.967217205e-01 -5.091327828e+01 -5.091327828e+01 +2.6739e+00 +3.2891e+00 -3.2723e+00 -3.6540e+00 +8.9904e-01
223 +4.378516733e-01 +4.378516733e-01 -5.127214833e+01 -5.127214833e+01 +2.6508e+00 +3.2413e+00 -3.2989e+00 -3.6563e+00 +9.4487e-01
235 +2.229221960e-01 +2.229221960e-01 -5.148707780e+01 -5.148707780e+01 +2.6350e+00 +3.2030e+00 -3.3196e+00 -3.6557e+00 +9.8083e-01
247 +1.237356557e-01 +1.237356557e-01 -5.158626434e+01 -5.158626434e+01 +2.6247e+00 +3.1782e+00 -3.3341e+00 -3.6562e+00 +1.0044e+00
259 +7.964241096e-02 +7.964241096e-02 -5.163035759e+01 -5.163035759e+01 +2.6174e+00 +3.1616e+00 -3.3443e+00 -3.6557e+00 +1.0209e+00
271 +5.086438933e-02 +5.086438933e-02 -5.165913561e+01 -5.165913561e+01 +2.6119e+00 +3.1498e+00 -3.3516e+00 -3.6558e+00 +1.0322e+00
283 +3.881287564e-02 +3.881287564e-02 -5.167118712e+01 -5.167118712e+01 +2.6081e+00 +3.1418e+00 -3.3565e+00 -3.6560e+00 +1.0402e+00
295 +2.377653649e-02 +2.377653649e-02 -5.168622346e+01 -5.168622346e+01 +2.6053e+00 +3.1359e+00 -3.3599e+00 -3.6560e+00 +1.0459e+00
307 +1.253752951e-02 +1.253752951e-02 -5.169746247e+01 -5.169746247e+01 +2.6039e+00 +3.1328e+00 -3.3616e+00 -3.6560e+00 +1.0488e+00
319 +7.417361823e-03 +7.417361823e-03 -5.170258264e+01 -5.170258264e+01 +2.6035e+00 +3.1317e+00 -3.3622e+00 -3.6560e+00 +1.0499e+00
331 +4.957311274e-03 +4.957311274e-03 -5.170504269e+01 -5.170504269e+01 +2.6034e+00 +3.1314e+00 -3.3624e+00 -3.6560e+00 +1.0501e+00
343 +2.954534182e-03 +2.954534182e-03 -5.170704547e+01 -5.170704547e+01 +2.6034e+00 +3.1314e+00 -3.3624e+00 -3.6560e+00 +1.0501e+00
355 +2.291912428e-03 +2.291912428e-03 -5.170770809e+01 -5.170770809e+01 +2.6037e+00 +3.1320e+00 -3.3620e+00 -3.6560e+00 +1.0495e+00
379 +1.002291480e-03 +1.002291480e-03 -5.170899771e+01 -5.170899771e+01 +2.6043e+00 +3.1336e+00 -3.3611e+00 -3.6560e+00 +1.0481e+00
391 +5.811635628e-04 +5.811635628e-04 -5.170941884e+01 -5.170941884e+01 +2.6044e+00 +3.1338e+00 -3.3610e+00 -3.6560e+00 +1.0478e+00
1393 +3.619467130e-04 +3.619467130e-04 -5.170963805e+01 -5.170963805e+01 +2.6048e+00 +3.1346e+00 -3.3605e+00 -3.6560e+00 +1.0471e+00
1411 +2.223989038e-04 +2.223989038e-04 -5.170977760e+01 -5.170977760e+01 +2.6049e+00 +3.1347e+00 -3.3605e+00 -3.6560e+00 +1.0469e+00
1429 +1.152650663e-04 +1.152650663e-04 -5.170988473e+01 -5.170988473e+01 +2.6048e+00 +3.1346e+00 -3.3605e+00 -3.6560e+00 +1.0470e+00
6469 +9.398564199e-05 +9.398564199e-05 -5.170990601e+01 -5.170990601e+01 +2.6033e+00 +3.1313e+00 -3.3625e+00 -3.6560e+00 +1.0503e+00
14563 +5.597532287e-05 +5.597532287e-05 -5.170994402e+01 -5.170994402e+01 +2.6045e+00 +3.1339e+00 -3.3610e+00 -3.6560e+00 +1.0478e+00
26857 +3.298769789e-05 +3.298769789e-05 -5.170996701e+01 -5.170996701e+01 +2.6042e+00 +3.1333e+00 -3.3613e+00 -3.6560e+00 +1.0483e+00
26863 +2.389369715e-05 +2.389369715e-05 -5.170997611e+01 -5.170997611e+01 +2.6042e+00 +3.1333e+00 -3.3613e+00 -3.6560e+00 +1.0483e+00
26872 +1.473930854e-05 +1.473930854e-05 -5.170998526e+01 -5.170998526e+01 +2.6042e+00 +3.1333e+00 -3.3613e+00 -3.6560e+00 +1.0483e+00
% function evaluation | noise-free fitness - Fopt (-2.799500000000e+02) | best noise-free fitness - Fopt | measured fitness | best measured fitness | x1 | x2...
1 +2.007789001e+03 +2.007789001e+03 +1.727839001e+03 +1.727839001e+03 +2.6307e+00 -3.4230e+00 +2.1645e+00 +9.9616e-01 +4.2674e+00
19 +6.632627732e+02 +6.632627732e+02 +3.833127732e+02 +3.833127732e+02 -1.3724e+00 -6.4989e+00 +2.5381e+00 +2.2030e+00 +2.1687e+00
31 +5.520363269e+02 +5.520363269e+02 +2.720863269e+02 +2.720863269e+02 -2.1285e+00 -6.6350e+00 +2.3208e+00 +2.4784e+00 +1.1336e+00
37 +3.303826502e+02 +3.303826502e+02 +5.043265020e+01 +5.043265020e+01 -2.3635e+00 -5.4510e+00 +1.4106e+00 +1.8795e+00 -1.7426e+00
49 +1.697353542e+02 +1.697353542e+02 -1.102146458e+02 -1.102146458e+02 -2.3412e+00 -5.3975e+00 +1.0566e+00 +3.9401e-01 -3.4492e+00
61 +1.013074751e+02 +1.013074751e+02 -1.786425249e+02 -1.786425249e+02 -2.1721e+00 -5.3921e+00 +1.2357e+00 -6.0894e-02 -3.4137e+00
73 +6.583678305e+01 +6.583678305e+01 -2.141132170e+02 -2.141132170e+02 -2.2039e+00 -5.4404e+00 +1.4811e+00 -4.7422e-02 -3.0159e+00
85 +5.318236871e+01 +5.318236871e+01 -2.267676313e+02 -2.267676313e+02 -2.2363e+00 -5.3415e+00 +1.6236e+00 +5.3373e-02 -2.7616e+00
109 +2.928918051e+01 +2.928918051e+01 -2.506608195e+02 -2.506608195e+02 -2.4728e+00 -5.2037e+00 +1.7952e+00 +6.0624e-02 -2.7783e+00
133 +2.473907162e+01 +2.473907162e+01 -2.552109284e+02 -2.552109284e+02 -2.6230e+00 -5.0369e+00 +1.9479e+00 -1.3641e-01 -3.0112e+00
151 +1.210628466e+01 +1.210628466e+01 -2.678437153e+02 -2.678437153e+02 -2.9253e+00 -4.6925e+00 +2.4089e+00 -4.0960e-01 -3.0814e+00
157 +8.341654781e+00 +8.341654781e+00 -2.716083452e+02 -2.716083452e+02 -3.2862e+00 -4.3361e+00 +2.8488e+00 -6.5748e-01 -3.2530e+00
163 +1.954272313e+00 +1.954272313e+00 -2.779957277e+02 -2.779957277e+02 -3.4502e+00 -4.1428e+00 +3.0521e+00 -8.3086e-01 -3.3624e+00
181 +1.096553318e+00 +1.096553318e+00 -2.788534467e+02 -2.788534467e+02 -3.4825e+00 -4.1027e+00 +3.0985e+00 -8.6363e-01 -3.3790e+00
193 +5.779522822e-01 +5.779522822e-01 -2.793720477e+02 -2.793720477e+02 -3.5279e+00 -4.0544e+00 +3.1621e+00 -9.0202e-01 -3.3966e+00
217 +2.708230881e-01 +2.708230881e-01 -2.796791769e+02 -2.796791769e+02 -3.5932e+00 -3.9868e+00 +3.2454e+00 -9.5422e-01 -3.4277e+00
229 +1.905717246e-01 +1.905717246e-01 -2.797594283e+02 -2.797594283e+02 -3.6034e+00 -3.9756e+00 +3.2585e+00 -9.6342e-01 -3.4345e+00
247 +1.255519529e-01 +1.255519529e-01 -2.798244480e+02 -2.798244480e+02 -3.6121e+00 -3.9662e+00 +3.2687e+00 -9.7091e-01 -3.4390e+00
259 +6.366372359e-02 +6.366372359e-02 -2.798863363e+02 -2.798863363e+02 -3.6178e+00 -3.9598e+00 +3.2760e+00 -9.7626e-01 -3.4422e+00
271 +3.527682213e-02 +3.527682213e-02 -2.799147232e+02 -2.799147232e+02 -3.6203e+00 -3.9570e+00 +3.2794e+00 -9.7842e-01 -3.4432e+00
283 +2.304711589e-02 +2.304711589e-02 -2.799269529e+02 -2.799269529e+02 -3.6213e+00 -3.9560e+00 +3.2807e+00 -9.7928e-01 -3.4435e+00
307 +1.289807029e-02 +1.289807029e-02 -2.799371019e+02 -2.799371019e+02 -3.6209e+00 -3.9565e+00 +3.2803e+00 -9.7878e-01 -3.4432e+00
319 +8.234702773e-03 +8.234702773e-03 -2.799417653e+02 -2.799417653e+02 -3.6197e+00 -3.9578e+00 +3.2787e+00 -9.7774e-01 -3.4426e+00
331 +5.109928328e-03 +5.109928328e-03 -2.799448901e+02 -2.799448901e+02 -3.6181e+00 -3.9595e+00 +3.2766e+00 -9.7636e-01 -3.4418e+00
343 +2.473620537e-03 +2.473620537e-03 -2.799475264e+02 -2.799475264e+02 -3.6176e+00 -3.9600e+00 +3.2760e+00 -9.7599e-01 -3.4416e+00
373 +1.486103422e-03 +1.486103422e-03 -2.799485139e+02 -2.799485139e+02 -3.6172e+00 -3.9604e+00 +3.2755e+00 -9.7564e-01 -3.4414e+00
889 +6.499502408e-04 +6.499502408e-04 -2.799493500e+02 -2.799493500e+02 -3.6190e+00 -3.9585e+00 +3.2778e+00 -9.7720e-01 -3.4423e+00
910 +6.293357328e-04 +6.293357328e-04 -2.799493707e+02 -2.799493707e+02 -3.6192e+00 -3.9583e+00 +3.2781e+00 -9.7739e-01 -3.4424e+00
931 +2.976717897e-04 +2.976717897e-04 -2.799497023e+02 -2.799497023e+02 -3.6192e+00 -3.9583e+00 +3.2781e+00 -9.7739e-01 -3.4424e+00
967 +2.410703282e-04 +2.410703282e-04 -2.799497589e+02 -2.799497589e+02 -3.6192e+00 -3.9583e+00 +3.2781e+00 -9.7737e-01 -3.4424e+00
979 +1.340901963e-04 +1.340901963e-04 -2.799498659e+02 -2.799498659e+02 -3.6192e+00 -3.9583e+00 +3.2781e+00 -9.7737e-01 -3.4424e+00
1021 +9.250253845e-05 +9.250253845e-05 -2.799499075e+02 -2.799499075e+02 -3.6192e+00 -3.9583e+00 +3.2781e+00 -9.7737e-01 -3.4424e+00
1033 +6.146245988e-05 +6.146245988e-05 -2.799499385e+02 -2.799499385e+02 -3.6192e+00 -3.9583e+00 +3.2781e+00 -9.7738e-01 -3.4424e+00
21043 +3.939442831e-05 +3.939442831e-05 -2.799499606e+02 -2.799499606e+02 -3.6161e+00 -3.9616e+00 +3.2741e+00 -9.7474e-01 -3.4409e+00
% function evaluation | noise-free fitness - Fopt (9.319900000000e+02) | best noise-free fitness - Fopt | measured fitness | best measured fitness | x1 | x2...
1 +1.406954680e+03 +1.406954680e+03 +2.338944680e+03 +2.338944680e+03 +8.8130e-01 +1.5382e+00 +2.9647e+00 +1.6343e+00 -4.4734e+00
19 +4.778386283e+02 +4.778386283e+02 +1.409828628e+03 +1.409828628e+03 -8.6956e-01 +2.3359e+00 +4.1509e+00 +2.2173e+00 -8.0762e-01
31 +3.801482278e+02 +3.801482278e+02 +1.312138228e+03 +1.312138228e+03 -5.8764e-01 +1.9743e+00 +4.8623e+00 +1.9360e+00 +2.5805e-01
43 +1.197019496e+02 +1.197019496e+02 +1.051691950e+03 +1.051691950e+03 +1.9813e+00 +1.4715e+00 +4.4649e+00 +1.4646e+00 +1.7168e+00
55 +7.848158066e+01 +7.848158066e+01 +1.010471581e+03 +1.010471581e+03 +1.8016e+00 +1.8064e+00 +4.3763e+00 +1.2439e+00 +1.4978e+00
67 +4.676284638e+01 +4.676284638e+01 +9.787528464e+02 +9.787528464e+02 +1.7950e+00 +2.0018e+00 +4.4549e+00 +9.0035e-01 +1.4782e+00
79 +3.699836794e+01 +3.699836794e+01 +9.689883679e+02 +9.689883679e+02 +1.8537e+00 +1.9212e+00 +4.4559e+00 +8.4872e-01 +1.5124e+00
109 +2.466337182e+01 +2.466337182e+01 +9.566533718e+02 +9.566533718e+02 +1.8671e+00 +1.7820e+00 +4.4039e+00 +8.2609e-01 +1.6286e+00
157 +1.462225288e+01 +1.462225288e+01 +9.466122529e+02 +9.466122529e+02 +1.6954e+00 +1.5804e+00 +4.0024e+00 +3.9877e-01 +1.7976e+00
163 +8.846997746e+00 +8.846997746e+00 +9.408369977e+02 +9.408369977e+02 +1.6167e+00 +1.3918e+00 +3.7413e+00 +1.4970e-01 +1.9245e+00
169 +4.179476525e+00 +4.179476525e+00 +9.361694765e+02 +9.361694765e+02 +1.4456e+00 +1.0379e+00 +3.1808e+00 -3.9931e-01 +2.2169e+00
175 +5.822055297e-01 +5.822055297e-01 +9.325722055e+02 +9.325722055e+02 +1.3526e+00 +9.1237e-01 +2.9770e+00 -6.1887e-01 +2.3058e+00
199 +2.958953863e-01 +2.958953863e-01 +9.322858954e+02 +9.322858954e+02 +1.3396e+00 +8.8614e-01 +2.9329e+00 -6.6758e-01 +2.3265e+00
211 +1.931655685e-01 +1.931655685e-01 +9.321831656e+02 +9.321831656e+02 +1.3392e+00 +8.8337e-01 +2.9289e+00 -6.7125e-01 +2.3295e+00
229 +1.300939021e-01 +1.300939021e-01 +9.321200939e+02 +9.321200939e+02 +1.3383e+00 +8.8142e-01 +2.9269e+00 -6.7245e-01 +2.3303e+00
241 +7.672586466e-02 +7.672586466e-02 +9.320667259e+02 +9.320667259e+02 +1.3374e+00 +8.8060e-01 +2.9255e+00 -6.7344e-01 +2.3309e+00
259 +6.290823823e-02 +6.290823823e-02 +9.320529082e+02 +9.320529082e+02 +1.3372e+00 +8.8039e-01 +2.9255e+00 -6.7360e-01 +2.3310e+00
271 +3.571217990e-02 +3.571217990e-02 +9.320257122e+02 +9.320257122e+02 +1.3370e+00 +8.8060e-01 +2.9257e+00 -6.7337e-01 +2.3307e+00
283 +2.128538942e-02 +2.128538942e-02 +9.320112854e+02 +9.320112854e+02 +1.3372e+00 +8.8117e-01 +2.9265e+00 -6.7278e-01 +2.3303e+00
295 +1.377445075e-02 +1.377445075e-02 +9.320037745e+02 +9.320037745e+02 +1.3375e+00 +8.8172e-01 +2.9273e+00 -6.7198e-01 +2.3299e+00
307 +8.673419957e-03 +8.673419957e-03 +9.319986734e+02 +9.319986734e+02 +1.3379e+00 +8.8238e-01 +2.9283e+00 -6.7102e-01 +2.3294e+00
319 +4.953019275e-03 +4.953019275e-03 +9.319949530e+02 +9.319949530e+02 +1.3381e+00 +8.8258e-01 +2.9286e+00 -6.7064e-01 +2.3293e+00
331 +3.800784189e-03 +3.800784189e-03 +9.319938008e+02 +9.319938008e+02 +1.3380e+00 +8.8236e-01 +2.9283e+00 -6.7096e-01 +2.3294e+00
355 +1.610926627e-03 +1.610926627e-03 +9.319916109e+02 +9.319916109e+02 +1.3379e+00 +8.8225e-01 +2.9281e+00 -6.7111e-01 +2.3295e+00
367 +1.386083642e-03 +1.386083642e-03 +9.319913861e+02 +9.319913861e+02 +1.3372e+00 +8.8103e-01 +2.9262e+00 -6.7309e-01 +2.3305e+00
391 +6.939752702e-04 +6.939752702e-04 +9.319906940e+02 +9.319906940e+02 +1.3368e+00 +8.8034e-01 +2.9251e+00 -6.7420e-01 +2.3310e+00
409 +5.950544560e-04 +5.950544560e-04 +9.319905951e+02 +9.319905951e+02 +1.3368e+00 +8.8021e-01 +2.9249e+00 -6.7442e-01 +2.3311e+00
1975 +3.109384788e-04 +3.109384788e-04 +9.319903109e+02 +9.319903109e+02 +1.3383e+00 +8.8298e-01 +2.9293e+00 -6.6995e-01 +2.3290e+00
8095 +2.260942412e-04 +2.260942412e-04 +9.319902261e+02 +9.319902261e+02 +1.3378e+00 +8.8209e-01 +2.9279e+00 -6.7139e-01 +2.3297e+00
8131 +1.121026099e-04 +1.121026099e-04 +9.319901121e+02 +9.319901121e+02 +1.3378e+00 +8.8209e-01 +2.9279e+00 -6.7138e-01 +2.3297e+00
8149 +8.185387651e-05 +8.185387651e-05 +9.319900819e+02 +9.319900819e+02 +1.3378e+00 +8.8209e-01 +2.9279e+00 -6.7139e-01 +2.3297e+00
8215 +5.271279042e-05 +5.271279042e-05 +9.319900527e+02 +9.319900527e+02 +1.3378e+00 +8.8209e-01 +2.9279e+00 -6.7139e-01 +2.3297e+00
8252 +3.910920714e-05 +3.910920714e-05 +9.319900391e+02 +9.319900391e+02 +1.3378e+00 +8.8209e-01 +2.9279e+00 -6.7139e-01 +2.3297e+00
50029 +2.092642524e-05 +2.092642524e-05 +9.319900209e+02 +9.319900209e+02 +1.3383e+00 +8.8301e-01 +2.9293e+00 -6.6991e-01 +2.3289e+00
50032 +1.483696701e-05 +1.483696701e-05 +9.319900148e+02 +9.319900148e+02 +1.3383e+00 +8.8301e-01 +2.9293e+00 -6.6991e-01 +2.3289e+00
50050 +9.308286963e-06 +9.308286963e-06 +9.319900093e+02 +9.319900093e+02 +1.3383e+00 +8.8301e-01 +2.9293e+00 -6.6991e-01 +2.3289e+00
% function evaluation | noise-free fitness - Fopt (1.133100000000e+02) | best noise-free fitness - Fopt | measured fitness | best measured fitness | x1 | x2...
1 +1.291624012e+03 +1.291624012e+03 +1.404934012e+03 +1.404934012e+03 -1.3154e+00 +8.9673e-01 -7.7697e-01 -4.9774e+00 -3.1839e+00
7 +9.711937994e+02 +9.711937994e+02 +1.084503799e+03 +1.084503799e+03 -9.9115e-01 +5.3691e-01 +5.4608e-02 -4.4056e+00 -2.1839e+00
19 +5.387381438e+02 +5.387381438e+02 +6.520481438e+02 +6.520481438e+02 -1.7695e-01 +6.6049e-01 +1.2306e+00 -2.9900e+00 +2.3285e-01
31 +1.651486714e+02 +1.651486714e+02 +2.784586714e+02 +2.784586714e+02 +1.7559e+00 +3.0016e+00 +3.8791e-01 -4.5624e-01 +1.4171e+00
43 +9.087661051e+01 +9.087661051e+01 +2.041866105e+02 +2.041866105e+02 +2.1473e+00 +3.2060e+00 +2.3506e-01 +2.9961e-01 +7.2657e-01
55 +4.338227681e+01 +4.338227681e+01 +1.566922768e+02 +1.566922768e+02 +2.2509e+00 +3.1562e+00 +3.5826e-01 +6.7006e-01 +5.8284e-01
67 +2.533880361e+01 +2.533880361e+01 +1.386488036e+02 +1.386488036e+02 +2.2409e+00 +3.0428e+00 +4.7546e-01 +6.1713e-01 +6.0011e-01
85 +2.131290307e+01 +2.131290307e+01 +1.346229031e+02 +1.346229031e+02 +2.1968e+00 +3.0439e+00 +4.8060e-01 +6.4209e-01 +6.4082e-01
115 +1.080426066e+01 +1.080426066e+01 +1.241142607e+02 +1.241142607e+02 +2.1680e+00 +3.0485e+00 +4.8365e-01 +5.2866e-01 +7.4457e-01
127 +6.013044659e+00 +6.013044659e+00 +1.193230447e+02 +1.193230447e+02 +2.1529e+00 +3.0645e+00 +4.6696e-01 +5.1375e-01 +7.4423e-01
139 +3.283119826e+00 +3.283119826e+00 +1.165931198e+02 +1.165931198e+02 +2.1509e+00 +3.0670e+00 +4.6583e-01 +5.0533e-01 +7.2305e-01
151 +1.958666155e+00 +1.958666155e+00 +1.152686662e+02 +1.152686662e+02 +2.1574e+00 +3.0753e+00 +4.6787e-01 +5.2071e-01 +7.1158e-01
163 +1.270723311e+00 +1.270723311e+00 +1.145807233e+02 +1.145807233e+02 +2.1620e+00 +3.0771e+00 +4.7470e-01 +5.2273e-01 +7.0554e-01
175 +9.099069627e-01 +9.099069627e-01 +1.142199070e+02 +1.142199070e+02 +2.1607e+00 +3.0792e+00 +4.7896e-01 +5.2674e-01 +7.0491e-01
199 +5.294640090e-01 +5.294640090e-01 +1.138394640e+02 +1.138394640e+02 +2.1602e+00 +3.0857e+00 +4.8615e-01 +5.2465e-01 +7.0780e-01
211 +2.869312878e-01 +2.869312878e-01 +1.135969313e+02 +1.135969313e+02 +2.1573e+00 +3.0886e+00 +4.8891e-01 +5.2224e-01 +7.0748e-01
223 +1.865395167e-01 +1.865395167e-01 +1.134965395e+02 +1.134965395e+02 +2.1562e+00 +3.0910e+00 +4.9135e-01 +5.2077e-01 +7.0619e-01
235 +1.301327463e-01 +1.301327463e-01 +1.134401327e+02 +1.134401327e+02 +2.1556e+00 +3.0938e+00 +4.9366e-01 +5.2090e-01 +7.0506e-01
247 +8.900423192e-02 +8.900423192e-02 +1.133990042e+02 +1.133990042e+02 +2.1552e+00 +3.0967e+00 +4.9656e-01 +5.2069e-01 +7.0391e-01
277 +5.702039057e-02 +5.702039057e-02 +1.133670204e+02 +1.133670204e+02 +2.1543e+00 +3.1006e+00 +5.0068e-01 +5.2036e-01 +7.0272e-01
301 +3.603590790e-02 +3.603590790e-02 +1.133460359e+02 +1.133460359e+02 +2.1524e+00 +3.1065e+00 +5.0687e-01 +5.1919e-01 +7.0098e-01
325 +2.338791658e-02 +2.338791658e-02 +1.133333879e+02 +1.133333879e+02 +2.1502e+00 +3.1141e+00 +5.1471e-01 +5.1779e-01 +6.9857e-01
337 +1.346524880e-02 +1.346524880e-02 +1.133234652e+02 +1.133234652e+02 +2.1446e+00 +3.1332e+00 +5.3453e-01 +5.1449e-01 +6.9253e-01
349 +8.710788081e-03 +8.710788081e-03 +1.133187108e+02 +1.133187108e+02 +2.1426e+00 +3.1400e+00 +5.4157e-01 +5.1329e-01 +6.9043e-01
355 +5.747828068e-03 +5.747828068e-03 +1.133157478e+02 +1.133157478e+02 +2.1395e+00 +3.1508e+00 +5.5269e-01 +5.1136e-01 +6.8705e-01
361 +3.851633365e-03 +3.851633365e-03 +1.133138516e+02 +1.133138516e+02 +2.1388e+00 +3.1532e+00 +5.5519e-01 +5.1098e-01 +6.8628e-01
373 +2.332545021e-03 +2.332545021e-03 +1.133123325e+02 +1.133123325e+02 +2.1389e+00 +3.1530e+00 +5.5501e-01 +5.1101e-01 +6.8633e-01
415 +1.419357809e-03 +1.419357809e-03 +1.133114194e+02 +1.133114194e+02 +2.1389e+00 +3.1530e+00 +5.5492e-01 +5.1101e-01 +6.8637e-01
2257 +9.476855128e-04 +9.476855128e-04 +1.133109477e+02 +1.133109477e+02 +2.1365e+00 +3.1612e+00 +5.6349e-01 +5.0957e-01 +6.8376e-01
11665 +5.365027958e-04 +5.365027958e-04 +1.133105365e+02 +1.133105365e+02 +2.1365e+00 +3.1612e+00 +5.6341e-01 +5.0958e-01 +6.8379e-01
15337 +2.874541554e-04 +2.874541554e-04 +1.133102875e+02 +1.133102875e+02 +2.1365e+00 +3.1610e+00 +5.6324e-01 +5.0960e-01 +6.8384e-01
% function evaluation | noise-free fitness - Fopt (9.319900000000e+02) | best noise-free fitness - Fopt | measured fitness | best measured fitness | x1 | x2...
1 +1.676136041e+03 +1.676136041e+03 +2.608126041e+03 +2.608126041e+03 -4.1470e+00 -2.0694e+00 -1.4037e+00 +1.0172e+00 -4.5645e+00
7 +1.375053159e+03 +1.375053159e+03 +2.307043159e+03 +2.307043159e+03 -4.4368e+00 -1.7440e+00 -7.4829e-01 +1.0378e+00 -3.5645e+00
19 +7.057644117e+02 +7.057644117e+02 +1.637754412e+03 +1.637754412e+03 -4.1657e+00 -1.0339e+00 +1.9075e+00 +3.4976e-01 -1.6768e-01
25 +4.607937202e+02 +4.607937202e+02 +1.392783720e+03 +1.392783720e+03 -1.3621e+00 -2.6694e-02 +3.4000e+00 -3.7357e-01 +2.1331e+00
31 +3.348154591e+02 +3.348154591e+02 +1.266805459e+03 +1.266805459e+03 +3.9884e+00 +1.8400e+00 +3.7077e+00 -8.5553e-01 +3.5897e+00
37 +1.812697136e+02 +1.812697136e+02 +1.113259714e+03 +1.113259714e+03 +2.0251e+00 +1.1551e+00 +3.5948e+00 -6.7868e-01 +3.0552e+00
49 +9.951610322e+01 +9.951610322e+01 +1.031506103e+03 +1.031506103e+03 +2.1698e+00 +1.2423e+00 +3.3285e+00 -6.0350e-01 +2.6296e+00
61 +4.952505163e+01 +4.952505163e+01 +9.815150516e+02 +9.815150516e+02 +1.6560e+00 +1.1368e+00 +3.0537e+00 -4.3764e-01 +2.2334e+00
91 +2.266565823e+01 +2.266565823e+01 +9.546556582e+02 +9.546556582e+02 +1.3026e+00 +9.6898e-01 +3.0585e+00 -4.3974e-01 +2.1313e+00
103 +1.328809563e+01 +1.328809563e+01 +9.452780956e+02 +9.452780956e+02 +1.2974e+00 +9.8000e-01 +3.0909e+00 -4.9887e-01 +2.1881e+00
133 +6.066870274e+00 +6.066870274e+00 +9.380568703e+02 +9.380568703e+02 +1.3709e+00 +9.7416e-01 +3.0944e+00 -5.1395e-01 +2.2613e+00
145 +3.582004233e+00 +3.582004233e+00 +9.355720042e+02 +9.355720042e+02 +1.4006e+00 +9.7641e-01 +3.0882e+00 -5.2221e-01 +2.2701e+00
169 +1.781690036e+00 +1.781690036e+00 +9.337716900e+02 +9.337716900e+02 +1.3971e+00 +9.7453e-01 +3.0654e+00 -5.2935e-01 +2.2649e+00
181 +9.913684157e-01 +9.913684157e-01 +9.329813684e+02 +9.329813684e+02 +1.3850e+00 +9.6556e-01 +3.0573e+00 -5.3547e-01 +2.2635e+00
205 +6.003354493e-01 +6.003354493e-01 +9.325903354e+02 +9.325903354e+02 +1.3755e+00 +9.5712e-01 +3.0468e+00 -5.4994e-01 +2.2693e+00
217 +3.563939138e-01 +3.563939138e-01 +9.323463939e+02 +9.323463939e+02 +1.3746e+00 +9.5227e-01 +3.0393e+00 -5.5697e-01 +2.2748e+00
241 +2.132590004e-01 +2.132590004e-01 +9.322032590e+02 +9.322032590e+02 +1.3728e+00 +9.4485e-01 +3.0267e+00 -5.6998e-01 +2.2819e+00
253 +1.333805661e-01 +1.333805661e-01 +9.321233806e+02 +9.321233806e+02 +1.3698e+00 +9.4064e-01 +3.0192e+00 -5.7756e-01 +2.2849e+00
277 +9.014814565e-02 +9.014814565e-02 +9.320801481e+02 +9.320801481e+02 +1.3654e+00 +9.3347e-01 +3.0084e+00 -5.8883e-01 +2.2900e+00
301 +5.490296114e-02 +5.490296114e-02 +9.320449030e+02 +9.320449030e+02 +1.3601e+00 +9.2314e-01 +2.9925e+00 -6.0517e-01 +2.2981e+00
313 +3.862989586e-02 +3.862989586e-02 +9.320286299e+02 +9.320286299e+02 +1.3561e+00 +9.1559e-01 +2.9804e+00 -6.1752e-01 +2.3040e+00
319 +2.488900983e-02 +2.488900983e-02 +9.320148890e+02 +9.320148890e+02 +1.3462e+00 +8.9762e-01 +2.9522e+00 -6.4635e-01 +2.3176e+00
325 +1.181605684e-02 +1.181605684e-02 +9.320018161e+02 +9.320018161e+02 +1.3409e+00 +8.8801e-01 +2.9371e+00 -6.6198e-01 +2.3251e+00
337 +5.833370077e-03 +5.833370077e-03 +9.319958334e+02 +9.319958334e+02 +1.3395e+00 +8.8528e-01 +2.9329e+00 -6.6629e-01 +2.3272e+00
349 +2.703258120e-03 +2.703258120e-03 +9.319927033e+02 +9.319927033e+02 +1.3389e+00 +8.8410e-01 +2.9310e+00 -6.6813e-01 +2.3281e+00
361 +1.439044791e-03 +1.439044791e-03 +9.319914390e+02 +9.319914390e+02 +1.3388e+00 +8.8400e-01 +2.9309e+00 -6.6830e-01 +2.3282e+00
397 +9.393539907e-04 +9.393539907e-04 +9.319909394e+02 +9.319909394e+02 +1.3383e+00 +8.8302e-01 +2.9293e+00 -6.6988e-01 +2.3289e+00
409 +5.181240051e-04 +5.181240051e-04 +9.319905181e+02 +9.319905181e+02 +1.3385e+00 +8.8337e-01 +2.9299e+00 -6.6932e-01 +2.3287e+00
463 +3.715781520e-04 +3.715781520e-04 +9.319903716e+02 +9.319903716e+02 +1.3386e+00 +8.8357e-01 +2.9302e+00 -6.6900e-01 +2.3285e+00
475 +2.120014176e-04 +2.120014176e-04 +9.319902120e+02 +9.319902120e+02 +1.3386e+00 +8.8349e-01 +2.9301e+00 -6.6913e-01 +2.3286e+00
511 +1.307299998e-04 +1.307299998e-04 +9.319901307e+02 +9.319901307e+02 +1.3385e+00 +8.8347e-01 +2.9300e+00 -6.6917e-01 +2.3286e+00
523 +8.361259927e-05 +8.361259927e-05 +9.319900836e+02 +9.319900836e+02 +1.3386e+00 +8.8348e-01 +2.9300e+00 -6.6915e-01 +2.3286e+00
535 +4.082777070e-05 +4.082777070e-05 +9.319900408e+02 +9.319900408e+02 +1.3385e+00 +8.8347e-01 +2.9300e+00 -6.6916e-01 +2.3286e+00
537 +3.914378033e-05 +3.914378033e-05 +9.319900391e+02 +9.319900391e+02 +1.3385e+00 +8.8347e-01 +2.9300e+00 -6.6916e-01 +2.3286e+00
39649 +2.261117220e-05 +2.261117220e-05 +9.319900226e+02 +9.319900226e+02 +1.3388e+00 +8.8398e-01 +2.9308e+00 -6.6835e-01 +2.3282e+00
% function evaluation | noise-free fitness - Fopt (1.133100000000e+02) | best noise-free fitness - Fopt | measured fitness | best measured fitness | x1 | x2...
1 +5.996362775e+02 +5.996362775e+02 +7.129462775e+02 +7.129462775e+02 +2.2767e+00 +3.3759e+00 +1.7812e+00 -1.8120e+00 +3.1357e+00
7 +3.679494519e+02 +3.679494519e+02 +4.812594519e+02 +4.812594519e+02 +1.8329e+00 +3.6173e+00 +1.1470e+00 -1.5735e+00 +2.1357e+00
19 +2.310233511e+02 +2.310233511e+02 +3.443333511e+02 +3.443333511e+02 +1.4277e+00 +3.5803e+00 +8.0144e-01 -1.0661e+00 +1.0861e+00
31 +8.321079636e+01 +8.321079636e+01 +1.965207964e+02 +1.965207964e+02 +1.6800e+00 +3.2254e+00 +1.1443e+00 -1.1538e-01 +5.9053e-01
43 +4.517571649e+01 +4.517571649e+01 +1.584857165e+02 +1.584857165e+02 +2.0910e+00 +3.5850e+00 +9.2122e-01 +7.8344e-01 +4.4875e-01
49 +2.337505701e+01 +2.337505701e+01 +1.366850570e+02 +1.366850570e+02 +2.1329e+00 +3.6183e+00 +9.2636e-01 +6.1702e-01 +5.7370e-01
61 +1.537940617e+01 +1.537940617e+01 +1.286894062e+02 +1.286894062e+02 +2.0392e+00 +3.5498e+00 +9.3160e-01 +5.3117e-01 +5.1112e-01
85 +9.388626465e+00 +9.388626465e+00 +1.226986265e+02 +1.226986265e+02 +2.0116e+00 +3.4964e+00 +9.5671e-01 +3.9019e-01 +5.4981e-01
109 +4.869061111e+00 +4.869061111e+00 +1.181790611e+02 +1.181790611e+02 +2.0246e+00 +3.5169e+00 +9.3841e-01 +4.2021e-01 +5.8724e-01
121 +2.882384686e+00 +2.882384686e+00 +1.161923847e+02 +1.161923847e+02 +2.0385e+00 +3.5217e+00 +9.2835e-01 +4.5168e-01 +5.8193e-01
133 +1.873512221e+00 +1.873512221e+00 +1.151835122e+02 +1.151835122e+02 +2.0387e+00 +3.5145e+00 +9.2482e-01 +4.5646e-01 +5.7550e-01
145 +1.404997731e+00 +1.404997731e+00 +1.147149977e+02 +1.147149977e+02 +2.0374e+00 +3.5082e+00 +9.2036e-01 +4.5310e-01 +5.7283e-01
187 +9.699402430e-01 +9.699402430e-01 +1.142799402e+02 +1.142799402e+02 +2.0374e+00 +3.4969e+00 +9.1181e-01 +4.4900e-01 +5.7777e-01
241 +5.737376199e-01 +5.737376199e-01 +1.138837376e+02 +1.138837376e+02 +2.0559e+00 +3.4360e+00 +8.4834e-01 +4.6082e-01 +5.9737e-01
247 +3.879266138e-01 +3.879266138e-01 +1.136979266e+02 +1.136979266e+02 +2.0730e+00 +3.3788e+00 +7.8899e-01 +4.7089e-01 +6.1554e-01
253 +1.313929261e-01 +1.313929261e-01 +1.134413929e+02 +1.134413929e+02 +2.1400e+00 +3.1486e+00 +5.4994e-01 +5.1145e-01 +6.8806e-01
259 +2.816704325e-02 +2.816704325e-02 +1.133381670e+02 +1.133381670e+02 +2.1347e+00 +3.1672e+00 +5.6954e-01 +5.0841e-01 +6.8203e-01
277 +1.448306407e-02 +1.448306407e-02 +1.133244831e+02 +1.133244831e+02 +2.1342e+00 +3.1693e+00 +5.7182e-01 +5.0810e-01 +6.8130e-01
289 +6.964764871e-03 +6.964764871e-03 +1.133169648e+02 +1.133169648e+02 +2.1334e+00 +3.1717e+00 +5.7436e-01 +5.0773e-01 +6.8048e-01
301 +3.942075909e-03 +3.942075909e-03 +1.133139421e+02 +1.133139421e+02 +2.1332e+00 +3.1725e+00 +5.7513e-01 +5.0761e-01 +6.8023e-01
367 +2.437156392e-03 +2.437156392e-03 +1.133124372e+02 +1.133124372e+02 +2.1354e+00 +3.1648e+00 +5.6713e-01 +5.0895e-01 +6.8266e-01
379 +1.402391614e-03 +1.402391614e-03 +1.133114024e+02 +1.133114024e+02 +2.1365e+00 +3.1610e+00 +5.6324e-01 +5.0961e-01 +6.8384e-01
391 +8.328278117e-04 +8.328278117e-04 +1.133108328e+02 +1.133108328e+02 +2.1366e+00 +3.1607e+00 +5.6295e-01 +5.0965e-01 +6.8393e-01
403 +4.338484950e-04 +4.338484950e-04 +1.133104338e+02 +1.133104338e+02 +2.1368e+00 +3.1601e+00 +5.6233e-01 +5.0976e-01 +6.8412e-01
