% function evaluation | noise-free fitness - Fopt (2.997000000000e+01) | best noise-free fitness - Fopt | measured fitness | best measured fitness | x1 | x2...
1 +2.868167417e+03 +2.868167417e+03 +2.898137417e+03 +2.898137417e+03 -4.6174e+00 +4.1093e+00 -2.3723e+00 -4.6468e+00 +3.2027e+00 +3.3216e+00 +7.7438e-01 -1.6192e+00 -1.6498e+00 +4.9483e+00 -4.2345e+00 -7.1785e-01 +4.0662e+00 +3.9251e+00 -1.8490e+00 -1.5251e+00 -4.9909e+00 -1.3714e+00 -7.4278e-01 +2.3614e+00
22 +2.313542527e+03 +2.313542527e+03 +2.343512527e+03 +2.343512527e+03 -4.0831e+00 +3.1093e+00 -2.5654e+00 -3.6784e+00 +3.1742e+00 +3.1556e+00 +2.0569e-01 -1.7012e+00 -1.8198e+00 +4.0125e+00 -3.9382e+00 -1.1306e+00 +4.2832e+00 +3.3682e+00 -1.0472e+00 -1.2734e+00 -4.2711e+00 -1.0681e+00 -7.5247e-01 +1.7036e+00
64 +9.775566392e+02 +9.775566392e+02 +1.007526639e+03 +1.007526639e+03 -2.3020e+00 -6.2808e-01 -3.4473e+00 -6.4144e-01 +3.4979e+00 +2.3950e+00 -2.4410e+00 -2.1168e+00 -1.2951e+00 +4.1183e-01 -1.6574e+00 -1.8752e+00 +4.2622e+00 +2.1732e+00 +8.0260e-01 -8.7486e-02 -1.9831e+00 -4.5360e-01 +2.9201e-02 -8.8659e-01
106 +1.984198327e+02 +1.984198327e+02 +2.283898327e+02 +2.283898327e+02 +8.4126e-01 -1.4400e+00 -3.6141e+00 -2.0399e+00 +3.3852e+00 +2.9933e+00 -4.0948e+00 -2.8635e+00 +4.0937e-01 -1.7329e+00 +1.0616e+00 -1.3213e+00 +3.5009e+00 +2.6387e+00 -1.2557e+00 +2.2592e+00 -3.0656e+00 -4.6824e-01 +1.9980e+00 -3.7623e+00
148 +1.437886874e+02 +1.437886874e+02 +1.737586874e+02 +1.737586874e+02 +9.1144e-01 -1.4875e+00 -3.5754e+00 -2.2574e+00 +3.1983e+00 +3.2935e+00 -4.0401e+00 -2.9009e+00 +3.0002e-01 -1.6996e+00 +9.4109e-01 -1.5384e+00 +3.7034e+00 +2.3563e+00 -1.6352e+00 +2.5980e+00 -3.1358e+00 -4.2000e-01 +1.7109e+00 -3.4097e+00
232 +9.649771795e+01 +9.649771795e+01 +1.264677179e+02 +1.264677179e+02 +1.0334e+00 -1.8559e+00 -3.6231e+00 -1.9701e+00 +3.0330e+00 +3.2824e+00 -4.0667e+00 -3.2322e+00 +5.8170e-01 -1.8981e+00 +9.0788e-01 -1.6721e+00 +3.8969e+00 +2.1928e+00 -1.5073e+00 +2.9555e+00 -2.7528e+00 -5.8087e-01 +1.4431e+00 -3.3360e+00
316 +6.094978344e+01 +6.094978344e+01 +9.091978344e+01 +9.091978344e+01 +1.0804e+00 -1.8409e+00 -3.5768e+00 -1.9346e+00 +2.9746e+00 +3.0970e+00 -4.0980e+00 -3.1662e+00 +6.1494e-01 -1.9200e+00 +1.1950e+00 -1.4561e+00 +4.0406e+00 +2.2352e+00 -1.4991e+00 +2.7690e+00 -2.7202e+00 -5.9991e-01 +1.5235e+00 -3.4118e+00
442 +3.655360209e+01 +3.655360209e+01 +6.652360209e+01 +6.652360209e+01 +1.0133e+00 -1.7478e+00 -3.5850e+00 -1.9366e+00 +3.0203e+00 +3.0736e+00 -4.0671e+00 -3.1653e+00 +6.8102e-01 -1.8533e+00 +1.1707e+00 -1.4185e+00 +3.9773e+00 +2.2928e+00 -1.4450e+00 +2.7070e+00 -2.7447e+00 -6.3332e-01 +1.5422e+00 -3.4789e+00
631 +2.152517347e+01 +2.152517347e+01 +5.149517347e+01 +5.149517347e+01 +9.7991e-01 -1.7194e+00 -3.6092e+00 -1.9828e+00 +3.0994e+00 +3.1418e+00 -4.0501e+00 -3.0637e+00 +6.3387e-01 -1.8363e+00 +1.1295e+00 -1.5123e+00 +3.8760e+00 +2.3264e+00 -1.4520e+00 +2.6553e+00 -2.7929e+00 -6.3264e-01 +1.6000e+00 -3.4710e+00
820 +1.485209524e+01 +1.485209524e+01 +4.482209524e+01 +4.482209524e+01 +9.5391e-01 -1.6891e+00 -3.6110e+00 -1.9825e+00 +3.0938e+00 +3.1818e+00 -4.0386e+00 -3.0652e+00 +6.3388e-01 -1.8081e+00 +1.0975e+00 -1.5419e+00 +3.8970e+00 +2.3384e+00 -1.4745e+00 +2.6829e+00 -2.7958e+00 -6.4873e-01 +1.5762e+00 -3.4629e+00
1072 +8.450645716e+00 +8.450645716e+00 +3.842064572e+01 +3.842064572e+01 +9.5262e-01 -1.7008e+00 -3.6138e+00 -1.9760e+00 +3.1051e+00 +3.2196e+00 -4.0260e+00 -3.0312e+00 +6.4089e-01 -1.8250e+00 +1.0909e+00 -1.5833e+00 +3.8836e+00 +2.3217e+00 -1.4842e+00 +2.7130e+00 -2.7758e+00 -6.8642e-01 +1.5641e+00 -3.4273e+00
1324 +5.230918147e+00 +5.230918147e+00 +3.520091815e+01 +3.520091815e+01 +9.5201e-01 -1.7152e+00 -3.6227e+00 -1.9743e+00 +3.0947e+00 +3.2344e+00 -4.0129e+00 -3.0341e+00 +6.7055e-01 -1.8267e+00 +1.1170e+00 -1.5852e+00 +3.9259e+00 +2.3188e+00 -1.4916e+00 +2.7165e+00 -2.7512e+00 -7.0350e-01 +1.5466e+00 -3.4151e+00
1513 +3.944146505e+00 +3.944146505e+00 +3.391414650e+01 +3.391414650e+01 +9.4413e-01 -1.7157e+00 -3.6251e+00 -1.9661e+00 +3.0903e+00 +3.2327e+00 -4.0148e+00 -3.0275e+00 +6.8566e-01 -1.8243e+00 +1.1272e+00 -1.5852e+00 +3.9325e+00 +2.3214e+00 -1.4857e+00 +2.7107e+00 -2.7345e+00 -7.2059e-01 +1.5451e+00 -3.4056e+00
1681 +2.494163644e+00 +2.494163644e+00 +3.246416364e+01 +3.246416364e+01 +9.4062e-01 -1.7172e+00 -3.6295e+00 -1.9625e+00 +3.0919e+00 +3.2410e+00 -4.0065e+00 -3.0130e+00 +7.0177e-01 -1.8202e+00 +1.1560e+00 -1.5894e+00 +3.9413e+00 +2.3295e+00 -1.4868e+00 +2.7010e+00 -2.7214e+00 -7.4528e-01 +1.5489e+00 -3.4021e+00
1828 +1.375414745e+00 +1.375414745e+00 +3.134541474e+01 +3.134541474e+01 +9.2515e-01 -1.7086e+00 -3.6358e+00 -1.9602e+00 +3.1018e+00 +3.2580e+00 -3.9993e+00 -2.9911e+00 +7.1684e-01 -1.8146e+00 +1.1659e+00 -1.6073e+00 +3.9443e+00 +2.3375e+00 -1.4914e+00 +2.6952e+00 -2.7098e+00 -7.7121e-01 +1.5466e+00 -3.3970e+00
1954 +8.516719751e-01 +8.516719751e-01 +3.082167198e+01 +3.082167198e+01 +9.1516e-01 -1.7079e+00 -3.6396e+00 -1.9583e+00 +3.1020e+00 +3.2735e+00 -3.9875e+00 -2.9761e+00 +7.3273e-01 -1.8091e+00 +1.1785e+00 -1.6198e+00 +3.9542e+00 +2.3399e+00 -1.4969e+00 +2.6962e+00 -2.6962e+00 -7.9421e-01 +1.5400e+00 -3.3847e+00
2080 +5.634496057e-01 +5.634496057e-01 +3.053344961e+01 +3.053344961e+01 +9.0819e-01 -1.7092e+00 -3.6440e+00 -1.9536e+00 +3.1022e+00 +3.2828e+00 -3.9806e+00 -2.9639e+00 +7.4701e-01 -1.8067e+00 +1.1930e+00 -1.6290e+00 +3.9610e+00 +2.3436e+00 -1.4985e+00 +2.6936e+00 -2.6826e+00 -8.1583e-01 +1.5364e+00 -3.3758e+00
2206 +3.906563619e-01 +3.906563619e-01 +3.036065636e+01 +3.036065636e+01 +9.0118e-01 -1.7072e+00 -3.6476e+00 -1.9515e+00 +3.1049e+00 +3.2921e+00 -3.9736e+00 -2.9533e+00 +7.5897e-01 -1.8035e+00 +1.2039e+00 -1.6369e+00 +3.9664e+00 +2.3473e+00 -1.5006e+00 +2.6904e+00 -2.6734e+00 -8.3276e-01 +1.5348e+00 -3.3706e+00
2416 +2.249490637e-01 +2.249490637e-01 +3.019494906e+01 +3.019494906e+01 +8.9219e-01 -1.7063e+00 -3.6522e+00 -1.9486e+00 +3.1072e+00 +3.3050e+00 -3.9658e+00 -2.9389e+00 +7.7275e-01 -1.7993e+00 +1.2161e+00 -1.6484e+00 +3.9734e+00 +2.3505e+00 -1.5040e+00 +2.6886e+00 -2.6615e+00 -8.5362e-01 +1.5308e+00 -3.3615e+00
2542 +1.541909806e-01 +1.541909806e-01 +3.012419098e+01 +3.012419098e+01 +8.8815e-01 -1.7059e+00 -3.6538e+00 -1.9467e+00 +3.1079e+00 +3.3102e+00 -3.9625e+00 -2.9332e+00 +7.7975e-01 -1.7981e+00 +1.2225e+00 -1.6528e+00 +3.9770e+00 +2.3528e+00 -1.5049e+00 +2.6870e+00 -2.6551e+00 -8.6368e-01 +1.5293e+00 -3.3578e+00
2731 +9.256808848e-02 +9.256808848e-02 +3.006256809e+01 +3.006256809e+01 +8.8426e-01 -1.7051e+00 -3.6559e+00 -1.9454e+00 +3.1092e+00 +3.3153e+00 -3.9587e+00 -2.9267e+00 +7.8611e-01 -1.7962e+00 +1.2284e+00 -1.6575e+00 +3.9799e+00 +2.3547e+00 -1.5064e+00 +2.6860e+00 -2.6501e+00 -8.7286e-01 +1.5279e+00 -3.3543e+00
2941 +5.760576569e-02 +5.760576569e-02 +3.002760577e+01 +3.002760577e+01 +8.8145e-01 -1.7050e+00 -3.6572e+00 -1.9443e+00 +3.1096e+00 +3.3191e+00 -3.9561e+00 -2.9223e+00 +7.9056e-01 -1.7951e+00 +1.2324e+00 -1.6611e+00 +3.9821e+00 +2.3558e+00 -1.5072e+00 +2.6854e+00 -2.6462e+00 -8.7945e-01 +1.5268e+00 -3.3514e+00
3025 +3.852806855e-02 +3.852806855e-02 +3.000852807e+01 +3.000852807e+01 +8.8021e-01 -1.7049e+00 -3.6578e+00 -1.9438e+00 +3.1098e+00 +3.3209e+00 -3.9550e+00 -2.9205e+00 +7.9284e-01 -1.7945e+00 +1.2344e+00 -1.6625e+00 +3.9833e+00 +2.3565e+00 -1.5077e+00 +2.6849e+00 -2.6443e+00 -8.8258e-01 +1.5263e+00 -3.3504e+00
3151 +2.152060072e-02 +2.152060072e-02 +2.999152060e+01 +2.999152060e+01 +8.7873e-01 -1.7045e+00 -3.6587e+00 -1.9432e+00 +3.1102e+00 +3.3230e+00 -3.9536e+00 -2.9180e+00 +7.9535e-01 -1.7939e+00 +1.2368e+00 -1.6644e+00 +3.9845e+00 +2.3572e+00 -1.5082e+00 +2.6844e+00 -2.6420e+00 -8.8636e-01 +1.5257e+00 -3.3489e+00
3235 +1.578301224e-02 +1.578301224e-02 +2.998578301e+01 +2.998578301e+01 +8.7780e-01 -1.7044e+00 -3.6591e+00 -1.9429e+00 +3.1104e+00 +3.3241e+00 -3.9528e+00 -2.9166e+00 +7.9674e-01 -1.7934e+00 +1.2380e+00 -1.6654e+00 +3.9852e+00 +2.3576e+00 -1.5085e+00 +2.6842e+00 -2.6409e+00 -8.8847e-01 +1.5253e+00 -3.3481e+00
3382 +8.583956914e-03 +8.583956914e-03 +2.997858396e+01 +2.997858396e+01 +8.7697e-01 -1.7043e+00 -3.6595e+00 -1.9426e+00 +3.1106e+00 +3.3253e+00 -3.9520e+00 -2.9152e+00 +7.9813e-01 -1.7931e+00 +1.2393e+00 -1.6665e+00 +3.9859e+00 +2.3580e+00 -1.5087e+00 +2.6840e+00 -2.6397e+00 -8.9052e-01 +1.5250e+00 -3.3472e+00
3592 +6.282705295e-03 +6.282705295e-03 +2.997628271e+01 +2.997628271e+01 +8.7597e-01 -1.7042e+00 -3.6600e+00 -1.9422e+00 +3.1108e+00 +3.3267e+00 -3.9510e+00 -2.9136e+00 +7.9985e-01 -1.7927e+00 +1.2409e+00 -1.6677e+00 +3.9867e+00 +2.3585e+00 -1.5091e+00 +2.6836e+00 -2.6382e+00 -8.9302e-01 +1.5246e+00 -3.3463e+00
3760 +3.699769852e-03 +3.699769852e-03 +2.997369977e+01 +2.997369977e+01 +8.7566e-01 -1.7041e+00 -3.6602e+00 -1.9421e+00 +3.1109e+00 +3.3271e+00 -3.9508e+00 -2.9132e+00 +8.0033e-01 -1.7925e+00 +1.2413e+00 -1.6681e+00 +3.9870e+00 +2.3586e+00 -1.5092e+00 +2.6836e+00 -2.6378e+00 -8.9374e-01 +1.5245e+00 -3.3460e+00
3886 +2.396720379e-03 +2.396720379e-03 +2.997239672e+01 +2.997239672e+01 +8.7552e-01 -1.7041e+00 -3.6602e+00 -1.9420e+00 +3.1110e+00 +3.3273e+00 -3.9506e+00 -2.9130e+00 +8.0054e-01 -1.7925e+00 +1.2415e+00 -1.6682e+00 +3.9871e+00 +2.3587e+00 -1.5092e+00 +2.6835e+00 -2.6376e+00 -8.9405e-01 +1.5244e+00 -3.3459e+00
4075 +1.344804307e-03 +1.344804307e-03 +2.997134480e+01 +2.997134480e+01 +8.7546e-01 -1.7041e+00 -3.6603e+00 -1.9420e+00 +3.1110e+00 +3.3274e+00 -3.9506e+00 -2.9129e+00 +8.0065e-01 -1.7925e+00 +1.2416e+00 -1.6683e+00 +3.9871e+00 +2.3587e+00 -1.5092e+00 +2.6835e+00 -2.6375e+00 -8.9422e-01 +1.5244e+00 -3.3458e+00
4264 +8.316162498e-04 +8.316162498e-04 +2.997083162e+01 +2.997083162e+01 +8.7531e-01 -1.7041e+00 -3.6603e+00 -1.9419e+00 +3.1110e+00 +3.3276e+00 -3.9504e+00 -2.9126e+00 +8.0090e-01 -1.7924e+00 +1.2418e+00 -1.6685e+00 +3.9873e+00 +2.3588e+00 -1.5093e+00 +2.6835e+00 -2.6373e+00 -8.9458e-01 +1.5244e+00 -3.3457e+00
4453 +5.429420149e-04 +5.429420149e-04 +2.997054294e+01 +2.997054294e+01 +8.7519e-01 -1.7041e+00 -3.6604e+00 -1.9419e+00 +3.1110e+00 +3.3277e+00 -3.9503e+00 -2.9125e+00 +8.0109e-01 -1.7923e+00 +1.2420e+00 -1.6686e+00 +3.9874e+00 +2.3588e+00 -1.5093e+00 +2.6834e+00 -2.6371e+00 -8.9487e-01 +1.5243e+00 -3.3456e+00
4579 +3.800809379e-04 +3.800809379e-04 +2.997038008e+01 +2.997038008e+01 +8.7525e-01 -1.7041e+00 -3.6604e+00 -1.9419e+00 +3.1110e+00 +3.3276e+00 -3.9504e+00 -2.9125e+00 +8.0100e-01 -1.7924e+00 +1.2419e+00 -1.6686e+00 +3.9873e+00 +2.3588e+00 -1.5093e+00 +2.6834e+00 -2.6372e+00 -8.9473e-01 +1.5243e+00 -3.3456e+00
4831 +2.404976038e-04 +2.404976038e-04 +2.997024050e+01 +2.997024050e+01 +8.7530e-01 -1.7041e+00 -3.6603e+00 -1.9419e+00 +3.1110e+00 +3.3276e+00 -3.9504e+00 -2.9126e+00 +8.0091e-01 -1.7924e+00 +1.2418e+00 -1.6685e+00 +3.9873e+00 +2.3588e+00 -1.5093e+00 +2.6835e+00 -2.6373e+00 -8.9460e-01 +1.5244e+00 -3.3457e+00
10417 +1.569872275e-04 +1.569872275e-04 +2.997015699e+01 +2.997015699e+01 +8.7420e-01 -1.7040e+00 -3.6609e+00 -1.9415e+00 +3.1112e+00 +3.3291e+00 -3.9494e+00 -2.9109e+00 +8.0273e-01 -1.7919e+00 +1.2435e+00 -1.6698e+00 +3.9882e+00 +2.3593e+00 -1.5097e+00 +2.6831e+00 -2.6357e+00 -8.9728e-01 +1.5239e+00 -3.3446e+00
10879 +9.203411177e-05 +9.203411177e-05 +2.997009203e+01 +2.997009203e+01 +8.7423e-01 -1.7040e+00 -3.6609e+00 -1.9415e+00 +3.1112e+00 +3.3290e+00 -3.9494e+00 -2.9109e+00 +8.0268e-01 -1.7919e+00 +1.2435e+00 -1.6698e+00 +3.9881e+00 +2.3593e+00 -1.5097e+00 +2.6832e+00 -2.6358e+00 -8.9721e-01 +1.5239e+00 -3.3446e+00
11126 +6.265478653e-05 +6.265478653e-05 +2.997006265e+01 +2.997006265e+01 +8.7424e-01 -1.7040e+00 -3.6609e+00 -1.9415e+00 +3.1112e+00 +3.3290e+00 -3.9495e+00 -2.9109e+00 +8.0266e-01 -1.7919e+00 +1.2434e+00 -1.6698e+00 +3.9881e+00 +2.3593e+00 -1.5097e+00 +2.6832e+00 -2.6358e+00 -8.9719e-01 +1.5239e+00 -3.3446e+00
11446 +3.914723302e-05 +3.914723302e-05 +2.997003915e+01 +2.997003915e+01 +8.7425e-01 -1.7040e+00 -3.6609e+00 -1.9415e+00 +3.1112e+00 +3.3290e+00 -3.9495e+00 -2.9110e+00 +8.0265e-01 -1.7919e+00 +1.2434e+00 -1.6698e+00 +3.9881e+00 +2.3593e+00 -1.5097e+00 +2.6832e+00 -2.6358e+00 -8.9717e-01 +1.5239e+00 -3.3447e+00
11719 +2.241982294e-05 +2.241982294e-05 +2.997002242e+01 +2.997002242e+01 +8.7425e-01 -1.7040e+00 -3.6609e+00 -1.9415e+00 +3.1112e+00 +3.3290e+00 -3.9495e+00 -2.9110e+00 +8.0265e-01 -1.7919e+00 +1.2434e+00 -1.6698e+00 +3.9881e+00 +2.3593e+00 -1.5097e+00 +2.6832e+00 -2.6358e+00 -8.9717e-01 +1.5239e+00 -3.3447e+00
% function evaluation | noise-free fitness - Fopt (-5.171000000000e+01) | best noise-free fitness - Fopt | measured fitness | best measured fitness | x1 | x2...
1 +4.485872365e+03 +4.485872365e+03 +4.434162365e+03 +4.434162365e+03 +6.3957e-01 -3.6150e+00 -3.0078e+00 +4.6841e+00 +7.2331e-01 -2.8365e+00 +1.1502e+00 +3.8961e+00 +4.3858e+00 -2.4611e+00 +1.7971e+00 +3.7486e+00 -3.0670e+00 +4.0745e+00 +3.1052e+00 +1.5995e-02 +3.5581e+00 -2.9677e+00 -3.5096e+00 -4.3408e+00
43 +2.352834703e+03 +2.352834703e+03 +2.301124703e+03 +2.301124703e+03 +4.4148e+00 -1.9819e+00 -2.6571e+00 -1.7251e+00 +4.7358e+00 +1.8677e+00 -4.1668e+00 +3.5830e+00 -5.6142e+00 +3.7239e-01 +5.3897e+00 +5.1513e-01 -3.7299e+00 -3.8691e-01 +3.5086e+00 +1.5909e+00 +2.1300e-01 +3.8819e-01 -1.3580e+00 +3.0679e+00
64 +1.345350996e+03 +1.345350996e+03 +1.293640996e+03 +1.293640996e+03 +3.2195e+00 -1.2621e+00 -3.6791e+00 -8.5851e-01 +1.5493e+00 +1.1104e+00 -2.8558e+00 +4.3033e+00 -2.4752e+00 -7.2632e-02 +4.6042e+00 +1.9472e+00 -2.3020e+00 +1.1416e+00 +7.9262e-01 +9.4613e-01 -1.4867e-01 +4.5840e-01 -3.1769e-01 +1.9889e+00
106 +3.925581219e+02 +3.925581219e+02 +3.408481219e+02 +3.408481219e+02 +2.5065e+00 +2.2858e+00 -4.1343e+00 -3.8519e+00 +1.5612e+00 +2.3856e+00 -2.9824e+00 +3.6857e+00 -3.6572e+00 +1.1400e+00 +3.7789e+00 +1.8657e+00 +2.5093e+00 +6.3394e-01 -2.6551e+00 +3.1504e+00 -3.8486e+00 +2.9656e+00 +1.6618e+00 +4.6733e+00
190 +1.367656188e+02 +1.367656188e+02 +8.505561882e+01 +8.505561882e+01 +2.6010e+00 +3.0813e+00 -3.5819e+00 -3.8724e+00 +1.3812e+00 +1.4833e+00 -3.2684e+00 +3.2335e+00 -3.4520e+00 +1.4702e-01 +3.5084e+00 +2.1759e+00 +2.9155e+00 +5.4081e-01 -2.7164e+00 +3.4967e+00 -3.7335e+00 +3.2524e+00 +1.4587e+00 +3.3839e+00
274 +9.479545804e+01 +9.479545804e+01 +4.308545804e+01 +4.308545804e+01 +2.7003e+00 +3.2788e+00 -3.2975e+00 -3.7215e+00 +9.2767e-01 +1.4551e+00 -3.5912e+00 +3.2244e+00 -3.6644e+00 +5.7008e-02 +3.9247e+00 +1.9804e+00 +3.2185e+00 +5.8202e-01 -2.8701e+00 +3.5204e+00 -3.9957e+00 +3.3203e+00 +1.6546e+00 +3.0285e+00
379 +6.164614820e+01 +6.164614820e+01 +9.936148203e+00 +9.936148203e+00 +2.5991e+00 +3.1540e+00 -3.2448e+00 -3.6064e+00 +1.0087e+00 +1.6628e+00 -3.6356e+00 +3.1095e+00 -3.7538e+00 +2.2368e-01 +4.0800e+00 +2.0573e+00 +3.1592e+00 +7.7644e-01 -2.9709e+00 +3.5180e+00 -4.0754e+00 +3.4020e+00 +1.7722e+00 +3.1149e+00
589 +3.811791840e+01 +3.811791840e+01 -1.359208160e+01 -1.359208160e+01 +2.5790e+00 +3.1097e+00 -3.3300e+00 -3.7678e+00 +1.1337e+00 +1.6354e+00 -3.4557e+00 +3.2661e+00 -3.7416e+00 +1.5113e-01 +3.8427e+00 +2.0848e+00 +3.1295e+00 +6.6958e-01 -2.8589e+00 +3.6040e+00 -3.9992e+00 +3.2782e+00 +1.6781e+00 +3.2799e+00
820 +2.316638849e+01 +2.316638849e+01 -2.854361151e+01 -2.854361151e+01 +2.6395e+00 +3.1846e+00 -3.4146e+00 -3.6727e+00 +1.0436e+00 +1.6541e+00 -3.4930e+00 +3.2408e+00 -3.7227e+00 +1.4156e-01 +3.9074e+00 +2.0549e+00 +3.1466e+00 +6.9949e-01 -2.8504e+00 +3.5126e+00 -3.9279e+00 +3.2569e+00 +1.6833e+00 +3.2949e+00
988 +1.434686668e+01 +1.434686668e+01 -3.736313332e+01 -3.736313332e+01 +2.6252e+00 +3.1017e+00 -3.3896e+00 -3.6667e+00 +1.0450e+00 +1.7036e+00 -3.4945e+00 +3.2013e+00 -3.7423e+00 +1.8382e-01 +3.9696e+00 +2.0451e+00 +3.1269e+00 +7.8429e-01 -2.8709e+00 +3.5442e+00 -3.9774e+00 +3.2383e+00 +1.6944e+00 +3.2136e+00
1177 +9.158306008e+00 +9.158306008e+00 -4.255169399e+01 -4.255169399e+01 +2.6088e+00 +3.0991e+00 -3.3697e+00 -3.6734e+00 +1.0637e+00 +1.7022e+00 -3.5050e+00 +3.2568e+00 -3.7452e+00 +2.1271e-01 +3.9439e+00 +2.0479e+00 +3.1161e+00 +7.7841e-01 -2.8737e+00 +3.5532e+00 -3.9775e+00 +3.2308e+00 +1.6839e+00 +3.2331e+00
1366 +5.681797982e+00 +5.681797982e+00 -4.602820202e+01 -4.602820202e+01 +2.6122e+00 +3.0944e+00 -3.3481e+00 -3.6753e+00 +1.0625e+00 +1.7025e+00 -3.5000e+00 +3.2586e+00 -3.7458e+00 +2.0364e-01 +3.9252e+00 +2.0554e+00 +3.1195e+00 +7.7251e-01 -2.8505e+00 +3.5666e+00 -3.9744e+00 +3.2338e+00 +1.6813e+00 +3.2406e+00
1555 +3.798060775e+00 +3.798060775e+00 -4.791193922e+01 -4.791193922e+01 +2.6094e+00 +3.1088e+00 -3.3546e+00 -3.6712e+00 +1.0663e+00 +1.6979e+00 -3.4939e+00 +3.2662e+00 -3.7526e+00 +1.9250e-01 +3.9137e+00 +2.0628e+00 +3.1148e+00 +7.6509e-01 -2.8483e+00 +3.5702e+00 -3.9670e+00 +3.2358e+00 +1.6832e+00 +3.2477e+00
1639 +2.386102192e+00 +2.386102192e+00 -4.932389781e+01 -4.932389781e+01 +2.6097e+00 +3.1205e+00 -3.3637e+00 -3.6709e+00 +1.0589e+00 +1.6931e+00 -3.4924e+00 +3.2647e+00 -3.7545e+00 +1.8094e-01 +3.9180e+00 +2.0603e+00 +3.1207e+00 +7.6788e-01 -2.8417e+00 +3.5765e+00 -3.9570e+00 +3.2325e+00 +1.6832e+00 +3.2490e+00
1765 +1.481267213e+00 +1.481267213e+00 -5.022873279e+01 -5.022873279e+01 +2.6093e+00 +3.1200e+00 -3.3693e+00 -3.6642e+00 +1.0563e+00 +1.6999e+00 -3.4922e+00 +3.2632e+00 -3.7595e+00 +1.8460e-01 +3.9229e+00 +2.0625e+00 +3.1169e+00 +7.8501e-01 -2.8410e+00 +3.5791e+00 -3.9497e+00 +3.2268e+00 +1.6846e+00 +3.2467e+00
1933 +9.791993192e-01 +9.791993192e-01 -5.073080068e+01 -5.073080068e+01 +2.6088e+00 +3.1196e+00 -3.3607e+00 -3.6637e+00 +1.0555e+00 +1.7026e+00 -3.4913e+00 +3.2684e+00 -3.7666e+00 +1.8644e-01 +3.9182e+00 +2.0640e+00 +3.1185e+00 +7.9337e-01 -2.8376e+00 +3.5898e+00 -3.9491e+00 +3.2244e+00 +1.6851e+00 +3.2446e+00
2122 +6.216649248e-01 +6.216649248e-01 -5.108833508e+01 -5.108833508e+01 +2.6075e+00 +3.1257e+00 -3.3645e+00 -3.6638e+00 +1.0542e+00 +1.7029e+00 -3.4903e+00 +3.2723e+00 -3.7700e+00 +1.8362e-01 +3.9165e+00 +2.0658e+00 +3.1184e+00 +7.9616e-01 -2.8353e+00 +3.5932e+00 -3.9429e+00 +3.2208e+00 +1.6843e+00 +3.2462e+00
2290 +3.534453690e-01 +3.534453690e-01 -5.135655463e+01 -5.135655463e+01 +2.6067e+00 +3.1254e+00 -3.3644e+00 -3.6623e+00 +1.0526e+00 +1.7036e+00 -3.4910e+00 +3.2726e+00 -3.7711e+00 +1.8386e-01 +3.9172e+00 +2.0664e+00 +3.1189e+00 +8.0048e-01 -2.8346e+00 +3.5954e+00 -3.9414e+00 +3.2202e+00 +1.6842e+00 +3.2454e+00
2458 +2.386478205e-01 +2.386478205e-01 -5.147135218e+01 -5.147135218e+01 +2.6063e+00 +3.1257e+00 -3.3630e+00 -3.6610e+00 +1.0522e+00 +1.7050e+00 -3.4911e+00 +3.2744e+00 -3.7730e+00 +1.8465e-01 +3.9168e+00 +2.0669e+00 +3.1182e+00 +8.0362e-01 -2.8335e+00 +3.5974e+00 -3.9405e+00 +3.2193e+00 +1.6843e+00 +3.2452e+00
2626 +1.458655359e-01 +1.458655359e-01 -5.156413446e+01 -5.156413446e+01 +2.6058e+00 +3.1270e+00 -3.3623e+00 -3.6605e+00 +1.0521e+00 +1.7051e+00 -3.4907e+00 +3.2757e+00 -3.7744e+00 +1.8423e-01 +3.9159e+00 +2.0677e+00 +3.1186e+00 +8.0558e-01 -2.8323e+00 +3.6000e+00 -3.9388e+00 +3.2182e+00 +1.6839e+00 +3.2450e+00
2815 +8.223558784e-02 +8.223558784e-02 -5.162776441e+01 -5.162776441e+01 +2.6057e+00 +3.1277e+00 -3.3626e+00 -3.6602e+00 +1.0517e+00 +1.7055e+00 -3.4906e+00 +3.2765e+00 -3.7754e+00 +1.8381e-01 +3.9156e+00 +2.0680e+00 +3.1188e+00 +8.0717e-01 -2.8314e+00 +3.6012e+00 -3.9374e+00 +3.2172e+00 +1.6839e+00 +3.2454e+00
2941 +5.483198149e-02 +5.483198149e-02 -5.165516802e+01 -5.165516802e+01 +2.6058e+00 +3.1281e+00 -3.3627e+00 -3.6599e+00 +1.0515e+00 +1.7058e+00 -3.4905e+00 +3.2768e+00 -3.7761e+00 +1.8360e-01 +3.9154e+00 +2.0683e+00 +3.1188e+00 +8.0824e-01 -2.8309e+00 +3.6020e+00 -3.9368e+00 +3.2168e+00 +1.6840e+00 +3.2453e+00
3067 +3.766292460e-02 +3.766292460e-02 -5.167233708e+01 -5.167233708e+01 +2.6056e+00 +3.1285e+00 -3.3627e+00 -3.6595e+00 +1.0513e+00 +1.7060e+00 -3.4905e+00 +3.2772e+00 -3.7767e+00 +1.8352e-01 +3.9153e+00 +2.0685e+00 +3.1188e+00 +8.0916e-01 -2.8306e+00 +3.6026e+00 -3.9363e+00 +3.2164e+00 +1.6841e+00 +3.2453e+00
3193 +2.462814945e-02 +2.462814945e-02 -5.168537185e+01 -5.168537185e+01 +2.6055e+00 +3.1288e+00 -3.3626e+00 -3.6592e+00 +1.0510e+00 +1.7063e+00 -3.4904e+00 +3.2776e+00 -3.7773e+00 +1.8346e-01 +3.9153e+00 +2.0687e+00 +3.1188e+00 +8.1016e-01 -2.8302e+00 +3.6033e+00 -3.9357e+00 +3.2160e+00 +1.6841e+00 +3.2452e+00
3382 +1.469759003e-02 +1.469759003e-02 -5.169530241e+01 -5.169530241e+01 +2.6053e+00 +3.1292e+00 -3.3624e+00 -3.6589e+00 +1.0508e+00 +1.7065e+00 -3.4903e+00 +3.2781e+00 -3.7779e+00 +1.8341e-01 +3.9151e+00 +2.0689e+00 +3.1188e+00 +8.1122e-01 -2.8298e+00 +3.6042e+00 -3.9350e+00 +3.2155e+00 +1.6841e+00 +3.2451e+00
3571 +9.439749187e-03 +9.439749187e-03 -5.170056025e+01 -5.170056025e+01 +2.6051e+00 +3.1295e+00 -3.3623e+00 -3.6586e+00 +1.0507e+00 +1.7067e+00 -3.4902e+00 +3.2785e+00 -3.7784e+00 +1.8334e-01 +3.9150e+00 +2.0691e+00 +3.1189e+00 +8.1201e-01 -2.8294e+00 +3.6049e+00 -3.9345e+00 +3.2152e+00 +1.6841e+00 +3.2451e+00
3823 +5.608678272e-03 +5.608678272e-03 -5.170439132e+01 -5.170439132e+01 +2.6051e+00 +3.1297e+00 -3.3622e+00 -3.6584e+00 +1.0505e+00 +1.7069e+00 -3.4902e+00 +3.2788e+00 -3.7789e+00 +1.8324e-01 +3.9148e+00 +2.0693e+00 +3.1189e+00 +8.1273e-01 -2.8291e+00 +3.6055e+00 -3.9340e+00 +3.2148e+00 +1.6840e+00 +3.2451e+00
4012 +3.587449346e-03 +3.587449346e-03 -5.170641255e+01 -5.170641255e+01 +2.6050e+00 +3.1299e+00 -3.3622e+00 -3.6583e+00 +1.0504e+00 +1.7070e+00 -3.4902e+00 +3.2790e+00 -3.7792e+00 +1.8319e-01 +3.9148e+00 +2.0694e+00 +3.1189e+00 +8.1316e-01 -2.8289e+00 +3.6058e+00 -3.9337e+00 +3.2146e+00 +1.6840e+00 +3.2451e+00
4201 +2.510311286e-03 +2.510311286e-03 -5.170748969e+01 -5.170748969e+01 +2.6050e+00 +3.1300e+00 -3.3622e+00 -3.6582e+00 +1.0504e+00 +1.7070e+00 -3.4901e+00 +3.2791e+00 -3.7793e+00 +1.8317e-01 +3.9147e+00 +2.0695e+00 +3.1189e+00 +8.1338e-01 -2.8288e+00 +3.6060e+00 -3.9336e+00 +3.2145e+00 +1.6840e+00 +3.2450e+00
4516 +1.522101965e-03 +1.522101965e-03 -5.170847790e+01 -5.170847790e+01 +2.6051e+00 +3.1298e+00 -3.3623e+00 -3.6584e+00 +1.0505e+00 +1.7069e+00 -3.4902e+00 +3.2789e+00 -3.7790e+00 +1.8322e-01 +3.9148e+00 +2.0693e+00 +3.1189e+00 +8.1284e-01 -2.8290e+00 +3.6056e+00 -3.9340e+00 +3.2148e+00 +1.6841e+00 +3.2451e+00
168001 +9.617676003e-04 +9.617676003e-04 -5.170903823e+01 -5.170903823e+01 +2.6045e+00 +3.1313e+00 -3.3619e+00 -3.6572e+00 +1.0496e+00 +1.7079e+00 -3.4899e+00 +3.2806e+00 -3.7815e+00 +1.8281e-01 +3.9142e+00 +2.0703e+00 +3.1191e+00 +8.1686e-01 -2.8273e+00 +3.6088e+00 -3.9314e+00 +3.2130e+00 +1.6840e+00 +3.2449e+00
% function evaluation | noise-free fitness - Fopt (-2.799500000000e+02) | best noise-free fitness - Fopt | measured fitness | best measured fitness | x1 | x2...
1 +2.755189129e+03 +2.755189129e+03 +2.475239129e+03 +2.475239129e+03 -2.4919e+00 -4.2379e+00 +3.5135e+00 -5.0218e-01 -3.7958e-01 +3.0956e+00 -1.8796e+00 +1.7940e+00 -4.2306e+00 -8.6494e-01 -3.2607e+00 +4.2764e+00 +1.9199e-01 -3.3759e-01 -1.5943e-01 +4.5429e+00 -3.6115e+00 +8.4723e-01 +8.2267e-01 -1.6938e+00
22 +2.263505762e+03 +2.263505762e+03 +1.983555762e+03 +1.983555762e+03 -2.8413e+00 -4.3041e+00 +3.4762e+00 -2.5394e-01 -6.0188e-01 +2.1511e+00 -1.3746e+00 +1.4145e+00 -3.4218e+00 -1.3056e+00 -2.8927e+00 +3.5638e+00 -5.5957e-01 -6.8164e-01 +2.2013e-01 +4.3668e+00 -2.8930e+00 +9.2022e-01 +8.1812e-01 -6.9378e-01
64 +9.770742599e+02 +9.770742599e+02 +6.971242599e+02 +6.971242599e+02 -4.2020e+00 -4.5619e+00 +3.3311e+00 +7.1286e-01 -1.4677e+00 -1.5277e+00 +5.9237e-01 -6.3737e-02 -2.7174e-01 -3.0220e+00 -1.4596e+00 +7.8865e-01 -3.4867e+00 -2.0216e+00 +1.6984e+00 +3.6810e+00 -9.4883e-02 +1.2045e+00 +8.0038e-01 +3.2009e+00
106 +6.299441750e+02 +6.299441750e+02 +3.499941750e+02 +3.499941750e+02 -4.5596e+00 -4.3562e+00 +3.5833e+00 +1.9910e-01 -3.5414e+00 -2.4284e+00 +4.6349e-02 -7.2033e-01 +8.0606e-01 -3.9620e+00 -1.1771e+00 +4.6728e-01 -4.1981e+00 -2.3503e+00 +2.0013e+00 +2.9162e+00 +2.1082e+00 +2.0270e+00 +1.5460e+00 +3.8484e+00
148 +3.563873633e+02 +3.563873633e+02 +7.643736331e+01 +7.643736331e+01 -4.3555e+00 -4.0139e+00 +3.6602e+00 -6.5676e-01 -4.4600e+00 -2.2638e+00 -7.6548e-01 -5.3983e-01 +1.1057e+00 -4.0472e+00 -1.4196e+00 +1.2269e+00 -3.9686e+00 -2.3639e+00 +1.5588e+00 +2.8002e+00 +2.9321e+00 +2.6307e+00 +1.8304e+00 +3.3197e+00
190 +2.036623066e+02 +2.036623066e+02 -7.628769340e+01 -7.628769340e+01 -4.0542e+00 -3.9315e+00 +3.5270e+00 -1.2470e+00 -4.4349e+00 -2.4889e+00 -1.2243e+00 -1.8906e-01 +1.5965e+00 -3.8318e+00 -1.6489e+00 +1.7303e+00 -3.9864e+00 -2.4605e+00 +9.9049e-01 +2.9929e+00 +3.2012e+00 +2.8513e+00 +1.7252e+00 +2.9016e+00
232 +1.319921405e+02 +1.319921405e+02 -1.479578595e+02 -1.479578595e+02 -3.7728e+00 -4.0640e+00 +3.2742e+00 -1.3347e+00 -4.2172e+00 -2.5620e+00 -1.5360e+00 -1.3946e-02 +1.7170e+00 -3.5687e+00 -1.8417e+00 +1.8405e+00 -4.0529e+00 -2.1531e+00 +6.5840e-01 +3.2817e+00 +3.2046e+00 +2.6977e+00 +1.7655e+00 +2.7320e+00
274 +9.817181386e+01 +9.817181386e+01 -1.817781861e+02 -1.817781861e+02 -3.6134e+00 -4.1380e+00 +3.2459e+00 -1.3525e+00 -3.9695e+00 -2.8022e+00 -1.7094e+00 +4.8057e-03 +1.8297e+00 -3.4326e+00 -1.9753e+00 +1.7555e+00 -4.1743e+00 -2.2197e+00 +3.5934e-01 +3.3337e+00 +3.2018e+00 +2.5731e+00 +1.6786e+00 +2.7095e+00
421 +5.307187074e+01 +5.307187074e+01 -2.268781293e+02 -2.268781293e+02 -3.6943e+00 -4.0479e+00 +3.1277e+00 -1.1708e+00 -3.7855e+00 -2.9151e+00 -1.6361e+00 -6.7657e-02 +1.6396e+00 -3.4132e+00 -1.8880e+00 +1.5341e+00 -4.2121e+00 -2.1111e+00 +3.8306e-01 +3.4643e+00 +3.1895e+00 +2.4191e+00 +1.6856e+00 +2.9679e+00
526 +3.323697424e+01 +3.323697424e+01 -2.467130258e+02 -2.467130258e+02 -3.7812e+00 -4.0252e+00 +3.2540e+00 -1.0752e+00 -3.8334e+00 -2.8424e+00 -1.5549e+00 -1.4405e-01 +1.5927e+00 -3.4716e+00 -1.8383e+00 +1.5229e+00 -4.1748e+00 -2.1902e+00 +4.5868e-01 +3.3895e+00 +3.2631e+00 +2.4591e+00 +1.7702e+00 +3.0011e+00
694 +2.177667579e+01 +2.177667579e+01 -2.581733242e+02 -2.581733242e+02 -3.7619e+00 -3.9946e+00 +3.2485e+00 -1.0987e+00 -3.8423e+00 -2.7631e+00 -1.5594e+00 -1.5500e-01 +1.6026e+00 -3.5585e+00 -1.8371e+00 +1.5970e+00 -4.0904e+00 -2.2320e+00 +5.1440e-01 +3.3968e+00 +3.2275e+00 +2.5516e+00 +1.7894e+00 +2.9757e+00
883 +1.367148339e+01 +1.367148339e+01 -2.662785166e+02 -2.662785166e+02 -3.7317e+00 -4.0075e+00 +3.2694e+00 -1.1334e+00 -3.8168e+00 -2.8074e+00 -1.5787e+00 -1.4030e-01 +1.6599e+00 -3.5428e+00 -1.8277e+00 +1.6380e+00 -4.0818e+00 -2.2271e+00 +4.9046e-01 +3.4071e+00 +3.2790e+00 +2.5678e+00 +1.8009e+00 +2.9785e+00
1072 +8.859985679e+00 +8.859985679e+00 -2.710900143e+02 -2.710900143e+02 -3.7080e+00 -4.0236e+00 +3.2461e+00 -1.1361e+00 -3.7937e+00 -2.8176e+00 -1.5924e+00 -1.6200e-01 +1.6742e+00 -3.5273e+00 -1.8294e+00 +1.6347e+00 -4.0936e+00 -2.2237e+00 +4.6755e-01 +3.4370e+00 +3.2911e+00 +2.5952e+00 +1.8092e+00 +2.9828e+00
1324 +5.608584885e+00 +5.608584885e+00 -2.743414151e+02 -2.743414151e+02 -3.7078e+00 -4.0192e+00 +3.2479e+00 -1.1194e+00 -3.7571e+00 -2.8239e+00 -1.6046e+00 -1.6640e-01 +1.6683e+00 -3.5250e+00 -1.8250e+00 +1.6293e+00 -4.0915e+00 -2.2287e+00 +4.4962e-01 +3.4579e+00 +3.3130e+00 +2.5819e+00 +1.8288e+00 +2.9925e+00
1576 +3.548667133e+00 +3.548667133e+00 -2.764013329e+02 -2.764013329e+02 -3.7051e+00 -4.0129e+00 +3.2435e+00 -1.1002e+00 -3.7319e+00 -2.8216e+00 -1.5988e+00 -1.7927e-01 +1.6576e+00 -3.5351e+00 -1.8190e+00 +1.6293e+00 -4.0729e+00 -2.2406e+00 +4.5321e-01 +3.4701e+00 +3.3222e+00 +2.5919e+00 +1.8517e+00 +3.0071e+00
1807 +2.483913104e+00 +2.483913104e+00 -2.774660869e+02 -2.774660869e+02 -3.6993e+00 -4.0027e+00 +3.2545e+00 -1.0803e+00 -3.7032e+00 -2.8138e+00 -1.6026e+00 -1.9614e-01 +1.6630e+00 -3.5493e+00 -1.8092e+00 +1.6377e+00 -4.0454e+00 -2.2557e+00 +4.5488e-01 +3.4859e+00 +3.3417e+00 +2.6125e+00 +1.8831e+00 +3.0237e+00
1975 +1.364151339e+00 +1.364151339e+00 -2.785858487e+02 -2.785858487e+02 -3.6789e+00 -3.9950e+00 +3.2571e+00 -1.0644e+00 -3.6505e+00 -2.8151e+00 -1.6137e+00 -2.2336e-01 +1.6760e+00 -3.5692e+00 -1.7961e+00 +1.6595e+00 -4.0105e+00 -2.2723e+00 +4.4735e-01 +3.5202e+00 +3.3756e+00 +2.6483e+00 +1.9265e+00 +3.0449e+00
2101 +9.887879459e-01 +9.887879459e-01 -2.789612121e+02 -2.789612121e+02 -3.6689e+00 -3.9901e+00 +3.2588e+00 -1.0490e+00 -3.6154e+00 -2.8166e+00 -1.6209e+00 -2.3947e-01 +1.6813e+00 -3.5772e+00 -1.7894e+00 +1.6665e+00 -3.9904e+00 -2.2854e+00 +4.4027e-01 +3.5418e+00 +3.3954e+00 +2.6672e+00 +1.9553e+00 +3.0604e+00
2269 +6.163819814e-01 +6.163819814e-01 -2.793336180e+02 -2.793336180e+02 -3.6553e+00 -3.9798e+00 +3.2648e+00 -1.0270e+00 -3.5657e+00 -2.8157e+00 -1.6281e+00 -2.6620e-01 +1.6870e+00 -3.5961e+00 -1.7762e+00 +1.6823e+00 -3.9564e+00 -2.3039e+00 +4.3616e-01 +3.5708e+00 +3.4259e+00 +2.6960e+00 +1.9978e+00 +3.0822e+00
2395 +3.579720839e-01 +3.579720839e-01 -2.795920279e+02 -2.795920279e+02 -3.6449e+00 -3.9751e+00 +3.2674e+00 -1.0150e+00 -3.5331e+00 -2.8165e+00 -1.6341e+00 -2.8203e-01 +1.6928e+00 -3.6057e+00 -1.7688e+00 +1.6928e+00 -3.9356e+00 -2.3145e+00 +4.3114e-01 +3.5916e+00 +3.4460e+00 +2.7165e+00 +2.0254e+00 +3.0957e+00
2479 +2.511856949e-01 +2.511856949e-01 -2.796988143e+02 -2.796988143e+02 -3.6386e+00 -3.9721e+00 +3.2697e+00 -1.0062e+00 -3.5133e+00 -2.8167e+00 -1.6374e+00 -2.9143e-01 +1.6963e+00 -3.6113e+00 -1.7640e+00 +1.6982e+00 -3.9230e+00 -2.3214e+00 +4.2832e-01 +3.6036e+00 +3.4584e+00 +2.7270e+00 +2.0423e+00 +3.1043e+00
2647 +1.356731005e-01 +1.356731005e-01 -2.798143269e+02 -2.798143269e+02 -3.6292e+00 -3.9660e+00 +3.2726e+00 -9.9166e-01 -3.4800e+00 -2.8164e+00 -1.6430e+00 -3.0866e-01 +1.7008e+00 -3.6230e+00 -1.7554e+00 +1.7081e+00 -3.9009e+00 -2.3336e+00 +4.2433e-01 +3.6237e+00 +3.4788e+00 +2.7469e+00 +2.0706e+00 +3.1187e+00
2731 +9.936904172e-02 +9.936904172e-02 -2.798506310e+02 -2.798506310e+02 -3.6259e+00 -3.9645e+00 +3.2736e+00 -9.8760e-01 -3.4693e+00 -2.8166e+00 -1.6447e+00 -3.1388e-01 +1.7028e+00 -3.6265e+00 -1.7530e+00 +1.7118e+00 -3.8940e+00 -2.3375e+00 +4.2304e-01 +3.6301e+00 +3.4853e+00 +2.7535e+00 +2.0797e+00 +3.1233e+00
2857 +5.747087338e-02 +5.747087338e-02 -2.798925291e+02 -2.798925291e+02 -3.6224e+00 -3.9628e+00 +3.2745e+00 -9.8300e-01 -3.4580e+00 -2.8168e+00 -1.6468e+00 -3.1968e-01 +1.7048e+00 -3.6298e+00 -1.7504e+00 +1.7150e+00 -3.8867e+00 -2.3412e+00 +4.2132e-01 +3.6372e+00 +3.4923e+00 +2.7600e+00 +2.0893e+00 +3.1281e+00
3046 +3.959201032e-02 +3.959201032e-02 -2.799104080e+02 -2.799104080e+02 -3.6203e+00 -3.9615e+00 +3.2752e+00 -9.7958e-01 -3.4503e+00 -2.8167e+00 -1.6481e+00 -3.2358e-01 +1.7058e+00 -3.6324e+00 -1.7485e+00 +1.7173e+00 -3.8816e+00 -2.3441e+00 +4.2036e-01 +3.6419e+00 +3.4970e+00 +2.7644e+00 +2.0957e+00 +3.1316e+00
3193 +2.409793828e-02 +2.409793828e-02 -2.799259021e+02 -2.799259021e+02 -3.6193e+00 -3.9609e+00 +3.2755e+00 -9.7839e-01 -3.4473e+00 -2.8167e+00 -1.6486e+00 -3.2514e-01 +1.7063e+00 -3.6334e+00 -1.7478e+00 +1.7183e+00 -3.8797e+00 -2.3452e+00 +4.1996e-01 +3.6437e+00 +3.4989e+00 +2.7662e+00 +2.0984e+00 +3.1327e+00
3298 +1.485969375e-02 +1.485969375e-02 -2.799351403e+02 -2.799351403e+02 -3.6191e+00 -3.9608e+00 +3.2756e+00 -9.7809e-01 -3.4466e+00 -2.8168e+00 -1.6487e+00 -3.2551e-01 +1.7065e+00 -3.6336e+00 -1.7476e+00 +1.7185e+00 -3.8792e+00 -2.3454e+00 +4.1986e-01 +3.6442e+00 +3.4993e+00 +2.7667e+00 +2.0990e+00 +3.1330e+00
3424 +9.543744609e-03 +9.543744609e-03 -2.799404563e+02 -2.799404563e+02 -3.6190e+00 -3.9608e+00 +3.2756e+00 -9.7793e-01 -3.4462e+00 -2.8168e+00 -1.6488e+00 -3.2566e-01 +1.7065e+00 -3.6337e+00 -1.7475e+00 +1.7186e+00 -3.8790e+00 -2.3456e+00 +4.1980e-01 +3.6444e+00 +3.4996e+00 +2.7669e+00 +2.0993e+00 +3.1332e+00
3592 +5.913809989e-03 +5.913809989e-03 -2.799440862e+02 -2.799440862e+02 -3.6191e+00 -3.9609e+00 +3.2755e+00 -9.7812e-01 -3.4467e+00 -2.8168e+00 -1.6487e+00 -3.2542e-01 +1.7064e+00 -3.6336e+00 -1.7476e+00 +1.7184e+00 -3.8793e+00 -2.3454e+00 +4.1986e-01 +3.6441e+00 +3.4993e+00 +2.7666e+00 +2.0989e+00 +3.1330e+00
3781 +3.776204749e-03 +3.776204749e-03 -2.799462238e+02 -2.799462238e+02 -3.6195e+00 -3.9610e+00 +3.2754e+00 -9.7862e-01 -3.4479e+00 -2.8168e+00 -1.6485e+00 -3.2483e-01 +1.7062e+00 -3.6332e+00 -1.7479e+00 +1.7181e+00 -3.8801e+00 -2.3450e+00 +4.2003e-01 +3.6434e+00 +3.4985e+00 +2.7659e+00 +2.0979e+00 +3.1325e+00
21379 +2.226300210e-03 +2.226300210e-03 -2.799477737e+02 -2.799477737e+02 -3.6182e+00 -3.9603e+00 +3.2758e+00 -9.7684e-01 -3.4436e+00 -2.8168e+00 -1.6493e+00 -3.2699e-01 +1.7069e+00 -3.6345e+00 -1.7469e+00 +1.7194e+00 -3.8773e+00 -2.3465e+00 +4.1946e-01 +3.6460e+00 +3.5012e+00 +2.7684e+00 +2.1015e+00 +3.1343e+00
% function evaluation | noise-free fitness - Fopt (9.319900000000e+02) | best noise-free fitness - Fopt | measured fitness | best measured fitness | x1 | x2...
1 +2.968602325e+03 +2.968602325e+03 +3.900592325e+03 +3.900592325e+03 +3.5631e+00 -8.4207e-01 +2.6127e+00 +4.9610e+00 -4.5582e+00 -4.4576e-02 -4.3579e+00 -4.9682e+00 +2.2132e+00 -1.0783e-01 +5.5349e-02 -1.6047e+00 +4.3392e+00 +7.2066e-01 +3.2145e-01 +6.8589e-01 -4.8149e+00 +3.6406e+00 +7.7476e-01 +2.0265e+00
22 +2.432931128e+03 +2.432931128e+03 +3.364921128e+03 +3.364921128e+03 +3.1779e+00 -6.5238e-01 +1.9497e+00 +4.0615e+00 -3.6748e+00 -4.9376e-01 -3.7372e+00 -4.7934e+00 +1.2132e+00 +5.1399e-01 +8.5112e-01 -1.8099e+00 +3.7129e+00 +7.6285e-01 +9.4855e-01 +4.0650e-01 -4.4021e+00 +3.2750e+00 +1.3426e+00 +1.6971e+00
64 +8.710834580e+02 +8.710834580e+02 +1.803073458e+03 +1.803073458e+03 +1.8046e+00 -4.3072e-01 +3.3046e-01 -3.7080e-01 -3.6331e-01 -2.3027e+00 -3.4577e-01 -4.8189e+00 -1.2994e+00 +2.6948e+00 +3.2867e+00 -1.8277e+00 +1.7124e-01 -9.3457e-02 +2.1092e+00 +1.5913e+00 -3.0230e+00 +9.7163e-01 +3.1097e+00 +2.0158e-01
85 +5.916215483e+02 +5.916215483e+02 +1.523611548e+03 +1.523611548e+03 +2.4427e+00 +2.0593e-01 +2.0549e+00 -1.1524e+00 +1.8196e+00 -1.8365e+00 +1.7659e+00 -4.9633e+00 -7.9128e-01 +3.4496e+00 +2.9247e+00 -1.9001e+00 -1.8798e+00 -2.5881e+00 +7.1856e-01 +3.3648e+00 -9.0482e-01 -1.0357e+00 +3.3394e+00 -9.9507e-01
127 +3.178244469e+02 +3.178244469e+02 +1.249814447e+03 +1.249814447e+03 +2.1003e+00 +1.7000e-01 +2.5712e+00 -1.3259e+00 +2.1414e+00 -2.1790e+00 +2.0886e+00 -4.1842e+00 -1.2017e+00 +3.5942e+00 +3.7641e+00 -1.7346e+00 -2.7638e+00 -2.4894e+00 +1.6088e+00 +2.6800e+00 -4.2147e-01 -1.4640e+00 +3.6781e+00 -1.2841e+00
169 +2.202206686e+02 +2.202206686e+02 +1.152210669e+03 +1.152210669e+03 +2.0899e+00 +3.7094e-01 +2.7798e+00 -7.8251e-01 +2.0121e+00 -2.3606e+00 +1.8622e+00 -3.9814e+00 -1.4024e+00 +3.4132e+00 +3.8637e+00 -1.4730e+00 -2.4251e+00 -2.3696e+00 +2.0332e+00 +2.0766e+00 -5.1532e-01 -1.2946e+00 +3.4454e+00 -1.2636e+00
211 +1.494011497e+02 +1.494011497e+02 +1.081391150e+03 +1.081391150e+03 +1.7928e+00 +3.9323e-01 +2.8094e+00 -4.5744e-01 +1.9289e+00 -2.7366e+00 +1.8398e+00 -3.9536e+00 -1.4137e+00 +3.2254e+00 +4.0443e+00 -1.0818e+00 -2.2865e+00 -2.2401e+00 +2.1912e+00 +1.9116e+00 -8.4227e-01 -1.2694e+00 +3.0678e+00 -1.1557e+00
253 +9.974761678e+01 +9.974761678e+01 +1.031737617e+03 +1.031737617e+03 +1.6380e+00 +5.3536e-01 +2.9911e+00 -9.9602e-02 +2.0699e+00 -2.9074e+00 +1.7977e+00 -3.9617e+00 -1.4233e+00 +3.1339e+00 +3.9204e+00 -8.7642e-01 -2.1678e+00 -2.2293e+00 +2.1781e+00 +1.9624e+00 -1.0469e+00 -1.4814e+00 +2.7852e+00 -1.1177e+00
358 +6.253433410e+01 +6.253433410e+01 +9.945243341e+02 +9.945243341e+02 +1.5169e+00 +5.4635e-01 +3.1422e+00 -1.4865e-01 +2.1670e+00 -2.9541e+00 +2.0174e+00 -4.1146e+00 -1.4296e+00 +3.0999e+00 +3.8177e+00 -8.2659e-01 -2.1457e+00 -2.3098e+00 +2.1268e+00 +2.0772e+00 -9.9011e-01 -1.5907e+00 +2.5602e+00 -1.1912e+00
610 +3.835921342e+01 +3.835921342e+01 +9.703492134e+02 +9.703492134e+02 +1.5905e+00 +6.2425e-01 +3.0158e+00 -4.5355e-01 +2.2264e+00 -2.7776e+00 +2.2491e+00 -4.0379e+00 -1.4599e+00 +2.9510e+00 +3.6546e+00 -1.0019e+00 -2.2246e+00 -2.3576e+00 +2.1697e+00 +2.2292e+00 -9.1712e-01 -1.6638e+00 +2.7562e+00 -1.2979e+00
841 +2.432918943e+01 +2.432918943e+01 +9.563191894e+02 +9.563191894e+02 +1.5161e+00 +6.7310e-01 +2.9984e+00 -3.9828e-01 +2.2297e+00 -2.8110e+00 +2.2721e+00 -3.9080e+00 -1.4824e+00 +2.7011e+00 +3.5202e+00 -8.9251e-01 -2.2249e+00 -2.3445e+00 +2.3795e+00 +2.1798e+00 -9.6793e-01 -1.6927e+00 +2.6697e+00 -1.2368e+00
1030 +1.527190471e+01 +1.527190471e+01 +9.472619047e+02 +9.472619047e+02 +1.4654e+00 +7.0752e-01 +3.0111e+00 -4.1276e-01 +2.2367e+00 -2.8046e+00 +2.3636e+00 -3.9425e+00 -1.5233e+00 +2.6714e+00 +3.4942e+00 -8.4284e-01 -2.2495e+00 -2.3776e+00 +2.3804e+00 +2.1834e+00 -9.5671e-01 -1.7307e+00 +2.6609e+00 -1.2622e+00
1219 +9.242094134e+00 +9.242094134e+00 +9.412320941e+02 +9.412320941e+02 +1.4548e+00 +7.2237e-01 +2.9972e+00 -4.7265e-01 +2.2582e+00 -2.7813e+00 +2.4132e+00 -3.9224e+00 -1.5294e+00 +2.6369e+00 +3.4756e+00 -8.4275e-01 -2.2549e+00 -2.3845e+00 +2.4048e+00 +2.2289e+00 -9.4525e-01 -1.7547e+00 +2.6777e+00 -1.2646e+00
1492 +6.164352438e+00 +6.164352438e+00 +9.381543524e+02 +9.381543524e+02 +1.4347e+00 +7.4032e-01 +2.9798e+00 -5.3826e-01 +2.2717e+00 -2.7623e+00 +2.4744e+00 -3.8866e+00 -1.5389e+00 +2.5205e+00 +3.4015e+00 -8.3620e-01 -2.2711e+00 -2.3824e+00 +2.4942e+00 +2.2330e+00 -9.4786e-01 -1.7921e+00 +2.6880e+00 -1.2956e+00
1639 +3.199470614e+00 +3.199470614e+00 +9.351894706e+02 +9.351894706e+02 +1.4204e+00 +7.7020e-01 +2.9685e+00 -5.4650e-01 +2.2730e+00 -2.7509e+00 +2.5334e+00 -3.8615e+00 -1.5644e+00 +2.4432e+00 +3.3515e+00 -8.1845e-01 -2.2656e+00 -2.3902e+00 +2.5526e+00 +2.2412e+00 -9.5449e-01 -1.8182e+00 +2.6738e+00 -1.2922e+00
1681 +2.425853040e+00 +2.425853040e+00 +9.344158530e+02 +9.344158530e+02 +1.4095e+00 +7.8259e-01 +2.9669e+00 -5.5374e-01 +2.2771e+00 -2.7515e+00 +2.5538e+00 -3.8578e+00 -1.5713e+00 +2.4148e+00 +3.3359e+00 -8.0870e-01 -2.2689e+00 -2.3933e+00 +2.5696e+00 +2.2455e+00 -9.5623e-01 -1.8267e+00 +2.6654e+00 -1.2923e+00
1807 +1.565370445e+00 +1.565370445e+00 +9.335553704e+02 +9.335553704e+02 +1.3891e+00 +8.1199e-01 +2.9619e+00 -5.8684e-01 +2.2943e+00 -2.7441e+00 +2.6033e+00 -3.8433e+00 -1.5873e+00 +2.3463e+00 +3.2926e+00 -7.9127e-01 -2.2798e+00 -2.3996e+00 +2.6182e+00 +2.2594e+00 -9.5108e-01 -1.8512e+00 +2.6609e+00 -1.3038e+00
2017 +9.055062701e-01 +9.055062701e-01 +9.328955063e+02 +9.328955063e+02 +1.3679e+00 +8.4374e-01 +2.9426e+00 -6.2599e-01 +2.3095e+00 -2.7287e+00 +2.6753e+00 -3.8119e+00 -1.6069e+00 +2.2455e+00 +3.2233e+00 -7.6896e-01 -2.2878e+00 -2.4079e+00 +2.6967e+00 +2.2747e+00 -9.5706e-01 -1.8854e+00 +2.6533e+00 -1.3158e+00
2164 +5.731197652e-01 +5.731197652e-01 +9.325631198e+02 +9.325631198e+02 +1.3588e+00 +8.5514e-01 +2.9399e+00 -6.3767e-01 +2.3142e+00 -2.7264e+00 +2.6990e+00 -3.8051e+00 -1.6138e+00 +2.2130e+00 +3.2018e+00 -7.6076e-01 -2.2900e+00 -2.4129e+00 +2.7209e+00 +2.2773e+00 -9.5662e-01 -1.8971e+00 +2.6484e+00 -1.3199e+00
2353 +3.398967689e-01 +3.398967689e-01 +9.323298968e+02 +9.323298968e+02 +1.3546e+00 +8.6097e-01 +2.9384e+00 -6.4404e-01 +2.3178e+00 -2.7250e+00 +2.7090e+00 -3.8020e+00 -1.6167e+00 +2.1994e+00 +3.1932e+00 -7.5714e-01 -2.2921e+00 -2.4140e+00 +2.7309e+00 +2.2805e+00 -9.5709e-01 -1.9016e+00 +2.6467e+00 -1.3212e+00
2542 +1.824181853e-01 +1.824181853e-01 +9.321724182e+02 +9.321724182e+02 +1.3470e+00 +8.7101e-01 +2.9342e+00 -6.5669e-01 +2.3233e+00 -2.7208e+00 +2.7301e+00 -3.7932e+00 -1.6228e+00 +2.1696e+00 +3.1733e+00 -7.5073e-01 -2.2954e+00 -2.4166e+00 +2.7533e+00 +2.2857e+00 -9.5766e-01 -1.9126e+00 +2.6444e+00 -1.3255e+00
2605 +1.503558231e-01 +1.503558231e-01 +9.321403558e+02 +9.321403558e+02 +1.3461e+00 +8.7262e-01 +2.9335e+00 -6.5818e-01 +2.3238e+00 -2.7205e+00 +2.7332e+00 -3.7919e+00 -1.6236e+00 +2.1655e+00 +3.1704e+00 -7.4973e-01 -2.2957e+00 -2.4169e+00 +2.7563e+00 +2.2862e+00 -9.5780e-01 -1.9141e+00 +2.6441e+00 -1.3258e+00
2752 +8.677532169e-02 +8.677532169e-02 +9.320767753e+02 +9.320767753e+02 +1.3424e+00 +8.7758e-01 +2.9317e+00 -6.6308e-01 +2.3258e+00 -2.7189e+00 +2.7436e+00 -3.7882e+00 -1.6270e+00 +2.1511e+00 +3.1609e+00 -7.4629e-01 -2.2968e+00 -2.4184e+00 +2.7672e+00 +2.2878e+00 -9.5813e-01 -1.9192e+00 +2.6424e+00 -1.3277e+00
2878 +6.091261725e-02 +6.091261725e-02 +9.320509126e+02 +9.320509126e+02 +1.3418e+00 +8.7853e-01 +2.9312e+00 -6.6439e-01 +2.3264e+00 -2.7185e+00 +2.7457e+00 -3.7875e+00 -1.6276e+00 +2.1482e+00 +3.1590e+00 -7.4551e-01 -2.2971e+00 -2.4188e+00 +2.7694e+00 +2.2883e+00 -9.5818e-01 -1.9201e+00 +2.6421e+00 -1.3279e+00
3088 +3.394214051e-02 +3.394214051e-02 +9.320239421e+02 +9.320239421e+02 +1.3403e+00 +8.8060e-01 +2.9306e+00 -6.6688e-01 +2.3277e+00 -2.7177e+00 +2.7500e+00 -3.7860e+00 -1.6288e+00 +2.1424e+00 +3.1553e+00 -7.4414e-01 -2.2977e+00 -2.4193e+00 +2.7737e+00 +2.2893e+00 -9.5818e-01 -1.9222e+00 +2.6415e+00 -1.3287e+00
3214 +2.385547581e-02 +2.385547581e-02 +9.320138555e+02 +9.320138555e+02 +1.3394e+00 +8.8181e-01 +2.9301e+00 -6.6808e-01 +2.3281e+00 -2.7173e+00 +2.7523e+00 -3.7850e+00 -1.6295e+00 +2.1392e+00 +3.1530e+00 -7.4340e-01 -2.2980e+00 -2.4196e+00 +2.7762e+00 +2.2898e+00 -9.5833e-01 -1.9233e+00 +2.6413e+00 -1.3291e+00
3424 +1.571149048e-02 +1.571149048e-02 +9.320057115e+02 +9.320057115e+02 +1.3390e+00 +8.8241e-01 +2.9299e+00 -6.6868e-01 +2.3284e+00 -2.7171e+00 +2.7536e+00 -3.7846e+00 -1.6299e+00 +2.1374e+00 +3.1519e+00 -7.4293e-01 -2.2982e+00 -2.4198e+00 +2.7775e+00 +2.2900e+00 -9.5836e-01 -1.9240e+00 +2.6410e+00 -1.3293e+00
3613 +9.926140943e-03 +9.926140943e-03 +9.319999261e+02 +9.319999261e+02 +1.3389e+00 +8.8247e-01 +2.9299e+00 -6.6883e-01 +2.3285e+00 -2.7170e+00 +2.7537e+00 -3.7846e+00 -1.6299e+00 +2.1373e+00 +3.1518e+00 -7.4289e-01 -2.2982e+00 -2.4198e+00 +2.7776e+00 +2.2901e+00 -9.5834e-01 -1.9241e+00 +2.6410e+00 -1.3294e+00
3697 +6.108619577e-03 +6.108619577e-03 +9.319961086e+02 +9.319961086e+02 +1.3389e+00 +8.8243e-01 +2.9299e+00 -6.6877e-01 +2.3284e+00 -2.7171e+00 +2.7536e+00 -3.7846e+00 -1.6299e+00 +2.1374e+00 +3.1518e+00 -7.4293e-01 -2.2982e+00 -2.4198e+00 +2.7776e+00 +2.2901e+00 -9.5835e-01 -1.9240e+00 +2.6410e+00 -1.3293e+00
3802 +3.442891608e-03 +3.442891608e-03 +9.319934429e+02 +9.319934429e+02 +1.3391e+00 +8.8230e-01 +2.9299e+00 -6.6859e-01 +2.3284e+00 -2.7171e+00 +2.7533e+00 -3.7847e+00 -1.6298e+00 +2.1378e+00 +3.1521e+00 -7.4303e-01 -2.2982e+00 -2.4197e+00 +2.7773e+00 +2.2900e+00 -9.5834e-01 -1.9239e+00 +2.6411e+00 -1.3293e+00
3928 +2.453769519e-03 +2.453769519e-03 +9.319924538e+02 +9.319924538e+02 +1.3392e+00 +8.8214e-01 +2.9300e+00 -6.6842e-01 +2.3283e+00 -2.7172e+00 +2.7530e+00 -3.7848e+00 -1.6298e+00 +2.1382e+00 +3.1524e+00 -7.4312e-01 -2.2981e+00 -2.4197e+00 +2.7769e+00 +2.2899e+00 -9.5833e-01 -1.9237e+00 +2.6411e+00 -1.3292e+00
4117 +1.530911601e-03 +1.530911601e-03 +9.319915309e+02 +9.319915309e+02 +1.3395e+00 +8.8173e-01 +2.9302e+00 -6.6797e-01 +2.3281e+00 -2.7173e+00 +2.7522e+00 -3.7851e+00 -1.6295e+00 +2.1394e+00 +3.1532e+00 -7.4340e-01 -2.2980e+00 -2.4196e+00 +2.7761e+00 +2.2898e+00 -9.5831e-01 -1.9233e+00 +2.6412e+00 -1.3291e+00
42568 +9.442688045e-04 +9.442688045e-04 +9.319909443e+02 +9.319909443e+02 +1.3390e+00 +8.8234e-01 +2.9299e+00 -6.6865e-01 +2.3284e+00 -2.7171e+00 +2.7534e+00 -3.7847e+00 -1.6299e+00 +2.1376e+00 +3.1520e+00 -7.4299e-01 -2.2982e+00 -2.4198e+00 +2.7774e+00 +2.2900e+00 -9.5835e-01 -1.9239e+00 +2.6410e+00 -1.3293e+00
% function evaluation | noise-free fitness - Fopt (1.133100000000e+02) | best noise-free fitness - Fopt | measured fitness | best measured fitness | x1 | x2...
1 +3.279757135e+03 +3.279757135e+03 +3.393067135e+03 +3.393067135e+03 -1.9410e+00 -2.5067e-01 -4.0033e+00 +2.5297e+00 -3.2637e+00 -2.9338e+00 -1.1193e+00 +4.4341e+00 +4.3426e+00 -6.9037e-01 -9.2238e-01 -3.3933e+00 +1.6737e+00 -7.0624e-01 +4.2306e+00 +2.7830e+00 -6.0452e-01 +4.6186e+00 -4.3597e+00 -3.8529e+00
64 +1.121902563e+03 +1.121902563e+03 +1.235212563e+03 +1.235212563e+03 +9.3014e-01 +2.4349e+00 -1.2968e+00 +1.1515e+00 +4.8686e-01 -1.5516e+00 -7.9226e-01 -1.2696e+00 +2.1916e+00 -2.9015e+00 -3.2278e+00 +4.8764e-01 -3.3368e-01 -1.3385e+00 +3.4323e+00 +5.6767e+00 -1.4693e+00 +3.2815e+00 -3.9114e+00 -4.0442e+00
85 +8.490484708e+02 +8.490484708e+02 +9.623584708e+02 +9.623584708e+02 +2.1522e+00 +2.9318e+00 -9.2817e-02 +4.7732e-01 +1.3323e+00 -2.3322e+00 -5.2111e-01 -1.8611e+00 +1.6511e+00 -2.5120e+00 -2.4183e+00 +2.5299e+00 -1.5967e+00 -8.1285e-01 +2.0617e+00 +6.7166e+00 +1.3430e+00 +2.8364e+00 -1.9949e+00 -4.0665e+00
127 +3.373498566e+02 +3.373498566e+02 +4.506598566e+02 +4.506598566e+02 +2.2599e+00 +2.8414e+00 +3.0505e-01 -3.4085e-01 +4.4738e-01 -3.5422e-01 -9.9238e-01 -1.8151e+00 +2.9086e+00 -1.0915e+00 -2.0941e-01 +2.6971e+00 -3.2143e+00 -9.9457e-01 -7.2154e-01 +3.7277e+00 +1.8692e+00 +2.4897e+00 -1.9964e+00 -4.4687e+00
169 +1.993670612e+02 +1.993670612e+02 +3.126770612e+02 +3.126770612e+02 +2.1133e+00 +3.1482e+00 +2.9768e-01 +1.2436e-01 +3.9787e-01 -4.1523e-01 -5.8574e-01 -1.9192e+00 +3.0733e+00 -8.8946e-01 -5.2993e-01 +2.6457e+00 -3.5137e+00 -9.0931e-01 -7.8788e-01 +3.9817e+00 +1.9842e+00 +2.3051e+00 -2.0272e+00 -4.0064e+00
211 +1.287191020e+02 +1.287191020e+02 +2.420291020e+02 +2.420291020e+02 +2.0569e+00 +3.3992e+00 +5.2682e-01 +5.0604e-01 +5.2376e-01 -8.0633e-01 -3.8503e-01 -2.0482e+00 +3.2173e+00 -7.3706e-01 -6.1829e-01 +2.8396e+00 -3.6391e+00 -1.0022e+00 -7.2032e-01 +3.8726e+00 +2.4490e+00 +2.3107e+00 -1.8323e+00 -3.6845e+00
295 +7.603814622e+01 +7.603814622e+01 +1.893481462e+02 +1.893481462e+02 +2.2532e+00 +3.2278e+00 +5.2357e-01 +5.3698e-01 +4.6591e-01 -9.0044e-01 -3.1536e-01 -1.7360e+00 +3.1919e+00 -5.6128e-01 -4.7890e-01 +2.8830e+00 -3.5362e+00 -1.0524e+00 -7.9765e-01 +3.6443e+00 +2.4940e+00 +2.2013e+00 -1.7345e+00 -3.4950e+00
358 +4.568335139e+01 +4.568335139e+01 +1.589933514e+02 +1.589933514e+02 +2.2787e+00 +3.1266e+00 +5.8409e-01 +4.8587e-01 +5.2305e-01 -9.0187e-01 -3.6612e-01 -1.7040e+00 +3.1482e+00 -6.1512e-01 -3.6559e-01 +2.9089e+00 -3.4775e+00 -1.1128e+00 -8.3397e-01 +3.4968e+00 +2.4658e+00 +2.1821e+00 -1.8039e+00 -3.4493e+00
421 +3.837315065e+01 +3.837315065e+01 +1.516831506e+02 +1.516831506e+02 +2.3059e+00 +3.0873e+00 +5.7790e-01 +4.3630e-01 +5.4587e-01 -8.9905e-01 -3.8585e-01 -1.7084e+00 +3.1191e+00 -6.0885e-01 -3.6690e-01 +2.9630e+00 -3.4864e+00 -1.1057e+00 -8.4377e-01 +3.4907e+00 +2.4426e+00 +2.1767e+00 -1.7871e+00 -3.4957e+00
568 +2.235974246e+01 +2.235974246e+01 +1.356697425e+02 +1.356697425e+02 +2.2696e+00 +3.1373e+00 +5.5761e-01 +3.9874e-01 +5.4953e-01 -8.0070e-01 -4.2336e-01 -1.7737e+00 +3.0930e+00 -6.7657e-01 -3.8243e-01 +2.9048e+00 -3.4907e+00 -1.0825e+00 -8.6929e-01 +3.5504e+00 +2.3797e+00 +2.2107e+00 -1.8332e+00 -3.5926e+00
757 +1.500596974e+01 +1.500596974e+01 +1.283159697e+02 +1.283159697e+02 +2.2269e+00 +3.1283e+00 +5.5962e-01 +4.0958e-01 +5.6902e-01 -8.2760e-01 -4.2534e-01 -1.7889e+00 +3.0916e+00 -6.9711e-01 -4.1872e-01 +2.9039e+00 -3.5043e+00 -1.0796e+00 -8.4667e-01 +3.5943e+00 +2.3839e+00 +2.2144e+00 -1.8217e+00 -3.6114e+00
946 +9.084500287e+00 +9.084500287e+00 +1.223945003e+02 +1.223945003e+02 +2.2106e+00 +3.1466e+00 +5.5137e-01 +4.2006e-01 +5.6412e-01 -8.2900e-01 -4.0797e-01 -1.7754e+00 +3.1087e+00 -6.8616e-01 -4.3613e-01 +2.8933e+00 -3.4991e+00 -1.0701e+00 -8.5156e-01 +3.6137e+00 +2.3872e+00 +2.2140e+00 -1.7986e+00 -3.6085e+00
1135 +5.955953562e+00 +5.955953562e+00 +1.192659536e+02 +1.192659536e+02 +2.2057e+00 +3.1396e+00 +5.5336e-01 +4.3916e-01 +5.6703e-01 -8.3773e-01 -4.0564e-01 -1.7691e+00 +3.1042e+00 -6.7849e-01 -4.3855e-01 +2.8918e+00 -3.4921e+00 -1.0768e+00 -8.5162e-01 +3.6011e+00 +2.3983e+00 +2.2157e+00 -1.7915e+00 -3.5957e+00
1387 +3.790114734e+00 +3.790114734e+00 +1.171001147e+02 +1.171001147e+02 +2.2107e+00 +3.1289e+00 +5.5944e-01 +4.4110e-01 +5.6964e-01 -8.3699e-01 -4.0504e-01 -1.7554e+00 +3.0900e+00 -6.7593e-01 -4.3686e-01 +2.8894e+00 -3.4886e+00 -1.0808e+00 -8.5757e-01 +3.5930e+00 +2.3991e+00 +2.2106e+00 -1.7864e+00 -3.5918e+00
1576 +2.466548221e+00 +2.466548221e+00 +1.157765482e+02 +1.157765482e+02 +2.2133e+00 +3.1346e+00 +5.5619e-01 +4.4157e-01 +5.7601e-01 -8.3408e-01 -4.0826e-01 -1.7496e+00 +3.0865e+00 -6.7418e-01 -4.3125e-01 +2.8850e+00 -3.4849e+00 -1.0896e+00 -8.6499e-01 +3.5881e+00 +2.3961e+00 +2.2124e+00 -1.7841e+00 -3.5943e+00
1807 +1.378862443e+00 +1.378862443e+00 +1.146888624e+02 +1.146888624e+02 +2.2062e+00 +3.1357e+00 +5.5879e-01 +4.4568e-01 +5.8417e-01 -8.2721e-01 -4.1028e-01 -1.7484e+00 +3.0765e+00 -6.7903e-01 -4.3318e-01 +2.8854e+00 -3.4794e+00 -1.0917e+00 -8.7785e-01 +3.5883e+00 +2.3910e+00 +2.2129e+00 -1.7778e+00 -3.6049e+00
1933 +8.590545860e-01 +8.590545860e-01 +1.141690546e+02 +1.141690546e+02 +2.1957e+00 +3.1405e+00 +5.5902e-01 +4.5165e-01 +5.9718e-01 -8.2793e-01 -4.1046e-01 -1.7437e+00 +3.0712e+00 -6.7864e-01 -4.4088e-01 +2.8835e+00 -3.4782e+00 -1.0968e+00 -8.8975e-01 +3.5884e+00 +2.3878e+00 +2.2127e+00 -1.7695e+00 -3.6097e+00
2059 +6.035336357e-01 +6.035336357e-01 +1.139135336e+02 +1.139135336e+02 +2.1903e+00 +3.1435e+00 +5.6019e-01 +4.5916e-01 +6.0422e-01 -8.2699e-01 -4.0866e-01 -1.7364e+00 +3.0640e+00 -6.7870e-01 -4.4469e-01 +2.8811e+00 -3.4732e+00 -1.1008e+00 -8.9904e-01 +3.5876e+00 +2.3866e+00 +2.2114e+00 -1.7623e+00 -3.6134e+00
2206 +3.665982378e-01 +3.665982378e-01 +1.136765982e+02 +1.136765982e+02 +2.1867e+00 +3.1452e+00 +5.6134e-01 +4.6337e-01 +6.1073e-01 -8.2507e-01 -4.0880e-01 -1.7324e+00 +3.0595e+00 -6.7897e-01 -4.4645e-01 +2.8799e+00 -3.4701e+00 -1.1045e+00 -9.0809e-01 +3.5850e+00 +2.3845e+00 +2.2124e+00 -1.7573e+00 -3.6162e+00
2374 +2.509343849e-01 +2.509343849e-01 +1.135609344e+02 +1.135609344e+02 +2.1785e+00 +3.1488e+00 +5.6193e-01 +4.6952e-01 +6.2193e-01 -8.2315e-01 -4.0908e-01 -1.7266e+00 +3.0517e+00 -6.7987e-01 -4.5215e-01 +2.8767e+00 -3.4668e+00 -1.1090e+00 -9.2109e-01 +3.5846e+00 +2.3820e+00 +2.2128e+00 -1.7489e+00 -3.6226e+00
2542 +1.567001042e-01 +1.567001042e-01 +1.134667001e+02 +1.134667001e+02 +2.1724e+00 +3.1507e+00 +5.6282e-01 +4.7561e-01 +6.3026e-01 -8.2193e-01 -4.0890e-01 -1.7209e+00 +3.0445e+00 -6.8011e-01 -4.5597e-01 +2.8744e+00 -3.4626e+00 -1.1136e+00 -9.3138e-01 +3.5835e+00 +2.3797e+00 +2.2125e+00 -1.7417e+00 -3.6262e+00
2773 +9.652235532e-02 +9.652235532e-02 +1.134065224e+02 +1.134065224e+02 +2.1656e+00 +3.1534e+00 +5.6386e-01 +4.8132e-01 +6.3994e-01 -8.1998e-01 -4.0870e-01 -1.7151e+00 +3.0374e+00 -6.8090e-01 -4.6028e-01 +2.8721e+00 -3.4591e+00 -1.1182e+00 -9.4302e-01 +3.5821e+00 +2.3773e+00 +2.2130e+00 -1.7343e+00 -3.6311e+00
2962 +5.749548286e-02 +5.749548286e-02 +1.133674955e+02 +1.133674955e+02 +2.1604e+00 +3.1555e+00 +5.6458e-01 +4.8623e-01 +6.4721e-01 -8.1898e-01 -4.0859e-01 -1.7106e+00 +3.0318e+00 -6.8109e-01 -4.6370e-01 +2.8701e+00 -3.4560e+00 -1.1218e+00 -9.5144e-01 +3.5813e+00 +2.3754e+00 +2.2130e+00 -1.7286e+00 -3.6345e+00
3151 +3.586904731e-02 +3.586904731e-02 +1.133458690e+02 +1.133458690e+02 +2.1554e+00 +3.1575e+00 +5.6529e-01 +4.9068e-01 +6.5420e-01 -8.1760e-01 -4.0846e-01 -1.7062e+00 +3.0263e+00 -6.8152e-01 -4.6696e-01 +2.8683e+00 -3.4532e+00 -1.1253e+00 -9.6004e-01 +3.5802e+00 +2.3736e+00 +2.2131e+00 -1.7231e+00 -3.6380e+00
3277 +2.326810311e-02 +2.326810311e-02 +1.133332681e+02 +1.133332681e+02 +2.1516e+00 +3.1590e+00 +5.6578e-01 +4.9403e-01 +6.5947e-01 -8.1676e-01 -4.0841e-01 -1.7030e+00 +3.0224e+00 -6.8192e-01 -4.6936e-01 +2.8669e+00 -3.4510e+00 -1.1279e+00 -9.6621e-01 +3.5797e+00 +2.3723e+00 +2.2132e+00 -1.7189e+00 -3.6407e+00
3403 +1.320638439e-02 +1.320638439e-02 +1.133232064e+02 +1.133232064e+02 +2.1474e+00 +3.1607e+00 +5.6635e-01 +4.9787e-01 +6.6539e-01 -8.1575e-01 -4.0829e-01 -1.6993e+00 +3.0178e+00 -6.8220e-01 -4.7212e-01 +2.8653e+00 -3.4486e+00 -1.1308e+00 -9.7324e-01 +3.5789e+00 +2.3707e+00 +2.2133e+00 -1.7142e+00 -3.6435e+00
3529 +9.479517455e-03 +9.479517455e-03 +1.133194795e+02 +1.133194795e+02 +2.1430e+00 +3.1625e+00 +5.6695e-01 +5.0178e-01 +6.7148e-01 -8.1467e-01 -4.0818e-01 -1.6955e+00 +3.0132e+00 -6.8255e-01 -4.7493e-01 +2.8637e+00 -3.4461e+00 -1.1338e+00 -9.8057e-01 +3.5781e+00 +2.3692e+00 +2.2134e+00 -1.7094e+00 -3.6466e+00
3655 +6.105819436e-03 +6.105819436e-03 +1.133161058e+02 +1.133161058e+02 +2.1381e+00 +3.1644e+00 +5.6761e-01 +5.0615e-01 +6.7829e-01 -8.1350e-01 -4.0808e-01 -1.6914e+00 +3.0079e+00 -6.8297e-01 -4.7810e-01 +2.8619e+00 -3.4433e+00 -1.1372e+00 -9.8870e-01 +3.5773e+00 +2.3674e+00 +2.2135e+00 -1.7040e+00 -3.6500e+00
3781 +3.622098865e-03 +3.622098865e-03 +1.133136221e+02 +1.133136221e+02 +2.1340e+00 +3.1661e+00 +5.6815e-01 +5.0986e-01 +6.8406e-01 -8.1252e-01 -4.0797e-01 -1.6878e+00 +3.0035e+00 -6.8330e-01 -4.8077e-01 +2.8604e+00 -3.4409e+00 -1.1400e+00 -9.9556e-01 +3.5766e+00 +2.3660e+00 +2.2136e+00 -1.6995e+00 -3.6528e+00
3970 +2.491352554e-03 +2.491352554e-03 +1.133124914e+02 +1.133124914e+02 +2.1317e+00 +3.1670e+00 +5.6848e-01 +5.1198e-01 +6.8734e-01 -8.1195e-01 -4.0792e-01 -1.6857e+00 +3.0010e+00 -6.8348e-01 -4.8229e-01 +2.8595e+00 -3.4396e+00 -1.1416e+00 -9.9950e-01 +3.5762e+00 +2.3651e+00 +2.2137e+00 -1.6969e+00 -3.6544e+00
160882 +1.561885214e-03 +1.561885214e-03 +1.133115619e+02 +1.133115619e+02 +2.1353e+00 +3.1655e+00 +5.6798e-01 +5.0867e-01 +6.8219e-01 -8.1284e-01 -4.0800e-01 -1.6889e+00 +3.0050e+00 -6.8318e-01 -4.7990e-01 +2.8609e+00 -3.4417e+00 -1.1391e+00 -9.9335e-01 +3.5768e+00 +2.3665e+00 +2.2136e+00 -1.7010e+00 -3.6519e+00
% function evaluation | noise-free fitness - Fopt (9.319900000000e+02) | best noise-free fitness - Fopt | measured fitness | best measured fitness | x1 | x2...
1 +1.620299347e+03 +1.620299347e+03 +2.552289347e+03 +2.552289347e+03 +3.6040e+00 +2.7026e+00 +3.0722e+00 +1.5772e+00 +1.7330e+00 -4.6531e+00 +4.4982e+00 -3.4612e+00 -2.9001e+00 +6.4956e-01 +3.2637e+00 -7.0779e-01 +7.6011e-01 +3.2084e+00 +4.3823e+00 +1.9380e+00 +1.8590e+00 -3.0499e+00 -2.1717e+00 -1.0019e+00
22 +1.176357916e+03 +1.176357916e+03 +2.108347916e+03 +2.108347916e+03 +2.7544e+00 +2.2457e+00 +3.5235e+00 +7.9974e-01 +1.6210e+00 -4.6353e+00 +4.3363e+00 -3.6296e+00 -2.1844e+00 +6.9889e-01 +3.2392e+00 -4.5276e-01 +6.7315e-02 +2.5640e+00 +4.0662e+00 +2.4690e+00 +9.1774e-01 -3.2092e+00 -1.1717e+00 -4.5640e-01
64 +6.904104002e+02 +6.904104002e+02 +1.622400400e+03 +1.622400400e+03 +1.3481e+00 +1.8464e+00 +4.1261e+00 -4.6731e-01 +1.9743e+00 -4.3174e+00 +4.0085e+00 -3.8996e+00 -1.3804e+00 +1.0326e+00 +3.0859e+00 -3.3969e-01 -1.0363e+00 +8.1473e-01 +3.4831e+00 +2.8894e+00 -4.5169e-01 -3.3151e+00 +9.4764e-01 +3.0323e-01
85 +5.058144294e+02 +5.058144294e+02 +1.437804429e+03 +1.437804429e+03 +4.1386e-01 +1.8033e+00 +4.1186e+00 -1.3874e+00 +2.8884e+00 -3.5170e+00 +3.6479e+00 -4.0097e+00 -1.3611e+00 +1.5690e+00 +2.8269e+00 -6.8680e-01 -2.1226e+00 -1.8129e+00 +2.8315e+00 +2.5392e+00 -1.1185e+00 -2.9251e+00 +3.0493e+00 +2.6370e-01
106 +2.000504167e+02 +2.000504167e+02 +1.132040417e+03 +1.132040417e+03 +1.0893e+00 +1.6275e+00 +3.4461e+00 -9.2747e-01 +2.7951e+00 -3.1835e+00 +3.4818e+00 -3.8020e+00 -1.8595e+00 +1.5238e+00 +2.8291e+00 -7.8946e-01 -2.3272e+00 -2.1801e+00 +2.8996e+00 +2.2625e+00 -5.6206e-01 -2.4828e+00 +2.5253e+00 -7.7218e-01
148 +1.242219524e+02 +1.242219524e+02 +1.056211952e+03 +1.056211952e+03 +1.3542e+00 +1.3351e+00 +3.1010e+00 -7.8099e-01 +2.5536e+00 -2.9812e+00 +3.2787e+00 -3.7091e+00 -1.9343e+00 +1.4916e+00 +2.8431e+00 -6.7098e-01 -2.5465e+00 -2.3699e+00 +3.0239e+00 +2.3054e+00 -5.6456e-01 -2.2885e+00 +2.3923e+00 -1.3591e+00
190 +6.494690529e+01 +6.494690529e+01 +9.969369053e+02 +9.969369053e+02 +1.2743e+00 +1.1143e+00 +2.8870e+00 -7.9530e-01 +2.3980e+00 -2.7404e+00 +3.1694e+00 -3.6673e+00 -1.7780e+00 +1.5416e+00 +2.8563e+00 -5.5286e-01 -2.5328e+00 -2.5200e+00 +3.1115e+00 +2.3031e+00 -8.2988e-01 -2.1293e+00 +2.5165e+00 -1.5970e+00
232 +6.192711889e+01 +6.192711889e+01 +9.939171189e+02 +9.939171189e+02 +1.2477e+00 +1.0037e+00 +2.7993e+00 -7.8405e-01 +2.3668e+00 -2.6130e+00 +3.0119e+00 -3.6688e+00 -1.7598e+00 +1.6274e+00 +2.7695e+00 -5.0472e-01 -2.4317e+00 -2.5249e+00 +3.2317e+00 +2.3852e+00 -1.0035e+00 -2.1268e+00 +2.6110e+00 -1.5872e+00
295 +3.765913907e+01 +3.765913907e+01 +9.696491391e+02 +9.696491391e+02 +1.1800e+00 +9.6070e-01 +2.7856e+00 -8.6996e-01 +2.3548e+00 -2.5985e+00 +3.0802e+00 -3.6101e+00 -1.7312e+00 +1.6442e+00 +2.7891e+00 -5.7343e-01 -2.3328e+00 -2.4898e+00 +3.1876e+00 +2.3763e+00 -1.0639e+00 -2.0581e+00 +2.5741e+00 -1.4841e+00
505 +2.298795865e+01 +2.298795865e+01 +9.549779586e+02 +9.549779586e+02 +1.2323e+00 +1.0681e+00 +2.9000e+00 -8.5146e-01 +2.4390e+00 -2.7031e+00 +3.0891e+00 -3.6588e+00 -1.7452e+00 +1.6929e+00 +2.8282e+00 -6.9096e-01 -2.3107e+00 -2.4199e+00 +3.1256e+00 +2.3458e+00 -9.6436e-01 -2.1039e+00 +2.5804e+00 -1.3182e+00
631 +1.440632803e+01 +1.440632803e+01 +9.463963280e+02 +9.463963280e+02 +1.2334e+00 +1.0434e+00 +2.8870e+00 -8.3132e-01 +2.4166e+00 -2.6721e+00 +3.0854e+00 -3.6699e+00 -1.7463e+00 +1.7002e+00 +2.8636e+00 -6.6528e-01 -2.3375e+00 -2.4611e+00 +3.0943e+00 +2.3438e+00 -9.4273e-01 -2.0905e+00 +2.5769e+00 -1.3855e+00
820 +8.904897809e+00 +8.904897809e+00 +9.408948978e+02 +9.408948978e+02 +1.2376e+00 +1.0338e+00 +2.8686e+00 -8.3003e-01 +2.4003e+00 -2.6750e+00 +3.0573e+00 -3.6749e+00 -1.7196e+00 +1.7148e+00 +2.8700e+00 -6.3160e-01 -2.3551e+00 -2.4659e+00 +3.0905e+00 +2.3332e+00 -9.5965e-01 -2.0694e+00 +2.5895e+00 -1.4085e+00
1051 +5.906960402e+00 +5.906960402e+00 +9.378969604e+02 +9.378969604e+02 +1.2331e+00 +1.0245e+00 +2.8728e+00 -8.1748e-01 +2.3901e+00 -2.6578e+00 +3.0433e+00 -3.6683e+00 -1.7104e+00 +1.7429e+00 +2.8958e+00 -6.3321e-01 -2.3405e+00 -2.4661e+00 +3.0814e+00 +2.3545e+00 -9.7443e-01 -2.0578e+00 +2.6001e+00 -1.3809e+00
1366 +3.905420635e+00 +3.905420635e+00 +9.358954206e+02 +9.358954206e+02 +1.2406e+00 +1.0155e+00 +2.8771e+00 -8.1571e-01 +2.3904e+00 -2.6677e+00 +3.0230e+00 -3.6794e+00 -1.7096e+00 +1.7594e+00 +2.9014e+00 -6.4745e-01 -2.3305e+00 -2.4571e+00 +3.0670e+00 +2.3521e+00 -9.7062e-01 -2.0593e+00 +2.6058e+00 -1.3723e+00
1660 +2.159427553e+00 +2.159427553e+00 +9.341494276e+02 +9.341494276e+02 +1.2524e+00 +1.0048e+00 +2.8857e+00 -8.0571e-01 +2.3888e+00 -2.6783e+00 +3.0037e+00 -3.6915e+00 -1.7055e+00 +1.7909e+00 +2.9210e+00 -6.6247e-01 -2.3309e+00 -2.4509e+00 +3.0367e+00 +2.3419e+00 -9.6370e-01 -2.0494e+00 +2.6051e+00 -1.3702e+00
1828 +1.494754847e+00 +1.494754847e+00 +9.334847548e+02 +9.334847548e+02 +1.2637e+00 +9.8788e-01 +2.8907e+00 -7.8276e-01 +2.3779e+00 -2.6801e+00 +2.9691e+00 -3.7033e+00 -1.6936e+00 +1.8407e+00 +2.9574e+00 -6.7075e-01 -2.3279e+00 -2.4503e+00 +3.0009e+00 +2.3351e+00 -9.6488e-01 -2.0283e+00 +2.6116e+00 -1.3666e+00
2038 +9.515851361e-01 +9.515851361e-01 +9.329415851e+02 +9.329415851e+02 +1.2791e+00 +9.6332e-01 +2.8993e+00 -7.6008e-01 +2.3689e+00 -2.6879e+00 +2.9226e+00 -3.7207e+00 -1.6808e+00 +1.9046e+00 +2.9965e+00 -6.8835e-01 -2.3189e+00 -2.4428e+00 +2.9538e+00 +2.3258e+00 -9.6449e-01 -2.0073e+00 +2.6169e+00 -1.3572e+00
2164 +5.582014379e-01 +5.582014379e-01 +9.325482014e+02 +9.325482014e+02 +1.2924e+00 +9.4786e-01 +2.9053e+00 -7.4022e-01 +2.3599e+00 -2.6944e+00 +2.8869e+00 -3.7346e+00 -1.6697e+00 +1.9534e+00 +3.0298e+00 -6.9841e-01 -2.3167e+00 -2.4386e+00 +2.9163e+00 +2.3173e+00 -9.6229e-01 -1.9894e+00 +2.6219e+00 -1.3524e+00
2290 +3.348368583e-01 +3.348368583e-01 +9.323248369e+02 +9.323248369e+02 +1.3076e+00 +9.2579e-01 +2.9132e+00 -7.1659e-01 +2.3486e+00 -2.7014e+00 +2.8425e+00 -3.7513e+00 -1.6564e+00 +2.0148e+00 +3.0705e+00 -7.1327e-01 -2.3101e+00 -2.4317e+00 +2.8704e+00 +2.3091e+00 -9.6090e-01 -1.9674e+00 +2.6289e+00 -1.3440e+00
2374 +2.243719223e-01 +2.243719223e-01 +9.322143719e+02 +9.322143719e+02 +1.3175e+00 +9.1136e-01 +2.9191e+00 -7.0097e-01 +2.3426e+00 -2.7069e+00 +2.8134e+00 -3.7621e+00 -1.6482e+00 +2.0545e+00 +3.0967e+00 -7.2316e-01 -2.3057e+00 -2.4279e+00 +2.8405e+00 +2.3027e+00 -9.6055e-01 -1.9536e+00 +2.6323e+00 -1.3395e+00
2500 +1.532851872e-01 +1.532851872e-01 +9.321432852e+02 +9.321432852e+02 +1.3298e+00 +8.9513e-01 +2.9251e+00 -6.8324e-01 +2.3347e+00 -2.7124e+00 +2.7801e+00 -3.7746e+00 -1.6377e+00 +2.1008e+00 +3.1275e+00 -7.3453e-01 -2.3015e+00 -2.4236e+00 +2.8050e+00 +2.2954e+00 -9.5892e-01 -1.9371e+00 +2.6374e+00 -1.3339e+00
2584 +9.979316600e-02 +9.979316600e-02 +9.320897932e+02 +9.320897932e+02 +1.3347e+00 +8.8854e-01 +2.9278e+00 -6.7516e-01 +2.3312e+00 -2.7152e+00 +2.7656e+00 -3.7803e+00 -1.6334e+00 +2.1207e+00 +3.1408e+00 -7.3881e-01 -2.3002e+00 -2.4212e+00 +2.7898e+00 +2.2924e+00 -9.5856e-01 -1.9299e+00 +2.6394e+00 -1.3316e+00
2710 +5.496576370e-02 +5.496576370e-02 +9.320449658e+02 +9.320449658e+02 +1.3371e+00 +8.8479e-01 +2.9291e+00 -6.7118e-01 +2.3295e+00 -2.7162e+00 +2.7585e+00 -3.7827e+00 -1.6315e+00 +2.1307e+00 +3.1475e+00 -7.4116e-01 -2.2988e+00 -2.4205e+00 +2.7826e+00 +2.2911e+00 -9.5856e-01 -1.9265e+00 +2.6403e+00 -1.3300e+00
2836 +3.361668544e-02 +3.361668544e-02 +9.320236167e+02 +9.320236167e+02 +1.3383e+00 +8.8339e-01 +2.9295e+00 -6.6995e-01 +2.3289e+00 -2.7167e+00 +2.7558e+00 -3.7838e+00 -1.6306e+00 +2.1345e+00 +3.1499e+00 -7.4231e-01 -2.2984e+00 -2.4200e+00 +2.7798e+00 +2.2906e+00 -9.5842e-01 -1.9251e+00 +2.6407e+00 -1.3296e+00
2920 +2.425552097e-02 +2.425552097e-02 +9.320142555e+02 +9.320142555e+02 +1.3385e+00 +8.8310e-01 +2.9296e+00 -6.6954e-01 +2.3288e+00 -2.7168e+00 +2.7551e+00 -3.7841e+00 -1.6303e+00 +2.1354e+00 +3.1505e+00 -7.4247e-01 -2.2984e+00 -2.4200e+00 +2.7790e+00 +2.2903e+00 -9.5837e-01 -1.9247e+00 +2.6408e+00 -1.3297e+00
3046 +1.584245353e-02 +1.584245353e-02 +9.320058425e+02 +9.320058425e+02 +1.3386e+00 +8.8299e-01 +2.9297e+00 -6.6929e-01 +2.3287e+00 -2.7169e+00 +2.7547e+00 -3.7842e+00 -1.6303e+00 +2.1359e+00 +3.1508e+00 -7.4253e-01 -2.2984e+00 -2.4199e+00 +2.7787e+00 +2.2903e+00 -9.5837e-01 -1.9246e+00 +2.6409e+00 -1.3295e+00
3235 +8.778754146e-03 +8.778754146e-03 +9.319987788e+02 +9.319987788e+02 +1.3387e+00 +8.8274e-01 +2.9298e+00 -6.6911e-01 +2.3286e+00 -2.7170e+00 +2.7543e+00 -3.7843e+00 -1.6301e+00 +2.1365e+00 +3.1513e+00 -7.4271e-01 -2.2983e+00 -2.4199e+00 +2.7782e+00 +2.2902e+00 -9.5838e-01 -1.9243e+00 +2.6409e+00 -1.3294e+00
3403 +5.576204289e-03 +5.576204289e-03 +9.319955762e+02 +9.319955762e+02 +1.3389e+00 +8.8245e-01 +2.9299e+00 -6.6879e-01 +2.3284e+00 -2.7170e+00 +2.7537e+00 -3.7846e+00 -1.6299e+00 +2.1373e+00 +3.1518e+00 -7.4292e-01 -2.2982e+00 -2.4198e+00 +2.7776e+00 +2.2901e+00 -9.5835e-01 -1.9241e+00 +2.6410e+00 -1.3293e+00
3592 +3.812114094e-03 +3.812114094e-03 +9.319938121e+02 +9.319938121e+02 +1.3393e+00 +8.8193e-01 +2.9301e+00 -6.6819e-01 +2.3282e+00 -2.7173e+00 +2.7526e+00 -3.7850e+00 -1.6296e+00 +2.1388e+00 +3.1528e+00 -7.4327e-01 -2.2981e+00 -2.4196e+00 +2.7765e+00 +2.2898e+00 -9.5831e-01 -1.9235e+00 +2.6412e+00 -1.3292e+00
3781 +2.210865173e-03 +2.210865173e-03 +9.319922109e+02 +9.319922109e+02 +1.3396e+00 +8.8156e-01 +2.9302e+00 -6.6778e-01 +2.3280e+00 -2.7174e+00 +2.7518e+00 -3.7853e+00 -1.6294e+00 +2.1399e+00 +3.1535e+00 -7.4351e-01 -2.2980e+00 -2.4195e+00 +2.7757e+00 +2.2897e+00 -9.5830e-01 -1.9231e+00 +2.6413e+00 -1.3290e+00
22603 +1.584813533e-03 +1.584813533e-03 +9.319915848e+02 +9.319915848e+02 +1.3389e+00 +8.8246e-01 +2.9299e+00 -6.6878e-01 +2.3284e+00 -2.7171e+00 +2.7537e+00 -3.7846e+00 -1.6299e+00 +2.1373e+00 +3.1518e+00 -7.4290e-01 -2.2982e+00 -2.4198e+00 +2.7776e+00 +2.2901e+00 -9.5835e-01 -1.9241e+00 +2.6410e+00 -1.3293e+00
112351 +9.729964000e-04 +9.729964000e-04 +9.319909730e+02 +9.319909730e+02 +1.3394e+00 +8.8188e-01 +2.9301e+00 -6.6814e-01 +2.3282e+00 -2.7173e+00 +2.7525e+00 -3.7850e+00 -1.6296e+00 +2.1389e+00 +3.1529e+00 -7.4330e-01 -2.2980e+00 -2.4196e+00 +2.7764e+00 +2.2898e+00 -9.5832e-01 -1.9235e+00 +2.6412e+00 -1.3291e+00
% function evaluation | noise-free fitness - Fopt (1.133100000000e+02) | best noise-free fitness - Fopt | measured fitness | best measured fitness | x1 | x2...
1 +3.375281733e+03 +3.375281733e+03 +3.488591733e+03 +3.488591733e+03 -3.9726e+00 +2.0285e-01 -4.0359e+00 +2.6086e+00 +2.3505e+00 -2.9333e+00 -8.2861e-01 -3.8087e-02 +3.4308e+00 -2.6842e+00 +3.3354e+00 -3.4063e+00 -4.2909e+00 -4.1947e-01 +2.3317e+00 -3.4950e+00 +1.5474e+00 -1.3379e+00 +1.7248e+00 -9.3756e-01
64 +1.199598899e+03 +1.199598899e+03 +1.312908899e+03 +1.312908899e+03 +6.2515e-01 +2.6628e+00 -1.7395e+00 +2.7795e+00 +2.8400e+00 -1.2293e+00 -1.3763e+00 -3.3003e+00 +2.1439e+00 -1.7473e+00 -1.0158e+00 +1.3830e+00 -5.8085e+00 -2.4594e+00 +7.9066e-01 +1.8941e+00 +1.0839e-02 +1.3650e-01 +5.5476e-01 -1.9224e+00
106 +5.955270279e+02 +5.955270279e+02 +7.088370279e+02 +7.088370279e+02 +1.6964e+00 +2.8092e+00 +7.4840e-01 +8.6476e-01 +6.1740e-01 -1.8255e+00 -8.9503e-01 -2.2293e-01 +2.1236e+00 -4.5824e-01 +6.0475e-01 +2.3039e+00 -3.3187e+00 -1.4768e+00 -1.5599e+00 +3.3497e+00 +2.1078e+00 +2.6911e+00 -1.0932e+00 -3.1441e+00
148 +2.810085025e+02 +2.810085025e+02 +3.943185025e+02 +3.943185025e+02 +1.6677e+00 +3.1015e+00 +8.2646e-01 +6.1894e-01 +1.2424e+00 -9.5953e-01 -8.1080e-01 -1.2673e+00 +2.3717e+00 -9.9265e-01 +1.0047e-01 +2.6371e+00 -3.2980e+00 -1.4866e+00 -1.3960e+00 +3.1170e+00 +1.7258e+00 +2.2148e+00 -1.4759e+00 -3.4146e+00
190 +1.664167127e+02 +1.664167127e+02 +2.797267127e+02 +2.797267127e+02 +1.7424e+00 +3.2334e+00 +5.4223e-01 +8.4590e-01 +1.3543e+00 -6.4774e-01 -5.7342e-01 -1.6242e+00 +2.5978e+00 -9.0276e-01 -5.2726e-01 +2.8947e+00 -3.4472e+00 -1.4313e+00 -1.2937e+00 +3.3926e+00 +1.8913e+00 +1.9399e+00 -1.4295e+00 -3.5294e+00
232 +1.131540265e+02 +1.131540265e+02 +2.264640265e+02 +2.264640265e+02 +1.8869e+00 +3.3258e+00 +5.8952e-01 +8.5405e-01 +1.1659e+00 -6.6060e-01 -4.6644e-01 -1.6455e+00 +2.6393e+00 -7.5045e-01 -7.0798e-01 +2.9748e+00 -3.3649e+00 -1.4497e+00 -1.3766e+00 +3.4796e+00 +2.1493e+00 +2.1533e+00 -1.4839e+00 -3.7613e+00
295 +7.659420620e+01 +7.659420620e+01 +1.899042062e+02 +1.899042062e+02 +1.9604e+00 +3.3165e+00 +6.0408e-01 +8.1341e-01 +1.0554e+00 -6.6058e-01 -3.0805e-01 -1.5545e+00 +2.7237e+00 -6.9628e-01 -7.8601e-01 +2.9150e+00 -3.3190e+00 -1.3322e+00 -1.4650e+00 +3.5945e+00 +2.3010e+00 +2.1622e+00 -1.4785e+00 -3.8580e+00
379 +5.167288947e+01 +5.167288947e+01 +1.649828895e+02 +1.649828895e+02 +1.8934e+00 +3.2989e+00 +5.6777e-01 +7.3171e-01 +9.4844e-01 -7.6867e-01 -3.3452e-01 -1.4888e+00 +2.7663e+00 -6.1558e-01 -7.2095e-01 +2.7273e+00 -3.2927e+00 -1.2651e+00 -1.4048e+00 +3.5482e+00 +2.4038e+00 +2.2771e+00 -1.3889e+00 -3.8792e+00
484 +3.372831982e+01 +3.372831982e+01 +1.470383198e+02 +1.470383198e+02 +1.9006e+00 +3.2667e+00 +6.1980e-01 +6.4488e-01 +9.5743e-01 -7.8140e-01 -3.6753e-01 -1.4402e+00 +2.7861e+00 -6.6730e-01 -6.2014e-01 +2.7862e+00 -3.2398e+00 -1.2659e+00 -1.4144e+00 +3.5636e+00 +2.3336e+00 +2.2547e+00 -1.4549e+00 -3.8596e+00
610 +2.210311697e+01 +2.210311697e+01 +1.354131170e+02 +1.354131170e+02 +1.9131e+00 +3.2437e+00 +6.1130e-01 +6.7216e-01 +9.7395e-01 -7.8554e-01 -3.9896e-01 -1.4579e+00 +2.7655e+00 -7.0668e-01 -5.8774e-01 +2.7565e+00 -3.2992e+00 -1.2718e+00 -1.3716e+00 +3.5356e+00 +2.2681e+00 +2.2234e+00 -1.4619e+00 -3.8075e+00
736 +1.566864729e+01 +1.566864729e+01 +1.289786473e+02 +1.289786473e+02 +1.9257e+00 +3.2431e+00 +6.0337e-01 +6.6909e-01 +9.8659e-01 -7.5938e-01 -4.3264e-01 -1.4975e+00 +2.7655e+00 -7.0609e-01 -5.7650e-01 +2.7666e+00 -3.3138e+00 -1.2766e+00 -1.3622e+00 +3.5450e+00 +2.2702e+00 +2.2284e+00 -1.4718e+00 -3.7897e+00
988 +8.919248816e+00 +8.919248816e+00 +1.222292488e+02 +1.222292488e+02 +1.9326e+00 +3.2366e+00 +5.9581e-01 +6.9933e-01 +9.7711e-01 -7.5881e-01 -4.1042e-01 -1.5191e+00 +2.7822e+00 -7.1152e-01 -5.9726e-01 +2.7913e+00 -3.3387e+00 -1.2833e+00 -1.3231e+00 +3.5393e+00 +2.2740e+00 +2.2117e+00 -1.4845e+00 -3.7743e+00
1240 +5.751010677e+00 +5.751010677e+00 +1.190610107e+02 +1.190610107e+02 +1.9458e+00 +3.2424e+00 +5.8753e-01 +6.8878e-01 +9.5290e-01 -7.6636e-01 -4.0832e-01 -1.5344e+00 +2.7977e+00 -6.9986e-01 -6.0779e-01 +2.7895e+00 -3.3418e+00 -1.2777e+00 -1.3043e+00 +3.5414e+00 +2.2937e+00 +2.2169e+00 -1.4880e+00 -3.7793e+00
1492 +3.968746791e+00 +3.968746791e+00 +1.172787468e+02 +1.172787468e+02 +1.9548e+00 +3.2397e+00 +5.8961e-01 +6.7610e-01 +9.3448e-01 -7.6727e-01 -4.0057e-01 -1.5355e+00 +2.8146e+00 -6.9646e-01 -6.0697e-01 +2.7968e+00 -3.3363e+00 -1.2640e+00 -1.2918e+00 +3.5479e+00 +2.3046e+00 +2.2177e+00 -1.5016e+00 -3.7811e+00
1828 +2.151521610e+00 +2.151521610e+00 +1.154615216e+02 +1.154615216e+02 +1.9800e+00 +3.2262e+00 +5.9004e-01 +6.4250e-01 +8.9545e-01 -7.7630e-01 -4.0374e-01 -1.5547e+00 +2.8408e+00 -6.9554e-01 -5.7663e-01 +2.8061e+00 -3.3497e+00 -1.2437e+00 -1.2518e+00 +3.5508e+00 +2.3119e+00 +2.2187e+00 -1.5326e+00 -3.7597e+00
1912 +1.584678997e+00 +1.584678997e+00 +1.148946790e+02 +1.148946790e+02 +1.9949e+00 +3.2202e+00 +5.8733e-01 +6.3493e-01 +8.7782e-01 -7.8031e-01 -4.0607e-01 -1.5670e+00 +2.8531e+00 -6.9704e-01 -5.6855e-01 +2.8082e+00 -3.3633e+00 -1.2354e+00 -1.2260e+00 +3.5527e+00 +2.3130e+00 +2.2159e+00 -1.5461e+00 -3.7472e+00
2038 +9.833815562e-01 +9.833815562e-01 +1.142933816e+02 +1.142933816e+02 +2.0126e+00 +3.2154e+00 +5.8480e-01 +6.2020e-01 +8.5438e-01 -7.8325e-01 -4.0442e-01 -1.5833e+00 +2.8732e+00 -6.9302e-01 -5.6055e-01 +2.8165e+00 -3.3718e+00 -1.2246e+00 -1.1981e+00 +3.5551e+00 +2.3229e+00 +2.2166e+00 -1.5648e+00 -3.7358e+00
2206 +5.947303396e-01 +5.947303396e-01 +1.139047303e+02 +1.139047303e+02 +2.0362e+00 +3.2046e+00 +5.8128e-01 +5.9750e-01 +8.2052e-01 -7.8956e-01 -4.0588e-01 -1.6028e+00 +2.8987e+00 -6.9144e-01 -5.4335e-01 +2.8245e+00 -3.3845e+00 -1.2072e+00 -1.1592e+00 +3.5595e+00 +2.3312e+00 +2.2168e+00 -1.5919e+00 -3.7209e+00
2374 +3.574019089e-01 +3.574019089e-01 +1.136674019e+02 +1.136674019e+02 +2.0607e+00 +3.1953e+00 +5.7785e-01 +5.7588e-01 +7.8650e-01 -7.9482e-01 -4.0664e-01 -1.6250e+00 +2.9247e+00 -6.8957e-01 -5.2821e-01 +2.8328e+00 -3.3995e+00 -1.1905e+00 -1.1176e+00 +3.5636e+00 +2.3395e+00 +2.2154e+00 -1.6181e+00 -3.7032e+00
2542 +2.161252717e-01 +2.161252717e-01 +1.135261253e+02 +1.135261253e+02 +2.0847e+00 +3.1858e+00 +5.7480e-01 +5.5428e-01 +7.5256e-01 -8.0064e-01 -4.0647e-01 -1.6452e+00 +2.9513e+00 -6.8715e-01 -5.1270e-01 +2.8425e+00 -3.4126e+00 -1.1738e+00 -1.0777e+00 +3.5676e+00 +2.3487e+00 +2.2148e+00 -1.6452e+00 -3.6869e+00
2668 +1.454981692e-01 +1.454981692e-01 +1.134554982e+02 +1.134554982e+02 +2.1030e+00 +3.1785e+00 +5.7246e-01 +5.3755e-01 +7.2710e-01 -8.0502e-01 -4.0733e-01 -1.6612e+00 +2.9704e+00 -6.8590e-01 -5.0029e-01 +2.8489e+00 -3.4231e+00 -1.1613e+00 -1.0473e+00 +3.5713e+00 +2.3548e+00 +2.2144e+00 -1.6654e+00 -3.6745e+00
2794 +9.494472252e-02 +9.494472252e-02 +1.134049447e+02 +1.134049447e+02 +2.1155e+00 +3.1736e+00 +5.7059e-01 +5.2664e-01 +7.0987e-01 -8.0808e-01 -4.0759e-01 -1.6718e+00 +2.9837e+00 -6.8493e-01 -4.9266e-01 +2.8537e+00 -3.4306e+00 -1.1528e+00 -1.0263e+00 +3.5734e+00 +2.3592e+00 +2.2140e+00 -1.6790e+00 -3.6655e+00
2920 +5.442275262e-02 +5.442275262e-02 +1.133644228e+02 +1.133644228e+02 +2.1239e+00 +3.1702e+00 +5.6947e-01 +5.1888e-01 +6.9823e-01 -8.1006e-01 -4.0767e-01 -1.6790e+00 +2.9929e+00 -6.8407e-01 -4.8744e-01 +2.8566e+00 -3.4351e+00 -1.1470e+00 -1.0125e+00 +3.5747e+00 +2.3625e+00 +2.2140e+00 -1.6883e+00 -3.6599e+00
3025 +3.488150717e-02 +3.488150717e-02 +1.133448815e+02 +1.133448815e+02 +2.1268e+00 +3.1689e+00 +5.6916e-01 +5.1633e-01 +6.9417e-01 -8.1074e-01 -4.0773e-01 -1.6815e+00 +2.9958e+00 -6.8390e-01 -4.8545e-01 +2.8577e+00 -3.4367e+00 -1.1450e+00 -1.0077e+00 +3.5753e+00 +2.3634e+00 +2.2139e+00 -1.6915e+00 -3.6579e+00
3172 +2.172733815e-02 +2.172733815e-02 +1.133317273e+02 +1.133317273e+02 +2.1299e+00 +3.1677e+00 +5.6877e-01 +5.1360e-01 +6.8981e-01 -8.1155e-01 -4.0791e-01 -1.6842e+00 +2.9991e+00 -6.8365e-01 -4.8339e-01 +2.8588e+00 -3.4385e+00 -1.1429e+00 -1.0025e+00 +3.5759e+00 +2.3645e+00 +2.2137e+00 -1.6949e+00 -3.6557e+00
3256 +1.516351262e-02 +1.516351262e-02 +1.133251635e+02 +1.133251635e+02 +2.1314e+00 +3.1671e+00 +5.6852e-01 +5.1223e-01 +6.8768e-01 -8.1190e-01 -4.0791e-01 -1.6856e+00 +3.0007e+00 -6.8352e-01 -4.8244e-01 +2.8594e+00 -3.4394e+00 -1.1418e+00 -9.9988e-01 +3.5761e+00 +2.3650e+00 +2.2137e+00 -1.6966e+00 -3.6546e+00
3382 +8.978295103e-03 +8.978295103e-03 +1.133189783e+02 +1.133189783e+02 +2.1324e+00 +3.1667e+00 +5.6836e-01 +5.1126e-01 +6.8626e-01 -8.1213e-01 -4.0794e-01 -1.6864e+00 +3.0019e+00 -6.8341e-01 -4.8181e-01 +2.8598e+00 -3.4400e+00 -1.1411e+00 -9.9821e-01 +3.5763e+00 +2.3654e+00 +2.2137e+00 -1.6978e+00 -3.6539e+00
3592 +5.038976450e-03 +5.038976450e-03 +1.133150390e+02 +1.133150390e+02 +2.1316e+00 +3.1670e+00 +5.6849e-01 +5.1199e-01 +6.8735e-01 -8.1194e-01 -4.0792e-01 -1.6857e+00 +3.0010e+00 -6.8350e-01 -4.8229e-01 +2.8595e+00 -3.4396e+00 -1.1416e+00 -9.9953e-01 +3.5762e+00 +2.3651e+00 +2.2137e+00 -1.6969e+00 -3.6545e+00
3718 +3.664425787e-03 +3.664425787e-03 +1.133136644e+02 +1.133136644e+02 +2.1312e+00 +3.1672e+00 +5.6854e-01 +5.1236e-01 +6.8792e-01 -8.1185e-01 -4.0791e-01 -1.6854e+00 +3.0006e+00 -6.8353e-01 -4.8256e-01 +2.8593e+00 -3.4393e+00 -1.1419e+00 -1.0002e+00 +3.5761e+00 +2.3650e+00 +2.2137e+00 -1.6964e+00 -3.6547e+00
3970 +2.395662930e-03 +2.395662930e-03 +1.133123957e+02 +1.133123957e+02 +2.1300e+00 +3.1677e+00 +5.6870e-01 +5.1344e-01 +6.8961e-01 -8.1156e-01 -4.0788e-01 -1.6843e+00 +2.9993e+00 -6.8362e-01 -4.8334e-01 +2.8589e+00 -3.4386e+00 -1.1428e+00 -1.0022e+00 +3.5759e+00 +2.3645e+00 +2.2137e+00 -1.6951e+00 -3.6556e+00
49183 +1.446232908e-03 +1.446232908e-03 +1.133114462e+02 +1.133114462e+02 +2.1363e+00 +3.1652e+00 +5.6785e-01 +5.0781e-01 +6.8086e-01 -8.1307e-01 -4.0802e-01 -1.6898e+00 +3.0060e+00 -6.8311e-01 -4.7929e-01 +2.8612e+00 -3.4422e+00 -1.1384e+00 -9.9176e-01 +3.5770e+00 +2.3668e+00 +2.2136e+00 -1.7020e+00 -3.6512e+00
