% function evaluation | noise-free fitness - Fopt (7.135000000000e+01) | best noise-free fitness - Fopt | measured fitness | best measured fitness | x1 | x2...
1 +9.573654025e+01 +9.573654025e+01 +1.670865402e+02 +1.670865402e+02 -1.6743e+00 -2.8350e+00 -2.9011e+00 +4.6252e+00 -1.0023e+00 -8.8808e-01 +4.1489e+00 +3.7695e-02 +2.7692e+00 +2.0271e+00 -4.5717e+00 -2.5733e-01 -3.6408e+00 -2.4001e+00 -3.5647e+00 +2.9949e+00 -1.3555e+00 -3.6370e+00 -4.8150e+00 +9.2290e-01 -1.7678e-02 +1.6814e+00 -2.6291e+00 +7.0193e-01 +1.2347e+00 -4.4961e+00 -2.0848e+00 -1.2768e-01 -4.1055e+00 +2.8757e+00 -2.4445e+00 -2.9591e+00 -4.6380e+00 -3.9488e+00 +1.9073e+00 +3.1374e+00 -3.2816e+00 -4.6964e+00 +3.4180e+00 -4.2567e+00
6438 +6.264173388e+01 +6.264173388e+01 +1.339917339e+02 +1.339917339e+02 +1.4880e+00 +1.7037e-01 +1.3646e+00 +2.6366e+00 +7.4976e-01 -4.0576e+00 +6.9406e-01 -2.0493e+00 -2.4149e+00 +3.5174e+00 -1.9197e+00 -3.9205e+00 +1.3041e+00 +2.3295e+00 -3.2389e+00 +4.3619e-01 +4.5443e+00 +1.5822e+00 +4.2103e+00 -5.2303e-01 -2.6171e+00 -1.4502e+00 +5.3179e-01 +4.0707e+00 +2.1845e+00 +2.5100e+00 -3.6946e+00 -3.9949e+00 +1.4722e+00 -6.0641e-01 +3.0245e+00 -2.4001e-02 -4.4099e+00 -7.5061e-01 -3.6376e-01 +4.5115e+00 +1.2030e+00 -2.6823e+00 -4.7284e+00 -9.3448e-01
% function evaluation | noise-free fitness - Fopt (-3.552200000000e+02) | best noise-free fitness - Fopt | measured fitness | best measured fitness | x1 | x2...
1 +6.898450461e+01 +6.898450461e+01 -2.862354954e+02 -2.862354954e+02 -3.2820e+00 +4.3994e+00 +2.2165e+00 +3.1190e-01 +4.6260e+00 -1.0453e+00 -1.2218e+00 -1.1519e+00 -5.9000e-03 -4.1180e-01 +1.4359e+00 +3.3149e+00 +2.2595e+00 +8.4673e-01 +2.7866e+00 +1.8177e+00 +4.1133e+00 +1.8093e+00 +4.1860e+00 +3.6216e+00 -2.6211e+00 +4.3521e+00 +1.9928e+00 +2.1860e+00 -3.6074e+00 -1.1122e+00 -2.2179e+00 +6.6198e-01 +3.5666e-01 +4.8137e+00 +3.4789e+00 -3.0138e+00 +4.3637e+00 +2.3553e+00 +3.4825e+00 -2.6863e+00 +4.2332e+00 +2.4262e-01 +1.8058e+00 +1.1468e+00
27881 +6.259080786e+01 +6.259080786e+01 -2.926291921e+02 -2.926291921e+02 +5.1282e+00 -2.9336e+00 -8.8829e-01 +2.3687e+00 -8.9900e-01 -4.3051e+00 +9.6322e-02 -2.7471e+00 +4.5599e+00 -1.3862e+00 +1.7774e+00 -3.7456e+00 -2.0987e+00 +4.9762e+00 -1.5695e+00 -4.4498e+00 +7.1695e-01 -3.3532e+00 -4.8608e+00 -2.6949e+00 -2.4499e+00 +8.5480e-01 +3.5908e+00 +3.2721e+00 -4.3466e+00 -3.8482e+00 -2.7113e+00 -9.9481e-01 +2.4491e+00 +5.7460e-01 -6.0897e-01 +3.8272e-01 -3.2108e+00 -2.1034e+00 -8.6369e-02 +2.9156e+00 +4.2740e+00 -4.5883e-01 +3.9146e+00 +7.9118e-01
% function evaluation | noise-free fitness - Fopt (9.917000000000e+01) | best noise-free fitness - Fopt | measured fitness | best measured fitness | x1 | x2...
1 +1.002671489e+02 +1.002671489e+02 +1.994371489e+02 +1.994371489e+02 +3.0775e+00 -4.9426e+00 +5.1339e-01 +3.2461e+00 +4.6055e+00 -3.9462e+00 +3.3065e+00 +4.4450e+00 +3.5736e+00 -2.7804e+00 +5.4609e-01 +3.0942e+00 -2.9019e+00 +4.9556e+00 +2.5329e-01 +4.8606e+00 +3.0838e+00 -2.3438e+00 +3.1161e+00 +2.5589e+00 +1.2268e+00 +8.6443e-01 -2.6433e+00 +4.2068e+00 +1.4190e+00 +7.6344e-01 +2.0158e+00 -4.4161e+00 +5.1708e-01 -1.0341e+00 +6.6648e-01 -4.4194e+00 +1.9772e+00 +2.8038e+00 -1.7896e+00 +3.6219e+00 +4.9119e+00 +2.0792e-02 -4.6086e+00 +3.5942e+00
42 +7.774002903e+01 +7.774002903e+01 +1.769100290e+02 +1.769100290e+02 +3.5303e+00 -5.1935e+00 +8.2587e-01 +2.9845e+00 +4.9698e+00 -3.9658e+00 +3.1788e+00 +5.2909e+00 +4.2903e+00 -3.0387e+00 +5.7424e-01 +3.2951e+00 -2.9031e+00 +4.6362e+00 +1.0473e+00 +4.6138e+00 +3.0641e+00 -2.7845e+00 +2.2615e+00 +2.9621e+00 +1.1430e+00 +9.4758e-01 -2.8868e+00 +4.4427e+00 +1.3485e+00 +6.0353e-01 +2.3758e+00 -5.4161e+00 -1.6667e-01 -1.7315e+00 +1.5042e+00 -4.3348e+00 +1.9563e+00 +2.4543e+00 -1.6234e+00 +3.2694e+00 +5.1889e+00 -6.3822e-02 -4.2387e+00 +2.7378e+00
10825 +5.749630673e+01 +5.749630673e+01 +1.566663067e+02 +1.566663067e+02 -4.5534e+00 +4.5207e-01 -3.6068e+00 -1.7771e+00 -3.0159e+00 +1.5045e+00 +2.9262e+00 -8.8090e-01 -3.1200e+00 -7.6952e-01 -2.1535e+00 +2.3257e+00 +3.6657e+00 -4.3475e+00 -3.6072e+00 +4.5496e+00 +9.3158e-01 +1.9890e+00 +1.6430e+00 +4.3225e-01 -7.7797e-01 +4.2117e+00 -8.9110e-01 -2.5976e+00 +1.5846e+00 -4.7087e+00 -7.3629e-01 +1.9362e-01 +4.9745e+00 +1.1904e+00 -7.9862e-01 +1.4533e+00 +2.8007e+00 -4.5220e+00 -4.2026e+00 -4.5561e+00 +2.4370e+00 +9.2306e-01 -1.8806e+00 -4.3009e+00
% function evaluation | noise-free fitness - Fopt (-5.179100000000e+02) | best noise-free fitness - Fopt | measured fitness | best measured fitness | x1 | x2...
1 +7.649144122e+01 +7.649144122e+01 -4.414185588e+02 -4.414185588e+02 +4.7096e+00 +1.1679e+00 -5.9335e-01 +4.1606e+00 +4.8810e-01 -4.7436e+00 -4.4796e+00 -2.2096e+00 -1.5436e+00 +1.0399e+00 +4.3602e+00 +1.9663e+00 -2.2535e+00 +2.9628e+00 -1.2369e-01 -1.1862e+00 -1.7168e+00 -3.3225e-01 -3.6169e+00 +1.5048e+00 -1.8109e+00 +4.1064e+00 -8.5517e-01 +4.5445e+00 -1.0425e+00 -7.9586e-01 +1.4935e+00 -1.3700e-01 +4.8876e+00 -4.6494e+00 -2.2753e+00 +2.2493e+00 -3.0212e+00 +2.4918e+00 +1.5901e-01 -2.9696e+00 +8.2187e-02 +1.9898e+00 +1.4152e+00 +3.7433e+00
19476 +5.440391723e+01 +5.440391723e+01 -4.635060828e+02 -4.635060828e+02 -1.4945e+00 -2.3494e+00 +4.9578e-01 +2.5494e+00 +1.2070e+00 -4.5595e+00 +4.0354e+00 +6.1847e-01 -3.2777e+00 +1.1458e+00 -1.1149e-01 -1.3811e+00 -3.3417e+00 +6.3882e-01 +3.9850e+00 +3.2488e+00 +7.1237e-01 +4.1705e+00 +4.2473e+00 -1.1981e-01 +9.0642e-01 +5.0948e-01 -4.5518e+00 +6.9879e-01 -1.5057e-01 -4.8519e-01 -3.4701e+00 -1.4491e+00 -2.7450e+00 -3.4676e-02 +4.5171e+00 +3.6153e+00 +1.5716e+00 +3.3399e-02 +9.6976e-01 -1.1975e+00 +2.9496e-01 -4.6503e+00 +4.2681e+00 -3.1275e+00
550426 +3.638427275e+01 +3.638427275e+01 -4.815257272e+02 -4.815257272e+02 -2.9377e+00 -5.1173e+00 -3.4435e+00 +1.9559e+00 -3.1225e+00 -4.2915e-01 +1.9406e+00 +4.3364e+00 +4.7772e+00 +1.4224e+00 +3.6203e+00 -4.6803e+00 -4.3298e+00 +1.3339e-01 -2.8102e+00 +3.8864e+00 -4.7645e+00 +2.3809e+00 -1.9977e+00 -2.7280e+00 -3.3820e+00 +2.4133e+00 -1.3340e+00 +4.0882e+00 +7.3556e-02 -1.3972e+00 -2.1715e+00 +9.0774e-01 -5.1037e+00 +3.2241e+00 +3.8971e+00 -4.8881e+00 +1.4225e+00 +4.8310e+00 +2.7849e+00 -1.1735e+00 -1.2070e+00 +5.1980e-01 -2.2849e+00 +4.7277e+00
% function evaluation | noise-free fitness - Fopt (-5.721000000000e+01) | best noise-free fitness - Fopt | measured fitness | best measured fitness | x1 | x2...
1 +6.784328228e+01 +6.784328228e+01 +1.063328228e+01 +1.063328228e+01 +3.8699e+00 -3.9520e+00 +1.1769e-01 +4.6149e+00 +6.3722e-01 -6.8077e-01 +4.2348e+00 +1.2233e+00 -1.5266e+00 -1.7613e-01 -3.9618e+00 -1.5725e-01 -1.9406e+00 +2.6554e-02 -2.6770e+00 +1.0622e+00 -2.1822e-01 +2.5391e+00 +4.1010e+00 +4.8832e+00 -4.7684e+00 -1.0476e+00 +1.3625e+00 -3.3482e+00 -3.3351e+00 +4.3565e+00 -1.8773e+00 +4.1324e+00 -3.7136e+00 +4.8923e+00 -1.3856e+00 -3.8394e+00 +1.0779e+00 +2.4991e+00 -4.1902e+00 +1.1113e+00 +4.8794e+00 +2.9686e+00 -4.1213e+00 -4.2706e-01
42 +5.530955015e+01 +5.530955015e+01 -1.900449847e+00 -1.900449847e+00 +4.3014e+00 -3.1696e+00 +1.5893e-01 +4.0335e+00 +5.9530e-01 -5.5547e-01 +4.1291e+00 +2.2233e+00 -1.4945e+00 +1.9875e-01 -4.0374e+00 +9.5923e-02 -2.0995e+00 +6.9182e-01 -2.7175e+00 +2.2548e-01 +1.5049e-02 +2.7183e+00 +4.8609e+00 +4.0514e+00 -4.9159e+00 -1.4960e+00 +1.2026e+00 -4.2472e+00 -3.0964e+00 +4.2274e+00 -2.2070e+00 +4.2214e+00 -3.4688e+00 +5.2075e+00 -1.0808e+00 -4.7538e+00 +6.9895e-01 +2.7681e+00 -3.9676e+00 +1.5369e+00 +4.3160e+00 +2.5872e+00 -4.5377e+00 -1.0152e+00
899664 +3.920434891e+01 +3.920434891e+01 -1.800565109e+01 -1.800565109e+01 -3.5631e+00 +6.9279e-01 +3.4636e+00 -1.2518e+00 -4.4932e+00 -4.3175e+00 -4.1920e+00 -2.7705e+00 -3.6417e+00 -2.2413e+00 -3.2669e+00 +7.8015e-01 +4.2013e+00 +1.5095e-01 +1.3574e+00 +2.5770e+00 +4.3611e-01 -2.4489e+00 +4.3926e-01 +1.6708e+00 -5.1984e+00 -3.0899e+00 -8.2187e-01 -6.4104e-01 -9.3817e-01 -4.2610e+00 -3.2770e+00 -8.5830e-01 +2.9018e-02 +5.6339e+00 +1.8246e+00 +1.1096e+00 -4.5060e+00 -4.6885e+00 -3.4705e+00 -3.8832e+00 +4.3711e+00 +3.0267e+00 -1.5526e+00 +2.1030e+00
% function evaluation | noise-free fitness - Fopt (-5.179100000000e+02) | best noise-free fitness - Fopt | measured fitness | best measured fitness | x1 | x2...
1 +8.736710106e+01 +8.736710106e+01 -4.305428989e+02 -4.305428989e+02 -2.3835e+00 +1.9799e-01 +4.4192e+00 -7.5983e-01 -1.0303e-01 -2.9643e+00 -1.4339e+00 +2.2490e-01 +3.2794e+00 -2.5987e+00 +6.0147e-02 -5.5136e-01 -2.2518e+00 +6.1800e-01 -3.1904e+00 +3.8752e-01 -2.6272e+00 +1.0306e+00 +4.5234e+00 +5.0343e-01 +1.6712e+00 -3.2932e+00 -4.2730e+00 +2.9030e+00 +3.7939e+00 +2.4911e+00 -4.2708e+00 -2.0912e+00 -1.5158e+00 -8.6945e-01 -3.0307e+00 -2.2629e+00 -1.8539e+00 +2.8089e+00 -1.7577e+00 -4.6405e+00 +2.3465e+00 -4.3197e+00 +4.8362e+00 -4.4198e+00
12342 +6.024318442e+01 +6.024318442e+01 -4.576668156e+02 -4.576668156e+02 +1.0190e+00 +4.1161e+00 +2.9752e+00 +2.8117e+00 -2.2834e+00 -4.2345e+00 -1.9151e+00 -1.9480e+00 +1.0938e+00 -1.6547e+00 -7.1242e-01 -3.5577e+00 -3.5697e+00 +1.2161e+00 -1.9519e+00 +3.3977e+00 -1.2774e+00 -2.5033e+00 +9.4900e-01 -4.0135e+00 +2.3989e+00 +3.7206e+00 -1.6263e+00 +2.3530e+00 +3.4045e+00 +2.2275e+00 +4.7947e+00 +1.9033e-01 +3.4365e-01 +6.5799e-01 -4.0498e+00 -5.3441e+00 -1.2628e-01 -1.7094e+00 -4.9344e+00 +4.4816e+00 -1.3926e-01 +5.0435e+00 -1.3850e-01 -2.4251e+00
% function evaluation | noise-free fitness - Fopt (-5.721000000000e+01) | best noise-free fitness - Fopt | measured fitness | best measured fitness | x1 | x2...
1 +7.788030695e+01 +7.788030695e+01 +2.067030695e+01 +2.067030695e+01 -1.7064e+00 -5.3988e-01 -2.8726e+00 -1.3257e+00 +3.6926e+00 -3.5894e+00 -2.3310e-01 -1.2824e+00 -4.0215e+00 -1.6436e+00 -2.6988e+00 -3.0178e+00 -3.0998e+00 +3.1580e+00 +2.7758e+00 -2.2544e-01 -1.9646e+00 +1.2073e+00 +1.6572e+00 -4.6992e+00 +8.1375e-01 +1.3902e+00 -2.5904e+00 +1.3837e-01 +3.8559e-01 +3.0997e+00 -7.7141e-01 -3.8274e+00 +3.0467e+00 +2.1125e+00 -2.8781e+00 -2.5300e+00 +4.7121e-01 -3.3563e+00 +1.3356e+00 +2.5330e+00 +2.8922e+00 -4.0951e-01 -3.0418e+00 +8.2240e-01
38500 +6.307972952e+01 +6.307972952e+01 +5.869729525e+00 +5.869729525e+00 -2.6580e+00 +1.7134e+00 -3.1615e+00 +4.8848e+00 -1.7272e+00 -2.7719e+00 +4.6636e+00 -3.5712e+00 -1.2619e+00 -1.6405e+00 -4.4145e+00 +4.4039e+00 +3.4405e+00 +1.9023e+00 +2.8582e+00 +4.6500e+00 -3.8733e+00 +1.9302e+00 +4.7118e-01 -4.3562e+00 +1.5326e+00 -4.0738e+00 -3.5211e+00 -1.1185e+00 +5.6319e-01 +6.9781e-01 -2.2096e+00 -9.0501e-01 -2.4854e-01 +2.3031e+00 +2.7919e+00 +2.5251e-01 -2.4245e+00 -2.0743e+00 -3.9452e+00 -4.9741e+00 +3.2905e+00 +1.4417e+00 +2.6748e+00 +1.9880e+00
